timestamp,simulation_time,outdoor_temperature,occupancy,avg_occupied_temperature,min_occupied_temperature,max_occupied_temperature,heating_setpoint,cooling_setpoint,hvac_power_kw,hvac_electricity_kwh,cooling_electricity_kwh,fans_electricity_kwh,pumps_electricity_kwh,heating_natural_gas_kwh,heating_demand_kwh,cooling_demand_kwh,total_hvac_site_energy_kwh,carbon_intensity,carbon_level,electricity_carbon_kg,gas_carbon_kg,total_hvac_carbon_kg,comfort_violation
2026-07-26T03:44:55.157421,01/01 00:15,-4.32,0.0,,,,20.0,25.0,0.0,0.0,0.0,0.0,0.0,0.0,0.0,0.0,0.0,0.34,low,0.0,0.0,0.0,0
2026-07-26T03:45:45.673182,01/01 01:15,-12.07,0.0,,,,18.0,27.0,0.3764,0.094094,0.0,0.094094,0.001011,0.674448,0.631936,0.0,0.768542,0.34,low,0.031992,0.122075,0.154067,0
2026-07-26T03:45:45.700298,01/01 02:15,-11.55,0.0,,,,18.0,27.0,0.3764,0.094094,0.0,0.094094,0.001286,0.947565,0.764752,0.0,1.041659,0.34,low,0.031992,0.171509,0.203501,0
2026-07-26T03:45:45.723501,01/01 03:15,-11.1,0.0,,,,18.0,27.0,0.3764,0.094094,0.0,0.094094,0.001438,1.046934,0.836493,0.0,1.141028,0.34,low,0.031992,0.189495,0.221487,0
2026-07-26T03:45:45.744293,01/01 04:15,-10.97,0.0,,,,18.0,27.0,0.3764,0.094094,0.0,0.094094,0.001685,1.186205,0.941464,0.0,1.280299,0.34,low,0.031992,0.214703,0.246695,0
2026-07-26T03:45:45.766797,01/01 05:15,-10.6,0.0,,,,18.0,27.0,0.3764,0.094094,0.0,0.094094,0.001781,1.23111,0.989121,0.0,1.325204,0.34,low,0.031992,0.222831,0.254823,0
2026-07-26T03:45:45.785338,01/01 06:15,-10.6,0.0,,,,18.0,27.0,0.3764,0.094094,0.0,0.094094,0.001892,1.292238,1.02943,0.0,1.386332,0.43,moderate,0.04046,0.233895,0.274355,0
2026-07-26T03:46:04.785457,01/01 07:15,-10.45,0.0,,,,18.0,29.0,0.3764,0.094094,0.0,0.094094,0.011569,3.763214,3.030161,0.0,3.857308,0.43,moderate,0.04046,0.681142,0.721602,0
2026-07-26T03:46:04.812457,01/01 08:15,-9.72,0.0,,,,18.0,29.0,0.3764,0.094094,0.0,0.094094,0.010666,3.435351,2.758444,0.0,3.529445,0.43,moderate,0.04046,0.621799,0.662259,0
2026-07-26T03:46:04.839462,01/01 09:23,-8.35,52.0,19.54,18.52,20.99,18.0,29.0,0.3764,0.094094,0.0,0.094094,0.008251,2.299051,1.859355,0.0,2.393145,0.43,moderate,0.04046,0.416128,0.456589,1
2026-07-26T03:46:04.863455,01/01 10:23,-6.28,52.0,20.93,19.42,23.16,18.0,29.0,0.3764,0.094094,0.0,0.094094,0.006813,2.061769,1.671713,0.0,2.155863,0.3,low,0.028228,0.37318,0.401408,1
2026-07-26T03:46:04.883954,01/01 11:23,-4.58,52.0,21.82,20.04,24.12,18.0,29.0,0.3764,0.094094,0.0,0.094094,0.005883,1.880607,1.522126,0.0,1.974701,0.3,low,0.028228,0.34039,0.368618,0
2026-07-26T03:46:04.904956,01/01 12:15,-3.02,41.6,22.09,20.39,23.68,18.0,29.0,0.3764,0.094094,0.0,0.094094,0.005142,1.702125,1.375381,0.0,1.796219,0.3,low,0.028228,0.308085,0.336313,0
2026-07-26T03:46:26.354007,01/01 13:15,-1.93,20.8,21.61,20.29,22.68,20.0,27.0,0.3764,0.094094,0.0,0.094094,0.004705,1.587531,1.278863,0.0,1.681625,0.3,low,0.028228,0.287343,0.315571,0
2026-07-26T03:46:26.378429,01/01 14:15,-1.1,41.6,21.98,20.82,23.36,20.0,27.0,0.3764,0.094094,0.0,0.094094,0.004332,1.470106,1.184222,0.0,1.5642,0.3,low,0.028228,0.266089,0.294317,0
2026-07-26T03:46:26.401223,01/01 15:15,-1.1,52.0,22.17,21.12,23.77,20.0,27.0,0.3764,0.094094,0.0,0.094094,0.004246,1.45878,1.176481,0.0,1.552874,0.3,low,0.028228,0.264039,0.292267,0
2026-07-26T03:46:26.423358,01/01 16:15,-1.1,52.0,22.02,21.08,23.88,20.0,27.0,0.3764,0.094094,0.0,0.094094,0.004199,1.454867,1.172284,0.0,1.548961,0.55,high,0.051752,0.263331,0.315083,0
2026-07-26T03:46:26.443895,01/01 17:15,-1.25,52.0,21.68,20.77,23.73,20.0,27.0,0.3764,0.094094,0.0,0.094094,0.004188,1.454664,1.171258,0.0,1.548758,0.55,high,0.051752,0.263294,0.315046,0
2026-07-26T03:46:26.463899,01/01 18:15,-1.82,52.0,21.53,20.64,23.7,20.0,27.0,0.3764,0.094094,0.0,0.094094,0.004345,1.514204,1.219385,0.0,1.608298,0.55,high,0.051752,0.274071,0.325823,0
2026-07-26T03:46:50.403507,01/01 19:15,-1.93,26.0,20.45,20.0,22.24,20.0,26.0,0.3764,0.094094,0.0,0.094094,0.004773,1.730612,1.420464,0.0,1.824706,0.55,high,0.051752,0.313241,0.364992,0
2026-07-26T03:46:50.433499,01/01 20:15,-1.25,0.0,,,,20.0,26.0,0.3764,0.094094,0.0,0.094094,0.005837,2.497332,2.015349,0.0,2.591426,0.55,high,0.051752,0.452017,0.503769,0
2026-07-26T03:46:50.460495,01/01 21:15,-1.55,0.0,,,,20.0,26.0,0.3764,0.094094,0.0,0.094094,0.001376,0.90299,0.773828,0.0,0.997084,0.4,moderate,0.037638,0.163441,0.201079,0
2026-07-26T03:46:50.488506,01/01 22:15,-1.25,0.0,,,,20.0,26.0,0.3764,0.094094,0.0,0.094094,0.00213,1.380718,1.097922,0.0,1.474812,0.4,moderate,0.037638,0.24991,0.287548,0
2026-07-26T03:46:50.513504,01/01 23:15,-1.7,0.0,,,,20.0,26.0,0.3764,0.094094,0.0,0.094094,0.002522,1.569334,1.251875,0.0,1.663428,0.4,moderate,0.037638,0.284049,0.321687,0
2026-07-26T03:46:50.542501,01/02 00:15,-2.25,0.0,,,,20.0,26.0,0.3764,0.094094,0.0,0.094094,0.002748,1.666373,1.334324,0.0,1.760467,0.34,low,0.031992,0.301614,0.333605,0
2026-07-26T03:47:12.078511,01/02 01:15,-3.62,0.0,,,,18.0,28.0,0.3764,0.094094,0.0,0.094094,2.9e-05,0.017483,0.025556,0.0,0.111577,0.34,low,0.031992,0.003164,0.035156,0
2026-07-26T03:47:12.104359,01/02 02:15,-2.92,0.0,,,,18.0,28.0,0.3764,0.094094,0.0,0.094094,0.000431,0.308354,0.313747,0.0,0.402448,0.34,low,0.031992,0.055812,0.087804,0
2026-07-26T03:47:12.129329,01/02 03:15,-3.17,0.0,,,,18.0,28.0,0.3764,0.094094,0.0,0.094094,0.000615,0.496695,0.427482,0.0,0.590789,0.34,low,0.031992,0.089902,0.121894,0
2026-07-26T03:47:12.154520,01/02 04:15,-2.37,0.0,,,,18.0,28.0,0.3764,0.094094,0.0,0.094094,0.000665,0.55844,0.458349,0.0,0.652534,0.34,low,0.031992,0.101078,0.13307,0
2026-07-26T03:47:12.176788,01/02 05:15,-1.1,0.0,,,,18.0,28.0,0.3764,0.094094,0.0,0.094094,0.000724,0.609523,0.489938,0.0,0.703617,0.34,low,0.031992,0.110324,0.142316,0
2026-07-26T03:47:12.200195,01/02 06:15,-0.98,0.0,,,,18.0,28.0,0.3764,0.094094,0.0,0.094094,0.000717,0.602806,0.48478,0.0,0.6969,0.43,moderate,0.04046,0.109108,0.149568,0
2026-07-26T03:47:32.614504,01/02 07:15,-0.6,0.0,,,,18.0,29.0,0.3764,0.094094,0.0,0.094094,0.005767,2.126266,1.704622,0.0,2.22036,0.43,moderate,0.04046,0.384854,0.425315,0
2026-07-26T03:47:32.637945,01/02 08:15,-0.45,0.0,,,,18.0,29.0,0.3764,0.094094,0.0,0.094094,0.005682,2.061996,1.655759,0.0,2.15609,0.43,moderate,0.04046,0.373221,0.413682,0
2026-07-26T03:47:32.662466,01/02 09:15,0.15,52.0,19.58,19.09,21.06,18.0,29.0,0.3764,0.094094,0.0,0.094094,0.004725,1.42688,1.149075,0.0,1.520974,0.43,moderate,0.04046,0.258265,0.298726,1
2026-07-26T03:47:32.691256,01/02 10:15,0.88,52.0,20.88,20.2,22.54,18.0,29.0,0.3764,0.094094,0.0,0.094094,0.004417,1.350934,1.088211,0.0,1.445028,0.3,low,0.028228,0.244519,0.272747,0
2026-07-26T03:47:32.715250,01/02 11:15,1.7,52.0,21.57,20.86,23.17,18.0,29.0,0.3764,0.094094,0.0,0.094094,0.004043,1.229571,0.98847,0.0,1.323665,0.3,low,0.028228,0.222552,0.250781,0
2026-07-26T03:47:32.737306,01/02 12:15,1.7,41.6,21.92,21.19,23.41,18.0,29.0,0.3764,0.094094,0.0,0.094094,0.003898,1.208177,0.97648,0.0,1.302271,0.3,low,0.028228,0.21868,0.246908,0
2026-07-26T03:47:54.634775,01/02 13:15,1.27,20.8,21.83,21.09,23.25,20.0,27.0,0.3764,0.094094,0.0,0.094094,0.0038,1.199296,0.96808,0.0,1.29339,0.3,low,0.028228,0.217073,0.245301,0
2026-07-26T03:47:54.660773,01/02 14:15,-0.15,41.6,22.19,21.4,23.73,20.0,27.0,0.3764,0.094094,0.0,0.094094,0.004024,1.345398,1.092913,0.0,1.439492,0.3,low,0.028228,0.243517,0.271745,0
2026-07-26T03:47:54.681819,01/02 15:15,-0.3,52.0,22.31,21.51,24.03,20.0,27.0,0.3764,0.094094,0.0,0.094094,0.004064,1.401112,1.13179,0.0,1.495206,0.3,low,0.028228,0.253601,0.281829,0
2026-07-26T03:47:54.704496,01/02 16:15,0.6,52.0,22.03,21.24,23.89,20.0,27.0,0.3764,0.094094,0.0,0.094094,0.003773,1.288964,1.033894,0.0,1.383058,0.55,high,0.051752,0.233302,0.285054,0
2026-07-26T03:47:54.727595,01/02 17:15,0.3,52.0,21.3,20.56,23.26,20.0,27.0,0.3764,0.094094,0.0,0.094094,0.003784,1.286459,1.034941,0.0,1.380553,0.55,high,0.051752,0.232849,0.284601,0
2026-07-26T03:47:54.748595,01/02 18:15,-0.3,52.0,21.25,20.47,23.31,20.0,27.0,0.3764,0.094094,0.0,0.094094,0.004072,1.403573,1.132587,0.0,1.497667,0.55,high,0.051752,0.254047,0.305798,0
2026-07-26T03:48:14.638913,01/02 19:15,0.72,26.0,20.41,20.0,22.03,20.0,26.0,0.3764,0.094094,0.0,0.094094,0.004123,1.478398,1.20177,0.0,1.572492,0.55,high,0.051752,0.26759,0.319342,0
2026-07-26T03:48:14.665911,01/02 20:15,1.25,0.0,,,,20.0,26.0,0.3764,0.094094,0.0,0.094094,0.005232,2.212578,1.784606,0.0,2.306672,0.55,high,0.051752,0.400477,0.452228,0
2026-07-26T03:48:14.689647,01/02 21:15,1.82,0.0,,,,20.0,26.0,0.3764,0.094094,0.0,0.094094,0.001367,0.894478,0.766275,0.0,0.988572,0.4,moderate,0.037638,0.161901,0.199538,0
2026-07-26T03:48:14.708692,01/02 22:15,1.65,0.0,,,,20.0,26.0,0.3764,0.094094,0.0,0.094094,0.001688,1.149047,0.926879,0.0,1.243141,0.4,moderate,0.037638,0.207978,0.245615,0
2026-07-26T03:48:14.728859,01/02 23:15,0.0,0.0,,,,20.0,26.0,0.3764,0.094094,0.0,0.094094,0.001736,1.180606,0.951189,0.0,1.2747,0.4,moderate,0.037638,0.21369,0.251327,0
2026-07-26T03:48:14.748859,01/03 00:15,0.0,0.0,,,,20.0,26.0,0.3764,0.094094,0.0,0.094094,0.002251,1.471294,1.164588,0.0,1.565388,0.34,low,0.031992,0.266304,0.298296,0
2026-07-26T03:48:35.014247,01/03 01:15,0.0,0.0,,,,18.0,28.0,0.3764,0.094094,0.0,0.094094,0.0,0.0,0.0,0.0,0.094094,0.34,low,0.031992,0.0,0.031992,0
2026-07-26T03:48:35.037871,01/03 02:15,0.15,0.0,,,,18.0,28.0,0.3764,0.094094,0.0,0.094094,0.000139,0.093235,0.111693,0.0,0.187329,0.34,low,0.031992,0.016876,0.048867,0
2026-07-26T03:48:35.058382,01/03 03:15,0.45,0.0,,,,18.0,28.0,0.3764,0.094094,0.0,0.094094,0.000437,0.335372,0.315983,0.0,0.429466,0.34,low,0.031992,0.060702,0.092694,0
2026-07-26T03:48:35.078370,01/03 04:15,-0.28,0.0,,,,18.0,28.0,0.3764,0.094094,0.0,0.094094,0.00054,0.448241,0.379466,0.0,0.542335,0.34,low,0.031992,0.081132,0.113124,0
2026-07-26T03:48:35.099370,01/03 05:15,-1.38,0.0,,,,18.0,28.0,0.3764,0.094094,0.0,0.094094,0.000663,0.561052,0.45284,0.0,0.655146,0.34,low,0.031992,0.10155,0.133542,0
2026-07-26T03:48:35.119373,01/03 06:15,-2.48,0.0,,,,18.0,28.0,0.3764,0.094094,0.0,0.094094,0.000841,0.700873,0.550679,0.0,0.794967,0.43,moderate,0.04046,0.126858,0.167318,0
2026-07-26T03:48:54.039632,01/03 07:15,-3.3,0.0,,,,18.0,29.0,0.3764,0.094094,0.0,0.094094,0.00671,2.577587,2.073176,0.0,2.671681,0.43,moderate,0.04046,0.466543,0.507004,0
2026-07-26T03:48:54.065487,01/03 08:15,-3.57,0.0,,,,18.0,29.0,0.3764,0.094094,0.0,0.094094,0.006529,2.446402,1.962167,0.0,2.540496,0.43,moderate,0.04046,0.442799,0.483259,0
2026-07-26T03:48:54.089828,01/03 09:15,-4.4,52.0,19.41,18.91,20.82,18.0,29.0,0.3764,0.094094,0.0,0.094094,0.0059,1.853078,1.493094,0.0,1.947172,0.43,moderate,0.04046,0.335407,0.375868,1
2026-07-26T03:48:54.113514,01/03 10:15,-4.28,52.0,20.64,19.92,22.27,18.0,29.0,0.3764,0.094094,0.0,0.094094,0.005744,1.836475,1.481582,0.0,1.930569,0.3,low,0.028228,0.332402,0.36063,1
2026-07-26T03:48:54.135939,01/03 11:15,-3.75,52.0,21.33,20.56,22.89,18.0,29.0,0.3764,0.094094,0.0,0.094094,0.005423,1.771905,1.430406,0.0,1.865999,0.3,low,0.028228,0.320715,0.348943,0
2026-07-26T03:48:54.160515,01/03 12:15,-3.17,41.6,21.53,20.77,23.07,18.0,29.0,0.3764,0.094094,0.0,0.094094,0.005109,1.701904,1.373225,0.0,1.795998,0.3,low,0.028228,0.308045,0.336273,0
2026-07-26T03:49:14.795116,01/03 13:15,-2.8,20.8,21.26,20.54,22.75,20.0,27.0,0.3764,0.094094,0.0,0.094094,0.004887,1.647053,1.327659,0.0,1.741147,0.3,low,0.028228,0.298117,0.326345,0
2026-07-26T03:49:14.820115,01/03 14:15,-2.8,41.6,21.69,20.92,23.26,20.0,27.0,0.3764,0.094094,0.0,0.094094,0.004797,1.636392,1.319894,0.0,1.730486,0.3,low,0.028228,0.296187,0.324415,0
2026-07-26T03:49:14.840571,01/03 15:15,-2.8,52.0,22.02,21.23,23.75,20.0,27.0,0.3764,0.094094,0.0,0.094094,0.004715,1.628073,1.312576,0.0,1.722167,0.3,low,0.028228,0.294681,0.322909,0
2026-07-26T03:49:14.859570,01/03 16:15,-2.8,52.0,21.95,21.17,23.84,20.0,27.0,0.3764,0.094094,0.0,0.094094,0.004663,1.623061,1.307837,0.0,1.717155,0.55,high,0.051752,0.293774,0.345526,0
2026-07-26T03:49:14.879574,01/03 17:15,-2.8,52.0,21.39,20.59,23.49,20.0,27.0,0.3764,0.094094,0.0,0.094094,0.004656,1.624058,1.307199,0.0,1.718152,0.55,high,0.051752,0.293954,0.345706,0
2026-07-26T03:49:14.899750,01/03 18:15,-2.8,52.0,21.19,20.39,23.39,20.0,27.0,0.3764,0.094094,0.0,0.094094,0.004678,1.62687,1.309218,0.0,1.720964,0.55,high,0.051752,0.294463,0.346215,0
2026-07-26T03:49:34.745490,01/03 19:15,-2.8,26.0,20.4,20.0,22.01,20.0,26.0,0.3764,0.094094,0.0,0.094094,0.005136,1.956503,1.58288,0.0,2.050597,0.55,high,0.051752,0.354127,0.405879,0
2026-07-26T03:49:34.771854,01/03 20:15,-2.8,0.0,,,,20.0,26.0,0.3764,0.094094,0.0,0.094094,0.006496,2.765586,2.227153,0.0,2.85968,0.55,high,0.051752,0.500571,0.552323,0
2026-07-26T03:49:34.800665,01/03 21:15,-2.8,0.0,,,,20.0,26.0,0.3764,0.094094,0.0,0.094094,0.001808,1.141387,0.940326,0.0,1.235481,0.4,moderate,0.037638,0.206591,0.244229,0
2026-07-26T03:49:34.821960,01/03 22:15,-2.8,0.0,,,,20.0,26.0,0.3764,0.094094,0.0,0.094094,0.002666,1.623598,1.287098,0.0,1.717692,0.4,moderate,0.037638,0.293871,0.331509,0
2026-07-26T03:49:34.843952,01/03 23:15,-2.8,0.0,,,,20.0,26.0,0.3764,0.094094,0.0,0.094094,0.003207,1.848665,1.473579,0.0,1.942759,0.4,moderate,0.037638,0.334608,0.372246,0
2026-07-26T03:49:34.867826,01/04 00:15,-2.8,0.0,,,,20.0,26.0,0.3764,0.094094,0.0,0.094094,0.00333,1.887095,1.517175,0.0,1.981189,0.34,low,0.031992,0.341564,0.373556,0
2026-07-26T03:49:53.603056,01/04 01:15,-2.8,0.0,,,,18.0,28.0,0.3764,0.094094,0.0,0.094094,0.000181,0.083607,0.13819,0.0,0.177701,0.34,low,0.031992,0.015133,0.047125,0
2026-07-26T03:49:53.628062,01/04 02:15,-2.8,0.0,,,,18.0,28.0,0.3764,0.094094,0.0,0.094094,0.000605,0.442714,0.418294,0.0,0.536808,0.34,low,0.031992,0.080131,0.112123,0
2026-07-26T03:49:53.651059,01/04 03:15,-2.92,0.0,,,,18.0,28.0,0.3764,0.094094,0.0,0.094094,0.000818,0.656031,0.540004,0.0,0.750125,0.34,low,0.031992,0.118742,0.150734,0
2026-07-26T03:49:53.672060,01/04 04:15,-3.3,0.0,,,,18.0,28.0,0.3764,0.094094,0.0,0.094094,0.000929,0.749254,0.59919,0.0,0.843348,0.34,low,0.031992,0.135615,0.167607,0
2026-07-26T03:49:53.693058,01/04 05:15,-3.3,0.0,,,,18.0,28.0,0.3764,0.094094,0.0,0.094094,0.000965,0.771285,0.61918,0.0,0.865379,0.34,low,0.031992,0.139603,0.171595,0
2026-07-26T03:49:53.715059,01/04 06:15,-3.17,0.0,,,,18.0,28.0,0.3764,0.094094,0.0,0.094094,0.000979,0.779697,0.626444,0.0,0.873791,0.43,moderate,0.04046,0.141125,0.181586,0
2026-07-26T03:50:13.273198,01/04 07:15,-2.8,0.0,,,,18.0,29.0,0.3764,0.094094,0.0,0.094094,0.006665,2.535616,2.03981,0.0,2.62971,0.43,moderate,0.04046,0.458946,0.499407,0
2026-07-26T03:50:13.299630,01/04 08:15,-2.65,0.0,,,,18.0,29.0,0.3764,0.094094,0.0,0.094094,0.006512,2.432576,1.953024,0.0,2.52667,0.43,moderate,0.04046,0.440296,0.480757,0
2026-07-26T03:50:13.327133,01/04 09:15,-2.08,52.0,19.45,18.95,20.86,18.0,29.0,0.3764,0.094094,0.0,0.094094,0.005303,1.64504,1.325893,0.0,1.739134,0.43,moderate,0.04046,0.297752,0.338213,1
2026-07-26T03:50:13.348160,01/04 10:15,-1.7,52.0,20.65,19.97,22.31,18.0,29.0,0.3764,0.094094,0.0,0.094094,0.004997,1.578613,1.273838,0.0,1.672707,0.3,low,0.028228,0.285729,0.313957,1
2026-07-26T03:50:13.367159,01/04 11:15,-1.55,52.0,21.41,20.69,23.0,18.0,29.0,0.3764,0.094094,0.0,0.094094,0.004825,1.560754,1.260704,0.0,1.654848,0.3,low,0.028228,0.282496,0.310725,0
2026-07-26T03:50:13.388158,01/04 12:15,-0.98,41.6,21.65,20.91,23.18,18.0,29.0,0.3764,0.094094,0.0,0.094094,0.004534,1.490447,1.202112,0.0,1.584541,0.3,low,0.028228,0.269771,0.297999,0
2026-07-26T03:50:34.764396,01/04 13:15,-0.6,20.8,21.44,20.72,22.94,20.0,27.0,0.3764,0.094094,0.0,0.094094,0.004328,1.433623,1.155185,0.0,1.527717,0.3,low,0.028228,0.259486,0.287714,0
2026-07-26T03:50:34.790614,01/04 14:15,-0.72,41.6,21.95,21.17,23.56,20.0,27.0,0.3764,0.094094,0.0,0.094094,0.004229,1.420516,1.146584,0.0,1.51461,0.3,low,0.028228,0.257113,0.285342,0
2026-07-26T03:50:34.812381,01/04 15:15,-1.1,52.0,22.09,21.3,23.82,20.0,27.0,0.3764,0.094094,0.0,0.094094,0.004255,1.459163,1.17794,0.0,1.553257,0.3,low,0.028228,0.264109,0.292337,0
2026-07-26T03:50:34.833828,01/04 16:15,-1.52,52.0,21.81,21.05,23.69,20.0,27.0,0.3764,0.094094,0.0,0.094094,0.004205,1.456048,1.173316,0.0,1.550142,0.55,high,0.051752,0.263545,0.315296,0
2026-07-26T03:50:34.853840,01/04 17:15,-3.07,52.0,21.01,20.32,23.05,20.0,27.0,0.3764,0.094094,0.0,0.094094,0.004638,1.622064,1.305701,0.0,1.716158,0.55,high,0.051752,0.293594,0.345345,0
2026-07-26T03:50:34.873160,01/04 18:15,-4.17,52.0,20.69,20.03,22.8,20.0,27.0,0.3764,0.094094,0.0,0.094094,0.005011,1.736093,1.395294,0.0,1.830187,0.55,high,0.051752,0.314233,0.365985,0
2026-07-26T03:50:54.610160,01/04 19:15,-5.0,26.0,20.26,20.0,21.28,20.0,26.0,0.3764,0.094094,0.0,0.094094,0.006513,2.643798,2.135658,0.0,2.737892,0.55,high,0.051752,0.478527,0.530279,0
2026-07-26T03:50:54.638151,01/04 20:15,-4.85,0.0,,,,20.0,26.0,0.3764,0.094094,0.0,0.094094,0.008136,3.377823,2.716118,0.0,3.471917,0.55,high,0.051752,0.611386,0.663138,0
2026-07-26T03:50:54.657151,01/04 21:15,-4.55,0.0,,,,20.0,26.0,0.3764,0.094094,0.0,0.094094,0.003402,1.869497,1.492616,0.0,1.963591,0.4,moderate,0.037638,0.338379,0.376017,0
2026-07-26T03:50:54.676845,01/04 22:15,-5.28,0.0,,,,20.0,26.0,0.3764,0.094094,0.0,0.094094,0.004544,2.283077,1.819865,0.0,2.377171,0.4,moderate,0.037638,0.413237,0.450875,0
2026-07-26T03:50:54.696845,01/04 23:15,-6.37,0.0,,,,20.0,26.0,0.3764,0.094094,0.0,0.094094,0.004674,2.307978,1.857232,0.0,2.402072,0.4,moderate,0.037638,0.417744,0.455382,0
2026-07-26T03:50:54.715845,01/05 00:15,-7.2,0.0,,,,20.0,26.0,0.3764,0.094094,0.0,0.094094,0.004771,2.340649,1.882526,0.0,2.434743,0.34,low,0.031992,0.423657,0.455649,0
2026-07-26T03:51:14.404299,01/05 01:15,-7.08,0.0,,,,18.0,28.0,0.3764,0.094094,0.0,0.094094,0.000561,0.337075,0.393521,0.0,0.431169,0.34,low,0.031992,0.061011,0.093003,0
2026-07-26T03:51:14.429480,01/05 02:15,-6.83,0.0,,,,18.0,28.0,0.3764,0.094094,0.0,0.094094,0.000891,0.673487,0.579834,0.0,0.767581,0.34,low,0.031992,0.121901,0.153893,0
2026-07-26T03:51:14.454217,01/05 03:15,-7.62,0.0,,,,18.0,28.0,0.3764,0.094094,0.0,0.094094,0.000979,0.773221,0.628114,0.0,0.867315,0.34,low,0.031992,0.139953,0.171945,0
2026-07-26T03:51:14.476214,01/05 04:15,-9.73,0.0,,,,18.0,28.0,0.3764,0.094094,0.0,0.094094,0.00127,0.978618,0.768591,0.0,1.072712,0.34,low,0.031992,0.17713,0.209122,0
2026-07-26T03:51:14.497407,01/05 05:15,-12.75,0.0,,,,18.0,28.0,0.3764,0.094094,0.0,0.094094,0.001909,1.333627,1.028315,0.0,1.427721,0.34,low,0.031992,0.241386,0.273378,0
2026-07-26T03:51:14.518408,01/05 06:15,-14.55,0.0,,,,18.0,28.0,0.3764,0.094094,0.0,0.094094,0.002264,1.463427,1.160076,0.0,1.557521,0.43,moderate,0.04046,0.26488,0.305341,0
2026-07-26T03:51:33.379017,01/05 07:15,-14.72,0.0,,,,18.0,29.0,0.3764,0.094094,0.0,0.094094,0.002612,1.595059,1.264179,0.0,1.689153,0.43,moderate,0.04046,0.288706,0.329166,0
2026-07-26T03:51:33.405164,01/05 08:15,-13.9,0.0,,,,18.0,29.0,0.3764,0.094094,0.0,0.094094,0.00235,1.382046,1.102363,0.0,1.47614,0.43,moderate,0.04046,0.25015,0.290611,0
2026-07-26T03:51:33.427190,01/05 09:23,-13.35,0.0,,,,18.0,29.0,0.3764,0.094094,0.0,0.094094,0.001958,1.146367,0.92985,0.0,1.240461,0.43,moderate,0.04046,0.207492,0.247953,0
2026-07-26T03:51:33.453863,01/05 10:23,-11.12,0.0,,,,18.0,29.0,0.3764,0.094094,0.0,0.094094,0.001117,0.68882,0.568745,0.0,0.782914,0.3,low,0.028228,0.124676,0.152905,0
2026-07-26T03:51:33.475867,01/05 11:15,-9.0,0.0,,,,18.0,29.0,0.3764,0.094094,0.0,0.094094,0.000648,0.408736,0.349839,0.0,0.50283,0.3,low,0.028228,0.073981,0.102209,0
2026-07-26T03:51:33.493992,01/05 12:15,-7.52,0.0,,,,18.0,29.0,0.3764,0.094094,0.0,0.094094,0.000378,0.267102,0.251513,0.0,0.361196,0.3,low,0.028228,0.048345,0.076574,0
2026-07-26T03:51:52.959600,01/05 13:15,-6.43,0.0,,,,18.0,29.0,0.3764,0.094094,0.0,0.094094,0.000242,0.18496,0.173108,0.0,0.279054,0.3,low,0.028228,0.033478,0.061706,0
2026-07-26T03:51:52.983594,01/05 14:15,-5.17,0.0,,,,18.0,29.0,0.3764,0.094094,0.0,0.094094,0.000129,0.103262,0.095268,0.0,0.197356,0.3,low,0.028228,0.01869,0.046919,0
2026-07-26T03:51:53.004594,01/05 15:15,-3.75,0.0,,,,18.0,29.0,0.3764,0.094094,0.0,0.094094,0.000115,0.094194,0.085412,0.0,0.188288,0.3,low,0.028228,0.017049,0.045277,0
2026-07-26T03:51:53.025594,01/05 16:23,-3.57,0.0,,,,18.0,29.0,0.3764,0.094094,0.0,0.094094,0.000185,0.154237,0.129755,0.0,0.248331,0.55,high,0.051752,0.027917,0.079669,0
2026-07-26T03:51:53.047592,01/05 17:23,-4.55,0.0,,,,18.0,29.0,0.3764,0.094094,0.0,0.094094,0.000385,0.323668,0.262481,0.0,0.417762,0.55,high,0.051752,0.058584,0.110336,0
2026-07-26T03:51:53.066594,01/05 18:15,-5.15,0.0,,,,18.0,29.0,0.3764,0.094094,0.0,0.094094,0.000604,0.505819,0.406762,0.0,0.599913,0.55,high,0.051752,0.091553,0.143305,0
2026-07-26T03:52:11.751343,01/05 19:15,-5.87,0.0,,,,18.0,29.0,0.3764,0.094094,0.0,0.094094,0.000949,0.777126,0.608219,0.0,0.87122,0.55,high,0.051752,0.14066,0.192412,0
2026-07-26T03:52:11.775339,01/05 20:15,-6.98,0.0,,,,18.0,29.0,0.3764,0.094094,0.0,0.094094,0.001186,0.926236,0.72664,0.0,1.02033,0.55,high,0.051752,0.167649,0.2194,0
2026-07-26T03:52:11.797898,01/05 21:15,-8.07,0.0,,,,18.0,29.0,0.3764,0.094094,0.0,0.094094,0.001431,1.062663,0.836877,0.0,1.156757,0.4,moderate,0.037638,0.192342,0.22998,0
2026-07-26T03:52:11.820898,01/05 22:15,-8.9,0.0,,,,18.0,29.0,0.3764,0.094094,0.0,0.094094,0.001493,1.079942,0.865376,0.0,1.174036,0.4,moderate,0.037638,0.19547,0.233107,0
2026-07-26T03:52:11.842630,01/05 23:15,-9.18,0.0,,,,18.0,29.0,0.3764,0.094094,0.0,0.094094,0.001594,1.138909,0.913166,0.0,1.233003,0.4,moderate,0.037638,0.206143,0.24378,0
2026-07-26T03:52:11.865631,01/06 00:15,-10.28,0.0,,,,18.0,29.0,0.3764,0.094094,0.0,0.094094,0.001767,1.237647,0.987549,0.0,1.331741,0.34,low,0.031992,0.224014,0.256006,0
2026-07-26T03:52:31.531775,01/06 01:15,-11.1,0.0,,,,18.0,29.0,0.3764,0.094094,0.0,0.094094,0.002083,1.38354,1.093099,0.0,1.477634,0.34,low,0.031992,0.250421,0.282413,0
2026-07-26T03:52:31.556700,01/06 02:15,-11.38,0.0,,,,18.0,29.0,0.3764,0.094094,0.0,0.094094,0.002075,1.339004,1.073164,0.0,1.433098,0.34,low,0.031992,0.24236,0.274352,0
2026-07-26T03:52:31.597310,01/06 03:15,-12.62,0.0,,,,18.0,29.0,0.3764,0.094094,0.0,0.094094,0.002234,1.398911,1.115883,0.0,1.493005,0.34,low,0.031992,0.253203,0.285195,0
2026-07-26T03:52:31.629309,01/06 04:15,-13.9,0.0,,,,18.0,29.0,0.3764,0.094094,0.0,0.094094,0.002452,1.473217,1.173565,0.0,1.567311,0.34,low,0.031992,0.266652,0.298644,0
2026-07-26T03:52:31.649501,01/06 05:15,-14.03,0.0,,,,18.0,29.0,0.3764,0.094094,0.0,0.094094,0.002609,1.513996,1.208992,0.0,1.60809,0.34,low,0.031992,0.274033,0.306025,0
2026-07-26T03:52:31.670519,01/06 06:15,-14.4,0.0,,,,18.0,29.0,0.3764,0.094094,0.0,0.094094,0.002802,1.573264,1.256152,0.0,1.667358,0.43,moderate,0.04046,0.284761,0.325221,0
2026-07-26T03:52:50.374825,01/06 07:15,-14.55,0.0,,,,18.0,29.0,0.3764,0.094094,0.0,0.094094,0.00314,1.681511,1.340587,0.0,1.775605,0.43,moderate,0.04046,0.304353,0.344814,0
2026-07-26T03:52:50.400530,01/06 08:15,-14.72,0.0,,,,18.0,29.0,0.3764,0.094094,0.0,0.094094,0.00246,1.320148,1.058434,0.0,1.414242,0.43,moderate,0.04046,0.238947,0.279407,0
2026-07-26T03:52:50.423808,01/06 09:23,-13.75,0.0,,,,18.0,29.0,0.3764,0.094094,0.0,0.094094,0.002146,1.152788,0.936737,0.0,1.246882,0.43,moderate,0.04046,0.208655,0.249115,0
2026-07-26T03:52:50.449887,01/06 10:15,-13.03,0.0,,,,18.0,29.0,0.3764,0.094094,0.0,0.094094,0.001288,0.720362,0.587179,0.0,0.814456,0.3,low,0.028228,0.130386,0.158614,0
2026-07-26T03:52:50.473886,01/06 11:15,-11.92,0.0,,,,18.0,29.0,0.3764,0.094094,0.0,0.094094,0.000795,0.443731,0.371602,0.0,0.537825,0.3,low,0.028228,0.080315,0.108544,0
2026-07-26T03:52:50.496614,01/06 12:15,-11.25,0.0,,,,18.0,29.0,0.3764,0.094094,0.0,0.094094,0.000487,0.318456,0.316589,0.0,0.41255,0.3,low,0.028228,0.057641,0.085869,0
2026-07-26T03:53:10.471325,01/06 13:15,-11.55,0.0,,,,18.0,29.0,0.3764,0.094094,0.0,0.094094,0.000338,0.253452,0.250312,0.0,0.347546,0.3,low,0.028228,0.045875,0.074103,0
2026-07-26T03:53:10.496658,01/06 14:15,-11.25,0.0,,,,18.0,29.0,0.3764,0.094094,0.0,0.094094,0.000486,0.399998,0.348096,0.0,0.494092,0.3,low,0.028228,0.0724,0.100628,0
2026-07-26T03:53:10.517686,01/06 15:15,-11.82,0.0,,,,18.0,29.0,0.3764,0.094094,0.0,0.094094,0.000425,0.362935,0.2975,0.0,0.457029,0.3,low,0.028228,0.065691,0.093919,0
2026-07-26T03:53:10.539291,01/06 16:15,-12.75,0.0,,,,18.0,29.0,0.3764,0.094094,0.0,0.094094,0.000593,0.501516,0.388335,0.0,0.59561,0.55,high,0.051752,0.090774,0.142526,0
2026-07-26T03:53:10.563544,01/06 17:15,-14.7,0.0,,,,18.0,29.0,0.3764,0.094094,0.0,0.094094,0.001538,1.181061,0.891114,0.0,1.275155,0.55,high,0.051752,0.213772,0.265524,0
2026-07-26T03:53:10.582539,01/06 18:15,-16.0,0.0,,,,18.0,29.0,0.3764,0.094094,0.0,0.094094,0.00194,1.342278,1.055895,0.0,1.436372,0.55,high,0.051752,0.242952,0.294704,0
2026-07-26T03:53:29.760398,01/06 19:15,-17.2,0.0,,,,18.0,29.0,0.3764,0.094094,0.0,0.094094,0.002818,1.695608,1.315064,0.0,1.789702,0.55,high,0.051752,0.306905,0.358657,0
2026-07-26T03:53:29.784187,01/06 20:15,-17.62,0.0,,,,18.0,29.0,0.3764,0.094094,0.0,0.094094,0.003122,1.727344,1.374568,0.0,1.821438,0.55,high,0.051752,0.312649,0.364401,0
2026-07-26T03:53:29.806201,01/06 21:15,-18.75,0.0,,,,18.0,29.0,0.3764,0.094094,0.0,0.094094,0.003163,1.69524,1.359437,0.0,1.789334,0.4,moderate,0.037638,0.306838,0.344476,0
2026-07-26T03:53:29.827058,01/06 22:15,-18.18,0.0,,,,18.0,29.0,0.3764,0.094094,0.0,0.094094,0.003912,1.928357,1.526868,0.0,2.022451,0.4,moderate,0.037638,0.349033,0.38667,0
2026-07-26T03:53:29.848057,01/06 23:15,-18.08,0.0,,,,18.0,29.0,0.3764,0.094094,0.0,0.094094,0.004108,1.938162,1.552918,0.0,2.032256,0.4,moderate,0.037638,0.350807,0.388445,0
2026-07-26T03:53:29.866317,01/07 00:15,-18.9,0.0,,,,18.0,29.0,0.3764,0.094094,0.0,0.094094,0.004588,2.063617,1.650329,0.0,2.157711,0.34,low,0.031992,0.373515,0.405507,0
2026-07-26T03:53:49.558417,01/07 01:15,-19.02,0.0,,,,18.0,29.0,0.3764,0.094094,0.0,0.094094,0.005169,2.202027,1.770403,0.0,2.296121,0.34,low,0.031992,0.398567,0.430559,0
2026-07-26T03:53:49.584917,01/07 02:15,-19.55,0.0,,,,18.0,29.0,0.3764,0.094094,0.0,0.094094,0.005268,2.213432,1.778257,0.0,2.307526,0.34,low,0.031992,0.400631,0.432623,0
2026-07-26T03:53:49.606916,01/07 03:15,-20.15,0.0,,,,18.0,29.0,0.3764,0.094094,0.0,0.094094,0.005342,2.214061,1.781997,0.0,2.308155,0.34,low,0.031992,0.400745,0.432737,0
2026-07-26T03:53:49.626747,01/07 04:15,-20.73,0.0,,,,18.0,29.0,0.3764,0.094094,0.0,0.094094,0.005994,2.417058,1.940213,0.0,2.511152,0.34,low,0.031992,0.437487,0.469479,0
2026-07-26T03:53:49.647262,01/07 05:15,-21.38,0.0,,,,18.0,29.0,0.3764,0.094094,0.0,0.094094,0.005822,2.323698,1.868742,0.0,2.417792,0.34,low,0.031992,0.420589,0.452581,0
2026-07-26T03:53:49.667265,01/07 06:15,-22.35,0.0,,,,18.0,29.0,0.3764,0.094094,0.0,0.094094,0.006152,2.407442,1.93367,0.0,2.501536,0.43,moderate,0.04046,0.435747,0.476207,0
2026-07-26T03:54:09.299955,01/07 07:15,-22.53,0.0,,,,18.0,29.0,0.3764,0.094094,0.0,0.094094,0.020456,5.706071,4.595323,0.0,5.800165,0.43,moderate,0.04046,1.032799,1.073259,0
2026-07-26T03:54:09.323953,01/07 08:15,-20.85,0.0,,,,18.0,29.0,0.3764,0.094094,0.0,0.094094,0.019485,5.360136,4.311224,0.0,5.45423,0.43,moderate,0.04046,0.970185,1.010645,0
2026-07-26T03:54:09.350151,01/07 09:20,-17.75,52.0,18.87,18.0,20.62,18.0,29.0,0.3764,0.094094,0.0,0.094094,0.015166,3.352845,2.681908,0.0,3.446939,0.43,moderate,0.04046,0.606865,0.647325,1
2026-07-26T03:54:09.374149,01/07 10:23,-15.68,52.0,20.05,18.37,23.01,18.0,29.0,0.3764,0.094094,0.0,0.094094,0.01484,2.967978,2.390377,0.0,3.062072,0.3,low,0.028228,0.537204,0.565432,1
2026-07-26T03:54:09.394676,01/07 11:23,-14.4,52.0,20.87,18.95,23.89,18.0,29.0,0.3764,0.094094,0.0,0.094094,0.013266,2.815041,2.283271,0.0,2.909135,0.3,low,0.028228,0.509522,0.537751,1
2026-07-26T03:54:09.414674,01/07 12:23,-14.12,41.6,21.26,19.25,23.59,18.0,29.0,0.3764,0.094094,0.0,0.094094,0.01303,2.811644,2.266617,0.0,2.905738,0.3,low,0.028228,0.508908,0.537136,1
2026-07-26T03:54:29.863584,01/07 13:23,-13.18,20.8,21.4,20.0,22.85,20.0,27.0,0.3764,0.094094,0.0,0.094094,0.011777,2.95824,2.390186,0.0,3.052334,0.3,low,0.028228,0.535441,0.56367,0
2026-07-26T03:54:29.889435,01/07 14:15,-12.93,41.6,21.65,20.0,24.23,20.0,27.0,0.3764,0.094094,0.0,0.094094,0.010838,2.704625,2.182364,0.0,2.798719,0.3,low,0.028228,0.489537,0.517765,0
2026-07-26T03:54:29.910435,01/07 15:15,-13.45,52.0,21.87,20.02,25.11,20.0,27.0,0.3764,0.094094,0.0,0.094094,0.011164,2.664359,2.142884,0.0,2.758453,0.3,low,0.028228,0.482249,0.510477,0
2026-07-26T03:54:29.934446,01/07 16:23,-14.45,52.0,21.71,20.0,24.56,20.0,27.0,0.3764,0.094094,0.0,0.094094,0.01187,2.779947,2.236667,0.0,2.874041,0.55,high,0.051752,0.50317,0.554922,0
2026-07-26T03:54:29.958446,01/07 17:20,-16.25,52.0,20.91,20.0,22.67,20.0,27.0,0.3764,0.094094,0.0,0.094094,0.014706,3.256126,2.620358,0.0,3.35022,0.55,high,0.051752,0.589359,0.641111,0
2026-07-26T03:54:29.980681,01/07 18:15,-17.1,52.0,20.63,20.0,22.63,20.0,27.0,0.3764,0.094094,0.0,0.094094,0.015285,3.35432,2.704261,0.0,3.448414,0.55,high,0.051752,0.607132,0.658884,0
2026-07-26T03:54:49.854879,01/07 19:15,-18.3,26.0,20.22,20.0,21.11,20.0,26.0,0.3764,0.094094,0.0,0.094094,0.017299,4.51794,3.646902,0.0,4.612034,0.55,high,0.051752,0.817747,0.869499,0
2026-07-26T03:54:49.876875,01/07 20:15,-18.58,0.0,,,,20.0,26.0,0.3764,0.094094,0.0,0.094094,0.019599,5.240296,4.222262,0.0,5.33439,0.55,high,0.051752,0.948494,1.000245,0
2026-07-26T03:54:49.897875,01/07 21:15,-19.55,0.0,,,,20.0,26.0,0.3764,0.094094,0.0,0.094094,0.006442,2.664648,2.126826,0.0,2.758742,0.4,moderate,0.037638,0.482301,0.519939,0
2026-07-26T03:54:49.918875,01/07 22:15,-19.85,0.0,,,,20.0,26.0,0.3764,0.094094,0.0,0.094094,0.008246,3.05044,2.438532,0.0,3.144534,0.4,moderate,0.037638,0.55213,0.589767,0
2026-07-26T03:54:49.939875,01/07 23:15,-19.55,0.0,,,,20.0,26.0,0.3764,0.094094,0.0,0.094094,0.008502,3.096718,2.495224,0.0,3.190812,0.4,moderate,0.037638,0.560506,0.598144,0
2026-07-26T03:54:49.957875,01/08 00:15,-20.27,0.0,,,,20.0,26.0,0.3764,0.094094,0.0,0.094094,0.009175,3.235547,2.599254,0.0,3.329641,0.34,low,0.031992,0.585634,0.617626,0
2026-07-26T03:55:11.528089,01/08 01:15,-21.1,0.0,,,,18.0,28.0,0.3764,0.094094,0.0,0.094094,0.002546,1.564116,1.232494,0.0,1.65821,0.34,low,0.031992,0.283105,0.315097,0
2026-07-26T03:55:11.552085,01/08 02:15,-21.1,0.0,,,,18.0,28.0,0.3764,0.094094,0.0,0.094094,0.003609,1.897194,1.490628,0.0,1.991288,0.34,low,0.031992,0.343392,0.375384,0
2026-07-26T03:55:11.574084,01/08 03:15,-21.1,0.0,,,,18.0,28.0,0.3764,0.094094,0.0,0.094094,0.004243,2.022937,1.611943,0.0,2.117031,0.34,low,0.031992,0.366152,0.398144,0
2026-07-26T03:55:11.593084,01/08 04:15,-21.25,0.0,,,,18.0,28.0,0.3764,0.094094,0.0,0.094094,0.004674,2.100474,1.680615,0.0,2.194568,0.34,low,0.031992,0.380186,0.412178,0
2026-07-26T03:55:11.612084,01/08 05:15,-21.7,0.0,,,,18.0,28.0,0.3764,0.094094,0.0,0.094094,0.005091,2.183563,1.747964,0.0,2.277657,0.34,low,0.031992,0.395225,0.427217,0
2026-07-26T03:55:11.629092,01/08 06:15,-21.7,0.0,,,,18.0,28.0,0.3764,0.094094,0.0,0.094094,0.005368,2.228087,1.788151,0.0,2.322181,0.43,moderate,0.04046,0.403284,0.443744,0
2026-07-26T03:55:30.431668,01/08 07:15,-21.55,0.0,,,,18.0,29.0,0.3764,0.094094,0.0,0.094094,0.019654,5.41829,4.362919,0.0,5.512384,0.43,moderate,0.04046,0.98071,1.021171,0
2026-07-26T03:55:30.457666,01/08 08:15,-20.12,0.0,,,,18.0,29.0,0.3764,0.094094,0.0,0.094094,0.018761,5.087946,4.091774,0.0,5.18204,0.43,moderate,0.04046,0.920918,0.961379,0
2026-07-26T03:55:30.483034,01/08 09:20,-16.5,52.0,19.07,18.0,21.01,18.0,29.0,0.3764,0.094094,0.0,0.094094,0.014865,3.043957,2.431943,0.0,3.138051,0.43,moderate,0.04046,0.550956,0.591417,1
2026-07-26T03:55:30.507031,01/08 10:23,-14.0,52.0,20.44,18.78,23.17,18.0,29.0,0.3764,0.094094,0.0,0.094094,0.013476,2.825306,2.297178,0.0,2.9194,0.3,low,0.028228,0.51138,0.539609,1
2026-07-26T03:55:30.531559,01/08 11:23,-12.65,52.0,21.23,19.39,23.93,18.0,29.0,0.3764,0.094094,0.0,0.094094,0.011263,2.657302,2.153667,0.0,2.751396,0.3,low,0.028228,0.480972,0.5092,1
2026-07-26T03:55:30.554559,01/08 12:23,-11.8,41.6,21.6,19.73,23.64,18.0,29.0,0.3764,0.094094,0.0,0.094094,0.010427,2.586679,2.089363,0.0,2.680773,0.3,low,0.028228,0.468189,0.496417,1
2026-07-26T03:55:51.721572,01/08 13:23,-10.45,20.8,21.48,20.0,22.83,20.0,27.0,0.3764,0.094094,0.0,0.094094,0.009045,2.534072,2.051853,0.0,2.628166,0.3,low,0.028228,0.458667,0.486895,0
2026-07-26T03:55:51.747450,01/08 14:15,-9.85,41.6,21.64,20.0,24.04,20.0,27.0,0.3764,0.094094,0.0,0.094094,0.008348,2.355129,1.901973,0.0,2.449223,0.3,low,0.028228,0.426278,0.454507,0
2026-07-26T03:55:51.770717,01/08 15:15,-9.4,52.0,21.83,20.13,24.84,20.0,27.0,0.3764,0.094094,0.0,0.094094,0.007758,2.270233,1.833947,0.0,2.364327,0.3,low,0.028228,0.410912,0.43914,0
2026-07-26T03:55:51.791735,01/08 16:15,-9.55,52.0,21.84,20.1,24.59,20.0,27.0,0.3764,0.094094,0.0,0.094094,0.007689,2.269266,1.827904,0.0,2.36336,0.55,high,0.051752,0.410737,0.462489,0
2026-07-26T03:55:51.814715,01/08 17:23,-10.0,52.0,21.15,20.0,23.11,20.0,27.0,0.3764,0.094094,0.0,0.094094,0.008179,2.369951,1.903335,0.0,2.464045,0.55,high,0.051752,0.428961,0.480713,0
2026-07-26T03:55:51.836732,01/08 18:15,-10.0,52.0,20.74,20.0,22.8,20.0,27.0,0.3764,0.094094,0.0,0.094094,0.008381,2.503143,2.021991,0.0,2.597237,0.55,high,0.051752,0.453069,0.504821,0
2026-07-26T03:56:12.367364,01/08 19:15,-9.85,26.0,20.3,20.0,21.48,20.0,26.0,0.3764,0.094094,0.0,0.094094,0.009447,3.199212,2.580469,0.0,3.293306,0.55,high,0.051752,0.579057,0.630809,0
2026-07-26T03:56:12.388365,01/08 20:15,-9.28,0.0,,,,20.0,26.0,0.3764,0.094094,0.0,0.094094,0.011108,4.010694,3.230616,0.0,4.104788,0.55,high,0.051752,0.725936,0.777687,0
2026-07-26T03:56:12.407377,01/08 21:15,-8.9,0.0,,,,20.0,26.0,0.3764,0.094094,0.0,0.094094,0.003894,2.002946,1.612133,0.0,2.09704,0.4,moderate,0.037638,0.362533,0.400171,0
2026-07-26T03:56:12.426366,01/08 22:15,-8.75,0.0,,,,20.0,26.0,0.3764,0.094094,0.0,0.094094,0.005351,2.509281,1.998195,0.0,2.603375,0.4,moderate,0.037638,0.45418,0.491817,0
2026-07-26T03:56:12.445364,01/08 23:15,-8.45,0.0,,,,20.0,26.0,0.3764,0.094094,0.0,0.094094,0.006506,2.80049,2.23717,0.0,2.894584,0.4,moderate,0.037638,0.506889,0.544526,0
2026-07-26T03:56:12.466365,01/09 00:15,-8.9,0.0,,,,20.0,26.0,0.3764,0.094094,0.0,0.094094,0.006289,2.730752,2.203765,0.0,2.824846,0.34,low,0.031992,0.494266,0.526258,0
2026-07-26T03:56:31.757082,01/09 01:15,-8.9,0.0,,,,18.0,28.0,0.3764,0.094094,0.0,0.094094,0.001146,0.749035,0.70433,0.0,0.843129,0.34,low,0.031992,0.135575,0.167567,0
2026-07-26T03:56:31.782078,01/09 02:15,-8.75,0.0,,,,18.0,28.0,0.3764,0.094094,0.0,0.094094,0.001904,1.299296,1.018711,0.0,1.39339,0.34,low,0.031992,0.235173,0.267165,0
2026-07-26T03:56:31.801093,01/09 03:15,-8.3,0.0,,,,18.0,28.0,0.3764,0.094094,0.0,0.094094,0.001984,1.309867,1.053724,0.0,1.403961,0.34,low,0.031992,0.237086,0.269078,0
2026-07-26T03:56:31.822083,01/09 04:15,-8.3,0.0,,,,18.0,28.0,0.3764,0.094094,0.0,0.094094,0.002115,1.380229,1.107538,0.0,1.474323,0.34,low,0.031992,0.249821,0.281813,0
2026-07-26T03:56:31.843076,01/09 05:15,-8.3,0.0,,,,18.0,28.0,0.3764,0.094094,0.0,0.094094,0.002229,1.42626,1.139258,0.0,1.520354,0.34,low,0.031992,0.258153,0.290145,0
2026-07-26T03:56:31.861075,01/09 06:15,-8.18,0.0,,,,18.0,28.0,0.3764,0.094094,0.0,0.094094,0.002335,1.453793,1.16281,0.0,1.547887,0.43,moderate,0.04046,0.263137,0.303597,0
2026-07-26T03:56:51.548522,01/09 07:15,-7.8,0.0,,,,18.0,29.0,0.3764,0.094094,0.0,0.094094,0.009847,3.558506,2.867391,0.0,3.6526,0.43,moderate,0.04046,0.64409,0.68455,0
2026-07-26T03:56:51.576520,01/09 08:15,-7.25,0.0,,,,18.0,29.0,0.3764,0.094094,0.0,0.094094,0.009589,3.428753,2.755752,0.0,3.522847,0.43,moderate,0.04046,0.620604,0.661065,0
2026-07-26T03:56:51.600751,01/09 09:23,-5.17,52.0,19.03,18.4,20.15,18.0,29.0,0.3764,0.094094,0.0,0.094094,0.006557,1.978495,1.600795,0.0,2.072589,0.43,moderate,0.04046,0.358108,0.398568,1
2026-07-26T03:56:51.626752,01/09 10:15,-3.62,52.0,20.51,19.56,21.8,18.0,29.0,0.3764,0.094094,0.0,0.094094,0.005759,1.802783,1.454773,0.0,1.896877,0.3,low,0.028228,0.326304,0.354532,1
2026-07-26T03:56:51.649751,01/09 11:15,-2.25,52.0,21.35,20.23,22.47,18.0,29.0,0.3764,0.094094,0.0,0.094094,0.005222,1.676418,1.353912,0.0,1.770512,0.3,low,0.028228,0.303432,0.33166,0
2026-07-26T03:56:51.670754,01/09 12:23,-0.3,41.6,21.83,20.61,22.75,18.0,29.0,0.3764,0.094094,0.0,0.094094,0.004461,1.445559,1.165455,0.0,1.539653,0.3,low,0.028228,0.261646,0.289874,0
2026-07-26T03:57:13.413980,01/09 13:15,0.88,20.8,21.74,20.53,22.54,20.0,27.0,0.3764,0.094094,0.0,0.094094,0.004082,1.319376,1.060945,0.0,1.41347,0.3,low,0.028228,0.238807,0.267035,0
2026-07-26T03:57:13.438979,01/09 14:15,1.7,41.6,22.17,20.96,23.43,20.0,27.0,0.3764,0.094094,0.0,0.094094,0.00373,1.197047,0.961658,0.0,1.291141,0.3,low,0.028228,0.216666,0.244894,0
2026-07-26T03:57:13.464975,01/09 15:15,1.7,52.0,22.61,21.43,24.36,20.0,27.0,0.3764,0.094094,0.0,0.094094,0.003598,1.175578,0.949589,0.0,1.269672,0.3,low,0.028228,0.21278,0.241008,0
2026-07-26T03:57:13.484973,01/09 16:15,1.27,52.0,22.37,21.42,23.72,20.0,27.0,0.3764,0.094094,0.0,0.094094,0.003523,1.168416,0.942496,0.0,1.26251,0.55,high,0.051752,0.211483,0.263235,0
2026-07-26T03:57:13.506976,01/09 17:23,0.0,52.0,21.59,20.77,23.34,20.0,27.0,0.3764,0.094094,0.0,0.094094,0.003842,1.328281,1.075283,0.0,1.422375,0.55,high,0.051752,0.240419,0.292171,0
2026-07-26T03:57:13.527974,01/09 18:15,0.0,52.0,21.31,20.52,23.27,20.0,27.0,0.3764,0.094094,0.0,0.094094,0.003874,1.340851,1.078402,0.0,1.434945,0.55,high,0.051752,0.242694,0.294446,0
2026-07-26T03:57:35.685301,01/09 19:15,0.28,26.0,20.37,20.0,21.85,20.0,26.0,0.3764,0.094094,0.0,0.094094,0.004235,1.567642,1.275221,0.0,1.661736,0.55,high,0.051752,0.283743,0.335495,0
2026-07-26T03:57:35.712793,01/09 20:15,0.98,0.0,,,,20.0,26.0,0.3764,0.094094,0.0,0.094094,0.005371,2.308069,1.860327,0.0,2.402163,0.55,high,0.051752,0.41776,0.469512,0
2026-07-26T03:57:35.736114,01/09 21:15,0.45,0.0,,,,20.0,26.0,0.3764,0.094094,0.0,0.094094,0.001495,0.965908,0.816024,0.0,1.060002,0.4,moderate,0.037638,0.174829,0.212467,0
2026-07-26T03:57:35.761004,01/09 22:15,-0.15,0.0,,,,20.0,26.0,0.3764,0.094094,0.0,0.094094,0.002214,1.431419,1.137135,0.0,1.525513,0.4,moderate,0.037638,0.259087,0.296724,0
2026-07-26T03:57:35.781019,01/09 23:15,-0.72,0.0,,,,20.0,26.0,0.3764,0.094094,0.0,0.094094,0.002362,1.492845,1.19917,0.0,1.586939,0.4,moderate,0.037638,0.270205,0.307843,0
2026-07-26T03:57:35.803020,01/10 00:15,-1.1,0.0,,,,20.0,26.0,0.3764,0.094094,0.0,0.094094,0.003175,1.866392,1.473683,0.0,1.960486,0.34,low,0.031992,0.337817,0.369809,0
2026-07-26T03:57:55.674328,01/10 01:15,-1.1,0.0,,,,18.0,28.0,0.3764,0.094094,0.0,0.094094,0.000112,0.066471,0.090671,0.0,0.160565,0.34,low,0.031992,0.012031,0.044023,0
2026-07-26T03:57:55.698831,01/10 02:15,-0.98,0.0,,,,18.0,28.0,0.3764,0.094094,0.0,0.094094,0.000325,0.228382,0.244534,0.0,0.322476,0.34,low,0.031992,0.041337,0.073329,0
2026-07-26T03:57:55.727211,01/10 03:15,-0.45,0.0,,,,18.0,28.0,0.3764,0.094094,0.0,0.094094,0.000493,0.394336,0.352498,0.0,0.48843,0.34,low,0.031992,0.071375,0.103367,0
2026-07-26T03:57:55.752912,01/10 04:15,0.0,0.0,,,,18.0,28.0,0.3764,0.094094,0.0,0.094094,0.000551,0.46505,0.38686,0.0,0.559144,0.34,low,0.031992,0.084174,0.116166,0
2026-07-26T03:57:55.776057,01/10 05:15,-0.42,0.0,,,,18.0,28.0,0.3764,0.094094,0.0,0.094094,0.000663,0.564244,0.450825,0.0,0.658338,0.34,low,0.031992,0.102128,0.13412,0
2026-07-26T03:57:55.794454,01/10 06:15,-1.97,0.0,,,,18.0,28.0,0.3764,0.094094,0.0,0.094094,0.000726,0.612538,0.490213,0.0,0.706632,0.43,moderate,0.04046,0.110869,0.15133,0
2026-07-26T03:58:14.490189,01/10 07:15,-2.8,0.0,,,,18.0,29.0,0.3764,0.094094,0.0,0.094094,0.006489,2.474053,1.988029,0.0,2.568147,0.43,moderate,0.04046,0.447804,0.488264,0
2026-07-26T03:58:14.515210,01/10 08:15,-2.37,0.0,,,,18.0,29.0,0.3764,0.094094,0.0,0.094094,0.006192,2.254227,1.806649,0.0,2.348321,0.43,moderate,0.04046,0.408015,0.448476,0
2026-07-26T03:58:14.544195,01/10 09:20,-0.83,52.0,20.09,19.04,21.7,18.0,29.0,0.3764,0.094094,0.0,0.094094,0.004913,1.528823,1.231168,0.0,1.622917,0.43,moderate,0.04046,0.276717,0.317177,1
2026-07-26T03:58:14.567234,01/10 10:23,0.28,52.0,21.74,20.12,24.14,18.0,29.0,0.3764,0.094094,0.0,0.094094,0.00445,1.399043,1.128314,0.0,1.493137,0.3,low,0.028228,0.253227,0.281455,0
2026-07-26T03:58:14.591219,01/10 11:23,1.25,52.0,22.81,20.88,25.33,18.0,29.0,0.3764,0.094094,0.0,0.094094,0.003993,1.268311,1.022486,0.0,1.362405,0.3,low,0.028228,0.229564,0.257792,0
2026-07-26T03:58:14.615219,01/10 12:23,1.82,41.6,23.33,21.27,25.29,18.0,29.0,0.3764,0.094094,0.0,0.094094,0.003674,1.185235,0.956833,0.0,1.279329,0.3,low,0.028228,0.214528,0.242756,0
2026-07-26T03:58:34.942040,01/10 13:15,2.08,20.8,23.18,21.15,25.23,20.0,27.0,0.3764,0.094094,0.0,0.094094,0.003536,1.045623,0.904666,0.0,1.139717,0.3,low,0.028228,0.189258,0.217486,0
2026-07-26T03:58:34.968038,01/10 14:15,1.7,41.6,23.65,21.66,26.61,20.0,27.0,0.3764,0.094094,0.0,0.094094,0.003402,1.163519,0.928403,0.0,1.257613,0.3,low,0.028228,0.210597,0.238825,1
2026-07-26T03:58:34.991041,01/10 15:15,1.42,52.0,23.81,22.1,27.0,20.0,27.0,0.3775,0.094373,0.0,0.094373,0.003107,1.126754,0.904143,0.0,1.221127,0.3,low,0.028312,0.203942,0.232254,1
2026-07-26T03:58:35.014037,01/10 16:23,0.17,52.0,23.53,22.17,26.3,20.0,27.0,0.3764,0.094094,0.0,0.094094,0.00341,1.230493,0.996631,0.0,1.324587,0.55,high,0.051752,0.222719,0.274471,1
2026-07-26T03:58:35.035037,01/10 17:23,-1.52,52.0,22.52,21.51,24.23,20.0,27.0,0.3764,0.094094,0.0,0.094094,0.00381,1.40621,1.133706,0.0,1.500304,0.55,high,0.051752,0.254524,0.306276,0
2026-07-26T03:58:35.055047,01/10 18:15,-3.2,52.0,21.91,20.98,23.98,20.0,27.0,0.3764,0.094094,0.0,0.094094,0.004328,1.5869,1.275169,0.0,1.680994,0.55,high,0.051752,0.287229,0.338981,0
2026-07-26T03:58:54.557395,01/10 19:15,-4.55,26.0,20.6,20.0,22.5,20.0,26.0,0.3764,0.094094,0.0,0.094094,0.005138,1.873843,1.527451,0.0,1.967937,0.55,high,0.051752,0.339166,0.390917,0
2026-07-26T03:58:54.581393,01/10 20:15,-5.28,0.0,,,,20.0,26.0,0.3764,0.094094,0.0,0.094094,0.006751,2.821562,2.278179,0.0,2.915656,0.55,high,0.051752,0.510703,0.562454,0
2026-07-26T03:58:54.604397,01/10 21:15,-5.67,0.0,,,,20.0,26.0,0.3764,0.094094,0.0,0.094094,0.00186,1.157398,0.943275,0.0,1.251492,0.4,moderate,0.037638,0.209489,0.247127,0
2026-07-26T03:58:54.625395,01/10 22:15,-4.55,0.0,,,,20.0,26.0,0.3764,0.094094,0.0,0.094094,0.002716,1.601188,1.275446,0.0,1.695282,0.4,moderate,0.037638,0.289815,0.327453,0
2026-07-26T03:58:54.647392,01/10 23:15,-5.15,0.0,,,,20.0,26.0,0.3764,0.094094,0.0,0.094094,0.003311,1.857067,1.481234,0.0,1.951161,0.4,moderate,0.037638,0.336129,0.373767,0
2026-07-26T03:58:54.667939,01/11 00:15,-5.3,0.0,,,,20.0,26.0,0.3764,0.094094,0.0,0.094094,0.003886,2.069283,1.653291,0.0,2.163377,0.34,low,0.031992,0.37454,0.406532,0
2026-07-26T03:59:13.735286,01/11 01:15,-4.12,0.0,,,,18.0,28.0,0.3764,0.094094,0.0,0.094094,0.000348,0.205491,0.259065,0.0,0.299585,0.34,low,0.031992,0.037194,0.069186,0
2026-07-26T03:59:13.760572,01/11 02:15,-3.17,0.0,,,,18.0,28.0,0.3764,0.094094,0.0,0.094094,0.000783,0.586035,0.519913,0.0,0.680129,0.34,low,0.031992,0.106072,0.138064,0
2026-07-26T03:59:13.782569,01/11 03:15,-2.8,0.0,,,,18.0,28.0,0.3764,0.094094,0.0,0.094094,0.000888,0.706839,0.578243,0.0,0.800933,0.34,low,0.031992,0.127938,0.15993,0
2026-07-26T03:59:13.804573,01/11 04:15,-2.92,0.0,,,,18.0,28.0,0.3764,0.094094,0.0,0.094094,0.000799,0.649997,0.533125,0.0,0.744091,0.34,low,0.031992,0.117649,0.149641,0
2026-07-26T03:59:13.826568,01/11 05:15,-3.3,0.0,,,,18.0,28.0,0.3764,0.094094,0.0,0.094094,0.000982,0.793213,0.62829,0.0,0.887307,0.34,low,0.031992,0.143572,0.175564,0
2026-07-26T03:59:13.845571,01/11 06:15,-3.45,0.0,,,,18.0,28.0,0.3764,0.094094,0.0,0.094094,0.001027,0.814787,0.651146,0.0,0.908881,0.43,moderate,0.04046,0.147476,0.187937,0
2026-07-26T03:59:32.184088,01/11 07:15,-3.9,0.0,,,,18.0,29.0,0.3764,0.094094,0.0,0.094094,0.007009,2.64763,2.128573,0.0,2.741724,0.43,moderate,0.04046,0.479221,0.519681,0
2026-07-26T03:59:32.210691,01/11 08:15,-3.75,0.0,,,,18.0,29.0,0.3764,0.094094,0.0,0.094094,0.006992,2.629345,2.114776,0.0,2.723439,0.43,moderate,0.04046,0.475911,0.516372,0
2026-07-26T03:59:32.240258,01/11 09:15,-3.02,52.0,19.31,18.82,20.74,18.0,29.0,0.3764,0.094094,0.0,0.094094,0.005631,1.753037,1.413207,0.0,1.847131,0.43,moderate,0.04046,0.3173,0.35776,1
2026-07-26T03:59:32.266301,01/11 10:23,-1.93,52.0,20.71,19.9,22.27,18.0,29.0,0.3764,0.094094,0.0,0.094094,0.005132,1.627556,1.313441,0.0,1.72165,0.3,low,0.028228,0.294588,0.322816,1
2026-07-26T03:59:32.291424,01/11 11:23,-0.83,52.0,21.55,20.51,22.86,18.0,29.0,0.3764,0.094094,0.0,0.094094,0.004671,1.501249,1.213018,0.0,1.595343,0.3,low,0.028228,0.271726,0.299954,0
2026-07-26T03:59:32.318279,01/11 12:23,0.55,41.6,22.16,20.82,23.08,18.0,29.0,0.3764,0.094094,0.0,0.094094,0.004246,1.379647,1.112081,0.0,1.473741,0.3,low,0.028228,0.249716,0.277944,0
2026-07-26T03:59:52.920590,01/11 13:23,2.62,20.8,22.17,20.73,23.48,20.0,27.0,0.3764,0.094094,0.0,0.094094,0.003746,1.05737,0.927591,0.0,1.151464,0.3,low,0.028228,0.191384,0.219612,0
2026-07-26T03:59:52.947686,01/11 14:23,4.03,41.6,22.86,21.27,25.19,20.0,27.0,0.3764,0.094094,0.0,0.094094,0.005068,0.255029,0.706177,0.0,0.349123,0.3,low,0.028228,0.04616,0.074388,0
2026-07-26T03:59:52.969268,01/11 15:15,4.12,52.0,23.03,21.36,26.07,20.0,27.0,0.3764,0.094094,0.0,0.094094,0.004964,0.043595,0.482438,0.0,0.137689,0.3,low,0.028228,0.007891,0.036119,1
2026-07-26T03:59:52.991821,01/11 16:15,3.02,52.0,22.84,21.29,25.73,20.0,27.0,0.3764,0.094094,0.0,0.094094,0.005254,0.890087,0.558364,0.0,0.984181,0.55,high,0.051752,0.161106,0.212857,0
2026-07-26T03:59:53.011954,01/11 17:23,2.2,52.0,22.16,20.97,23.77,20.0,27.0,0.3764,0.094094,0.0,0.094094,0.005449,1.307041,0.787763,0.0,1.401135,0.55,high,0.051752,0.236574,0.288326,0
2026-07-26T03:59:53.031514,01/11 18:15,2.35,52.0,21.84,20.92,23.68,20.0,27.0,0.3764,0.094094,0.0,0.094094,0.005381,1.200822,0.882469,0.0,1.294916,0.55,high,0.051752,0.217349,0.2691,0
2026-07-26T04:00:14.190250,01/11 19:15,2.8,26.0,20.56,20.0,22.14,20.0,26.0,0.3764,0.094094,0.0,0.094094,0.005346,1.044123,0.885519,0.0,1.138217,0.55,high,0.051752,0.188986,0.240738,0
2026-07-26T04:00:14.217599,01/11 20:15,2.92,0.0,,,,20.0,26.0,0.3764,0.094094,0.0,0.094094,0.004506,1.837678,1.485239,0.0,1.931772,0.55,high,0.051752,0.33262,0.384371,0
2026-07-26T04:00:14.239745,01/11 21:15,3.02,0.0,,,,20.0,26.0,0.3764,0.094094,0.0,0.094094,0.001121,0.726854,0.652525,0.0,0.820948,0.4,moderate,0.037638,0.131561,0.169198,0
2026-07-26T04:00:14.261728,01/11 22:15,2.08,0.0,,,,20.0,26.0,0.3764,0.094094,0.0,0.094094,0.001793,1.214584,0.967546,0.0,1.308678,0.4,moderate,0.037638,0.21984,0.257477,0
2026-07-26T04:00:14.281758,01/11 23:15,1.55,0.0,,,,20.0,26.0,0.3764,0.094094,0.0,0.094094,0.002278,1.47371,1.170028,0.0,1.567804,0.4,moderate,0.037638,0.266742,0.304379,0
2026-07-26T04:00:14.301407,01/12 00:15,1.1,0.0,,,,20.0,26.0,0.3764,0.094094,0.0,0.094094,0.002545,1.586295,1.268997,0.0,1.680389,0.34,low,0.031992,0.287119,0.319111,0
2026-07-26T04:00:32.118088,01/12 01:15,1.25,0.0,,,,18.0,28.0,0.3764,0.094094,0.0,0.094094,0.0,0.0,0.0,0.0,0.094094,0.34,low,0.031992,0.0,0.031992,0
2026-07-26T04:00:32.141043,01/12 02:15,2.1,0.0,,,,18.0,28.0,0.3764,0.094094,0.0,0.094094,0.0,0.0,0.0,0.0,0.094094,0.34,low,0.031992,0.0,0.031992,0
2026-07-26T04:00:32.161226,01/12 03:15,3.45,0.0,,,,18.0,28.0,0.3764,0.094094,0.0,0.094094,8.8e-05,0.057264,0.069549,0.0,0.151358,0.34,low,0.031992,0.010365,0.042357,0
2026-07-26T04:00:32.182222,01/12 04:15,3.75,0.0,,,,18.0,28.0,0.3764,0.094094,0.0,0.094094,0.000126,0.089121,0.097512,0.0,0.183215,0.34,low,0.031992,0.016131,0.048123,0
2026-07-26T04:00:32.200207,01/12 05:15,3.02,0.0,,,,18.0,28.0,0.3764,0.094094,0.0,0.094094,0.000212,0.161762,0.160492,0.0,0.255856,0.34,low,0.031992,0.029279,0.061271,0
2026-07-26T04:00:32.221209,01/12 06:15,2.08,0.0,,,,18.0,28.0,0.3764,0.094094,0.0,0.094094,0.00027,0.220057,0.201032,0.0,0.314151,0.43,moderate,0.04046,0.03983,0.080291,0
2026-07-26T04:00:50.430039,01/12 07:15,1.55,0.0,,,,18.0,29.0,0.3764,0.094094,0.0,0.094094,0.000313,0.268235,0.231977,0.0,0.362329,0.43,moderate,0.04046,0.048551,0.089011,0
2026-07-26T04:00:50.454253,01/12 08:15,1.52,0.0,,,,18.0,29.0,0.3764,0.094094,0.0,0.094094,0.000216,0.190021,0.164595,0.0,0.284115,0.43,moderate,0.04046,0.034394,0.074854,0
2026-07-26T04:00:50.478259,01/12 09:15,2.8,0.0,,,,18.0,29.0,0.3764,0.094094,0.0,0.094094,5.9e-05,0.052665,0.044631,0.0,0.146759,0.43,moderate,0.04046,0.009532,0.049993,0
2026-07-26T04:00:50.499248,01/12 10:15,2.8,0.0,,,,18.0,29.0,0.3764,0.094094,0.0,0.094094,7e-05,0.062591,0.051026,0.0,0.156685,0.3,low,0.028228,0.011329,0.039557,0
2026-07-26T04:00:50.520576,01/12 11:15,2.8,0.0,,,,18.0,29.0,0.3764,0.094094,0.0,0.094094,0.0,0.0,0.0,0.0,0.094094,0.3,low,0.028228,0.0,0.028228,0
2026-07-26T04:00:50.540325,01/12 12:15,2.8,0.0,,,,18.0,29.0,0.3764,0.094094,0.0,0.094094,0.0,0.0,0.0,0.0,0.094094,0.3,low,0.028228,0.0,0.028228,0
2026-07-26T04:01:09.564995,01/12 13:15,2.92,0.0,,,,18.0,29.0,0.3764,0.094094,0.0,0.094094,0.0,0.0,0.0,0.0,0.094094,0.3,low,0.028228,0.0,0.028228,0
2026-07-26T04:01:09.584995,01/12 14:15,3.02,0.0,,,,18.0,29.0,0.3764,0.094094,0.0,0.094094,0.0,0.0,0.0,0.0,0.094094,0.3,low,0.028228,0.0,0.028228,0
2026-07-26T04:01:09.607433,01/12 15:15,2.08,0.0,,,,18.0,29.0,0.3764,0.094094,0.0,0.094094,0.0,0.0,0.0,0.0,0.094094,0.3,low,0.028228,0.0,0.028228,0
2026-07-26T04:01:09.627426,01/12 16:15,1.42,0.0,,,,18.0,29.0,0.3764,0.094094,0.0,0.094094,0.0,0.0,0.0,0.0,0.094094,0.55,high,0.051752,0.0,0.051752,0
2026-07-26T04:01:09.647652,01/12 17:15,0.3,0.0,,,,18.0,29.0,0.3764,0.094094,0.0,0.094094,7.9e-05,0.071442,0.066178,0.0,0.165536,0.55,high,0.051752,0.012931,0.064683,0
2026-07-26T04:01:09.668821,01/12 18:15,-1.27,0.0,,,,18.0,29.0,0.3764,0.094094,0.0,0.094094,0.000406,0.371171,0.296614,0.0,0.465265,0.55,high,0.051752,0.067182,0.118934,0
2026-07-26T04:01:28.574990,01/12 19:15,-3.72,0.0,,,,18.0,29.0,0.3764,0.094094,0.0,0.094094,0.000828,0.721911,0.54278,0.0,0.816005,0.55,high,0.051752,0.130666,0.182418,0
2026-07-26T04:01:28.596992,01/12 20:15,-5.28,0.0,,,,18.0,29.0,0.3764,0.094094,0.0,0.094094,0.000938,0.769271,0.602225,0.0,0.863365,0.55,high,0.051752,0.139238,0.19099,0
2026-07-26T04:01:28.617990,01/12 21:15,-6.25,0.0,,,,18.0,29.0,0.3764,0.094094,0.0,0.094094,0.001108,0.873139,0.687899,0.0,0.967233,0.4,moderate,0.037638,0.158038,0.195676,0
2026-07-26T04:01:28.638995,01/12 22:15,-6.83,0.0,,,,18.0,29.0,0.3764,0.094094,0.0,0.094094,0.001428,1.065116,0.832918,0.0,1.15921,0.4,moderate,0.037638,0.192786,0.230424,0
2026-07-26T04:01:28.657993,01/12 23:15,-7.75,0.0,,,,18.0,29.0,0.3764,0.094094,0.0,0.094094,0.001543,1.107309,0.883148,0.0,1.201403,0.4,moderate,0.037638,0.200423,0.238061,0
2026-07-26T04:01:28.676988,01/13 00:15,-9.4,0.0,,,,18.0,29.0,0.3764,0.094094,0.0,0.094094,0.001758,1.220731,0.969905,0.0,1.314825,0.34,low,0.031992,0.220952,0.252944,0
2026-07-26T04:01:47.523094,01/13 01:15,-9.4,0.0,,,,18.0,29.0,0.3764,0.094094,0.0,0.094094,0.001873,1.273365,1.0205,0.0,1.367459,0.34,low,0.031992,0.230479,0.262471,0
2026-07-26T04:01:47.548093,01/13 02:15,-9.55,0.0,,,,18.0,29.0,0.3764,0.094094,0.0,0.094094,0.00182,1.244831,1.005719,0.0,1.338925,0.34,low,0.031992,0.225314,0.257306,0
2026-07-26T04:01:47.572091,01/13 03:15,-10.0,0.0,,,,18.0,29.0,0.3764,0.094094,0.0,0.094094,0.002283,1.469853,1.152934,0.0,1.563947,0.34,low,0.031992,0.266043,0.298035,0
2026-07-26T04:01:47.595091,01/13 04:15,-10.28,0.0,,,,18.0,29.0,0.3764,0.094094,0.0,0.094094,0.002584,1.557235,1.234324,0.0,1.651329,0.34,low,0.031992,0.28186,0.313851,0
2026-07-26T04:01:47.614091,01/13 05:15,-11.1,0.0,,,,18.0,29.0,0.3764,0.094094,0.0,0.094094,0.002525,1.500656,1.207144,0.0,1.59475,0.34,low,0.031992,0.271619,0.303611,0
2026-07-26T04:01:47.634091,01/13 06:15,-11.1,0.0,,,,18.0,29.0,0.3764,0.094094,0.0,0.094094,0.002489,1.471924,1.184973,0.0,1.566018,0.43,moderate,0.04046,0.266418,0.306879,0
2026-07-26T04:02:05.518231,01/13 07:15,-11.1,0.0,,,,18.0,29.0,0.3764,0.094094,0.0,0.094094,0.002403,1.422108,1.145027,0.0,1.516202,0.43,moderate,0.04046,0.257402,0.297862,0
2026-07-26T04:02:05.542234,01/13 08:15,-10.82,0.0,,,,18.0,29.0,0.3764,0.094094,0.0,0.094094,0.002177,1.271342,1.015892,0.0,1.365436,0.43,moderate,0.04046,0.230113,0.270573,0
2026-07-26T04:02:05.563338,01/13 09:23,-9.57,0.0,,,,18.0,29.0,0.3764,0.094094,0.0,0.094094,0.001514,0.908245,0.750908,0.0,1.002339,0.43,moderate,0.04046,0.164392,0.204853,0
2026-07-26T04:02:05.585338,01/13 10:23,-8.03,0.0,,,,18.0,29.0,0.3764,0.094094,0.0,0.094094,0.000667,0.423174,0.349699,0.0,0.517268,0.3,low,0.028228,0.076594,0.104823,0
2026-07-26T04:02:05.604339,01/13 11:15,-6.93,0.0,,,,18.0,29.0,0.3764,0.094094,0.0,0.094094,0.000298,0.198206,0.192077,0.0,0.2923,0.3,low,0.028228,0.035875,0.064103,0
2026-07-26T04:02:05.622339,01/13 12:15,-5.82,0.0,,,,18.0,29.0,0.3764,0.094094,0.0,0.094094,9e-05,0.065006,0.066438,0.0,0.1591,0.3,low,0.028228,0.011766,0.039994,0
2026-07-26T04:02:23.869997,01/13 13:15,-5.28,0.0,,,,18.0,29.0,0.3764,0.094094,0.0,0.094094,0.0,0.0,0.0,0.0,0.094094,0.3,low,0.028228,0.0,0.028228,0
2026-07-26T04:02:23.894997,01/13 14:15,-6.1,0.0,,,,18.0,29.0,0.3764,0.094094,0.0,0.094094,0.0,0.0,0.0,0.0,0.094094,0.3,low,0.028228,0.0,0.028228,0
2026-07-26T04:02:23.917997,01/13 15:15,-6.37,0.0,,,,18.0,29.0,0.3764,0.094094,0.0,0.094094,3.3e-05,0.024161,0.027283,0.0,0.118255,0.3,low,0.028228,0.004373,0.032601,0
2026-07-26T04:02:23.940997,01/13 16:23,-7.48,0.0,,,,18.0,29.0,0.3764,0.094094,0.0,0.094094,0.000238,0.18175,0.168948,0.0,0.275844,0.55,high,0.051752,0.032897,0.084648,0
2026-07-26T04:02:23.961008,01/13 17:15,-8.3,0.0,,,,18.0,29.0,0.3764,0.094094,0.0,0.094094,0.00047,0.379432,0.331759,0.0,0.473526,0.55,high,0.051752,0.068677,0.120429,0
2026-07-26T04:02:23.980996,01/13 18:15,-8.45,0.0,,,,18.0,29.0,0.3764,0.094094,0.0,0.094094,0.00079,0.656474,0.525916,0.0,0.750568,0.55,high,0.051752,0.118822,0.170573,0
2026-07-26T04:02:43.020402,01/13 19:15,-8.48,0.0,,,,18.0,29.0,0.3764,0.094094,0.0,0.094094,0.000737,0.614829,0.501174,0.0,0.708923,0.55,high,0.051752,0.111284,0.163036,0
2026-07-26T04:02:43.044402,01/13 20:15,-7.2,0.0,,,,18.0,29.0,0.3764,0.094094,0.0,0.094094,0.001042,0.848073,0.662116,0.0,0.942167,0.55,high,0.051752,0.153501,0.205253,0
2026-07-26T04:02:43.068401,01/13 21:15,-7.08,0.0,,,,18.0,29.0,0.3764,0.094094,0.0,0.094094,0.001117,0.879983,0.700239,0.0,0.974077,0.4,moderate,0.037638,0.159277,0.196915,0
2026-07-26T04:02:43.089405,01/13 22:15,-6.7,0.0,,,,18.0,29.0,0.3764,0.094094,0.0,0.094094,0.00113,0.881958,0.709288,0.0,0.976052,0.4,moderate,0.037638,0.159634,0.197272,0
2026-07-26T04:02:43.110879,01/13 23:15,-6.7,0.0,,,,18.0,29.0,0.3764,0.094094,0.0,0.094094,0.001153,0.89886,0.722945,0.0,0.992954,0.4,moderate,0.037638,0.162694,0.200331,0
2026-07-26T04:02:43.135902,01/14 00:15,-6.83,0.0,,,,18.0,29.0,0.3764,0.094094,0.0,0.094094,0.001168,0.908459,0.731372,0.0,1.002553,0.34,low,0.031992,0.164431,0.196423,0
2026-07-26T04:03:01.911098,01/14 01:15,-7.35,0.0,,,,18.0,29.0,0.3764,0.094094,0.0,0.094094,0.001721,1.23143,0.961955,0.0,1.325524,0.34,low,0.031992,0.222889,0.254881,0
2026-07-26T04:03:01.934101,01/14 02:15,-6.95,0.0,,,,18.0,29.0,0.3764,0.094094,0.0,0.094094,0.001727,1.195662,0.959559,0.0,1.289756,0.34,low,0.031992,0.216415,0.248407,0
2026-07-26T04:03:01.956104,01/14 03:15,-4.4,0.0,,,,18.0,29.0,0.3764,0.094094,0.0,0.094094,0.00136,0.97157,0.798967,0.0,1.065664,0.34,low,0.031992,0.175854,0.207846,0
2026-07-26T04:03:01.978142,01/14 04:15,-4.83,0.0,,,,18.0,29.0,0.3764,0.094094,0.0,0.094094,0.001331,0.965759,0.779178,0.0,1.059853,0.34,low,0.031992,0.174802,0.206794,0
2026-07-26T04:03:01.997097,01/14 05:15,-6.25,0.0,,,,18.0,29.0,0.3764,0.094094,0.0,0.094094,0.001156,0.857337,0.702442,0.0,0.951431,0.34,low,0.031992,0.155178,0.18717,0
2026-07-26T04:03:02.016096,01/14 06:15,-6.43,0.0,,,,18.0,29.0,0.3764,0.094094,0.0,0.094094,0.001358,1.008578,0.804508,0.0,1.102672,0.43,moderate,0.04046,0.182553,0.223013,0
2026-07-26T04:03:19.506794,01/14 07:15,-5.3,0.0,,,,18.0,29.0,0.3764,0.094094,0.0,0.094094,0.007982,2.955795,2.383007,0.0,3.049889,0.43,moderate,0.04046,0.534999,0.575459,0
2026-07-26T04:03:19.529787,01/14 08:15,-4.55,0.0,,,,18.0,29.0,0.3764,0.094094,0.0,0.094094,0.007552,2.845987,2.292492,0.0,2.940081,0.43,moderate,0.04046,0.515124,0.555584,0
2026-07-26T04:03:19.551785,01/14 09:15,-4.85,52.0,19.21,18.74,20.66,18.0,29.0,0.3764,0.094094,0.0,0.094094,0.00628,1.924985,1.551125,0.0,2.019079,0.43,moderate,0.04046,0.348422,0.388883,1
2026-07-26T04:03:19.571788,01/14 10:15,-4.4,52.0,20.27,19.65,22.03,18.0,29.0,0.3764,0.094094,0.0,0.094094,0.005885,1.847791,1.491537,0.0,1.941885,0.3,low,0.028228,0.33445,0.362678,1
2026-07-26T04:03:19.591786,01/14 11:15,-4.28,52.0,20.84,20.16,22.58,18.0,29.0,0.3764,0.094094,0.0,0.094094,0.005715,1.832717,1.478945,0.0,1.926811,0.3,low,0.028228,0.331722,0.35995,0
2026-07-26T04:03:19.611804,01/14 12:15,-3.9,41.6,20.95,20.29,22.61,18.0,29.0,0.3764,0.094094,0.0,0.094094,0.005415,1.771633,1.429408,0.0,1.865727,0.3,low,0.028228,0.320666,0.348894,0
2026-07-26T04:03:40.006916,01/14 13:23,-3.75,20.8,20.94,20.17,22.38,20.0,27.0,0.3764,0.094094,0.0,0.094094,0.005324,1.76259,1.421913,0.0,1.856684,0.3,low,0.028228,0.319029,0.347257,0
2026-07-26T04:03:40.034918,01/14 14:23,-3.17,41.6,21.88,20.55,23.84,20.0,27.0,0.3764,0.094094,0.0,0.094094,0.004985,1.687395,1.36202,0.0,1.781489,0.3,low,0.028228,0.305418,0.333647,0
2026-07-26T04:03:40.056918,01/14 15:15,-3.07,52.0,22.34,20.99,25.02,20.0,27.0,0.3764,0.094094,0.0,0.094094,0.004698,1.623546,1.31039,0.0,1.71764,0.3,low,0.028228,0.293862,0.32209,0
2026-07-26T04:03:40.078917,01/14 16:15,-4.32,52.0,22.18,20.8,24.52,20.0,27.0,0.3764,0.094094,0.0,0.094094,0.004936,1.723299,1.387627,0.0,1.817393,0.55,high,0.051752,0.311917,0.363669,0
2026-07-26T04:03:40.101924,01/14 17:23,-5.87,52.0,21.44,20.36,23.3,20.0,27.0,0.3764,0.094094,0.0,0.094094,0.005536,1.895276,1.519702,0.0,1.98937,0.55,high,0.051752,0.343045,0.394797,0
2026-07-26T04:03:40.124913,01/14 18:15,-6.83,52.0,20.99,20.11,23.16,20.0,27.0,0.3764,0.094094,0.0,0.094094,0.006054,2.006906,1.609893,0.0,2.101,0.55,high,0.051752,0.36325,0.415002,0
2026-07-26T04:04:00.358997,01/14 19:15,-7.2,26.0,20.36,20.0,21.79,20.0,26.0,0.3764,0.094094,0.0,0.094094,0.007118,2.6263,2.12918,0.0,2.720394,0.55,high,0.051752,0.47536,0.527112,0
2026-07-26T04:04:00.384397,01/14 20:15,-7.75,0.0,,,,20.0,26.0,0.3764,0.094094,0.0,0.094094,0.008865,3.507798,2.822749,0.0,3.601892,0.55,high,0.051752,0.634911,0.686663,0
2026-07-26T04:04:00.407400,01/14 21:15,-9.4,0.0,,,,20.0,26.0,0.3764,0.094094,0.0,0.094094,0.002977,1.640302,1.31978,0.0,1.734396,0.4,moderate,0.037638,0.296895,0.334532,0
2026-07-26T04:04:00.428393,01/14 22:15,-9.98,0.0,,,,20.0,26.0,0.3764,0.094094,0.0,0.094094,0.003633,1.925922,1.543818,0.0,2.020016,0.4,moderate,0.037638,0.348592,0.386229,0
2026-07-26T04:04:00.447394,01/14 23:15,-12.37,0.0,,,,20.0,26.0,0.3764,0.094094,0.0,0.094094,0.004626,2.285492,1.817068,0.0,2.379586,0.4,moderate,0.037638,0.413674,0.451312,0
2026-07-26T04:04:00.468394,01/15 00:15,-14.4,0.0,,,,20.0,26.0,0.3764,0.094094,0.0,0.094094,0.005494,2.518087,2.010165,0.0,2.612181,0.34,low,0.031992,0.455774,0.487766,0
2026-07-26T04:04:19.071907,01/15 01:15,-14.4,0.0,,,,18.0,28.0,0.3764,0.094094,0.0,0.094094,0.001132,0.743875,0.698029,0.0,0.837969,0.34,low,0.031992,0.134641,0.166633,0
2026-07-26T04:04:19.097909,01/15 02:15,-14.4,0.0,,,,18.0,28.0,0.3764,0.094094,0.0,0.094094,0.001783,1.238077,0.978019,0.0,1.332171,0.34,low,0.031992,0.224092,0.256084,0
2026-07-26T04:04:19.121910,01/15 03:15,-14.28,0.0,,,,18.0,28.0,0.3764,0.094094,0.0,0.094094,0.002196,1.436732,1.139702,0.0,1.530826,0.34,low,0.031992,0.260048,0.29204,0
2026-07-26T04:04:19.143910,01/15 04:15,-13.62,0.0,,,,18.0,28.0,0.3764,0.094094,0.0,0.094094,0.001997,1.309454,1.054166,0.0,1.403548,0.34,low,0.031992,0.237011,0.269003,0
2026-07-26T04:04:19.163908,01/15 05:15,-12.65,0.0,,,,18.0,28.0,0.3764,0.094094,0.0,0.094094,0.002482,1.512469,1.188358,0.0,1.606563,0.34,low,0.031992,0.273757,0.305749,0
2026-07-26T04:04:19.186910,01/15 06:15,-11.65,0.0,,,,18.0,28.0,0.3764,0.094094,0.0,0.094094,0.002591,1.500328,1.19841,0.0,1.594422,0.43,moderate,0.04046,0.271559,0.31202,0
2026-07-26T04:04:37.464013,01/15 07:15,-9.57,0.0,,,,18.0,29.0,0.3764,0.094094,0.0,0.094094,0.011447,3.775548,3.053037,0.0,3.869642,0.43,moderate,0.04046,0.683374,0.723835,0
2026-07-26T04:04:37.491013,01/15 08:15,-7.75,0.0,,,,18.0,29.0,0.3764,0.094094,0.0,0.094094,0.009765,3.3625,2.710422,0.0,3.456594,0.43,moderate,0.04046,0.608613,0.649073,0
2026-07-26T04:04:37.518010,01/15 09:23,-5.67,52.0,19.29,18.51,20.54,18.0,29.0,0.3764,0.094094,0.0,0.094094,0.006875,2.035526,1.647867,0.0,2.12962,0.43,moderate,0.04046,0.36843,0.408891,1
2026-07-26T04:04:37.545020,01/15 10:23,-4.0,52.0,20.87,19.53,22.66,18.0,29.0,0.3764,0.094094,0.0,0.094094,0.005965,1.85123,1.497288,0.0,1.945324,0.3,low,0.028228,0.335073,0.363301,1
2026-07-26T04:04:37.568019,01/15 11:23,-2.37,52.0,21.84,20.12,24.02,18.0,29.0,0.3764,0.094094,0.0,0.094094,0.005199,1.672959,1.352416,0.0,1.767053,0.3,low,0.028228,0.302806,0.331034,0
2026-07-26T04:04:37.593015,01/15 12:23,-0.68,41.6,22.46,20.59,24.23,18.0,29.0,0.3764,0.094094,0.0,0.094094,0.004524,1.488133,1.200624,0.0,1.582227,0.3,low,0.028228,0.269352,0.29758,0
2026-07-26T04:04:57.081365,01/15 13:15,0.88,20.8,22.24,20.47,23.96,20.0,27.0,0.3764,0.094094,0.0,0.094094,0.004004,1.31226,1.054336,0.0,1.406354,0.3,low,0.028228,0.237519,0.265747,0
2026-07-26T04:04:57.104363,01/15 14:15,1.97,41.6,22.78,21.1,25.09,20.0,27.0,0.3764,0.094094,0.0,0.094094,0.003631,1.185944,0.952857,0.0,1.280038,0.3,low,0.028228,0.214656,0.242884,0
2026-07-26T04:04:57.124497,01/15 15:15,2.8,52.0,22.95,21.59,24.92,20.0,27.0,0.3764,0.094094,0.0,0.094094,0.00378,0.740976,0.854903,0.0,0.83507,0.3,low,0.028228,0.134117,0.162345,0
2026-07-26T04:04:57.145496,01/15 16:15,2.25,52.0,22.82,21.78,24.5,20.0,27.0,0.3764,0.094094,0.0,0.094094,0.005258,0.803776,0.841702,0.0,0.89787,0.55,high,0.051752,0.145483,0.197235,0
2026-07-26T04:04:57.164496,01/15 17:23,0.45,52.0,22.13,21.23,23.83,20.0,27.0,0.3764,0.094094,0.0,0.094094,0.00383,1.435226,1.019871,0.0,1.52932,0.55,high,0.051752,0.259776,0.311528,0
2026-07-26T04:04:57.183886,01/15 18:15,-0.7,52.0,21.83,20.95,23.81,20.0,27.0,0.3764,0.094094,0.0,0.094094,0.003785,1.32906,1.069851,0.0,1.423154,0.55,high,0.051752,0.24056,0.292312,0
2026-07-26T04:05:15.324111,01/15 19:15,-2.65,26.0,20.57,20.0,22.46,20.0,26.0,0.3764,0.094094,0.0,0.094094,0.004646,1.661808,1.346916,0.0,1.755902,0.55,high,0.051752,0.300787,0.352539,0
2026-07-26T04:05:15.348107,01/15 20:15,-2.2,0.0,,,,20.0,26.0,0.3764,0.094094,0.0,0.094094,0.005832,2.497791,2.021716,0.0,2.591885,0.55,high,0.051752,0.4521,0.503852,0
2026-07-26T04:05:15.367107,01/15 21:15,-2.9,0.0,,,,20.0,26.0,0.3764,0.094094,0.0,0.094094,0.001398,0.909553,0.77532,0.0,1.003647,0.4,moderate,0.037638,0.164629,0.202267,0
2026-07-26T04:05:15.386107,01/15 22:15,-4.58,0.0,,,,20.0,26.0,0.3764,0.094094,0.0,0.094094,0.002188,1.373369,1.077147,0.0,1.467463,0.4,moderate,0.037638,0.24858,0.286217,0
2026-07-26T04:05:15.403106,01/15 23:15,-3.72,0.0,,,,20.0,26.0,0.3764,0.094094,0.0,0.094094,0.00262,1.582483,1.267681,0.0,1.676577,0.4,moderate,0.037638,0.286429,0.324067,0
2026-07-26T04:05:15.425265,01/16 00:15,-5.15,0.0,,,,20.0,26.0,0.3764,0.094094,0.0,0.094094,0.003112,1.797762,1.431688,0.0,1.891856,0.34,low,0.031992,0.325395,0.357387,0
2026-07-26T04:05:32.577166,01/16 01:15,-5.87,0.0,,,,18.0,28.0,0.3764,0.094094,0.0,0.094094,0.000213,0.126575,0.16014,0.0,0.220669,0.34,low,0.031992,0.02291,0.054902,0
2026-07-26T04:05:32.600162,01/16 02:15,-6.83,0.0,,,,18.0,28.0,0.3764,0.094094,0.0,0.094094,0.000714,0.528818,0.481313,0.0,0.622912,0.34,low,0.031992,0.095716,0.127708,0
2026-07-26T04:05:32.622583,01/16 03:15,-6.8,0.0,,,,18.0,28.0,0.3764,0.094094,0.0,0.094094,0.000942,0.746138,0.605575,0.0,0.840232,0.34,low,0.031992,0.135051,0.167043,0
2026-07-26T04:05:32.643579,01/16 04:15,-5.45,0.0,,,,18.0,28.0,0.3764,0.094094,0.0,0.094094,0.001044,0.823693,0.659386,0.0,0.917787,0.34,low,0.031992,0.149088,0.18108,0
2026-07-26T04:05:32.662578,01/16 05:15,-5.0,0.0,,,,18.0,28.0,0.3764,0.094094,0.0,0.094094,0.001092,0.853948,0.685052,0.0,0.948042,0.34,low,0.031992,0.154565,0.186557,0
2026-07-26T04:05:32.682579,01/16 06:15,-4.85,0.0,,,,18.0,28.0,0.3764,0.094094,0.0,0.094094,0.001135,0.880677,0.706211,0.0,0.974771,0.43,moderate,0.04046,0.159403,0.199863,0
2026-07-26T04:05:50.641395,01/16 07:15,-4.28,0.0,,,,18.0,29.0,0.3764,0.094094,0.0,0.094094,0.007314,2.755323,2.217831,0.0,2.849417,0.43,moderate,0.04046,0.498713,0.539174,0
2026-07-26T04:05:50.664394,01/16 08:15,-3.2,0.0,,,,18.0,29.0,0.3764,0.094094,0.0,0.094094,0.006876,2.528086,2.024955,0.0,2.62218,0.43,moderate,0.04046,0.457584,0.498044,0
2026-07-26T04:05:50.690393,01/16 09:23,-0.55,52.0,19.7,19.0,20.93,18.0,29.0,0.3764,0.094094,0.0,0.094094,0.005054,1.544231,1.241286,0.0,1.638325,0.43,moderate,0.04046,0.279506,0.319966,1
2026-07-26T04:05:50.712393,01/16 10:15,1.52,52.0,21.17,20.19,22.47,18.0,29.0,0.3764,0.094094,0.0,0.094094,0.004389,1.317236,1.054156,0.0,1.41133,0.3,low,0.028228,0.23842,0.266648,0
2026-07-26T04:05:50.734403,01/16 11:15,3.2,52.0,21.86,20.95,23.2,18.0,29.0,0.3764,0.094094,0.0,0.094094,0.0039,1.131846,0.905115,0.0,1.22594,0.3,low,0.028228,0.204864,0.233092,0
2026-07-26T04:05:50.754406,01/16 12:23,5.1,41.6,22.3,21.15,23.37,18.0,29.0,0.3764,0.094094,0.0,0.094094,0.004988,0.03535,0.642354,0.0,0.129444,0.3,low,0.028228,0.006398,0.034627,0
2026-07-26T04:06:11.055359,01/16 13:23,7.75,20.8,22.63,21.27,23.99,20.0,27.0,0.3764,0.094094,0.0,0.094094,0.001673,0.665105,0.529579,0.0,0.759199,0.3,low,0.028228,0.120384,0.148612,0
2026-07-26T04:06:11.082358,01/16 14:15,9.55,41.6,23.4,21.96,25.46,20.0,27.0,0.3764,0.094094,0.0,0.094094,0.000815,0.373671,0.340433,0.0,0.467765,0.3,low,0.028228,0.067634,0.095863,0
2026-07-26T04:06:11.104360,01/16 15:15,10.0,52.0,23.55,22.38,25.15,20.0,27.0,0.3764,0.094094,0.0,0.094094,0.000612,0.316645,0.278455,0.0,0.410739,0.3,low,0.028228,0.057313,0.085541,0
2026-07-26T04:06:11.126360,01/16 16:15,9.57,52.0,23.41,22.45,24.61,20.0,27.0,0.3764,0.094094,0.0,0.094094,0.000586,0.321632,0.269764,0.0,0.415726,0.55,high,0.051752,0.058215,0.109967,0
2026-07-26T04:06:11.146367,01/16 17:15,8.3,52.0,22.71,21.85,24.12,20.0,27.0,0.3764,0.094094,0.0,0.094094,0.001037,0.541963,0.400934,0.0,0.636057,0.55,high,0.051752,0.098095,0.149847,0
2026-07-26T04:06:11.166356,01/16 18:15,8.3,52.0,22.3,21.49,23.86,20.0,27.0,0.3764,0.094094,0.0,0.094094,0.001046,0.510085,0.402912,0.0,0.604179,0.55,high,0.051752,0.092325,0.144077,0
2026-07-26T04:06:29.948200,01/16 19:15,8.45,26.0,21.08,20.44,22.55,20.0,26.0,0.3764,0.094094,0.0,0.094094,0.001093,0.520351,0.414421,0.0,0.614445,0.55,high,0.051752,0.094184,0.145935,0
2026-07-26T04:06:29.972193,01/16 20:15,8.75,0.0,,,,20.0,26.0,0.3764,0.094094,0.0,0.094094,0.001545,0.872357,0.600448,0.0,0.966451,0.55,high,0.051752,0.157897,0.209648,0
2026-07-26T04:06:29.992201,01/16 21:15,8.3,0.0,,,,20.0,26.0,0.3764,0.094094,0.0,0.094094,0.000342,0.223007,0.222513,0.0,0.317101,0.4,moderate,0.037638,0.040364,0.078002,0
2026-07-26T04:06:30.013189,01/16 22:15,8.18,0.0,,,,20.0,26.0,0.3764,0.094094,0.0,0.094094,0.000714,0.533803,0.437714,0.0,0.627897,0.4,moderate,0.037638,0.096618,0.134256,0
2026-07-26T04:06:30.033188,01/16 23:15,7.65,0.0,,,,20.0,26.0,0.3764,0.094094,0.0,0.094094,0.000957,0.732136,0.583088,0.0,0.82623,0.4,moderate,0.037638,0.132517,0.170154,0
2026-07-26T04:06:30.054377,01/17 00:15,7.08,0.0,,,,20.0,26.0,0.3764,0.094094,0.0,0.094094,0.001235,0.92697,0.734724,0.0,1.021064,0.34,low,0.031992,0.167782,0.199774,0
2026-07-26T04:06:49.178290,01/17 01:15,6.55,0.0,,,,18.0,28.0,0.3764,0.094094,0.0,0.094094,0.0,0.0,0.0,0.0,0.094094,0.34,low,0.031992,0.0,0.031992,0
2026-07-26T04:06:49.200283,01/17 02:15,5.97,0.0,,,,18.0,28.0,0.3764,0.094094,0.0,0.094094,0.0,0.0,0.0,0.0,0.094094,0.34,low,0.031992,0.0,0.031992,0
2026-07-26T04:06:49.220284,01/17 03:15,5.3,0.0,,,,18.0,28.0,0.3764,0.094094,0.0,0.094094,0.0,0.0,0.0,0.0,0.094094,0.34,low,0.031992,0.0,0.031992,0
2026-07-26T04:06:49.240289,01/17 04:15,4.12,0.0,,,,18.0,28.0,0.3764,0.094094,0.0,0.094094,0.0,0.0,0.0,0.0,0.094094,0.34,low,0.031992,0.0,0.031992,0
2026-07-26T04:06:49.261283,01/17 05:15,3.17,0.0,,,,18.0,28.0,0.3764,0.094094,0.0,0.094094,5e-06,0.004063,0.00376,0.0,0.098157,0.34,low,0.031992,0.000735,0.032727,0
2026-07-26T04:06:49.282283,01/17 06:15,2.8,0.0,,,,18.0,28.0,0.3764,0.094094,0.0,0.094094,0.000111,0.085841,0.086703,0.0,0.179935,0.43,moderate,0.04046,0.015537,0.055998,0
2026-07-26T04:07:06.370031,01/17 07:15,2.8,0.0,,,,18.0,29.0,0.3764,0.094094,0.0,0.094094,0.004626,1.616946,1.227391,0.0,1.71104,0.43,moderate,0.04046,0.292667,0.333128,0
2026-07-26T04:07:06.394032,01/17 08:23,2.92,0.0,,,,18.0,29.0,0.3764,0.094094,0.0,0.094094,0.004454,1.394932,1.111511,0.0,1.489026,0.43,moderate,0.04046,0.252483,0.292943,0
2026-07-26T04:07:06.420030,01/17 09:20,4.0,52.0,20.5,19.36,22.38,18.0,29.0,0.3764,0.094094,0.0,0.094094,0.003926,1.084473,0.873677,0.0,1.178567,0.43,moderate,0.04046,0.19629,0.23675,1
2026-07-26T04:07:06.445030,01/17 10:23,6.65,52.0,22.38,20.68,24.99,18.0,29.0,0.3764,0.094094,0.0,0.094094,0.002431,0.800484,0.636336,0.0,0.894578,0.3,low,0.028228,0.144888,0.173116,0
2026-07-26T04:07:06.467036,01/17 11:23,8.73,52.0,23.51,21.55,26.07,18.0,29.0,0.3764,0.094094,0.0,0.094094,0.001218,0.494382,0.442557,0.0,0.588476,0.3,low,0.028228,0.089483,0.117711,1
2026-07-26T04:07:06.489030,01/17 12:23,10.43,41.6,23.96,21.94,25.95,18.0,29.0,0.3764,0.094094,0.0,0.094094,0.000645,0.312692,0.289031,0.0,0.406786,0.3,low,0.028228,0.056597,0.084825,0
2026-07-26T04:07:25.406747,01/17 13:15,11.55,20.8,23.73,21.89,25.56,20.0,27.0,0.3764,0.094094,0.105654,0.094094,0.011097,0.161405,0.157913,0.015645,0.255499,0.3,low,0.028228,0.029214,0.057443,0
2026-07-26T04:07:25.427960,01/17 14:15,10.97,41.6,24.09,22.47,26.09,20.0,27.0,0.3764,0.094094,0.0,0.094094,0.000336,0.199369,0.17629,0.0,0.293463,0.3,low,0.028228,0.036086,0.064314,1
2026-07-26T04:07:25.449063,01/17 15:15,10.45,52.0,23.89,22.65,24.98,20.0,27.0,0.3764,0.094094,0.0,0.094094,0.000411,0.251638,0.206597,0.0,0.345732,0.3,low,0.028228,0.045546,0.073775,0
2026-07-26T04:07:25.467078,01/17 16:15,9.57,52.0,23.5,22.49,24.68,20.0,27.0,0.3764,0.094094,0.0,0.094094,0.000532,0.322978,0.251499,0.0,0.417072,0.55,high,0.051752,0.058459,0.110211,0
2026-07-26T04:07:25.486028,01/17 17:15,8.03,52.0,22.84,21.93,24.32,20.0,27.0,0.3764,0.094094,0.0,0.094094,0.000985,0.540398,0.387729,0.0,0.634492,0.55,high,0.051752,0.097812,0.149564,0
2026-07-26T04:07:25.504020,01/17 18:15,7.08,52.0,22.49,21.61,24.16,20.0,27.0,0.3764,0.094094,0.0,0.094094,0.001385,0.643699,0.479411,0.0,0.737793,0.55,high,0.051752,0.11651,0.168261,0
2026-07-26T04:07:44.962376,01/17 19:15,6.7,26.0,21.17,20.47,22.77,20.0,26.0,0.3764,0.094094,0.0,0.094094,0.001668,0.686712,0.532914,0.0,0.780806,0.55,high,0.051752,0.124295,0.176047,0
2026-07-26T04:07:44.986468,01/17 20:15,6.55,0.0,,,,20.0,26.0,0.3764,0.094094,0.0,0.094094,0.003102,1.211389,0.795131,0.0,1.305483,0.55,high,0.051752,0.219261,0.271013,0
2026-07-26T04:07:45.009728,01/17 21:15,6.1,0.0,,,,20.0,26.0,0.3764,0.094094,0.0,0.094094,0.000447,0.279943,0.267821,0.0,0.374037,0.4,moderate,0.037638,0.05067,0.088307,0
2026-07-26T04:07:45.030360,01/17 22:15,6.25,0.0,,,,20.0,26.0,0.3764,0.094094,0.0,0.094094,0.00083,0.611283,0.489726,0.0,0.705377,0.4,moderate,0.037638,0.110642,0.14828,0
2026-07-26T04:07:45.052055,01/17 23:15,6.55,0.0,,,,20.0,26.0,0.3764,0.094094,0.0,0.094094,0.000953,0.717007,0.568914,0.0,0.811101,0.4,moderate,0.037638,0.129778,0.167416,0
2026-07-26T04:07:45.072648,01/18 00:15,6.25,0.0,,,,20.0,26.0,0.3764,0.094094,0.0,0.094094,0.001237,0.922097,0.73136,0.0,1.016191,0.34,low,0.031992,0.1669,0.198892,0
2026-07-26T04:08:04.068072,01/18 01:15,6.7,0.0,,,,18.0,28.0,0.3764,0.094094,0.0,0.094094,0.0,0.0,0.0,0.0,0.094094,0.34,low,0.031992,0.0,0.031992,0
2026-07-26T04:08:04.095877,01/18 02:15,6.7,0.0,,,,18.0,28.0,0.3764,0.094094,0.0,0.094094,0.0,0.0,0.0,0.0,0.094094,0.34,low,0.031992,0.0,0.031992,0
2026-07-26T04:08:04.118143,01/18 03:15,6.7,0.0,,,,18.0,28.0,0.3764,0.094094,0.0,0.094094,0.0,0.0,0.0,0.0,0.094094,0.34,low,0.031992,0.0,0.031992,0
2026-07-26T04:08:04.141438,01/18 04:15,6.83,0.0,,,,18.0,28.0,0.3764,0.094094,0.0,0.094094,0.0,0.0,0.0,0.0,0.094094,0.34,low,0.031992,0.0,0.031992,0
2026-07-26T04:08:04.165946,01/18 05:15,7.2,0.0,,,,18.0,28.0,0.3764,0.094094,0.0,0.094094,0.0,0.0,0.0,0.0,0.094094,0.34,low,0.031992,0.0,0.031992,0
2026-07-26T04:08:04.189642,01/18 06:15,7.2,0.0,,,,18.0,28.0,0.3764,0.094094,0.0,0.094094,0.0,0.0,0.0,0.0,0.094094,0.43,moderate,0.04046,0.0,0.04046,0
2026-07-26T04:08:23.656262,01/18 07:15,7.08,0.0,,,,18.0,29.0,0.3764,0.094094,0.0,0.094094,0.004964,0.623151,0.616545,0.0,0.717245,0.43,moderate,0.04046,0.11279,0.153251,0
2026-07-26T04:08:23.682101,01/18 08:15,6.7,0.0,,,,18.0,29.0,0.3764,0.094094,0.0,0.094094,0.003892,1.159199,0.678786,0.0,1.253293,0.43,moderate,0.04046,0.209815,0.250275,0
2026-07-26T04:08:23.711564,01/18 09:23,6.55,52.0,20.09,19.56,21.29,18.0,29.0,0.3764,0.094094,0.0,0.094094,0.002311,0.963154,0.603408,0.0,1.057248,0.43,moderate,0.04046,0.174331,0.214791,1
2026-07-26T04:08:23.747960,01/18 10:23,5.97,52.0,21.75,20.88,22.84,18.0,29.0,0.3764,0.094094,0.0,0.094094,0.002343,0.810478,0.634417,0.0,0.904572,0.3,low,0.028228,0.146697,0.174925,0
2026-07-26T04:08:23.771558,01/18 11:15,5.45,52.0,22.57,21.48,23.44,18.0,29.0,0.3764,0.094094,0.0,0.094094,0.002527,0.827765,0.658363,0.0,0.921859,0.3,low,0.028228,0.149825,0.178054,0
2026-07-26T04:08:23.792915,01/18 12:15,4.85,41.6,22.74,21.61,23.6,18.0,29.0,0.3764,0.094094,0.0,0.094094,0.002826,0.872928,0.692425,0.0,0.967022,0.3,low,0.028228,0.158,0.186228,0
2026-07-26T04:08:45.551049,01/18 13:15,4.12,20.8,22.11,21.21,23.24,20.0,27.0,0.3764,0.094094,0.0,0.094094,0.003163,0.030591,0.733452,0.0,0.124685,0.3,low,0.028228,0.005537,0.033765,0
2026-07-26T04:08:45.578046,01/18 14:15,3.17,41.6,22.12,21.2,23.58,20.0,27.0,0.3764,0.094094,0.0,0.094094,0.00519,0.590533,0.699119,0.0,0.684627,0.3,low,0.028228,0.106886,0.135115,0
2026-07-26T04:08:45.601576,01/18 15:15,2.65,52.0,22.14,21.23,23.81,20.0,27.0,0.3764,0.094094,0.0,0.094094,0.0053,0.933061,0.744277,0.0,1.027155,0.3,low,0.028228,0.168884,0.197112,0
2026-07-26T04:08:45.622636,01/18 16:15,2.08,52.0,21.89,21.04,23.72,20.0,27.0,0.3764,0.094094,0.0,0.094094,0.005394,1.234667,0.861512,0.0,1.328761,0.55,high,0.051752,0.223475,0.275226,0
2026-07-26T04:08:45.644378,01/18 17:15,1.7,52.0,21.44,20.66,23.35,20.0,27.0,0.3764,0.094094,0.0,0.094094,0.004429,1.430878,0.940866,0.0,1.524972,0.55,high,0.051752,0.258989,0.310741,0
2026-07-26T04:08:45.665356,01/18 18:15,1.7,52.0,21.29,20.51,23.27,20.0,27.0,0.3764,0.094094,0.0,0.094094,0.003559,1.192383,0.945242,0.0,1.286477,0.55,high,0.051752,0.215821,0.267573,0
2026-07-26T04:09:05.510490,01/18 19:15,1.7,26.0,20.42,20.0,22.07,20.0,26.0,0.3764,0.094094,0.0,0.094094,0.003758,1.271405,1.033096,0.0,1.365499,0.55,high,0.051752,0.230124,0.281876,0
2026-07-26T04:09:05.534822,01/18 20:15,1.7,0.0,,,,20.0,26.0,0.3764,0.094094,0.0,0.094094,0.004885,2.038904,1.648877,0.0,2.132998,0.55,high,0.051752,0.369042,0.420793,0
2026-07-26T04:09:05.558735,01/18 21:15,1.7,0.0,,,,20.0,26.0,0.3764,0.094094,0.0,0.094094,0.001132,0.744668,0.662504,0.0,0.838762,0.4,moderate,0.037638,0.134785,0.172423,0
2026-07-26T04:09:05.582296,01/18 22:15,1.7,0.0,,,,20.0,26.0,0.3764,0.094094,0.0,0.094094,0.001617,1.109117,0.892834,0.0,1.203211,0.4,moderate,0.037638,0.20075,0.238388,0
2026-07-26T04:09:05.606485,01/18 23:15,1.7,0.0,,,,20.0,26.0,0.3764,0.094094,0.0,0.094094,0.001949,1.309271,1.044575,0.0,1.403365,0.4,moderate,0.037638,0.236978,0.274616,0
2026-07-26T04:09:05.629483,01/19 00:15,1.82,0.0,,,,20.0,26.0,0.3764,0.094094,0.0,0.094094,0.002465,1.573307,1.247102,0.0,1.667401,0.34,low,0.031992,0.284769,0.316761,0
2026-07-26T04:09:25.749355,01/19 01:15,2.2,0.0,,,,18.0,28.0,0.3764,0.094094,0.0,0.094094,0.0,0.0,0.0,0.0,0.094094,0.34,low,0.031992,0.0,0.031992,0
2026-07-26T04:09:25.774591,01/19 02:15,2.2,0.0,,,,18.0,28.0,0.3764,0.094094,0.0,0.094094,0.0,0.0,0.0,0.0,0.094094,0.34,low,0.031992,0.0,0.031992,0
2026-07-26T04:09:25.799205,01/19 03:15,2.08,0.0,,,,18.0,28.0,0.3764,0.094094,0.0,0.094094,0.0,0.0,0.0,0.0,0.094094,0.34,low,0.031992,0.0,0.031992,0
2026-07-26T04:09:25.819721,01/19 04:15,1.55,0.0,,,,18.0,28.0,0.3764,0.094094,0.0,0.094094,7.3e-05,0.047504,0.05737,0.0,0.141598,0.34,low,0.031992,0.008598,0.04059,0
2026-07-26T04:09:25.842672,01/19 05:15,1.25,0.0,,,,18.0,28.0,0.3764,0.094094,0.0,0.094094,0.000143,0.100633,0.112917,0.0,0.194727,0.34,low,0.031992,0.018215,0.050207,0
2026-07-26T04:09:25.864267,01/19 06:15,1.55,0.0,,,,18.0,28.0,0.3764,0.094094,0.0,0.094094,0.000208,0.159904,0.160666,0.0,0.253998,0.43,moderate,0.04046,0.028943,0.069403,0
2026-07-26T04:09:45.488336,01/19 07:15,1.1,0.0,,,,18.0,29.0,0.3764,0.094094,0.0,0.094094,0.000245,0.201638,0.186335,0.0,0.295732,0.43,moderate,0.04046,0.036496,0.076957,0
2026-07-26T04:09:45.513914,01/19 08:15,1.1,0.0,,,,18.0,29.0,0.3764,0.094094,0.0,0.094094,0.000169,0.145015,0.128832,0.0,0.239109,0.43,moderate,0.04046,0.026248,0.066708,0
2026-07-26T04:09:45.535937,01/19 09:15,1.1,0.0,,,,18.0,29.0,0.3764,0.094094,0.0,0.094094,8.5e-05,0.074616,0.064807,0.0,0.16871,0.43,moderate,0.04046,0.013505,0.053966,0
2026-07-26T04:09:45.559440,01/19 10:15,0.98,0.0,,,,18.0,29.0,0.3764,0.094094,0.0,0.094094,0.0,0.0,0.0,0.0,0.094094,0.3,low,0.028228,0.0,0.028228,0
2026-07-26T04:09:45.582441,01/19 11:15,0.6,0.0,,,,18.0,29.0,0.3764,0.094094,0.0,0.094094,0.0,0.0,0.0,0.0,0.094094,0.3,low,0.028228,0.0,0.028228,0
2026-07-26T04:09:45.603789,01/19 12:15,0.6,0.0,,,,18.0,29.0,0.3764,0.094094,0.0,0.094094,0.0,0.0,0.0,0.0,0.094094,0.3,low,0.028228,0.0,0.028228,0
2026-07-26T04:10:05.342809,01/19 13:15,0.45,0.0,,,,18.0,29.0,0.3764,0.094094,0.0,0.094094,0.0,0.0,0.0,0.0,0.094094,0.3,low,0.028228,0.0,0.028228,0
2026-07-26T04:10:05.365504,01/19 14:15,-0.15,0.0,,,,18.0,29.0,0.3764,0.094094,0.0,0.094094,0.0,0.0,0.0,0.0,0.094094,0.3,low,0.028228,0.0,0.028228,0
2026-07-26T04:10:05.385967,01/19 15:15,-0.6,0.0,,,,18.0,29.0,0.3764,0.094094,0.0,0.094094,0.0,0.0,0.0,0.0,0.094094,0.3,low,0.028228,0.0,0.028228,0
2026-07-26T04:10:05.408488,01/19 16:15,-0.72,0.0,,,,18.0,29.0,0.3764,0.094094,0.0,0.094094,0.0,0.0,0.0,0.0,0.094094,0.55,high,0.051752,0.0,0.051752,0
2026-07-26T04:10:05.430760,01/19 17:15,-1.1,0.0,,,,18.0,29.0,0.3764,0.094094,0.0,0.094094,9.6e-05,0.085317,0.079425,0.0,0.179411,0.55,high,0.051752,0.015442,0.067194,0
2026-07-26T04:10:05.450545,01/19 18:15,-1.1,0.0,,,,18.0,29.0,0.3764,0.094094,0.0,0.094094,0.000276,0.251348,0.212914,0.0,0.345442,0.55,high,0.051752,0.045494,0.097246,0
2026-07-26T04:10:25.007593,01/19 19:15,-1.1,0.0,,,,18.0,29.0,0.3764,0.094094,0.0,0.094094,0.000338,0.311806,0.253849,0.0,0.4059,0.55,high,0.051752,0.056437,0.108189,0
2026-07-26T04:10:25.036840,01/19 20:15,-1.25,0.0,,,,18.0,29.0,0.3764,0.094094,0.0,0.094094,0.000463,0.424472,0.333791,0.0,0.518566,0.55,high,0.051752,0.076829,0.128581,0
2026-07-26T04:10:25.063515,01/19 21:15,-1.7,0.0,,,,18.0,29.0,0.3764,0.094094,0.0,0.094094,0.00046,0.416994,0.332431,0.0,0.511088,0.4,moderate,0.037638,0.075476,0.113114,0
2026-07-26T04:10:25.089638,01/19 22:15,-1.7,0.0,,,,18.0,29.0,0.3764,0.094094,0.0,0.094094,0.000526,0.472352,0.373847,0.0,0.566446,0.4,moderate,0.037638,0.085496,0.123133,0
2026-07-26T04:10:25.114137,01/19 23:15,-1.82,0.0,,,,18.0,29.0,0.3764,0.094094,0.0,0.094094,0.000557,0.493724,0.392674,0.0,0.587818,0.4,moderate,0.037638,0.089364,0.127002,0
2026-07-26T04:10:25.137912,01/20 00:15,-2.48,0.0,,,,18.0,29.0,0.3764,0.094094,0.0,0.094094,0.00055,0.483952,0.388427,0.0,0.578046,0.34,low,0.031992,0.087595,0.119587,0
2026-07-26T04:10:45.619299,01/20 01:15,-3.02,0.0,,,,18.0,29.0,0.3764,0.094094,0.0,0.094094,0.00066,0.575443,0.455282,0.0,0.669537,0.34,low,0.031992,0.104155,0.136147,0
2026-07-26T04:10:45.644785,01/20 02:15,-2.35,0.0,,,,18.0,29.0,0.3764,0.094094,0.0,0.094094,0.000694,0.595339,0.472853,0.0,0.689433,0.34,low,0.031992,0.107756,0.139748,0
2026-07-26T04:10:45.668146,01/20 03:15,-2.8,0.0,,,,18.0,29.0,0.3764,0.094094,0.0,0.094094,0.000783,0.6608,0.52413,0.0,0.754894,0.34,low,0.031992,0.119605,0.151597,0
2026-07-26T04:10:45.691702,01/20 04:15,-2.8,0.0,,,,18.0,29.0,0.3764,0.094094,0.0,0.094094,0.000734,0.615588,0.496641,0.0,0.709682,0.34,low,0.031992,0.111421,0.143413,0
2026-07-26T04:10:45.714697,01/20 05:15,-2.8,0.0,,,,18.0,29.0,0.3764,0.094094,0.0,0.094094,0.000712,0.599122,0.484014,0.0,0.693216,0.34,low,0.031992,0.108441,0.140433,0
2026-07-26T04:10:45.737856,01/20 06:15,-2.8,0.0,,,,18.0,29.0,0.3764,0.094094,0.0,0.094094,0.00069,0.582894,0.471191,0.0,0.676988,0.43,moderate,0.04046,0.105504,0.145964,0
2026-07-26T04:11:05.060356,01/20 07:15,-2.8,0.0,,,,18.0,29.0,0.3764,0.094094,0.0,0.094094,0.000659,0.560785,0.454696,0.0,0.654879,0.43,moderate,0.04046,0.101502,0.141963,0
2026-07-26T04:11:05.084059,01/20 08:15,-2.8,0.0,,,,18.0,29.0,0.3764,0.094094,0.0,0.094094,0.000502,0.432995,0.358501,0.0,0.527089,0.43,moderate,0.04046,0.078372,0.118833,0
2026-07-26T04:11:05.107774,01/20 09:15,-2.65,0.0,,,,18.0,29.0,0.3764,0.094094,0.0,0.094094,0.000252,0.223792,0.191444,0.0,0.317886,0.43,moderate,0.04046,0.040506,0.080967,0
2026-07-26T04:11:05.128905,01/20 10:15,-2.08,0.0,,,,18.0,29.0,0.3764,0.094094,0.0,0.094094,5.5e-05,0.049538,0.042686,0.0,0.143632,0.3,low,0.028228,0.008966,0.037195,0
2026-07-26T04:11:05.151684,01/20 11:15,-1.7,0.0,,,,18.0,29.0,0.3764,0.094094,0.0,0.094094,3e-06,0.002846,0.000414,0.0,0.09694,0.3,low,0.028228,0.000515,0.028743,0
2026-07-26T04:11:05.171483,01/20 12:15,-1.55,0.0,,,,18.0,29.0,0.3764,0.094094,0.0,0.094094,0.0,0.0,0.0,0.0,0.094094,0.3,low,0.028228,0.0,0.028228,0
2026-07-26T04:11:25.095624,01/20 13:23,-0.83,0.0,,,,18.0,29.0,0.3764,0.094094,0.0,0.094094,0.0,0.0,0.0,0.0,0.094094,0.3,low,0.028228,0.0,0.028228,0
2026-07-26T04:11:25.125162,01/20 14:23,0.28,0.0,,,,18.0,29.0,0.3764,0.094094,0.0,0.094094,0.0,0.0,0.0,0.0,0.094094,0.3,low,0.028228,0.0,0.028228,0
2026-07-26T04:11:25.150651,01/20 15:15,1.25,0.0,,,,18.0,29.0,0.3764,0.094094,0.0,0.094094,0.0,0.0,0.0,0.0,0.094094,0.3,low,0.028228,0.0,0.028228,0
2026-07-26T04:11:25.173862,01/20 16:15,1.12,0.0,,,,18.0,29.0,0.3764,0.094094,0.0,0.094094,0.0,0.0,0.0,0.0,0.094094,0.55,high,0.051752,0.0,0.051752,0
2026-07-26T04:11:25.200854,01/20 17:23,-1.0,0.0,,,,18.0,29.0,0.3764,0.094094,0.0,0.094094,0.0,0.0,0.0,0.0,0.094094,0.55,high,0.051752,0.0,0.051752,0
2026-07-26T04:11:25.228125,01/20 18:15,-2.2,0.0,,,,18.0,29.0,0.3764,0.094094,0.0,0.094094,0.0,0.0,0.0,0.0,0.094094,0.55,high,0.051752,0.0,0.051752,0
2026-07-26T04:11:45.807396,01/20 19:15,-2.2,0.0,,,,18.0,29.0,0.3764,0.094094,0.0,0.094094,2.4e-05,0.003856,0.020768,0.0,0.09795,0.55,high,0.051752,0.000698,0.05245,0
2026-07-26T04:11:45.835142,01/20 20:15,-1.93,0.0,,,,18.0,29.0,0.3764,0.094094,0.0,0.094094,6.7e-05,0.060757,0.053383,0.0,0.154851,0.55,high,0.051752,0.010997,0.062749,0
2026-07-26T04:11:45.861317,01/20 21:15,-1.1,0.0,,,,18.0,29.0,0.3764,0.094094,0.0,0.094094,0.000158,0.146229,0.12673,0.0,0.240323,0.4,moderate,0.037638,0.026467,0.064105,0
2026-07-26T04:11:45.883866,01/20 22:15,-1.1,0.0,,,,18.0,29.0,0.3764,0.094094,0.0,0.094094,0.000314,0.293774,0.23625,0.0,0.387868,0.4,moderate,0.037638,0.053173,0.090811,0
2026-07-26T04:11:45.906648,01/20 23:15,-1.1,0.0,,,,18.0,29.0,0.3764,0.094094,0.0,0.094094,0.000406,0.378383,0.297695,0.0,0.472477,0.4,moderate,0.037638,0.068487,0.106125,0
2026-07-26T04:11:45.932997,01/21 00:15,-1.1,0.0,,,,18.0,29.0,0.3764,0.094094,0.0,0.094094,0.000537,0.489625,0.379108,0.0,0.583719,0.34,low,0.031992,0.088622,0.120614,0
2026-07-26T04:12:05.638685,01/21 01:15,-1.1,0.0,,,,18.0,29.0,0.3764,0.094094,0.0,0.094094,0.000628,0.548677,0.433187,0.0,0.642771,0.34,low,0.031992,0.099311,0.131302,0
2026-07-26T04:12:05.662895,01/21 02:15,-0.98,0.0,,,,18.0,29.0,0.3764,0.094094,0.0,0.094094,0.000691,0.592796,0.4688,0.0,0.68689,0.34,low,0.031992,0.107296,0.139288,0
2026-07-26T04:12:05.686687,01/21 03:15,-0.6,0.0,,,,18.0,29.0,0.3764,0.094094,0.0,0.094094,0.000742,0.625744,0.498196,0.0,0.719838,0.34,low,0.031992,0.11326,0.145252,0
2026-07-26T04:12:05.708689,01/21 04:15,-0.6,0.0,,,,18.0,29.0,0.3764,0.094094,0.0,0.094094,0.000752,0.628292,0.504422,0.0,0.722386,0.34,low,0.031992,0.113721,0.145713,0
2026-07-26T04:12:05.729761,01/21 05:15,-0.6,0.0,,,,18.0,29.0,0.3764,0.094094,0.0,0.094094,0.000796,0.659367,0.527119,0.0,0.753461,0.34,low,0.031992,0.119345,0.151337,0
2026-07-26T04:12:05.752151,01/21 06:15,-0.6,0.0,,,,18.0,29.0,0.3764,0.094094,0.0,0.094094,0.000802,0.66057,0.530539,0.0,0.754664,0.43,moderate,0.04046,0.119563,0.160024,0
2026-07-26T04:12:25.234345,01/21 07:15,-0.3,0.0,,,,18.0,29.0,0.3764,0.094094,0.0,0.094094,0.006077,2.306596,1.858509,0.0,2.40069,0.43,moderate,0.04046,0.417494,0.457954,0
2026-07-26T04:12:25.261248,01/21 08:15,1.0,0.0,,,,18.0,29.0,0.3764,0.094094,0.0,0.094094,0.005394,1.91201,1.516055,0.0,2.006104,0.43,moderate,0.04046,0.346074,0.386534,0
2026-07-26T04:12:25.285889,01/21 09:23,2.9,52.0,19.88,19.19,20.94,18.0,29.0,0.3764,0.094094,0.0,0.094094,0.004309,1.218618,0.976228,0.0,1.312712,0.43,moderate,0.04046,0.22057,0.26103,1
2026-07-26T04:12:25.312199,01/21 10:23,5.42,52.0,21.52,20.52,22.53,18.0,29.0,0.3764,0.094094,0.0,0.094094,0.003475,0.56638,0.73913,0.0,0.660474,0.3,low,0.028228,0.102515,0.130743,0
2026-07-26T04:12:25.336665,01/21 11:23,7.1,52.0,22.61,21.37,23.9,18.0,29.0,0.3764,0.094094,0.0,0.094094,0.001999,0.690768,0.585419,0.0,0.784862,0.3,low,0.028228,0.125029,0.153257,0
2026-07-26T04:12:25.359974,01/21 12:23,8.58,41.6,23.13,21.82,24.15,18.0,29.0,0.3764,0.094094,0.0,0.094094,0.001208,0.501578,0.440645,0.0,0.595672,0.3,low,0.028228,0.090786,0.119014,0
2026-07-26T04:12:45.891414,01/21 13:15,9.7,20.8,22.99,21.75,23.64,20.0,27.0,0.3764,0.094094,0.0,0.094094,0.000818,0.389474,0.341846,0.0,0.483568,0.3,low,0.028228,0.070495,0.098723,0
2026-07-26T04:12:45.917566,01/21 14:15,11.0,41.6,23.39,22.27,24.15,20.0,27.0,0.3764,0.094094,0.0,0.094094,0.000484,0.256768,0.23386,0.0,0.350862,0.3,low,0.028228,0.046475,0.074703,0
2026-07-26T04:12:45.941157,01/21 15:15,11.92,52.0,23.46,22.49,24.44,20.0,27.0,0.3764,0.094094,0.111716,0.094094,0.012626,0.162772,0.152366,0.055147,0.256866,0.3,low,0.028228,0.029462,0.05769,0
2026-07-26T04:12:45.963008,01/21 16:15,11.25,52.0,23.23,22.38,24.37,20.0,27.0,0.3764,0.094094,0.0,0.094094,0.000342,0.20921,0.17853,0.0,0.303304,0.55,high,0.051752,0.037867,0.089619,0
2026-07-26T04:12:45.985912,01/21 17:15,10.3,52.0,22.78,22.02,24.07,20.0,27.0,0.3764,0.094094,0.10937,0.094094,0.022651,0.168404,0.145792,0.015686,0.262498,0.55,high,0.051752,0.030481,0.082233,0
2026-07-26T04:12:46.007646,01/21 18:15,5.27,52.0,22.11,21.36,23.69,20.0,27.0,0.3764,0.094094,0.0,0.094094,0.001898,0.925252,0.572209,0.0,1.019346,0.55,high,0.051752,0.167471,0.219222,0
2026-07-26T04:13:06.411370,01/21 19:23,2.65,26.0,20.43,20.01,21.76,20.0,26.0,0.3764,0.094094,0.0,0.094094,0.005347,0.973681,0.815793,0.0,1.067775,0.55,high,0.051752,0.176236,0.227988,0
2026-07-26T04:13:06.442235,01/21 20:15,2.2,0.0,,,,20.0,26.0,0.3764,0.094094,0.0,0.094094,0.004688,2.021789,1.628431,0.0,2.115883,0.55,high,0.051752,0.365944,0.417696,0
2026-07-26T04:13:06.465580,01/21 21:15,2.2,0.0,,,,20.0,26.0,0.3764,0.094094,0.0,0.094094,0.001348,0.869065,0.751631,0.0,0.963159,0.4,moderate,0.037638,0.157301,0.194938,0
2026-07-26T04:13:06.491990,01/21 22:15,2.2,0.0,,,,20.0,26.0,0.3764,0.094094,0.0,0.094094,0.002145,1.397265,1.106659,0.0,1.491359,0.4,moderate,0.037638,0.252905,0.290543,0
2026-07-26T04:13:06.515377,01/21 23:15,2.08,0.0,,,,20.0,26.0,0.3764,0.094094,0.0,0.094094,0.002137,1.379209,1.115672,0.0,1.473303,0.4,moderate,0.037638,0.249637,0.287274,0
2026-07-26T04:13:06.540708,01/22 00:15,1.7,0.0,,,,20.0,26.0,0.3764,0.094094,0.0,0.094094,0.002318,1.484239,1.189885,0.0,1.578333,0.34,low,0.031992,0.268647,0.300639,0
2026-07-26T04:13:26.309159,01/22 01:15,1.7,0.0,,,,18.0,28.0,0.3764,0.094094,0.0,0.094094,0.0,0.0,0.0,0.0,0.094094,0.34,low,0.031992,0.0,0.031992,0
2026-07-26T04:13:26.333614,01/22 02:15,1.55,0.0,,,,18.0,28.0,0.3764,0.094094,0.0,0.094094,5.9e-05,0.038156,0.049859,0.0,0.13225,0.34,low,0.031992,0.006906,0.038898,0
2026-07-26T04:13:26.358508,01/22 03:15,0.98,0.0,,,,18.0,28.0,0.3764,0.094094,0.0,0.094094,0.000261,0.18792,0.199574,0.0,0.282014,0.34,low,0.031992,0.034014,0.066005,0
2026-07-26T04:13:26.383507,01/22 04:15,0.6,0.0,,,,18.0,28.0,0.3764,0.094094,0.0,0.094094,0.000368,0.295189,0.27043,0.0,0.389283,0.34,low,0.031992,0.053429,0.085421,0
2026-07-26T04:13:26.405521,01/22 05:15,0.6,0.0,,,,18.0,28.0,0.3764,0.094094,0.0,0.094094,0.000451,0.383102,0.324477,0.0,0.477196,0.34,low,0.031992,0.069341,0.101333,0
2026-07-26T04:13:26.426366,01/22 06:15,0.72,0.0,,,,18.0,28.0,0.3764,0.094094,0.0,0.094094,0.000509,0.441541,0.360369,0.0,0.535635,0.43,moderate,0.04046,0.079919,0.120379,0
2026-07-26T04:13:45.661438,01/22 07:15,0.98,0.0,,,,18.0,29.0,0.3764,0.094094,0.0,0.094094,0.005352,1.979807,1.577092,0.0,2.073901,0.43,moderate,0.04046,0.358345,0.398805,0
2026-07-26T04:13:45.689013,01/22 08:15,0.6,0.0,,,,18.0,29.0,0.3764,0.094094,0.0,0.094094,0.005444,2.008015,1.615223,0.0,2.102109,0.43,moderate,0.04046,0.363451,0.403911,0
2026-07-26T04:13:45.717521,01/22 09:23,0.6,52.0,19.61,19.12,20.93,18.0,29.0,0.3764,0.094094,0.0,0.094094,0.00452,1.356849,1.095944,0.0,1.450943,0.43,moderate,0.04046,0.24559,0.28605,1
2026-07-26T04:13:45.744323,01/22 10:23,0.72,52.0,21.14,20.31,22.47,18.0,29.0,0.3764,0.094094,0.0,0.094094,0.004333,1.337366,1.081735,0.0,1.43146,0.3,low,0.028228,0.242063,0.270291,0
2026-07-26T04:13:45.769153,01/22 11:23,1.25,52.0,22.35,21.1,23.5,18.0,29.0,0.3764,0.094094,0.0,0.094094,0.004022,1.268978,1.024963,0.0,1.363072,0.3,low,0.028228,0.229685,0.257913,0
2026-07-26T04:13:45.790455,01/22 12:23,1.82,41.6,22.8,21.31,23.97,18.0,29.0,0.3764,0.094094,0.0,0.094094,0.003725,1.189072,0.961454,0.0,1.283166,0.3,low,0.028228,0.215222,0.24345,0
2026-07-26T04:14:06.266872,01/22 13:23,2.35,20.8,22.67,21.05,23.98,20.0,27.0,0.3764,0.094094,0.0,0.094094,0.003563,1.041113,0.909107,0.0,1.135207,0.3,low,0.028228,0.188441,0.21667,0
2026-07-26T04:14:06.296144,01/22 14:23,2.8,41.6,23.3,21.6,25.66,20.0,27.0,0.3764,0.094094,0.0,0.094094,0.004536,0.779372,0.846618,0.0,0.873466,0.3,low,0.028228,0.141066,0.169295,0
2026-07-26T04:14:06.325051,01/22 15:15,2.92,52.0,23.64,22.1,26.56,20.0,27.0,0.3764,0.094094,0.0,0.094094,0.005266,0.824589,0.814704,0.0,0.918683,0.3,low,0.028228,0.149251,0.177479,1
2026-07-26T04:14:06.348926,01/22 16:15,2.62,52.0,23.56,22.18,26.33,20.0,27.0,0.3764,0.094094,0.0,0.094094,0.005182,0.57357,0.721536,0.0,0.667664,0.55,high,0.051752,0.103816,0.155568,1
2026-07-26T04:14:06.378149,01/22 17:23,-0.1,52.0,22.79,21.63,24.3,20.0,27.0,0.3764,0.094094,0.0,0.094094,0.004175,1.761337,0.997965,0.0,1.855431,0.55,high,0.051752,0.318802,0.370554,0
2026-07-26T04:14:06.401476,01/22 18:23,-2.48,52.0,22.1,21.14,24.07,20.0,27.0,0.3764,0.094094,0.0,0.094094,0.004126,1.524242,1.223912,0.0,1.618336,0.55,high,0.051752,0.275888,0.32764,0
2026-07-26T04:14:27.440249,01/22 19:15,-3.45,26.0,20.67,20.01,22.6,20.0,26.0,0.3764,0.094094,0.0,0.094094,0.004627,1.671578,1.348604,0.0,1.765672,0.55,high,0.051752,0.302556,0.354307,0
2026-07-26T04:14:27.467105,01/22 20:15,-4.03,0.0,,,,20.0,26.0,0.3764,0.094094,0.0,0.094094,0.006157,2.608262,2.109967,0.0,2.702356,0.55,high,0.051752,0.472095,0.523847,0
2026-07-26T04:14:27.492038,01/22 21:15,-4.7,0.0,,,,20.0,26.0,0.3764,0.094094,0.0,0.094094,0.001632,1.035134,0.859149,0.0,1.129228,0.4,moderate,0.037638,0.187359,0.224997,0
2026-07-26T04:14:27.512559,01/22 22:15,-5.45,0.0,,,,20.0,26.0,0.3764,0.094094,0.0,0.094094,0.002328,1.413221,1.123348,0.0,1.507315,0.4,moderate,0.037638,0.255793,0.293431,0
2026-07-26T04:14:27.535144,01/22 23:15,-5.28,0.0,,,,20.0,26.0,0.3764,0.094094,0.0,0.094094,0.002927,1.699127,1.356964,0.0,1.793221,0.4,moderate,0.037638,0.307542,0.34518,0
2026-07-26T04:14:27.557930,01/23 00:15,-5.97,0.0,,,,20.0,26.0,0.3764,0.094094,0.0,0.094094,0.003312,1.852891,1.482094,0.0,1.946985,0.34,low,0.031992,0.335373,0.367365,0
2026-07-26T04:14:47.169774,01/23 01:15,-5.6,0.0,,,,18.0,28.0,0.3764,0.094094,0.0,0.094094,0.000245,0.144533,0.187034,0.0,0.238627,0.34,low,0.031992,0.02616,0.058152,0
2026-07-26T04:14:47.195647,01/23 02:15,-5.45,0.0,,,,18.0,28.0,0.3764,0.094094,0.0,0.094094,0.000632,0.468554,0.43608,0.0,0.562648,0.34,low,0.031992,0.084808,0.1168,0
2026-07-26T04:14:47.218884,01/23 03:15,-5.42,0.0,,,,18.0,28.0,0.3764,0.094094,0.0,0.094094,0.000839,0.673775,0.552924,0.0,0.767869,0.34,low,0.031992,0.121953,0.153945,0
2026-07-26T04:14:47.242227,01/23 04:15,-6.83,0.0,,,,18.0,28.0,0.3764,0.094094,0.0,0.094094,0.001033,0.825657,0.654374,0.0,0.919751,0.34,low,0.031992,0.149444,0.181436,0
2026-07-26T04:14:47.264016,01/23 05:15,-7.48,0.0,,,,18.0,28.0,0.3764,0.094094,0.0,0.094094,0.001176,0.914197,0.724748,0.0,1.008291,0.34,low,0.031992,0.16547,0.197462,0
2026-07-26T04:14:47.283305,01/23 06:15,-8.18,0.0,,,,18.0,28.0,0.3764,0.094094,0.0,0.094094,0.001116,0.862969,0.698809,0.0,0.957063,0.43,moderate,0.04046,0.156197,0.196658,0
2026-07-26T04:15:07.540371,01/23 07:15,-7.8,0.0,,,,18.0,29.0,0.3764,0.094094,0.0,0.094094,0.00904,3.219615,2.596858,0.0,3.313709,0.43,moderate,0.04046,0.58275,0.623211,0
2026-07-26T04:15:07.565506,01/23 08:15,-6.82,0.0,,,,18.0,29.0,0.3764,0.094094,0.0,0.094094,0.008711,3.004429,2.405401,0.0,3.098523,0.43,moderate,0.04046,0.543802,0.584262,0
2026-07-26T04:15:07.595214,01/23 09:23,-3.35,52.0,19.83,18.87,21.13,18.0,29.0,0.3764,0.094094,0.0,0.094094,0.005858,1.809164,1.46258,0.0,1.903258,0.43,moderate,0.04046,0.327459,0.367919,1
2026-07-26T04:15:07.621569,01/23 10:23,-1.27,52.0,21.45,19.99,23.58,18.0,29.0,0.3764,0.094094,0.0,0.094094,0.005002,1.579636,1.27396,0.0,1.67373,0.3,low,0.028228,0.285914,0.314142,1
2026-07-26T04:15:07.646424,01/23 11:23,0.28,52.0,22.38,20.73,24.62,18.0,29.0,0.3764,0.094094,0.0,0.094094,0.004354,1.390941,1.120763,0.0,1.485035,0.3,low,0.028228,0.25176,0.279989,0
2026-07-26T04:15:07.670049,01/23 12:23,1.38,41.6,22.87,21.14,24.64,18.0,29.0,0.3764,0.094094,0.0,0.094094,0.003905,1.259056,1.014894,0.0,1.35315,0.3,low,0.028228,0.227889,0.256117,0
2026-07-26T04:15:29.715869,01/23 13:15,2.35,20.8,22.76,21.04,23.99,20.0,27.0,0.3764,0.094094,0.0,0.094094,0.003564,1.054897,0.91517,0.0,1.148991,0.3,low,0.028228,0.190936,0.219165,0
2026-07-26T04:15:29.742248,01/23 14:15,2.92,41.6,23.36,21.67,25.46,20.0,27.0,0.3764,0.094094,0.0,0.094094,0.004377,0.748234,0.851194,0.0,0.842328,0.3,low,0.028228,0.13543,0.163659,0
2026-07-26T04:15:29.764844,01/23 15:15,3.45,52.0,23.67,22.16,26.19,20.0,27.0,0.3764,0.094094,0.0,0.094094,0.005175,0.550325,0.752825,0.0,0.644419,0.3,low,0.028228,0.099609,0.127837,1
2026-07-26T04:15:29.786864,01/23 16:15,3.35,52.0,23.42,22.2,25.69,20.0,27.0,0.3764,0.094094,0.0,0.094094,0.00507,0.285835,0.595905,0.0,0.379929,0.55,high,0.051752,0.051736,0.103488,0
2026-07-26T04:15:29.811196,01/23 17:23,1.0,52.0,22.61,21.56,24.24,20.0,27.0,0.3764,0.094094,0.0,0.094094,0.005545,1.567811,0.858209,0.0,1.661905,0.55,high,0.051752,0.283774,0.335525,0
2026-07-26T04:15:29.833412,01/23 18:15,-1.38,52.0,22.11,21.23,24.09,20.0,27.0,0.3764,0.094094,0.0,0.094094,0.003889,1.452878,1.138643,0.0,1.546972,0.55,high,0.051752,0.262971,0.314723,0
2026-07-26T04:15:50.085608,01/23 19:15,-2.2,26.0,20.66,20.01,22.58,20.0,26.0,0.3764,0.094094,0.0,0.094094,0.004312,1.556394,1.254749,0.0,1.650488,0.55,high,0.051752,0.281707,0.333459,0
2026-07-26T04:15:50.113957,01/23 20:15,-2.2,0.0,,,,20.0,26.0,0.3764,0.094094,0.0,0.094094,0.005547,2.373251,1.922483,0.0,2.467345,0.55,high,0.051752,0.429558,0.48131,0
2026-07-26T04:15:50.137840,01/23 21:15,-2.48,0.0,,,,20.0,26.0,0.3764,0.094094,0.0,0.094094,0.001391,0.898287,0.765762,0.0,0.992381,0.4,moderate,0.037638,0.16259,0.200228,0
2026-07-26T04:15:50.159593,01/23 22:15,-3.17,0.0,,,,20.0,26.0,0.3764,0.094094,0.0,0.094094,0.00196,1.247839,0.985675,0.0,1.341933,0.4,moderate,0.037638,0.225859,0.263496,0
2026-07-26T04:15:50.182640,01/23 23:15,-2.8,0.0,,,,20.0,26.0,0.3764,0.094094,0.0,0.094094,0.002298,1.432726,1.150841,0.0,1.52682,0.4,moderate,0.037638,0.259323,0.296961,0
2026-07-26T04:15:50.205823,01/24 00:15,-2.8,0.0,,,,20.0,26.0,0.3764,0.094094,0.0,0.094094,0.002691,1.630854,1.303704,0.0,1.724948,0.34,low,0.031992,0.295185,0.327177,0
2026-07-26T04:16:10.961706,01/24 01:15,-2.65,0.0,,,,18.0,28.0,0.3764,0.094094,0.0,0.094094,2.9e-05,0.017899,0.026151,0.0,0.111993,0.34,low,0.031992,0.00324,0.035232,0
2026-07-26T04:16:10.987020,01/24 02:15,-1.93,0.0,,,,18.0,28.0,0.3764,0.094094,0.0,0.094094,0.000433,0.309692,0.314757,0.0,0.403786,0.34,low,0.031992,0.056054,0.088046,0
2026-07-26T04:16:11.009810,01/24 03:15,-1.1,0.0,,,,18.0,28.0,0.3764,0.094094,0.0,0.094094,0.000569,0.459135,0.397418,0.0,0.553229,0.34,low,0.031992,0.083103,0.115095,0
2026-07-26T04:16:11.029984,01/24 04:15,-1.1,0.0,,,,18.0,28.0,0.3764,0.094094,0.0,0.094094,0.000629,0.529003,0.434632,0.0,0.623097,0.34,low,0.031992,0.09575,0.127742,0
2026-07-26T04:16:11.049609,01/24 05:15,-1.1,0.0,,,,18.0,28.0,0.3764,0.094094,0.0,0.094094,0.000682,0.578202,0.465452,0.0,0.672296,0.34,low,0.031992,0.104655,0.136647,0
2026-07-26T04:16:11.070258,01/24 06:15,-1.1,0.0,,,,18.0,28.0,0.3764,0.094094,0.0,0.094094,0.000689,0.583723,0.467841,0.0,0.677817,0.43,moderate,0.04046,0.105654,0.146114,0
2026-07-26T04:16:30.129447,01/24 07:15,-0.98,0.0,,,,18.0,29.0,0.3764,0.094094,0.0,0.094094,0.006032,2.281142,1.833127,0.0,2.375236,0.43,moderate,0.04046,0.412887,0.453347,0
2026-07-26T04:16:30.153525,01/24 08:15,-0.45,0.0,,,,18.0,29.0,0.3764,0.094094,0.0,0.094094,0.005748,2.118383,1.699175,0.0,2.212477,0.43,moderate,0.04046,0.383427,0.423888,0
2026-07-26T04:16:30.180731,01/24 09:15,0.15,52.0,19.42,18.97,20.85,18.0,29.0,0.3764,0.094094,0.0,0.094094,0.004724,1.427051,1.149029,0.0,1.521145,0.43,moderate,0.04046,0.258296,0.298757,1
2026-07-26T04:16:30.204013,01/24 10:15,0.88,52.0,20.66,20.03,22.29,18.0,29.0,0.3764,0.094094,0.0,0.094094,0.004437,1.351991,1.089731,0.0,1.446085,0.3,low,0.028228,0.24471,0.272939,0
2026-07-26T04:16:30.227962,01/24 11:15,1.7,52.0,21.39,20.73,22.86,18.0,29.0,0.3764,0.094094,0.0,0.094094,0.004064,1.23184,0.99018,0.0,1.325934,0.3,low,0.028228,0.222963,0.251191,0
2026-07-26T04:16:30.249204,01/24 12:15,1.97,41.6,21.71,21.04,23.06,18.0,29.0,0.3764,0.094094,0.0,0.094094,0.003921,1.210824,0.978469,0.0,1.304918,0.3,low,0.028228,0.219159,0.247387,0
2026-07-26T04:16:51.465649,01/24 13:15,2.65,20.8,21.35,20.73,22.61,20.0,27.0,0.3764,0.094094,0.0,0.094094,0.004147,0.764501,0.88368,0.0,0.858595,0.3,low,0.028228,0.138375,0.166603,0
2026-07-26T04:16:51.490813,01/24 14:15,2.2,41.6,21.82,21.15,23.18,20.0,27.0,0.3764,0.094094,0.0,0.094094,0.005131,1.145646,0.922032,0.0,1.23974,0.3,low,0.028228,0.207362,0.23559,0
2026-07-26T04:16:51.514785,01/24 15:15,2.2,52.0,22.0,21.31,23.51,20.0,27.0,0.3764,0.094094,0.0,0.094094,0.004611,1.120218,0.913747,0.0,1.214312,0.3,low,0.028228,0.202759,0.230988,0
2026-07-26T04:16:51.536892,01/24 16:15,2.35,52.0,21.79,21.1,23.44,20.0,27.0,0.3764,0.094094,0.0,0.094094,0.004402,1.106831,0.909657,0.0,1.200925,0.55,high,0.051752,0.200336,0.252088,0
2026-07-26T04:16:51.560537,01/24 17:15,2.8,52.0,21.22,20.57,22.96,20.0,27.0,0.3764,0.094094,0.0,0.094094,0.005026,0.788643,0.862225,0.0,0.882737,0.55,high,0.051752,0.142744,0.194496,0
2026-07-26T04:16:51.581792,01/24 18:15,1.95,52.0,21.08,20.38,22.95,20.0,27.0,0.3764,0.094094,0.0,0.094094,0.005267,0.824672,0.818284,0.0,0.918766,0.55,high,0.051752,0.149266,0.201017,0
2026-07-26T04:17:12.600911,01/24 19:15,-0.3,26.0,20.33,20.0,21.65,20.0,26.0,0.3764,0.094094,0.0,0.094094,0.004584,1.788393,1.419207,0.0,1.882487,0.55,high,0.051752,0.323699,0.375451,0
2026-07-26T04:17:12.627621,01/24 20:15,0.88,0.0,,,,20.0,26.0,0.3764,0.094094,0.0,0.094094,0.005679,2.456165,1.97726,0.0,2.550259,0.55,high,0.051752,0.444566,0.496318,0
2026-07-26T04:17:12.649380,01/24 21:15,1.7,0.0,,,,20.0,26.0,0.3764,0.094094,0.0,0.094094,0.00165,1.061623,0.896089,0.0,1.155717,0.4,moderate,0.037638,0.192154,0.229791,0
2026-07-26T04:17:12.671378,01/24 22:15,1.7,0.0,,,,20.0,26.0,0.3764,0.094094,0.0,0.094094,0.002551,1.60668,1.26742,0.0,1.700774,0.4,moderate,0.037638,0.290809,0.328447,0
2026-07-26T04:17:12.693380,01/24 23:15,1.82,0.0,,,,20.0,26.0,0.3764,0.094094,0.0,0.094094,0.002683,1.643888,1.319239,0.0,1.737982,0.4,moderate,0.037638,0.297544,0.335181,0
2026-07-26T04:17:12.716378,01/25 00:15,2.2,0.0,,,,20.0,26.0,0.3764,0.094094,0.0,0.094094,0.0025,1.557536,1.263663,0.0,1.65163,0.34,low,0.031992,0.281914,0.313906,0
2026-07-26T04:17:31.810706,01/25 01:15,2.35,0.0,,,,18.0,28.0,0.3764,0.094094,0.0,0.094094,0.0,0.0,0.0,0.0,0.094094,0.34,low,0.031992,0.0,0.031992,0
2026-07-26T04:17:31.836880,01/25 02:15,2.65,0.0,,,,18.0,28.0,0.3764,0.094094,0.0,0.094094,6e-06,0.003473,0.003803,0.0,0.097567,0.34,low,0.031992,0.000629,0.032621,0
2026-07-26T04:17:31.860880,01/25 03:15,2.08,0.0,,,,18.0,28.0,0.3764,0.094094,0.0,0.094094,0.000239,0.163821,0.181595,0.0,0.257915,0.34,low,0.031992,0.029652,0.061644,0
2026-07-26T04:17:31.882879,01/25 04:15,1.42,0.0,,,,18.0,28.0,0.3764,0.094094,0.0,0.094094,0.00037,0.287426,0.269881,0.0,0.38152,0.34,low,0.031992,0.052024,0.084016,0
2026-07-26T04:17:31.904880,01/25 05:15,0.17,0.0,,,,18.0,28.0,0.3764,0.094094,0.0,0.094094,0.000581,0.482706,0.402126,0.0,0.5768,0.34,low,0.031992,0.08737,0.119362,0
2026-07-26T04:17:31.927879,01/25 06:15,-1.1,0.0,,,,18.0,28.0,0.3764,0.094094,0.0,0.094094,0.000693,0.583644,0.469634,0.0,0.677738,0.43,moderate,0.04046,0.10564,0.1461,0
2026-07-26T04:17:51.946577,01/25 07:15,-1.1,0.0,,,,18.0,29.0,0.3764,0.094094,0.0,0.094094,0.005927,2.265557,1.818271,0.0,2.359651,0.43,moderate,0.04046,0.410066,0.450526,0
2026-07-26T04:17:51.972411,01/25 08:15,-1.1,0.0,,,,18.0,29.0,0.3764,0.094094,0.0,0.094094,0.005813,2.172473,1.74427,0.0,2.266567,0.43,moderate,0.04046,0.393218,0.433678,0
2026-07-26T04:17:52.001055,01/25 09:23,-1.1,52.0,19.43,18.94,20.76,18.0,29.0,0.3764,0.094094,0.0,0.094094,0.00491,1.525081,1.231125,0.0,1.619175,0.43,moderate,0.04046,0.27604,0.3165,1
2026-07-26T04:17:52.025823,01/25 10:15,-1.25,52.0,20.76,19.95,22.18,18.0,29.0,0.3764,0.094094,0.0,0.094094,0.004746,1.510183,1.218652,0.0,1.604277,0.3,low,0.028228,0.273343,0.301571,1
2026-07-26T04:17:52.050306,01/25 11:15,-1.7,52.0,21.18,20.43,22.67,18.0,29.0,0.3764,0.094094,0.0,0.094094,0.004736,1.550322,1.253052,0.0,1.644416,0.3,low,0.028228,0.280608,0.308836,0
2026-07-26T04:17:52.073073,01/25 12:15,-1.55,41.6,21.2,20.51,22.72,18.0,29.0,0.3764,0.094094,0.0,0.094094,0.004628,1.542288,1.244141,0.0,1.636382,0.3,low,0.028228,0.279154,0.307382,0
2026-07-26T04:18:14.310423,01/25 13:15,-1.1,20.8,20.82,20.24,22.32,20.0,27.0,0.3764,0.094094,0.0,0.094094,0.004436,1.48265,1.193361,0.0,1.576744,0.3,low,0.028228,0.26836,0.296588,0
2026-07-26T04:18:14.336423,01/25 14:23,-1.1,41.6,21.24,20.52,22.72,20.0,27.0,0.3764,0.094094,0.0,0.094094,0.004371,1.471785,1.187717,0.0,1.565879,0.3,low,0.028228,0.266393,0.294621,0
2026-07-26T04:18:14.363429,01/25 15:23,-1.25,52.0,21.99,21.0,23.35,20.0,27.0,0.3764,0.094094,0.0,0.094094,0.004262,1.459363,1.177973,0.0,1.553457,0.3,low,0.028228,0.264145,0.292373,0
2026-07-26T04:18:14.385426,01/25 16:15,-1.97,52.0,21.86,20.69,23.39,20.0,27.0,0.3764,0.094094,0.0,0.094094,0.00433,1.509017,1.217572,0.0,1.603111,0.55,high,0.051752,0.273132,0.324884,0
2026-07-26T04:18:14.407424,01/25 17:23,-3.35,52.0,21.2,20.27,22.85,20.0,27.0,0.3764,0.094094,0.0,0.094094,0.004613,1.618761,1.302711,0.0,1.712855,0.55,high,0.051752,0.292996,0.344747,0
2026-07-26T04:18:14.427423,01/25 18:15,-5.0,52.0,20.76,20.0,22.73,20.0,27.0,0.3764,0.094094,0.0,0.094094,0.005361,1.84614,1.481023,0.0,1.940234,0.55,high,0.051752,0.334151,0.385903,0
2026-07-26T04:18:35.102086,01/25 19:15,-5.0,26.0,20.28,20.0,21.39,20.0,26.0,0.3764,0.094094,0.0,0.094094,0.006264,2.489531,2.011668,0.0,2.583625,0.55,high,0.051752,0.450605,0.502357,0
2026-07-26T04:18:35.126475,01/25 20:15,-5.0,0.0,,,,20.0,26.0,0.3764,0.094094,0.0,0.094094,0.008401,3.496407,2.814027,0.0,3.590501,0.55,high,0.051752,0.63285,0.684601,0
2026-07-26T04:18:35.151944,01/25 21:15,-5.0,0.0,,,,20.0,26.0,0.3764,0.094094,0.0,0.094094,0.003392,1.852238,1.486609,0.0,1.946332,0.4,moderate,0.037638,0.335255,0.372893,0
2026-07-26T04:18:35.174191,01/25 22:15,-5.0,0.0,,,,20.0,26.0,0.3764,0.094094,0.0,0.094094,0.004013,2.095347,1.682526,0.0,2.189441,0.4,moderate,0.037638,0.379258,0.416895,0
2026-07-26T04:18:35.196819,01/25 23:15,-5.28,0.0,,,,20.0,26.0,0.3764,0.094094,0.0,0.094094,0.004552,2.289061,1.832742,0.0,2.383155,0.4,moderate,0.037638,0.41432,0.451958,0
2026-07-26T04:18:35.219194,01/26 00:15,-6.25,0.0,,,,20.0,26.0,0.3764,0.094094,0.0,0.094094,0.0049,2.392805,1.919316,0.0,2.486899,0.34,low,0.031992,0.433098,0.46509,0
2026-07-26T04:18:55.565754,01/26 01:15,-6.7,0.0,,,,18.0,28.0,0.3764,0.094094,0.0,0.094094,0.000561,0.335366,0.392857,0.0,0.42946,0.34,low,0.031992,0.060701,0.092693,0
2026-07-26T04:18:55.590937,01/26 02:15,-6.83,0.0,,,,18.0,28.0,0.3764,0.094094,0.0,0.094094,0.000802,0.60817,0.533055,0.0,0.702264,0.34,low,0.031992,0.110079,0.142071,0
2026-07-26T04:18:55.617649,01/26 03:15,-7.35,0.0,,,,18.0,28.0,0.3764,0.094094,0.0,0.094094,0.000983,0.78037,0.629891,0.0,0.874464,0.34,low,0.031992,0.141247,0.173239,0
2026-07-26T04:18:55.641813,01/26 04:15,-7.65,0.0,,,,18.0,28.0,0.3764,0.094094,0.0,0.094094,0.001257,0.969094,0.761673,0.0,1.063188,0.34,low,0.031992,0.175406,0.207398,0
2026-07-26T04:18:55.664018,01/26 05:15,-7.2,0.0,,,,18.0,28.0,0.3764,0.094094,0.0,0.094094,0.001311,0.984699,0.788322,0.0,1.078793,0.34,low,0.031992,0.178231,0.210222,0
2026-07-26T04:18:55.683958,01/26 06:15,-7.48,0.0,,,,18.0,28.0,0.3764,0.094094,0.0,0.094094,0.001314,0.983485,0.793493,0.0,1.077579,0.43,moderate,0.04046,0.178011,0.218471,0
2026-07-26T04:19:15.169768,01/26 07:15,-8.45,0.0,,,,18.0,29.0,0.3764,0.094094,0.0,0.094094,0.001678,1.207117,0.949109,0.0,1.301211,0.43,moderate,0.04046,0.218488,0.258949,0
2026-07-26T04:19:15.196384,01/26 08:15,-8.9,0.0,,,,18.0,29.0,0.3764,0.094094,0.0,0.094094,0.001481,1.064844,0.869542,0.0,1.158938,0.43,moderate,0.04046,0.192737,0.233197,0
2026-07-26T04:19:15.219531,01/26 09:15,-9.03,0.0,,,,18.0,29.0,0.3764,0.094094,0.0,0.094094,0.001504,1.079959,0.866759,0.0,1.174053,0.43,moderate,0.04046,0.195473,0.235933,0
2026-07-26T04:19:15.243499,01/26 10:15,-9.55,0.0,,,,18.0,29.0,0.3764,0.094094,0.0,0.094094,0.00131,0.951165,0.772644,0.0,1.045259,0.3,low,0.028228,0.172161,0.200389,0
2026-07-26T04:19:15.265916,01/26 11:15,-10.15,0.0,,,,18.0,29.0,0.3764,0.094094,0.0,0.094094,0.001194,0.884335,0.718325,0.0,0.978429,0.3,low,0.028228,0.160065,0.188293,0
2026-07-26T04:19:15.288662,01/26 12:15,-10.6,0.0,,,,18.0,29.0,0.3764,0.094094,0.0,0.094094,0.001367,1.007877,0.804939,0.0,1.101971,0.3,low,0.028228,0.182426,0.210654,0
2026-07-26T04:19:34.041005,01/26 13:15,-10.6,0.0,,,,18.0,29.0,0.3764,0.094094,0.0,0.094094,0.000961,0.734103,0.622824,0.0,0.828197,0.3,low,0.028228,0.132873,0.161101,0
2026-07-26T04:19:34.064599,01/26 14:15,-10.72,0.0,,,,18.0,29.0,0.3764,0.094094,0.0,0.094094,0.000895,0.719246,0.584304,0.0,0.81334,0.3,low,0.028228,0.130184,0.158412,0
2026-07-26T04:19:34.091601,01/26 15:15,-11.65,0.0,,,,18.0,29.0,0.3764,0.094094,0.0,0.094094,0.001074,0.8507,0.683378,0.0,0.944794,0.3,low,0.028228,0.153977,0.182205,0
2026-07-26T04:19:34.113600,01/26 16:15,-13.58,0.0,,,,18.0,29.0,0.3764,0.094094,0.0,0.094094,0.001771,1.278884,0.964972,0.0,1.372978,0.55,high,0.051752,0.231478,0.28323,0
2026-07-26T04:19:34.135599,01/26 17:15,-14.7,0.0,,,,18.0,29.0,0.3764,0.094094,0.0,0.094094,0.002721,1.705885,1.304952,0.0,1.799979,0.55,high,0.051752,0.308765,0.360517,0
2026-07-26T04:19:34.158599,01/26 18:15,-15.72,0.0,,,,18.0,29.0,0.3764,0.094094,0.0,0.094094,0.003751,2.023717,1.597613,0.0,2.117811,0.55,high,0.051752,0.366293,0.418044,0
2026-07-26T04:19:54.604153,01/26 19:15,-16.38,0.0,,,,18.0,29.0,0.3764,0.094094,0.0,0.094094,0.00468,2.289111,1.821759,0.0,2.383205,0.55,high,0.051752,0.414329,0.466081,0
2026-07-26T04:19:54.630537,01/26 20:15,-17.35,0.0,,,,18.0,29.0,0.3764,0.094094,0.0,0.094094,0.005676,2.551248,2.035629,0.0,2.645342,0.55,high,0.051752,0.461776,0.513528,0
2026-07-26T04:19:54.655710,01/26 21:15,-17.8,0.0,,,,18.0,29.0,0.3764,0.094094,0.0,0.094094,0.006062,2.610644,2.094902,0.0,2.704738,0.4,moderate,0.037638,0.472527,0.510164,0
2026-07-26T04:19:54.680373,01/26 22:15,-18.08,0.0,,,,18.0,29.0,0.3764,0.094094,0.0,0.094094,0.006441,2.683887,2.154404,0.0,2.777981,0.4,moderate,0.037638,0.485784,0.523421,0
2026-07-26T04:19:54.701999,01/26 23:15,-19.02,0.0,,,,18.0,29.0,0.3764,0.094094,0.0,0.094094,0.007092,2.824384,2.264484,0.0,2.918478,0.4,moderate,0.037638,0.511214,0.548851,0
2026-07-26T04:19:54.722175,01/27 00:15,-19.4,0.0,,,,18.0,29.0,0.3764,0.094094,0.0,0.094094,0.006259,2.551844,2.060611,0.0,2.645938,0.34,low,0.031992,0.461884,0.493876,0
2026-07-26T04:20:14.299656,01/27 01:15,-19.55,0.0,,,,18.0,29.0,0.3764,0.094094,0.0,0.094094,0.007519,2.891545,2.313645,0.0,2.985639,0.34,low,0.031992,0.52337,0.555362,0
2026-07-26T04:20:14.326875,01/27 02:15,-20.0,0.0,,,,18.0,29.0,0.3764,0.094094,0.0,0.094094,0.007377,2.81898,2.270265,0.0,2.913074,0.34,low,0.031992,0.510235,0.542227,0
2026-07-26T04:20:14.350875,01/27 03:15,-20.0,0.0,,,,18.0,29.0,0.3764,0.094094,0.0,0.094094,0.006324,2.499951,2.018997,0.0,2.594045,0.34,low,0.031992,0.452491,0.484483,0
2026-07-26T04:20:14.372805,01/27 04:15,-20.0,0.0,,,,18.0,29.0,0.3764,0.094094,0.0,0.094094,0.006659,2.595554,2.086597,0.0,2.689648,0.34,low,0.031992,0.469795,0.501787,0
2026-07-26T04:20:14.395398,01/27 05:15,-20.27,0.0,,,,18.0,29.0,0.3764,0.094094,0.0,0.094094,0.007235,2.748132,2.206276,0.0,2.842226,0.34,low,0.031992,0.497412,0.529404,0
2026-07-26T04:20:14.417691,01/27 06:15,-21.1,0.0,,,,18.0,29.0,0.3764,0.094094,0.0,0.094094,0.00711,2.689142,2.165031,0.0,2.783236,0.43,moderate,0.04046,0.486735,0.527195,0
2026-07-26T04:20:33.834950,01/27 07:15,-21.1,0.0,,,,18.0,29.0,0.3764,0.094094,0.0,0.094094,0.007769,2.856454,2.294477,0.0,2.950548,0.43,moderate,0.04046,0.517018,0.557479,0
2026-07-26T04:20:33.858995,01/27 08:15,-20.83,0.0,,,,18.0,29.0,0.3764,0.094094,0.0,0.094094,0.006908,2.546985,2.047711,0.0,2.641079,0.43,moderate,0.04046,0.461004,0.501465,0
2026-07-26T04:20:33.885182,01/27 09:23,-19.45,0.0,,,,18.0,29.0,0.3764,0.094094,0.0,0.094094,0.005341,2.089899,1.699886,0.0,2.183993,0.43,moderate,0.04046,0.378272,0.418732,0
2026-07-26T04:20:33.913300,01/27 10:15,-17.53,0.0,,,,18.0,29.0,0.3764,0.094094,0.0,0.094094,0.00371,1.587589,1.299011,0.0,1.681683,0.3,low,0.028228,0.287354,0.315582,0
2026-07-26T04:20:33.938149,01/27 11:15,-16.55,0.0,,,,18.0,29.0,0.3764,0.094094,0.0,0.094094,0.00253,1.126349,0.911821,0.0,1.220443,0.3,low,0.028228,0.203869,0.232097,0
2026-07-26T04:20:33.964157,01/27 12:15,-15.83,0.0,,,,18.0,29.0,0.3764,0.094094,0.0,0.094094,0.001658,0.754282,0.621623,0.0,0.848376,0.3,low,0.028228,0.136525,0.164753,0
2026-07-26T04:20:54.183248,01/27 13:23,-15.0,0.0,,,,18.0,29.0,0.3764,0.094094,0.0,0.094094,0.001108,0.590795,0.534916,0.0,0.684889,0.3,low,0.028228,0.106934,0.135162,0
2026-07-26T04:20:54.209353,01/27 14:15,-15.15,0.0,,,,18.0,29.0,0.3764,0.094094,0.0,0.094094,0.00078,0.502749,0.449125,0.0,0.596843,0.3,low,0.028228,0.090998,0.119226,0
2026-07-26T04:20:54.232032,01/27 15:15,-15.6,0.0,,,,18.0,29.0,0.3764,0.094094,0.0,0.094094,0.000885,0.61936,0.506848,0.0,0.713454,0.3,low,0.028228,0.112104,0.140332,0
2026-07-26T04:20:54.253137,01/27 16:15,-16.0,0.0,,,,18.0,29.0,0.3764,0.094094,0.0,0.094094,0.000982,0.678408,0.53131,0.0,0.772502,0.55,high,0.051752,0.122792,0.174544,0
2026-07-26T04:20:54.278615,01/27 17:20,-17.35,0.0,,,,18.0,29.0,0.3764,0.094094,0.0,0.094094,0.00163,1.024194,0.775193,0.0,1.118288,0.55,high,0.051752,0.185379,0.237131,0
2026-07-26T04:20:54.299287,01/27 18:15,-17.8,0.0,,,,18.0,29.0,0.3764,0.094094,0.0,0.094094,0.002336,1.432366,1.152565,0.0,1.52646,0.55,high,0.051752,0.259258,0.31101,0
2026-07-26T04:21:13.890757,01/27 19:15,-17.93,0.0,,,,18.0,29.0,0.3764,0.094094,0.0,0.094094,0.003038,1.739487,1.369977,0.0,1.833581,0.55,high,0.051752,0.314847,0.366599,0
2026-07-26T04:21:13.916763,01/27 20:15,-18.18,0.0,,,,18.0,29.0,0.3764,0.094094,0.0,0.094094,0.00308,1.689492,1.35374,0.0,1.783586,0.55,high,0.051752,0.305798,0.35755,0
2026-07-26T04:21:13.943927,01/27 21:15,-17.65,0.0,,,,18.0,29.0,0.3764,0.094094,0.0,0.094094,0.003263,1.715595,1.369711,0.0,1.809689,0.4,moderate,0.037638,0.310523,0.34816,0
2026-07-26T04:21:13.965365,01/27 22:15,-17.2,0.0,,,,18.0,29.0,0.3764,0.094094,0.0,0.094094,0.003571,1.788026,1.427709,0.0,1.88212,0.4,moderate,0.037638,0.323633,0.36127,0
2026-07-26T04:21:13.986448,01/27 23:15,-17.2,0.0,,,,18.0,29.0,0.3764,0.094094,0.0,0.094094,0.003996,1.896909,1.513728,0.0,1.991003,0.4,moderate,0.037638,0.343341,0.380978,0
2026-07-26T04:21:14.010584,01/28 00:15,-17.2,0.0,,,,18.0,29.0,0.3764,0.094094,0.0,0.094094,0.004123,1.909714,1.53556,0.0,2.003808,0.34,low,0.031992,0.345658,0.37765,0
2026-07-26T04:21:33.987395,01/28 01:15,-17.2,0.0,,,,18.0,29.0,0.3764,0.094094,0.0,0.094094,0.004569,2.029435,1.633491,0.0,2.123529,0.34,low,0.031992,0.367328,0.39932,0
2026-07-26T04:21:34.011323,01/28 02:15,-17.2,0.0,,,,18.0,29.0,0.3764,0.094094,0.0,0.094094,0.004682,2.049962,1.647976,0.0,2.144056,0.34,low,0.031992,0.371043,0.403035,0
2026-07-26T04:21:34.035746,01/28 03:15,-17.07,0.0,,,,18.0,29.0,0.3764,0.094094,0.0,0.094094,0.005049,2.173056,1.748089,0.0,2.26715,0.34,low,0.031992,0.393323,0.425315,0
2026-07-26T04:21:34.059921,01/28 04:15,-16.7,0.0,,,,18.0,29.0,0.3764,0.094094,0.0,0.094094,0.004748,2.047078,1.650589,0.0,2.141172,0.34,low,0.031992,0.370521,0.402513,0
2026-07-26T04:21:34.082356,01/28 05:15,-16.7,0.0,,,,18.0,29.0,0.3764,0.094094,0.0,0.094094,0.004504,1.968584,1.588613,0.0,2.062678,0.34,low,0.031992,0.356314,0.388306,0
2026-07-26T04:21:34.103357,01/28 06:15,-16.7,0.0,,,,18.0,29.0,0.3764,0.094094,0.0,0.094094,0.004616,2.00874,1.61494,0.0,2.102834,0.43,moderate,0.04046,0.363582,0.404042,0
2026-07-26T04:21:53.209322,01/28 07:15,-16.55,0.0,,,,18.0,29.0,0.3764,0.094094,0.0,0.094094,0.018324,4.834605,3.893631,0.0,4.928699,0.43,moderate,0.04046,0.875064,0.915524,0
2026-07-26T04:21:53.235014,01/28 08:15,-15.83,0.0,,,,18.0,29.0,0.3764,0.094094,0.0,0.094094,0.018131,4.766552,3.838437,0.0,4.860646,0.43,moderate,0.04046,0.862746,0.903206,0
2026-07-26T04:21:53.261777,01/28 09:15,-14.45,52.0,18.52,18.0,20.25,18.0,29.0,0.3764,0.094094,0.0,0.094094,0.0145,2.922631,2.355077,0.0,3.016725,0.43,moderate,0.04046,0.528996,0.569457,1
2026-07-26T04:21:53.286982,01/28 10:15,-12.8,52.0,19.52,18.82,21.58,18.0,29.0,0.3764,0.094094,0.0,0.094094,0.011547,2.677257,2.172712,0.0,2.771351,0.3,low,0.028228,0.484584,0.512812,1
2026-07-26T04:21:53.311013,01/28 11:15,-12.38,52.0,20.04,19.31,22.08,18.0,29.0,0.3764,0.094094,0.0,0.094094,0.011363,2.68067,2.160638,0.0,2.774764,0.3,low,0.028228,0.485201,0.513429,1
2026-07-26T04:21:53.334585,01/28 12:15,-10.97,41.6,20.27,19.57,22.23,18.0,29.0,0.3764,0.094094,0.0,0.094094,0.009663,2.490658,2.017279,0.0,2.584752,0.3,low,0.028228,0.450809,0.479037,1
2026-07-26T04:22:14.800051,01/28 13:15,-10.3,20.8,20.35,20.0,21.76,20.0,27.0,0.3764,0.094094,0.0,0.094094,0.009387,2.677167,2.145036,0.0,2.771261,0.3,low,0.028228,0.484567,0.512795,0
2026-07-26T04:22:14.826991,01/28 14:15,-9.28,41.6,20.89,20.12,22.65,20.0,27.0,0.3764,0.094094,0.0,0.094094,0.008159,2.306441,1.866904,0.0,2.400535,0.3,low,0.028228,0.417466,0.445694,0
2026-07-26T04:22:14.850278,01/28 15:15,-8.9,52.0,20.94,20.2,22.98,20.0,27.0,0.3764,0.094094,0.0,0.094094,0.007694,2.252475,1.818372,0.0,2.346569,0.3,low,0.028228,0.407698,0.435926,0
2026-07-26T04:22:14.872817,01/28 16:15,-8.75,52.0,20.71,20.01,22.88,20.0,27.0,0.3764,0.094094,0.0,0.094094,0.007629,2.250936,1.813132,0.0,2.34503,0.55,high,0.051752,0.407419,0.459171,0
2026-07-26T04:22:14.899972,01/28 17:15,-8.3,52.0,20.52,20.0,22.62,20.0,27.0,0.3764,0.094094,0.0,0.094094,0.007383,2.324485,1.885292,0.0,2.418579,0.55,high,0.051752,0.420732,0.472483,0
2026-07-26T04:22:14.922161,01/28 18:15,-8.18,52.0,20.49,20.0,22.46,20.0,27.0,0.3764,0.094094,0.0,0.094094,0.007571,2.503835,2.021912,0.0,2.597929,0.55,high,0.051752,0.453194,0.504946,0
2026-07-26T04:22:35.624388,01/28 19:15,-7.8,26.0,20.22,20.0,21.08,20.0,26.0,0.3764,0.094094,0.0,0.094094,0.008571,3.247825,2.619712,0.0,3.341919,0.55,high,0.051752,0.587856,0.639608,0
2026-07-26T04:22:35.652418,01/28 20:15,-7.8,0.0,,,,20.0,26.0,0.3764,0.094094,0.0,0.094094,0.01042,3.962052,3.192626,0.0,4.056146,0.55,high,0.051752,0.717131,0.768883,0
2026-07-26T04:22:35.674523,01/28 21:15,-7.92,0.0,,,,20.0,26.0,0.3764,0.094094,0.0,0.094094,0.003707,1.951868,1.579058,0.0,2.045962,0.4,moderate,0.037638,0.353288,0.390926,0
2026-07-26T04:22:35.695771,01/28 22:15,-8.3,0.0,,,,20.0,26.0,0.3764,0.094094,0.0,0.094094,0.005178,2.481875,1.972946,0.0,2.575969,0.4,moderate,0.037638,0.449219,0.486857,0
2026-07-26T04:22:35.719055,01/28 23:15,-8.3,0.0,,,,20.0,26.0,0.3764,0.094094,0.0,0.094094,0.005175,2.45879,1.980805,0.0,2.552884,0.4,moderate,0.037638,0.445041,0.482679,0
2026-07-26T04:22:35.741103,01/29 00:15,-8.18,0.0,,,,20.0,26.0,0.3764,0.094094,0.0,0.094094,0.00485,2.366009,1.911544,0.0,2.460103,0.34,low,0.031992,0.428248,0.46024,0
2026-07-26T04:22:55.569551,01/29 01:15,-7.65,0.0,,,,18.0,28.0,0.3764,0.094094,0.0,0.094094,0.000664,0.424082,0.457434,0.0,0.518176,0.34,low,0.031992,0.076759,0.108751,0
2026-07-26T04:22:55.594374,01/29 02:15,-7.2,0.0,,,,18.0,28.0,0.3764,0.094094,0.0,0.094094,0.000835,0.646144,0.555171,0.0,0.740238,0.34,low,0.031992,0.116952,0.148944,0
2026-07-26T04:22:55.619514,01/29 03:15,-7.2,0.0,,,,18.0,28.0,0.3764,0.094094,0.0,0.094094,0.000975,0.781322,0.630043,0.0,0.875416,0.34,low,0.031992,0.141419,0.173411,0
2026-07-26T04:22:55.642213,01/29 04:15,-7.2,0.0,,,,18.0,28.0,0.3764,0.094094,0.0,0.094094,0.001051,0.837088,0.67055,0.0,0.931182,0.34,low,0.031992,0.151513,0.183505,0
2026-07-26T04:22:55.663160,01/29 05:15,-7.08,0.0,,,,18.0,28.0,0.3764,0.094094,0.0,0.094094,0.001308,1.008312,0.794149,0.0,1.102406,0.34,low,0.031992,0.182504,0.214496,0
2026-07-26T04:22:55.684833,01/29 06:15,-6.83,0.0,,,,18.0,28.0,0.3764,0.094094,0.0,0.094094,0.0017,1.223725,0.956706,0.0,1.317819,0.43,moderate,0.04046,0.221494,0.261955,0
2026-07-26T04:23:14.854770,01/29 07:15,-7.35,0.0,,,,18.0,29.0,0.3764,0.094094,0.0,0.094094,0.009407,3.464472,2.787975,0.0,3.558566,0.43,moderate,0.04046,0.627069,0.66753,0
2026-07-26T04:23:14.881829,01/29 08:15,-8.07,0.0,,,,18.0,29.0,0.3764,0.094094,0.0,0.094094,0.009387,3.367612,2.704676,0.0,3.461706,0.43,moderate,0.04046,0.609538,0.649998,0
2026-07-26T04:23:14.910371,01/29 09:15,-8.75,52.0,18.8,18.27,20.17,18.0,29.0,0.3764,0.094094,0.0,0.094094,0.008228,2.313275,1.857931,0.0,2.407369,0.43,moderate,0.04046,0.418703,0.459163,1
2026-07-26T04:23:14.936412,01/29 10:15,-8.45,52.0,19.74,19.09,21.46,18.0,29.0,0.3764,0.094094,0.0,0.094094,0.007705,2.230084,1.80063,0.0,2.324178,0.3,low,0.028228,0.403645,0.431873,1
2026-07-26T04:23:14.960790,01/29 11:15,-8.75,52.0,20.41,19.76,22.1,18.0,29.0,0.3764,0.094094,0.0,0.094094,0.007939,2.283809,1.837311,0.0,2.377903,0.3,low,0.028228,0.413369,0.441598,1
2026-07-26T04:23:14.984857,01/29 12:15,-8.3,41.6,20.89,20.07,22.29,18.0,29.0,0.3764,0.094094,0.0,0.094094,0.007427,2.203978,1.779939,0.0,2.298072,0.3,low,0.028228,0.39892,0.427148,0
2026-07-26T04:23:35.847547,01/29 13:15,-8.18,20.8,20.82,20.0,21.92,20.0,27.0,0.3764,0.094094,0.0,0.094094,0.007341,2.224124,1.792434,0.0,2.318218,0.3,low,0.028228,0.402566,0.430795,0
2026-07-26T04:23:35.873694,01/29 14:15,-7.92,41.6,21.28,20.22,22.58,20.0,27.0,0.3764,0.094094,0.0,0.094094,0.006897,2.13173,1.721091,0.0,2.225824,0.3,low,0.028228,0.385843,0.414071,0
2026-07-26T04:23:35.897497,01/29 15:15,-8.45,52.0,21.6,20.57,23.17,20.0,27.0,0.3764,0.094094,0.0,0.094094,0.007063,2.175376,1.750059,0.0,2.26947,0.3,low,0.028228,0.393743,0.421971,0
2026-07-26T04:23:35.920741,01/29 16:15,-9.33,52.0,21.54,20.34,23.11,20.0,27.0,0.3764,0.094094,0.0,0.094094,0.007364,2.227908,1.790467,0.0,2.322002,0.55,high,0.051752,0.403251,0.455003,0
2026-07-26T04:23:35.944008,01/29 17:23,-10.6,52.0,20.93,20.0,22.69,20.0,27.0,0.3764,0.094094,0.0,0.094094,0.008677,2.487835,2.001352,0.0,2.581929,0.55,high,0.051752,0.450298,0.50205,0
2026-07-26T04:23:35.965160,01/29 18:15,-10.72,52.0,20.6,20.0,22.53,20.0,27.0,0.3764,0.094094,0.0,0.094094,0.008853,2.599157,2.095668,0.0,2.693251,0.55,high,0.051752,0.470447,0.522199,0
2026-07-26T04:23:57.329228,01/29 19:15,-11.25,26.0,20.22,20.0,21.07,20.0,26.0,0.3764,0.094094,0.0,0.094094,0.010777,3.591516,2.894481,0.0,3.68561,0.55,high,0.051752,0.650064,0.701816,0
2026-07-26T04:23:57.357253,01/29 20:15,-11.82,0.0,,,,20.0,26.0,0.3764,0.094094,0.0,0.094094,0.013511,4.453426,3.583643,0.0,4.54752,0.55,high,0.051752,0.80607,0.857822,0
2026-07-26T04:23:57.382299,01/29 21:15,-12.35,0.0,,,,20.0,26.0,0.3764,0.094094,0.0,0.094094,0.004494,2.183014,1.755032,0.0,2.277108,0.4,moderate,0.037638,0.395126,0.432763,0
2026-07-26T04:23:57.408070,01/29 22:15,-12.93,0.0,,,,20.0,26.0,0.3764,0.094094,0.0,0.094094,0.006136,2.681993,2.136359,0.0,2.776087,0.4,moderate,0.037638,0.485441,0.523078,0
2026-07-26T04:23:57.432617,01/29 23:15,-13.45,0.0,,,,20.0,26.0,0.3764,0.094094,0.0,0.094094,0.00754,2.98652,2.386751,0.0,3.080614,0.4,moderate,0.037638,0.54056,0.578198,0
2026-07-26T04:23:57.458970,01/30 00:15,-14.45,0.0,,,,20.0,26.0,0.3764,0.094094,0.0,0.094094,0.006945,2.83907,2.296252,0.0,2.933164,0.34,low,0.031992,0.513872,0.545864,0
2026-07-26T04:24:17.411193,01/30 01:15,-16.25,0.0,,,,18.0,28.0,0.3764,0.094094,0.0,0.094094,0.001464,0.961259,0.850442,0.0,1.055353,0.34,low,0.031992,0.173988,0.20598,0
2026-07-26T04:24:17.439815,01/30 02:15,-16.82,0.0,,,,18.0,28.0,0.3764,0.094094,0.0,0.094094,0.002189,1.441119,1.13715,0.0,1.535213,0.34,low,0.031992,0.260843,0.292834,0
2026-07-26T04:24:17.462830,01/30 03:15,-17.2,0.0,,,,18.0,28.0,0.3764,0.094094,0.0,0.094094,0.002698,1.633776,1.283851,0.0,1.72787,0.34,low,0.031992,0.295713,0.327705,0
2026-07-26T04:24:17.485522,01/30 04:15,-17.2,0.0,,,,18.0,28.0,0.3764,0.094094,0.0,0.094094,0.003118,1.730369,1.371934,0.0,1.824463,0.34,low,0.031992,0.313197,0.345189,0
2026-07-26T04:24:17.505845,01/30 05:15,-16.8,0.0,,,,18.0,28.0,0.3764,0.094094,0.0,0.094094,0.00344,1.792817,1.429589,0.0,1.886911,0.34,low,0.031992,0.3245,0.356492,0
2026-07-26T04:24:17.529858,01/30 06:15,-15.45,0.0,,,,18.0,28.0,0.3764,0.094094,0.0,0.094094,0.003708,1.841471,1.474314,0.0,1.935565,0.43,moderate,0.04046,0.333306,0.373767,0
2026-07-26T04:24:36.029983,01/30 07:15,-14.85,0.0,,,,18.0,29.0,0.3764,0.094094,0.0,0.094094,0.017344,4.520711,3.644098,0.0,4.614805,0.43,moderate,0.04046,0.818249,0.858709,0
2026-07-26T04:24:36.054156,01/30 08:15,-14.12,0.0,,,,18.0,29.0,0.3764,0.094094,0.0,0.094094,0.016118,4.318267,3.481765,0.0,4.412361,0.43,moderate,0.04046,0.781606,0.822067,0
2026-07-26T04:24:36.081424,01/30 09:15,-12.75,52.0,18.75,18.18,20.54,18.0,29.0,0.3764,0.094094,0.0,0.094094,0.012193,2.743366,2.218136,0.0,2.83746,0.43,moderate,0.04046,0.496549,0.53701,1
2026-07-26T04:24:36.102422,01/30 10:15,-10.97,52.0,19.72,19.03,21.82,18.0,29.0,0.3764,0.094094,0.0,0.094094,0.00992,2.50929,2.034947,0.0,2.603384,0.3,low,0.028228,0.454181,0.48241,1
2026-07-26T04:24:36.123997,01/30 11:15,-10.3,52.0,20.25,19.54,22.35,18.0,29.0,0.3764,0.094094,0.0,0.094094,0.009359,2.457898,1.983868,0.0,2.551992,0.3,low,0.028228,0.44488,0.473108,1
2026-07-26T04:24:36.144994,01/30 12:15,-9.28,41.6,20.46,19.79,22.41,18.0,29.0,0.3764,0.094094,0.0,0.094094,0.008332,2.32292,1.87999,0.0,2.417014,0.3,low,0.028228,0.420449,0.448677,1
2026-07-26T04:24:56.296696,01/30 13:15,-8.75,20.8,20.44,20.0,22.11,20.0,27.0,0.3764,0.094094,0.0,0.094094,0.007966,2.365592,1.902069,0.0,2.459686,0.3,low,0.028228,0.428172,0.4564,0
2026-07-26T04:24:56.318690,01/30 14:15,-8.03,41.6,20.76,20.15,22.62,20.0,27.0,0.3764,0.094094,0.0,0.094094,0.007396,2.201344,1.777512,0.0,2.295438,0.3,low,0.028228,0.398443,0.426671,0
2026-07-26T04:24:56.337691,01/30 15:15,-7.2,52.0,21.1,20.41,23.08,20.0,27.0,0.3764,0.094094,0.0,0.094094,0.006685,2.081362,1.682667,0.0,2.175456,0.3,low,0.028228,0.376727,0.404955,0
2026-07-26T04:24:56.356691,01/30 16:15,-6.93,52.0,20.99,20.3,23.09,20.0,27.0,0.3764,0.094094,0.0,0.094094,0.006613,2.081224,1.676718,0.0,2.175318,0.55,high,0.051752,0.376702,0.428453,0
2026-07-26T04:24:56.375691,01/30 17:15,-6.1,52.0,20.66,20.01,22.82,20.0,27.0,0.3764,0.094094,0.0,0.094094,0.00607,1.967347,1.588763,0.0,2.061441,0.55,high,0.051752,0.35609,0.407842,0
2026-07-26T04:24:56.394698,01/30 18:15,-6.37,52.0,20.62,20.0,22.85,20.0,27.0,0.3764,0.094094,0.0,0.094094,0.006095,1.998884,1.610109,0.0,2.092978,0.55,high,0.051752,0.361798,0.41355,0
2026-07-26T04:25:17.352685,01/30 19:15,-7.08,26.0,20.32,20.0,21.62,20.0,26.0,0.3764,0.094094,0.0,0.094094,0.007612,2.864774,2.305554,0.0,2.958868,0.55,high,0.051752,0.518524,0.570276,0
2026-07-26T04:25:17.374354,01/30 20:15,-6.43,0.0,,,,20.0,26.0,0.3764,0.094094,0.0,0.094094,0.008479,3.345626,2.695137,0.0,3.43972,0.55,high,0.051752,0.605558,0.65731,0
2026-07-26T04:25:17.394677,01/30 21:15,-5.72,0.0,,,,20.0,26.0,0.3764,0.094094,0.0,0.094094,0.002285,1.367145,1.112507,0.0,1.461239,0.4,moderate,0.037638,0.247453,0.285091,0
2026-07-26T04:25:17.415120,01/30 22:15,-6.37,0.0,,,,20.0,26.0,0.3764,0.094094,0.0,0.094094,0.003418,1.918504,1.517837,0.0,2.012598,0.4,moderate,0.037638,0.347249,0.384887,0
2026-07-26T04:25:17.433384,01/30 23:15,-7.35,0.0,,,,20.0,26.0,0.3764,0.094094,0.0,0.094094,0.003712,2.003653,1.606843,0.0,2.097747,0.4,moderate,0.037638,0.362661,0.400299,0
2026-07-26T04:25:17.452136,01/31 00:15,-7.65,0.0,,,,20.0,26.0,0.3764,0.094094,0.0,0.094094,0.003563,1.939387,1.56635,0.0,2.033481,0.34,low,0.031992,0.351029,0.383021,0
2026-07-26T04:25:37.572876,01/31 01:15,-7.08,0.0,,,,18.0,28.0,0.3764,0.094094,0.0,0.094094,0.00037,0.22251,0.273127,0.0,0.316604,0.34,low,0.031992,0.040274,0.072266,0
2026-07-26T04:25:37.593896,01/31 02:15,-6.7,0.0,,,,18.0,28.0,0.3764,0.094094,0.0,0.094094,0.000697,0.529495,0.476948,0.0,0.623589,0.34,low,0.031992,0.095839,0.127831,0
2026-07-26T04:25:37.618050,01/31 03:15,-6.7,0.0,,,,18.0,28.0,0.3764,0.094094,0.0,0.094094,0.001143,0.900394,0.708797,0.0,0.994488,0.34,low,0.031992,0.162971,0.194963,0
2026-07-26T04:25:37.639041,01/31 04:15,-6.7,0.0,,,,18.0,28.0,0.3764,0.094094,0.0,0.094094,0.001214,0.931868,0.744227,0.0,1.025962,0.34,low,0.031992,0.168668,0.20066,0
2026-07-26T04:25:37.660144,01/31 05:15,-6.55,0.0,,,,18.0,28.0,0.3764,0.094094,0.0,0.094094,0.001338,1.005493,0.801818,0.0,1.099587,0.34,low,0.031992,0.181994,0.213986,0
2026-07-26T04:25:37.680566,01/31 06:15,-5.97,0.0,,,,18.0,28.0,0.3764,0.094094,0.0,0.094094,0.001347,1.003419,0.807695,0.0,1.097513,0.43,moderate,0.04046,0.181619,0.222079,0
2026-07-26T04:25:57.644766,01/31 07:15,-5.45,0.0,,,,18.0,29.0,0.3764,0.094094,0.0,0.094094,0.00799,2.976394,2.397163,0.0,3.070488,0.43,moderate,0.04046,0.538727,0.579188,0
2026-07-26T04:25:57.665304,01/31 08:15,-4.72,0.0,,,,18.0,29.0,0.3764,0.094094,0.0,0.094094,0.007543,2.790358,2.244196,0.0,2.884452,0.43,moderate,0.04046,0.505055,0.545515,0
2026-07-26T04:25:57.688305,01/31 09:15,-3.75,52.0,19.43,18.94,20.85,18.0,29.0,0.3764,0.094094,0.0,0.094094,0.005885,1.815594,1.464337,0.0,1.909688,0.43,moderate,0.04046,0.328623,0.369083,1
2026-07-26T04:25:57.708522,01/31 10:15,-3.02,52.0,20.69,20.01,22.29,18.0,29.0,0.3764,0.094094,0.0,0.094094,0.005503,1.738791,1.403741,0.0,1.832885,0.3,low,0.028228,0.314721,0.342949,0
2026-07-26T04:25:57.728535,01/31 11:15,-2.08,52.0,21.31,20.62,22.76,18.0,29.0,0.3764,0.094094,0.0,0.094094,0.004998,1.614118,1.302932,0.0,1.708212,0.3,low,0.028228,0.292155,0.320384,0
2026-07-26T04:25:57.749068,01/31 12:15,-1.55,41.6,21.68,20.94,23.02,18.0,29.0,0.3764,0.094094,0.0,0.094094,0.004706,1.549764,1.250835,0.0,1.643858,0.3,low,0.028228,0.280507,0.308735,0
2026-07-26T04:26:18.730409,01/31 13:15,-1.1,20.8,21.47,20.66,22.72,20.0,27.0,0.3764,0.094094,0.0,0.094094,0.004449,1.481973,1.194552,0.0,1.576067,0.3,low,0.028228,0.268237,0.296465,0
2026-07-26T04:26:18.753723,01/31 14:15,-1.25,41.6,21.68,20.92,23.16,20.0,27.0,0.3764,0.094094,0.0,0.094094,0.004335,1.467611,1.184737,0.0,1.561705,0.3,low,0.028228,0.265638,0.293866,0
2026-07-26T04:26:18.774789,01/31 15:15,-1.7,52.0,21.64,20.9,23.33,20.0,27.0,0.3764,0.094094,0.0,0.094094,0.004404,1.518153,1.224851,0.0,1.612247,0.3,low,0.028228,0.274786,0.303014,0
2026-07-26T04:26:18.795723,01/31 16:15,-1.7,52.0,21.45,20.71,23.33,20.0,27.0,0.3764,0.094094,0.0,0.094094,0.004379,1.51815,1.22256,0.0,1.612244,0.55,high,0.051752,0.274785,0.326537,0
2026-07-26T04:26:18.813732,01/31 17:15,-1.82,52.0,20.97,20.28,22.97,20.0,27.0,0.3764,0.094094,0.0,0.094094,0.004384,1.519759,1.222989,0.0,1.613853,0.55,high,0.051752,0.275076,0.326828,0
2026-07-26T04:26:18.832635,01/31 18:15,-2.08,52.0,20.81,20.12,22.89,20.0,27.0,0.3764,0.094094,0.0,0.094094,0.004544,1.571634,1.264933,0.0,1.665728,0.55,high,0.051752,0.284466,0.336217,0
2026-07-26T04:26:39.568118,01/31 19:15,-1.7,26.0,20.3,20.0,21.5,20.0,26.0,0.3764,0.094094,0.0,0.094094,0.005191,2.093281,1.700511,0.0,2.187375,0.55,high,0.051752,0.378884,0.430636,0
2026-07-26T04:26:39.590661,01/31 20:15,-1.55,0.0,,,,20.0,26.0,0.3764,0.094094,0.0,0.094094,0.006647,2.862956,2.303022,0.0,2.95705,0.55,high,0.051752,0.518195,0.569947,0
2026-07-26T04:26:39.611695,01/31 21:15,-1.48,0.0,,,,20.0,26.0,0.3764,0.094094,0.0,0.094094,0.002352,1.435875,1.17091,0.0,1.529969,0.4,moderate,0.037638,0.259893,0.297531,0
2026-07-26T04:26:39.632188,01/31 22:15,-3.0,0.0,,,,20.0,26.0,0.3764,0.094094,0.0,0.094094,0.003215,1.85059,1.469917,0.0,1.944684,0.4,moderate,0.037638,0.334957,0.372594,0
2026-07-26T04:26:39.651779,01/31 23:15,-4.6,0.0,,,,20.0,26.0,0.3764,0.094094,0.0,0.094094,0.003826,2.060351,1.642206,0.0,2.154445,0.4,moderate,0.037638,0.372924,0.410561,0
2026-07-26T04:26:39.671942,02/01 00:15,-6.17,0.0,,,,20.0,26.0,0.3764,0.094094,0.0,0.094094,0.004356,2.232226,1.78432,0.0,2.32632,0.34,low,0.031992,0.404033,0.436025,0
2026-07-26T04:26:58.933088,02/01 01:15,-7.7,0.0,,,,18.0,28.0,0.3764,0.094094,0.0,0.094094,0.000635,0.394733,0.434003,0.0,0.488827,0.34,low,0.031992,0.071447,0.103439,0
2026-07-26T04:26:58.956374,02/01 02:15,-9.3,0.0,,,,18.0,28.0,0.3764,0.094094,0.0,0.094094,0.001283,0.943812,0.763154,0.0,1.037906,0.34,low,0.031992,0.17083,0.202822,0
2026-07-26T04:26:58.978478,02/01 03:15,-10.93,0.0,,,,18.0,28.0,0.3764,0.094094,0.0,0.094094,0.001734,1.215331,0.952266,0.0,1.309425,0.34,low,0.031992,0.219975,0.251967,0
2026-07-26T04:26:58.999030,02/01 04:15,-12.47,0.0,,,,18.0,28.0,0.3764,0.094094,0.0,0.094094,0.002157,1.403985,1.10643,0.0,1.498079,0.34,low,0.031992,0.254121,0.286113,0
2026-07-26T04:26:59.019332,02/01 05:15,-13.3,0.0,,,,18.0,28.0,0.3764,0.094094,0.0,0.094094,0.002621,1.592093,1.261673,0.0,1.686187,0.34,low,0.031992,0.288169,0.320161,0
2026-07-26T04:26:59.037798,02/01 06:15,-13.45,0.0,,,,18.0,28.0,0.3764,0.094094,0.0,0.094094,0.002995,1.723577,1.366342,0.0,1.817671,0.43,moderate,0.04046,0.311967,0.352428,0
2026-07-26T04:27:17.959544,02/01 07:15,-13.9,0.0,,,,18.0,29.0,0.3764,0.094094,0.0,0.094094,0.015605,4.405328,3.541591,0.0,4.499422,0.43,moderate,0.04046,0.797364,0.837825,0
2026-07-26T04:27:17.982404,02/01 08:15,-13.48,0.0,,,,18.0,29.0,0.3764,0.094094,0.0,0.094094,0.015546,4.346162,3.49872,0.0,4.440256,0.43,moderate,0.04046,0.786655,0.827116,0
2026-07-26T04:27:18.002486,02/01 09:23,-11.8,52.0,18.94,18.25,20.33,18.0,29.0,0.3764,0.094094,0.0,0.094094,0.010908,2.621195,2.12321,0.0,2.715289,0.43,moderate,0.04046,0.474436,0.514897,1
2026-07-26T04:27:18.026537,02/01 10:23,-10.17,52.0,20.43,19.25,22.13,18.0,29.0,0.3764,0.094094,0.0,0.094094,0.00937,2.450898,1.984672,0.0,2.544992,0.3,low,0.028228,0.443613,0.471841,1
2026-07-26T04:27:18.059956,02/01 11:23,-8.62,52.0,21.47,19.87,23.81,18.0,29.0,0.3764,0.094094,0.0,0.094094,0.00791,2.262026,1.834979,0.0,2.35612,0.3,low,0.028228,0.409427,0.437655,1
2026-07-26T04:27:18.082040,02/01 12:23,-7.52,41.6,21.93,20.14,23.97,18.0,29.0,0.3764,0.094094,0.0,0.094094,0.007032,2.139864,1.732194,0.0,2.233958,0.3,low,0.028228,0.387315,0.415544,0
2026-07-26T04:27:39.286526,02/01 13:15,-6.55,20.8,21.78,20.06,23.02,20.0,27.0,0.3764,0.094094,0.0,0.094094,0.006332,2.020881,1.634413,0.0,2.114975,0.3,low,0.028228,0.365779,0.394008,0
2026-07-26T04:27:39.309553,02/01 14:15,-5.97,41.6,22.24,20.49,24.49,20.0,27.0,0.3764,0.094094,0.0,0.094094,0.005884,1.947157,1.571879,0.0,2.041251,0.3,low,0.028228,0.352435,0.380664,0
2026-07-26T04:27:39.331246,02/01 15:15,-5.45,52.0,22.82,21.26,25.7,20.0,27.0,0.3764,0.094094,0.0,0.094094,0.005532,1.882122,1.519559,0.0,1.976216,0.3,low,0.028228,0.340664,0.368892,0
2026-07-26T04:27:39.353095,02/01 16:15,-5.28,52.0,22.86,21.31,25.65,20.0,27.0,0.3764,0.094094,0.0,0.094094,0.005206,1.8132,1.46341,0.0,1.907294,0.55,high,0.051752,0.328189,0.379941,0
2026-07-26T04:27:39.376681,02/01 17:20,-6.65,52.0,22.15,20.86,23.82,20.0,27.0,0.3764,0.094094,0.0,0.094094,0.005619,1.928178,1.547077,0.0,2.022272,0.55,high,0.051752,0.349,0.400752,0
2026-07-26T04:27:39.397668,02/01 18:23,-9.0,52.0,21.41,20.44,23.61,20.0,27.0,0.3764,0.094094,0.0,0.094094,0.00678,2.160841,1.724243,0.0,2.254935,0.55,high,0.051752,0.391112,0.442864,0
2026-07-26T04:27:59.791100,02/01 19:15,-11.25,26.0,20.43,20.0,22.15,20.0,26.0,0.3764,0.094094,0.0,0.094094,0.009408,2.862854,2.29381,0.0,2.956948,0.55,high,0.051752,0.518177,0.569928,0
2026-07-26T04:27:59.815097,02/01 20:15,-12.1,0.0,,,,20.0,26.0,0.3764,0.094094,0.0,0.094094,0.011935,3.958357,3.185107,0.0,4.052451,0.55,high,0.051752,0.716463,0.768214,0
2026-07-26T04:27:59.835876,02/01 21:15,-13.45,0.0,,,,20.0,26.0,0.3764,0.094094,0.0,0.094094,0.00331,1.721805,1.363903,0.0,1.815899,0.4,moderate,0.037638,0.311647,0.349284,0
2026-07-26T04:27:59.855884,02/01 22:15,-13.9,0.0,,,,20.0,26.0,0.3764,0.094094,0.0,0.094094,0.004806,2.288227,1.820624,0.0,2.382321,0.4,moderate,0.037638,0.414169,0.451807,0
2026-07-26T04:27:59.909876,02/01 23:15,-13.9,0.0,,,,20.0,26.0,0.3764,0.094094,0.0,0.094094,0.005347,2.449332,1.965894,0.0,2.543426,0.4,moderate,0.037638,0.443329,0.480967,0
2026-07-26T04:27:59.931994,02/02 00:15,-13.75,0.0,,,,20.0,26.0,0.3764,0.094094,0.0,0.094094,0.006105,2.665351,2.135356,0.0,2.759445,0.34,low,0.031992,0.482429,0.51442,0
2026-07-26T04:28:19.539144,02/02 01:15,-13.58,0.0,,,,18.0,28.0,0.3764,0.094094,0.0,0.094094,0.000993,0.641462,0.634033,0.0,0.735556,0.34,low,0.031992,0.116105,0.148097,0
2026-07-26T04:28:19.561539,02/02 02:15,-14.28,0.0,,,,18.0,28.0,0.3764,0.094094,0.0,0.094094,0.001544,1.113233,0.891794,0.0,1.207327,0.34,low,0.031992,0.201495,0.233487,0
2026-07-26T04:28:19.584539,02/02 03:15,-14.18,0.0,,,,18.0,28.0,0.3764,0.094094,0.0,0.094094,0.001764,1.241245,0.9914,0.0,1.335339,0.34,low,0.031992,0.224665,0.256657,0
2026-07-26T04:28:19.614539,02/02 04:15,-14.85,0.0,,,,18.0,28.0,0.3764,0.094094,0.0,0.094094,0.002211,1.435544,1.122449,0.0,1.529638,0.34,low,0.031992,0.259833,0.291825,0
2026-07-26T04:28:19.634547,02/02 05:15,-14.7,0.0,,,,18.0,28.0,0.3764,0.094094,0.0,0.094094,0.002317,1.418302,1.129623,0.0,1.512396,0.34,low,0.031992,0.256713,0.288705,0
2026-07-26T04:28:19.654539,02/02 06:15,-15.17,0.0,,,,18.0,28.0,0.3764,0.094094,0.0,0.094094,0.0027,1.552447,1.230884,0.0,1.646541,0.43,moderate,0.04046,0.280993,0.321453,0
2026-07-26T04:28:38.750632,02/02 07:15,-13.75,0.0,,,,18.0,29.0,0.3764,0.094094,0.0,0.094094,0.002804,1.550881,1.24084,0.0,1.644975,0.43,moderate,0.04046,0.280709,0.32117,0
2026-07-26T04:28:38.773756,02/02 08:15,-12.63,0.0,,,,18.0,29.0,0.3764,0.094094,0.0,0.094094,0.002203,1.214103,0.976361,0.0,1.308197,0.43,moderate,0.04046,0.219753,0.260213,0
2026-07-26T04:28:38.804916,02/02 09:15,-9.75,0.0,,,,18.0,29.0,0.3764,0.094094,0.0,0.094094,0.001611,0.885637,0.712377,0.0,0.979731,0.43,moderate,0.04046,0.1603,0.200761,0
2026-07-26T04:28:38.824408,02/02 10:15,-7.08,0.0,,,,18.0,29.0,0.3764,0.094094,0.0,0.094094,0.001148,0.636258,0.51988,0.0,0.730352,0.3,low,0.028228,0.115163,0.143391,0
2026-07-26T04:28:38.846387,02/02 11:15,-6.12,0.0,,,,18.0,29.0,0.3764,0.094094,0.0,0.094094,0.000447,0.245531,0.181571,0.0,0.339625,0.3,low,0.028228,0.044441,0.072669,0
2026-07-26T04:28:38.866811,02/02 12:15,-3.85,0.0,,,,18.0,29.0,0.3764,0.094094,0.0,0.094094,6.2e-05,0.034059,0.049177,0.0,0.128153,0.3,low,0.028228,0.006165,0.034393,0
2026-07-26T04:28:58.067352,02/02 13:15,-1.93,0.0,,,,18.0,29.0,0.3764,0.094094,0.0,0.094094,0.0,0.0,0.0,0.0,0.094094,0.3,low,0.028228,0.0,0.028228,0
2026-07-26T04:28:58.089349,02/02 14:15,-0.98,0.0,,,,18.0,29.0,0.3764,0.094094,0.0,0.094094,0.0,0.0,0.0,0.0,0.094094,0.3,low,0.028228,0.0,0.028228,0
2026-07-26T04:28:58.111350,02/02 15:15,-0.6,0.0,,,,18.0,29.0,0.3764,0.094094,0.0,0.094094,0.0,0.0,0.0,0.0,0.094094,0.3,low,0.028228,0.0,0.028228,0
2026-07-26T04:28:58.131349,02/02 16:15,-0.88,0.0,,,,18.0,29.0,0.3764,0.094094,0.0,0.094094,7.3e-05,0.04161,0.055205,0.0,0.135704,0.55,high,0.051752,0.007531,0.059283,0
2026-07-26T04:28:58.151349,02/02 17:15,-1.82,0.0,,,,18.0,29.0,0.3764,0.094094,0.0,0.094094,0.000277,0.182426,0.210048,0.0,0.27652,0.55,high,0.051752,0.033019,0.084771,0
2026-07-26T04:28:58.168358,02/02 18:15,-2.35,0.0,,,,18.0,29.0,0.3764,0.094094,0.0,0.094094,0.000517,0.400177,0.367502,0.0,0.494271,0.55,high,0.051752,0.072432,0.124184,0
2026-07-26T04:29:17.424357,02/02 19:15,-2.8,0.0,,,,18.0,29.0,0.3764,0.094094,0.0,0.094094,0.000727,0.599656,0.491028,0.0,0.69375,0.55,high,0.051752,0.108538,0.160289,0
2026-07-26T04:29:17.447528,02/02 20:15,-2.65,0.0,,,,18.0,29.0,0.3764,0.094094,0.0,0.094094,0.000814,0.673528,0.53842,0.0,0.767622,0.55,high,0.051752,0.121909,0.17366,0
2026-07-26T04:29:17.467435,02/02 21:15,-2.08,0.0,,,,18.0,29.0,0.3764,0.094094,0.0,0.094094,0.000829,0.681616,0.547382,0.0,0.77571,0.4,moderate,0.037638,0.123372,0.16101,0
2026-07-26T04:29:17.487941,02/02 22:15,-1.7,0.0,,,,18.0,29.0,0.3764,0.094094,0.0,0.094094,0.000855,0.698505,0.560982,0.0,0.792599,0.4,moderate,0.037638,0.126429,0.164067,0
2026-07-26T04:29:17.507436,02/02 23:15,-1.7,0.0,,,,18.0,29.0,0.3764,0.094094,0.0,0.094094,0.000833,0.681023,0.548504,0.0,0.775117,0.4,moderate,0.037638,0.123265,0.160903,0
2026-07-26T04:29:17.536147,02/03 00:15,-1.82,0.0,,,,18.0,29.0,0.3764,0.094094,0.0,0.094094,0.000875,0.712721,0.572116,0.0,0.806815,0.34,low,0.031992,0.129003,0.160994,0
2026-07-26T04:29:36.481005,02/03 01:15,-2.08,0.0,,,,18.0,29.0,0.3764,0.094094,0.0,0.094094,0.000788,0.645063,0.525982,0.0,0.739157,0.34,low,0.031992,0.116756,0.148748,0
2026-07-26T04:29:36.505710,02/03 02:15,-1.7,0.0,,,,18.0,29.0,0.3764,0.094094,0.0,0.094094,0.000794,0.653522,0.527589,0.0,0.747616,0.34,low,0.031992,0.118287,0.150279,0
2026-07-26T04:29:36.527744,02/03 03:15,-1.7,0.0,,,,18.0,29.0,0.3764,0.094094,0.0,0.094094,0.000792,0.653862,0.526476,0.0,0.747956,0.34,low,0.031992,0.118349,0.150341,0
2026-07-26T04:29:36.548585,02/03 04:15,-1.82,0.0,,,,18.0,29.0,0.3764,0.094094,0.0,0.094094,0.000821,0.676246,0.542573,0.0,0.77034,0.34,low,0.031992,0.122401,0.154392,0
2026-07-26T04:29:36.576388,02/03 05:15,-2.2,0.0,,,,18.0,29.0,0.3764,0.094094,0.0,0.094094,0.00086,0.703836,0.563916,0.0,0.79793,0.34,low,0.031992,0.127394,0.159386,0
2026-07-26T04:29:36.596877,02/03 06:15,-2.08,0.0,,,,18.0,29.0,0.3764,0.094094,0.0,0.094094,0.000901,0.731133,0.584712,0.0,0.825227,0.43,moderate,0.04046,0.132335,0.172795,0
2026-07-26T04:29:56.142347,02/03 07:15,-1.7,0.0,,,,18.0,29.0,0.3764,0.094094,0.0,0.094094,0.000907,0.731712,0.587159,0.0,0.825806,0.43,moderate,0.04046,0.13244,0.1729,0
2026-07-26T04:29:56.166760,02/03 08:15,-1.82,0.0,,,,18.0,29.0,0.3764,0.094094,0.0,0.094094,0.000615,0.508192,0.42576,0.0,0.602286,0.43,moderate,0.04046,0.091983,0.132443,0
2026-07-26T04:29:56.184761,02/03 09:15,-2.2,0.0,,,,18.0,29.0,0.3764,0.094094,0.0,0.094094,0.000384,0.328025,0.27679,0.0,0.422119,0.43,moderate,0.04046,0.059373,0.099833,0
2026-07-26T04:29:56.204762,02/03 10:15,-2.2,0.0,,,,18.0,29.0,0.3764,0.094094,0.0,0.094094,0.00024,0.21113,0.180184,0.0,0.305224,0.3,low,0.028228,0.038215,0.066443,0
2026-07-26T04:29:56.225767,02/03 11:15,-2.08,0.0,,,,18.0,29.0,0.3764,0.094094,0.0,0.094094,9e-06,0.008441,0.0061,0.0,0.102535,0.3,low,0.028228,0.001528,0.029756,0
2026-07-26T04:29:56.244762,02/03 12:15,-1.82,0.0,,,,18.0,29.0,0.3764,0.094094,0.0,0.094094,0.0,0.0,0.0,0.0,0.094094,0.3,low,0.028228,0.0,0.028228,0
2026-07-26T04:30:15.884356,02/03 13:15,-2.08,0.0,,,,18.0,29.0,0.3764,0.094094,0.0,0.094094,0.0,0.0,0.0,0.0,0.094094,0.3,low,0.028228,0.0,0.028228,0
2026-07-26T04:30:15.904359,02/03 14:15,-1.7,0.0,,,,18.0,29.0,0.3764,0.094094,0.0,0.094094,0.0,0.0,0.0,0.0,0.094094,0.3,low,0.028228,0.0,0.028228,0
2026-07-26T04:30:15.934545,02/03 15:15,-1.55,0.0,,,,18.0,29.0,0.3764,0.094094,0.0,0.094094,0.0,0.0,0.0,0.0,0.094094,0.3,low,0.028228,0.0,0.028228,0
2026-07-26T04:30:15.954659,02/03 16:15,-0.98,0.0,,,,18.0,29.0,0.3764,0.094094,0.0,0.094094,0.0,0.0,0.0,0.0,0.094094,0.55,high,0.051752,0.0,0.051752,0
2026-07-26T04:30:15.972963,02/03 17:15,-0.72,0.0,,,,18.0,29.0,0.3764,0.094094,0.0,0.094094,2.7e-05,0.023678,0.022882,0.0,0.117772,0.55,high,0.051752,0.004286,0.056037,0
2026-07-26T04:30:15.989233,02/03 18:15,-1.1,0.0,,,,18.0,29.0,0.3764,0.094094,0.0,0.094094,0.000139,0.125576,0.10646,0.0,0.21967,0.55,high,0.051752,0.022729,0.074481,0
2026-07-26T04:30:34.894457,02/03 19:15,-1.1,0.0,,,,18.0,29.0,0.3764,0.094094,0.0,0.094094,0.000399,0.364469,0.292257,0.0,0.458563,0.55,high,0.051752,0.065969,0.117721,0
2026-07-26T04:30:34.918763,02/03 20:15,-1.1,0.0,,,,18.0,29.0,0.3764,0.094094,0.0,0.094094,0.000348,0.319312,0.26076,0.0,0.413406,0.55,high,0.051752,0.057795,0.109547,0
2026-07-26T04:30:34.939379,02/03 21:15,-1.1,0.0,,,,18.0,29.0,0.3764,0.094094,0.0,0.094094,0.000407,0.373345,0.297661,0.0,0.467439,0.4,moderate,0.037638,0.067575,0.105213,0
2026-07-26T04:30:34.959829,02/03 22:15,-1.1,0.0,,,,18.0,29.0,0.3764,0.094094,0.0,0.094094,0.000527,0.477131,0.374467,0.0,0.571225,0.4,moderate,0.037638,0.086361,0.123998,0
2026-07-26T04:30:34.978913,02/03 23:15,-1.1,0.0,,,,18.0,29.0,0.3764,0.094094,0.0,0.094094,0.00046,0.412168,0.331844,0.0,0.506262,0.4,moderate,0.037638,0.074602,0.11224,0
2026-07-26T04:30:34.998168,02/04 00:15,-1.25,0.0,,,,18.0,29.0,0.3764,0.094094,0.0,0.094094,0.000464,0.415815,0.334054,0.0,0.509909,0.34,low,0.031992,0.075263,0.107254,0
2026-07-26T04:30:54.821507,02/04 01:15,-1.7,0.0,,,,18.0,29.0,0.3764,0.094094,0.0,0.094094,0.000671,0.583669,0.460642,0.0,0.677763,0.34,low,0.031992,0.105644,0.137636,0
2026-07-26T04:30:54.843205,02/04 02:15,-1.7,0.0,,,,18.0,29.0,0.3764,0.094094,0.0,0.094094,0.000732,0.623273,0.493583,0.0,0.717367,0.34,low,0.031992,0.112812,0.144804,0
2026-07-26T04:30:54.864479,02/04 03:15,-1.7,0.0,,,,18.0,29.0,0.3764,0.094094,0.0,0.094094,0.000756,0.635085,0.506516,0.0,0.729179,0.34,low,0.031992,0.11495,0.146942,0
2026-07-26T04:30:54.890754,02/04 04:15,-1.7,0.0,,,,18.0,29.0,0.3764,0.094094,0.0,0.094094,0.000672,0.565543,0.46009,0.0,0.659637,0.34,low,0.031992,0.102363,0.134355,0
2026-07-26T04:30:54.912415,02/04 05:15,-1.7,0.0,,,,18.0,29.0,0.3764,0.094094,0.0,0.094094,0.000777,0.651504,0.518657,0.0,0.745598,0.34,low,0.031992,0.117922,0.149914,0
2026-07-26T04:30:54.932411,02/04 06:15,-1.7,0.0,,,,18.0,29.0,0.3764,0.094094,0.0,0.094094,0.000757,0.631106,0.50671,0.0,0.7252,0.43,moderate,0.04046,0.11423,0.154691,0
2026-07-26T04:31:13.955863,02/04 07:15,-1.7,0.0,,,,18.0,29.0,0.3764,0.094094,0.0,0.094094,0.006112,2.267807,1.822262,0.0,2.361901,0.43,moderate,0.04046,0.410473,0.450933,0
2026-07-26T04:31:13.980771,02/04 08:15,-1.7,0.0,,,,18.0,29.0,0.3764,0.094094,0.0,0.094094,0.005917,2.131298,1.709658,0.0,2.225392,0.43,moderate,0.04046,0.385765,0.426225,0
2026-07-26T04:31:14.013773,02/04 09:15,-1.55,52.0,19.75,19.23,21.19,18.0,29.0,0.3764,0.094094,0.0,0.094094,0.005134,1.59133,1.283779,0.0,1.685424,0.43,moderate,0.04046,0.288031,0.328491,1
2026-07-26T04:31:14.045954,02/04 10:15,-1.1,52.0,21.2,20.49,22.76,18.0,29.0,0.3764,0.094094,0.0,0.094094,0.004784,1.515469,1.221853,0.0,1.609563,0.3,low,0.028228,0.2743,0.302528,0
2026-07-26T04:31:14.067485,02/04 11:15,-0.98,52.0,21.7,20.99,23.19,18.0,29.0,0.3764,0.094094,0.0,0.094094,0.004595,1.49332,1.207011,0.0,1.587414,0.3,low,0.028228,0.270291,0.298519,0
2026-07-26T04:31:14.092187,02/04 12:15,-0.6,41.6,21.76,21.09,23.06,18.0,29.0,0.3764,0.094094,0.0,0.094094,0.004334,1.432617,1.155662,0.0,1.526711,0.3,low,0.028228,0.259304,0.287532,0
2026-07-26T04:31:34.846151,02/04 13:15,-0.72,20.8,21.35,20.73,22.66,20.0,27.0,0.3764,0.094094,0.0,0.094094,0.004248,1.423667,1.148165,0.0,1.517761,0.3,low,0.028228,0.257684,0.285912,0
2026-07-26T04:31:34.880221,02/04 14:15,-1.38,41.6,21.65,21.0,23.08,20.0,27.0,0.3764,0.094094,0.0,0.094094,0.004284,1.461941,1.180202,0.0,1.556035,0.3,low,0.028228,0.264611,0.29284,0
2026-07-26T04:31:34.902715,02/04 15:15,-2.48,52.0,21.73,21.08,23.32,20.0,27.0,0.3764,0.094094,0.0,0.094094,0.004488,1.56153,1.259732,0.0,1.655624,0.3,low,0.028228,0.282637,0.310865,0
2026-07-26T04:31:34.925085,02/04 16:15,-3.72,52.0,21.4,20.77,23.18,20.0,27.0,0.3764,0.094094,0.0,0.094094,0.004773,1.669181,1.343434,0.0,1.763275,0.55,high,0.051752,0.302122,0.353873,0
2026-07-26T04:31:34.946778,02/04 17:15,-5.15,52.0,20.76,20.19,22.67,20.0,27.0,0.3764,0.094094,0.0,0.094094,0.005348,1.840712,1.477011,0.0,1.934806,0.55,high,0.051752,0.333169,0.384921,0
2026-07-26T04:31:34.967024,02/04 18:15,-5.87,52.0,20.53,20.0,22.56,20.0,27.0,0.3764,0.094094,0.0,0.094094,0.00567,1.938682,1.56045,0.0,2.032776,0.55,high,0.051752,0.350901,0.402653,0
2026-07-26T04:31:55.189390,02/04 19:15,-6.55,26.0,20.25,20.0,21.23,20.0,26.0,0.3764,0.094094,0.0,0.094094,0.007363,2.902062,2.334637,0.0,2.996156,0.55,high,0.051752,0.525273,0.577025,0
2026-07-26T04:31:55.215201,02/04 20:15,-6.37,0.0,,,,20.0,26.0,0.3764,0.094094,0.0,0.094094,0.008994,3.631773,2.92421,0.0,3.725867,0.55,high,0.051752,0.657351,0.709103,0
2026-07-26T04:31:55.235754,02/04 21:15,-7.48,0.0,,,,20.0,26.0,0.3764,0.094094,0.0,0.094094,0.003717,1.957239,1.567587,0.0,2.051333,0.4,moderate,0.037638,0.35426,0.391898,0
2026-07-26T04:31:55.256469,02/04 22:15,-8.73,0.0,,,,20.0,26.0,0.3764,0.094094,0.0,0.094094,0.004528,2.251502,1.802202,0.0,2.345596,0.4,moderate,0.037638,0.407522,0.445159,0
2026-07-26T04:31:55.277022,02/04 23:15,-10.28,0.0,,,,20.0,26.0,0.3764,0.094094,0.0,0.094094,0.005174,2.444849,1.95699,0.0,2.538943,0.4,moderate,0.037638,0.442518,0.480155,0
2026-07-26T04:31:55.297223,02/05 00:15,-11.25,0.0,,,,20.0,26.0,0.3764,0.094094,0.0,0.094094,0.006099,2.690083,2.148664,0.0,2.784177,0.34,low,0.031992,0.486905,0.518897,0
2026-07-26T04:32:14.623151,02/05 01:15,-11.97,0.0,,,,18.0,28.0,0.3764,0.094094,0.0,0.094094,0.001243,0.813046,0.746707,0.0,0.90714,0.34,low,0.031992,0.147161,0.179153,0
2026-07-26T04:32:14.646009,02/05 02:15,-13.2,0.0,,,,18.0,28.0,0.3764,0.094094,0.0,0.094094,0.001846,1.260814,0.997748,0.0,1.354908,0.34,low,0.031992,0.228207,0.260199,0
2026-07-26T04:32:14.674602,02/05 03:15,-14.83,0.0,,,,18.0,28.0,0.3764,0.094094,0.0,0.094094,0.002365,1.499901,1.184558,0.0,1.593995,0.34,low,0.031992,0.271482,0.303474,0
2026-07-26T04:32:14.694130,02/05 04:15,-16.25,0.0,,,,18.0,28.0,0.3764,0.094094,0.0,0.094094,0.002989,1.742915,1.368604,0.0,1.837009,0.34,low,0.031992,0.315468,0.34746,0
2026-07-26T04:32:14.714012,02/05 05:15,-16.42,0.0,,,,18.0,28.0,0.3764,0.094094,0.0,0.094094,0.003486,1.859368,1.475468,0.0,1.953462,0.34,low,0.031992,0.336546,0.368538,0
2026-07-26T04:32:14.732683,02/05 06:15,-15.6,0.0,,,,18.0,28.0,0.3764,0.094094,0.0,0.094094,0.00368,1.876321,1.501251,0.0,1.970415,0.43,moderate,0.04046,0.339614,0.380075,0
2026-07-26T04:32:32.951700,02/05 07:15,-15.72,0.0,,,,18.0,29.0,0.3764,0.094094,0.0,0.094094,0.018017,4.692947,3.779577,0.0,4.787041,0.43,moderate,0.04046,0.849423,0.889884,0
2026-07-26T04:32:32.974066,02/05 08:15,-15.68,0.0,,,,18.0,29.0,0.3764,0.094094,0.0,0.094094,0.017381,4.403998,3.542397,0.0,4.498092,0.43,moderate,0.04046,0.797124,0.837584,0
2026-07-26T04:32:32.997701,02/05 09:23,-14.4,52.0,19.19,18.13,21.32,18.0,29.0,0.3764,0.094094,0.0,0.094094,0.013494,2.834828,2.298287,0.0,2.928922,0.43,moderate,0.04046,0.513104,0.553564,1
2026-07-26T04:32:33.018371,02/05 10:23,-14.12,52.0,20.5,18.96,23.5,18.0,29.0,0.3764,0.094094,0.0,0.094094,0.01327,2.832444,2.283471,0.0,2.926538,0.3,low,0.028228,0.512672,0.540901,1
2026-07-26T04:32:33.039907,02/05 11:15,-13.18,52.0,21.15,19.41,24.24,18.0,29.0,0.3764,0.094094,0.0,0.094094,0.011679,2.698546,2.183467,0.0,2.79264,0.3,low,0.028228,0.488437,0.516665,1
2026-07-26T04:32:33.059556,02/05 12:15,-12.65,41.6,21.31,19.55,23.8,18.0,29.0,0.3764,0.094094,0.0,0.094094,0.010939,2.638068,2.129886,0.0,2.732162,0.3,low,0.028228,0.47749,0.505719,1
2026-07-26T04:32:54.231959,02/05 13:23,-12.2,20.8,21.39,20.0,22.59,20.0,27.0,0.3764,0.094094,0.0,0.094094,0.010285,2.67114,2.151836,0.0,2.765234,0.3,low,0.028228,0.483476,0.511705,0
2026-07-26T04:32:54.256284,02/05 14:15,-12.35,41.6,21.75,20.09,23.82,20.0,27.0,0.3764,0.094094,0.0,0.094094,0.010043,2.555404,2.058532,0.0,2.649498,0.3,low,0.028228,0.462528,0.490756,0
2026-07-26T04:32:54.276830,02/05 15:15,-12.8,52.0,22.02,20.37,24.72,20.0,27.0,0.3764,0.094094,0.0,0.094094,0.010509,2.604815,2.094111,0.0,2.698909,0.3,low,0.028228,0.471472,0.4997,0
2026-07-26T04:32:54.306792,02/05 16:15,-13.08,52.0,21.89,20.15,24.45,20.0,27.0,0.3764,0.094094,0.0,0.094094,0.010434,2.591005,2.087259,0.0,2.685099,0.55,high,0.051752,0.468972,0.520724,0
2026-07-26T04:32:54.328151,02/05 17:20,-14.18,52.0,21.31,20.0,23.14,20.0,27.0,0.3764,0.094094,0.0,0.094094,0.011757,2.760087,2.214542,0.0,2.854181,0.55,high,0.051752,0.499576,0.551327,0
2026-07-26T04:32:54.348557,02/05 18:15,-15.7,52.0,20.83,20.0,23.09,20.0,27.0,0.3764,0.094094,0.0,0.094094,0.0134,2.963149,2.382712,0.0,3.057243,0.55,high,0.051752,0.53633,0.588082,0
2026-07-26T04:33:14.928982,02/05 19:15,-17.8,26.0,20.29,20.0,21.46,20.0,26.0,0.3764,0.094094,0.0,0.094094,0.016687,4.224598,3.419178,0.0,4.318692,0.55,high,0.051752,0.764652,0.816404,0
2026-07-26T04:33:14.952150,02/05 20:15,-17.93,0.0,,,,20.0,26.0,0.3764,0.094094,0.0,0.094094,0.019057,5.061882,4.076891,0.0,5.155976,0.55,high,0.051752,0.916201,0.967952,0
2026-07-26T04:33:14.973735,02/05 21:15,-17.9,0.0,,,,20.0,26.0,0.3764,0.094094,0.0,0.094094,0.006228,2.617882,2.082596,0.0,2.711976,0.4,moderate,0.037638,0.473837,0.511474,0
2026-07-26T04:33:14.997101,02/05 22:15,-17.1,0.0,,,,20.0,26.0,0.3764,0.094094,0.0,0.094094,0.007181,2.851451,2.291125,0.0,2.945545,0.4,moderate,0.037638,0.516113,0.55375,0
2026-07-26T04:33:15.018812,02/05 23:15,-18.58,0.0,,,,20.0,26.0,0.3764,0.094094,0.0,0.094094,0.0076,2.946215,2.368951,0.0,3.040309,0.4,moderate,0.037638,0.533265,0.570903,0
2026-07-26T04:33:15.040128,02/06 00:15,-19.4,0.0,,,,20.0,26.0,0.3764,0.094094,0.0,0.094094,0.00936,3.271914,2.61167,0.0,3.366008,0.34,low,0.031992,0.592216,0.624208,0
2026-07-26T04:33:34.764544,02/06 01:15,-19.4,0.0,,,,18.0,28.0,0.3764,0.094094,0.0,0.094094,0.00235,1.477004,1.191781,0.0,1.571098,0.34,low,0.031992,0.267338,0.29933,0
2026-07-26T04:33:34.796676,02/06 02:15,-19.82,0.0,,,,18.0,28.0,0.3764,0.094094,0.0,0.094094,0.003117,1.759875,1.385442,0.0,1.853969,0.34,low,0.031992,0.318537,0.350529,0
2026-07-26T04:33:34.819622,02/06 03:15,-21.1,0.0,,,,18.0,28.0,0.3764,0.094094,0.0,0.094094,0.004071,2.011613,1.59043,0.0,2.105707,0.34,low,0.031992,0.364102,0.396094,0
2026-07-26T04:33:34.839664,02/06 04:15,-21.25,0.0,,,,18.0,28.0,0.3764,0.094094,0.0,0.094094,0.004729,2.147693,1.712589,0.0,2.241787,0.34,low,0.031992,0.388732,0.420724,0
2026-07-26T04:33:34.859392,02/06 05:15,-21.55,0.0,,,,18.0,28.0,0.3764,0.094094,0.0,0.094094,0.005221,2.2398,1.793505,0.0,2.333894,0.34,low,0.031992,0.405404,0.437396,0
2026-07-26T04:33:34.879547,02/06 06:15,-21.1,0.0,,,,18.0,28.0,0.3764,0.094094,0.0,0.094094,0.005481,2.274555,1.824723,0.0,2.368649,0.43,moderate,0.04046,0.411694,0.452155,0
2026-07-26T04:33:54.347423,02/06 07:15,-21.1,0.0,,,,18.0,29.0,0.3764,0.094094,0.0,0.094094,0.020142,5.561727,4.479173,0.0,5.655821,0.43,moderate,0.04046,1.006673,1.047133,0
2026-07-26T04:33:54.371295,02/06 08:15,-20.4,0.0,,,,18.0,29.0,0.3764,0.094094,0.0,0.094094,0.018503,5.007295,4.026447,0.0,5.101389,0.43,moderate,0.04046,0.90632,0.946781,0
2026-07-26T04:33:54.407789,02/06 09:20,-17.62,52.0,18.98,18.0,20.82,18.0,29.0,0.3764,0.094094,0.0,0.094094,0.014897,3.102959,2.479655,0.0,3.197053,0.43,moderate,0.04046,0.561636,0.602096,1
2026-07-26T04:33:54.431783,02/06 10:23,-15.17,52.0,20.47,18.88,23.4,18.0,29.0,0.3764,0.094094,0.0,0.094094,0.01484,2.957436,2.381529,0.0,3.05153,0.3,low,0.028228,0.535296,0.563524,1
2026-07-26T04:33:54.453788,02/06 11:23,-13.48,52.0,21.43,19.6,24.5,18.0,29.0,0.3764,0.094094,0.0,0.094094,0.012508,2.759157,2.237853,0.0,2.853251,0.3,low,0.028228,0.499407,0.527636,1
2026-07-26T04:33:54.475787,02/06 12:23,-11.8,41.6,21.73,19.85,24.21,18.0,29.0,0.3764,0.094094,0.0,0.094094,0.010382,2.572656,2.085926,0.0,2.66675,0.3,low,0.028228,0.465651,0.493879,1
2026-07-26T04:34:15.357204,02/06 13:23,-10.3,20.8,21.62,20.0,22.96,20.0,27.0,0.3764,0.094094,0.0,0.094094,0.008876,2.421976,1.961425,0.0,2.51607,0.3,low,0.028228,0.438378,0.466606,0
2026-07-26T04:34:15.381219,02/06 14:15,-9.55,41.6,22.04,20.3,24.24,20.0,27.0,0.3764,0.094094,0.0,0.094094,0.007798,2.269419,1.837468,0.0,2.363513,0.3,low,0.028228,0.410765,0.438993,0
2026-07-26T04:34:15.402502,02/06 15:15,-10.15,52.0,22.43,20.87,25.23,20.0,27.0,0.3764,0.094094,0.0,0.094094,0.008097,2.327566,1.870779,0.0,2.42166,0.3,low,0.028228,0.421289,0.449518,0
2026-07-26T04:34:15.424671,02/06 16:15,-11.0,52.0,22.23,20.54,24.85,20.0,27.0,0.3764,0.094094,0.0,0.094094,0.008435,2.375003,1.909088,0.0,2.469097,0.55,high,0.051752,0.429876,0.481627,0
2026-07-26T04:34:15.445825,02/06 17:20,-12.62,52.0,21.35,20.0,23.1,20.0,27.0,0.3764,0.094094,0.0,0.094094,0.009801,2.564736,2.057446,0.0,2.65883,0.55,high,0.051752,0.464217,0.515969,0
2026-07-26T04:34:15.465601,02/06 18:15,-14.33,52.0,20.82,20.0,23.01,20.0,27.0,0.3764,0.094094,0.0,0.094094,0.011824,2.827915,2.264631,0.0,2.922009,0.55,high,0.051752,0.511853,0.563604,0
2026-07-26T04:34:37.333583,02/06 19:15,-15.72,26.0,20.32,20.0,21.62,20.0,26.0,0.3764,0.094094,0.0,0.094094,0.015237,3.866314,3.116562,0.0,3.960408,0.55,high,0.051752,0.699803,0.751555,0
2026-07-26T04:34:37.359094,02/06 20:15,-16.93,0.0,,,,20.0,26.0,0.3764,0.094094,0.0,0.094094,0.018386,4.844898,3.898188,0.0,4.938992,0.55,high,0.051752,0.876927,0.928678,0
2026-07-26T04:34:37.383605,02/06 21:15,-19.12,0.0,,,,20.0,26.0,0.3764,0.094094,0.0,0.094094,0.005524,2.420376,1.924242,0.0,2.51447,0.4,moderate,0.037638,0.438088,0.475726,0
2026-07-26T04:34:37.403587,02/06 22:15,-18.58,0.0,,,,20.0,26.0,0.3764,0.094094,0.0,0.094094,0.006954,2.791375,2.235577,0.0,2.885469,0.4,moderate,0.037638,0.505239,0.542876,0
2026-07-26T04:34:37.424200,02/06 23:15,-19.82,0.0,,,,20.0,26.0,0.3764,0.094094,0.0,0.094094,0.00819,3.047875,2.440376,0.0,3.141969,0.4,moderate,0.037638,0.551665,0.589303,0
2026-07-26T04:34:37.445962,02/07 00:15,-20.83,0.0,,,,20.0,26.0,0.3764,0.094094,0.0,0.094094,0.008425,3.074229,2.473558,0.0,3.168323,0.34,low,0.031992,0.556435,0.588427,0
2026-07-26T04:34:55.720905,02/07 01:15,-20.15,0.0,,,,18.0,28.0,0.3764,0.094094,0.0,0.094094,0.002099,1.356404,1.105681,0.0,1.450498,0.34,low,0.031992,0.245509,0.277501,0
2026-07-26T04:34:55.741910,02/07 02:15,-20.45,0.0,,,,18.0,28.0,0.3764,0.094094,0.0,0.094094,0.00359,1.943035,1.502897,0.0,2.037129,0.34,low,0.031992,0.351689,0.383681,0
2026-07-26T04:34:55.762915,02/07 03:15,-20.0,0.0,,,,18.0,28.0,0.3764,0.094094,0.0,0.094094,0.004046,1.9787,1.578402,0.0,2.072794,0.34,low,0.031992,0.358145,0.390137,0
2026-07-26T04:34:55.782914,02/07 04:15,-20.0,0.0,,,,18.0,28.0,0.3764,0.094094,0.0,0.094094,0.004337,2.017854,1.614875,0.0,2.111948,0.34,low,0.031992,0.365232,0.397224,0
2026-07-26T04:34:55.801904,02/07 05:15,-19.85,0.0,,,,18.0,28.0,0.3764,0.094094,0.0,0.094094,0.004644,2.073141,1.660777,0.0,2.167235,0.34,low,0.031992,0.375239,0.40723,0
2026-07-26T04:34:55.820905,02/07 06:15,-19.97,0.0,,,,18.0,28.0,0.3764,0.094094,0.0,0.094094,0.004169,1.882879,1.520606,0.0,1.976973,0.43,moderate,0.04046,0.340801,0.381262,0
2026-07-26T04:35:13.978526,02/07 07:15,-21.27,0.0,,,,18.0,29.0,0.3764,0.094094,0.0,0.094094,0.019403,5.334243,4.297656,0.0,5.428337,0.43,moderate,0.04046,0.965498,1.005958,0
2026-07-26T04:35:14.000015,02/07 08:15,-19.3,0.0,,,,18.0,29.0,0.3764,0.094094,0.0,0.094094,0.018205,4.825595,3.879549,0.0,4.919689,0.43,moderate,0.04046,0.873433,0.913893,0
2026-07-26T04:35:14.027003,02/07 09:20,-16.5,52.0,19.27,18.02,21.68,18.0,29.0,0.3764,0.094094,0.0,0.094094,0.014839,3.000246,2.409538,0.0,3.09434,0.43,moderate,0.04046,0.543045,0.583505,1
2026-07-26T04:35:14.045499,02/07 10:23,-14.0,52.0,20.94,19.16,24.31,18.0,29.0,0.3764,0.094094,0.0,0.094094,0.013399,2.818802,2.292013,0.0,2.912896,0.3,low,0.028228,0.510203,0.538431,1
2026-07-26T04:35:14.065498,02/07 11:23,-12.1,52.0,21.93,19.85,25.39,18.0,29.0,0.3764,0.094094,0.0,0.094094,0.011156,2.647296,2.146015,0.0,2.74139,0.3,low,0.028228,0.479161,0.507389,1
2026-07-26T04:35:14.084492,02/07 12:23,-9.85,41.6,22.27,20.13,25.05,18.0,29.0,0.3764,0.094094,0.0,0.094094,0.008514,2.343193,1.90614,0.0,2.437287,0.3,low,0.028228,0.424118,0.452346,0
2026-07-26T04:35:32.760618,02/07 13:23,-9.28,20.8,22.01,20.03,23.54,20.0,27.0,0.3764,0.094094,0.0,0.094094,0.007856,2.279789,1.842462,0.0,2.373883,0.3,low,0.028228,0.412642,0.44087,0
2026-07-26T04:35:32.782616,02/07 14:23,-8.9,41.6,22.5,20.55,24.99,20.0,27.0,0.3764,0.094094,0.0,0.094094,0.00732,2.211331,1.786438,0.0,2.305425,0.3,low,0.028228,0.400251,0.428479,0
2026-07-26T04:35:32.802704,02/07 15:15,-9.03,52.0,22.86,21.16,26.01,20.0,27.0,0.3764,0.094094,0.0,0.094094,0.00718,2.200337,1.773457,0.0,2.294431,0.3,low,0.028228,0.398261,0.426489,1
2026-07-26T04:35:32.822752,02/07 16:15,-9.83,52.0,22.75,20.9,25.92,20.0,27.0,0.3764,0.094094,0.0,0.094094,0.007433,2.244382,1.803863,0.0,2.338476,0.55,high,0.051752,0.406233,0.457985,0
2026-07-26T04:35:32.842736,02/07 17:20,-11.52,52.0,21.96,20.35,23.91,20.0,27.0,0.3764,0.094094,0.0,0.094094,0.008695,2.420663,1.936433,0.0,2.514757,0.55,high,0.051752,0.43814,0.489892,0
2026-07-26T04:35:32.862738,02/07 18:23,-12.93,52.0,21.14,20.01,23.41,20.0,27.0,0.3764,0.094094,0.0,0.094094,0.010333,2.601041,2.081885,0.0,2.695135,0.55,high,0.051752,0.470788,0.52254,0
2026-07-26T04:35:52.279412,02/07 19:15,-13.03,26.0,20.37,20.0,21.83,20.0,26.0,0.3764,0.094094,0.0,0.094094,0.012025,3.385589,2.743125,0.0,3.479683,0.55,high,0.051752,0.612792,0.664543,0
2026-07-26T04:35:52.303322,02/07 20:15,-12.07,0.0,,,,20.0,26.0,0.3764,0.094094,0.0,0.094094,0.012907,4.162794,3.360954,0.0,4.256888,0.55,high,0.051752,0.753466,0.805217,0
2026-07-26T04:35:52.324323,02/07 21:15,-11.7,0.0,,,,20.0,26.0,0.3764,0.094094,0.0,0.094094,0.003912,1.969523,1.581935,0.0,2.063617,0.4,moderate,0.037638,0.356484,0.394121,0
2026-07-26T04:35:52.346324,02/07 22:15,-11.55,0.0,,,,20.0,26.0,0.3764,0.094094,0.0,0.094094,0.004839,2.318056,1.857394,0.0,2.41215,0.4,moderate,0.037638,0.419568,0.457206,0
2026-07-26T04:35:52.368322,02/07 23:15,-10.97,0.0,,,,20.0,26.0,0.3764,0.094094,0.0,0.094094,0.005482,2.522365,2.023797,0.0,2.616459,0.4,moderate,0.037638,0.456548,0.494186,0
2026-07-26T04:35:52.388322,02/08 00:15,-10.6,0.0,,,,20.0,26.0,0.3764,0.094094,0.0,0.094094,0.00551,2.534116,2.04374,0.0,2.62821,0.34,low,0.031992,0.458675,0.490667,0
2026-07-26T04:36:11.324902,02/08 01:15,-10.6,0.0,,,,18.0,28.0,0.3764,0.094094,0.0,0.094094,0.001108,0.731485,0.68888,0.0,0.825579,0.34,low,0.031992,0.132399,0.164391,0
2026-07-26T04:36:11.346905,02/08 02:15,-10.6,0.0,,,,18.0,28.0,0.3764,0.094094,0.0,0.094094,0.001543,1.105294,0.885571,0.0,1.199388,0.34,low,0.031992,0.200058,0.23205,0
2026-07-26T04:36:11.365900,02/08 03:15,-10.6,0.0,,,,18.0,28.0,0.3764,0.094094,0.0,0.094094,0.001702,1.1978,0.959557,0.0,1.291894,0.34,low,0.031992,0.216802,0.248794,0
2026-07-26T04:36:11.382901,02/08 04:15,-10.6,0.0,,,,18.0,28.0,0.3764,0.094094,0.0,0.094094,0.002006,1.355383,1.068003,0.0,1.449477,0.34,low,0.031992,0.245324,0.277316,0
2026-07-26T04:36:11.399900,02/08 05:15,-10.6,0.0,,,,18.0,28.0,0.3764,0.094094,0.0,0.094094,0.00219,1.40077,1.11318,0.0,1.494864,0.34,low,0.031992,0.253539,0.285531,0
2026-07-26T04:36:11.417899,02/08 06:15,-10.6,0.0,,,,18.0,28.0,0.3764,0.094094,0.0,0.094094,0.002477,1.502097,1.19119,0.0,1.596191,0.43,moderate,0.04046,0.27188,0.31234,0
2026-07-26T04:36:28.825039,02/08 07:15,-10.72,0.0,,,,18.0,29.0,0.3764,0.094094,0.0,0.094094,0.012033,3.935793,3.168927,0.0,4.029887,0.43,moderate,0.04046,0.712379,0.752839,0
2026-07-26T04:36:28.849027,02/08 08:15,-10.97,0.0,,,,18.0,29.0,0.3764,0.094094,0.0,0.094094,0.011873,3.724641,2.988595,0.0,3.818735,0.43,moderate,0.04046,0.67416,0.71462,0
2026-07-26T04:36:28.871026,02/08 09:23,-10.3,52.0,19.08,18.3,20.17,18.0,29.0,0.3764,0.094094,0.0,0.094094,0.009516,2.471365,1.994644,0.0,2.565459,0.43,moderate,0.04046,0.447317,0.487777,1
2026-07-26T04:36:28.892027,02/08 10:23,-9.0,52.0,20.56,19.39,22.41,18.0,29.0,0.3764,0.094094,0.0,0.094094,0.008429,2.330685,1.887009,0.0,2.424779,0.3,low,0.028228,0.421854,0.450082,1
2026-07-26T04:36:28.912032,02/08 11:15,-7.52,52.0,21.38,19.83,23.87,18.0,29.0,0.3764,0.094094,0.0,0.094094,0.007217,2.157419,1.746638,0.0,2.251513,0.3,low,0.028228,0.390493,0.418721,1
2026-07-26T04:36:28.930026,02/08 12:23,-6.43,41.6,21.69,20.05,23.82,18.0,29.0,0.3764,0.094094,0.0,0.094094,0.006446,2.029158,1.643633,0.0,2.123252,0.3,low,0.028228,0.367278,0.395506,0
2026-07-26T04:36:47.902026,02/08 13:15,-5.45,20.8,21.55,20.0,22.71,20.0,27.0,0.3764,0.094094,0.0,0.094094,0.005844,1.918315,1.549502,0.0,2.012409,0.3,low,0.028228,0.347215,0.375443,0
2026-07-26T04:36:47.926027,02/08 14:15,-4.85,41.6,22.0,20.39,24.19,20.0,27.0,0.3764,0.094094,0.0,0.094094,0.005453,1.841785,1.486293,0.0,1.935879,0.3,low,0.028228,0.333363,0.361591,0
2026-07-26T04:36:47.947029,02/08 15:15,-4.28,52.0,22.49,21.05,25.34,20.0,27.0,0.3764,0.094094,0.0,0.094094,0.005105,1.767549,1.426943,0.0,1.861643,0.3,low,0.028228,0.319926,0.348155,0
2026-07-26T04:36:47.967029,02/08 16:15,-4.03,52.0,22.49,20.92,25.31,20.0,27.0,0.3764,0.094094,0.0,0.094094,0.004854,1.710829,1.379887,0.0,1.804923,0.55,high,0.051752,0.30966,0.361412,0
2026-07-26T04:36:47.989020,02/08 17:20,-4.55,52.0,21.92,20.57,23.66,20.0,27.0,0.3764,0.094094,0.0,0.094094,0.005001,1.762397,1.417147,0.0,1.856491,0.55,high,0.051752,0.318994,0.370746,0
2026-07-26T04:36:48.010024,02/08 18:23,-5.15,52.0,21.26,20.33,23.24,20.0,27.0,0.3764,0.094094,0.0,0.094094,0.00527,1.828924,1.469399,0.0,1.923018,0.55,high,0.051752,0.331035,0.382787,0
2026-07-26T04:37:07.026238,02/08 19:15,-5.45,26.0,20.35,20.0,21.72,20.0,26.0,0.3764,0.094094,0.0,0.094094,0.006142,2.312966,1.86912,0.0,2.40706,0.55,high,0.051752,0.418647,0.470399,0
2026-07-26T04:37:07.050679,02/08 20:15,-5.15,0.0,,,,20.0,26.0,0.3764,0.094094,0.0,0.094094,0.007761,3.242263,2.612235,0.0,3.336357,0.55,high,0.051752,0.58685,0.638601,0
2026-07-26T04:37:07.073683,02/08 21:15,-5.6,0.0,,,,20.0,26.0,0.3764,0.094094,0.0,0.094094,0.002767,1.584897,1.276231,0.0,1.678991,0.4,moderate,0.037638,0.286866,0.324504,0
2026-07-26T04:37:07.096680,02/08 22:15,-5.45,0.0,,,,20.0,26.0,0.3764,0.094094,0.0,0.094094,0.00445,2.258627,1.787592,0.0,2.352721,0.4,moderate,0.037638,0.408811,0.446449,0
2026-07-26T04:37:07.116074,02/08 23:15,-5.0,0.0,,,,20.0,26.0,0.3764,0.094094,0.0,0.094094,0.004556,2.269472,1.828905,0.0,2.363566,0.4,moderate,0.037638,0.410774,0.448412,0
2026-07-26T04:37:07.137072,02/09 00:15,-5.0,0.0,,,,20.0,26.0,0.3764,0.094094,0.0,0.094094,0.004845,2.373725,1.907104,0.0,2.467819,0.34,low,0.031992,0.429644,0.461636,0
2026-07-26T04:37:25.236558,02/09 01:15,-4.85,0.0,,,,18.0,28.0,0.3764,0.094094,0.0,0.094094,0.000444,0.258096,0.321782,0.0,0.35219,0.34,low,0.031992,0.046715,0.078707,0
2026-07-26T04:37:25.258054,02/09 02:15,-4.28,0.0,,,,18.0,28.0,0.3764,0.094094,0.0,0.094094,0.000875,0.653999,0.569789,0.0,0.748093,0.34,low,0.031992,0.118374,0.150366,0
2026-07-26T04:37:25.278561,02/09 03:15,-3.9,0.0,,,,18.0,28.0,0.3764,0.094094,0.0,0.094094,0.000831,0.662821,0.550095,0.0,0.756915,0.34,low,0.031992,0.119971,0.151963,0
2026-07-26T04:37:25.297570,02/09 04:15,-4.03,0.0,,,,18.0,28.0,0.3764,0.094094,0.0,0.094094,0.000801,0.655807,0.535063,0.0,0.749901,0.34,low,0.031992,0.118701,0.150693,0
2026-07-26T04:37:25.313563,02/09 05:15,-4.28,0.0,,,,18.0,28.0,0.3764,0.094094,0.0,0.094094,0.001032,0.83177,0.654503,0.0,0.925864,0.34,low,0.031992,0.15055,0.182542,0
2026-07-26T04:37:25.334562,02/09 06:15,-3.9,0.0,,,,18.0,28.0,0.3764,0.094094,0.0,0.094094,0.001001,0.793956,0.639439,0.0,0.88805,0.43,moderate,0.04046,0.143706,0.184166,0
2026-07-26T04:37:42.538504,02/09 07:15,-3.75,0.0,,,,18.0,29.0,0.3764,0.094094,0.0,0.094094,0.000867,0.696837,0.569658,0.0,0.790931,0.43,moderate,0.04046,0.126127,0.166588,0
2026-07-26T04:37:42.561508,02/09 08:15,-3.02,0.0,,,,18.0,29.0,0.3764,0.094094,0.0,0.094094,0.000454,0.380083,0.322951,0.0,0.474177,0.43,moderate,0.04046,0.068795,0.109255,0
2026-07-26T04:37:42.582580,02/09 09:15,-1.93,0.0,,,,18.0,29.0,0.3764,0.094094,0.0,0.094094,0.000227,0.197455,0.17172,0.0,0.291549,0.43,moderate,0.04046,0.035739,0.0762,0
2026-07-26T04:37:42.602675,02/09 10:23,-0.55,0.0,,,,18.0,29.0,0.3764,0.094094,0.0,0.094094,1.4e-05,0.012718,0.008364,0.0,0.106812,0.3,low,0.028228,0.002302,0.03053,0
2026-07-26T04:37:42.619259,02/09 11:15,1.52,0.0,,,,18.0,29.0,0.3764,0.094094,0.0,0.094094,0.0,0.0,0.0,0.0,0.094094,0.3,low,0.028228,0.0,0.028228,0
2026-07-26T04:37:42.638302,02/09 12:23,2.8,0.0,,,,18.0,29.0,0.3764,0.094094,0.0,0.094094,0.0,0.0,0.0,0.0,0.094094,0.3,low,0.028228,0.0,0.028228,0
2026-07-26T04:38:00.590523,02/09 13:23,2.92,0.0,,,,18.0,29.0,0.3764,0.094094,0.0,0.094094,0.0,0.0,0.0,0.0,0.094094,0.3,low,0.028228,0.0,0.028228,0
2026-07-26T04:38:00.611514,02/09 14:23,3.57,0.0,,,,18.0,29.0,0.3764,0.094094,0.0,0.094094,0.0,0.0,0.0,0.0,0.094094,0.3,low,0.028228,0.0,0.028228,0
2026-07-26T04:38:00.632521,02/09 15:15,4.55,0.0,,,,18.0,29.0,0.3764,0.094094,0.0,0.094094,0.0,0.0,0.0,0.0,0.094094,0.3,low,0.028228,0.0,0.028228,0
2026-07-26T04:38:00.650515,02/09 16:15,4.85,0.0,,,,18.0,29.0,0.3764,0.094094,0.0,0.094094,0.0,0.0,0.0,0.0,0.094094,0.55,high,0.051752,0.0,0.051752,0
2026-07-26T04:38:00.669515,02/09 17:20,4.12,0.0,,,,18.0,29.0,0.3764,0.094094,0.0,0.094094,0.0,0.0,0.0,0.0,0.094094,0.55,high,0.051752,0.0,0.051752,0
2026-07-26T04:38:00.687942,02/09 18:23,3.3,0.0,,,,18.0,29.0,0.3764,0.094094,0.0,0.094094,0.0,0.0,0.0,0.0,0.094094,0.55,high,0.051752,0.0,0.051752,0
2026-07-26T04:38:18.227342,02/09 19:15,3.17,0.0,,,,18.0,29.0,0.3764,0.094094,0.0,0.094094,0.0,0.0,0.0,0.0,0.094094,0.55,high,0.051752,0.0,0.051752,0
2026-07-26T04:38:18.247493,02/09 20:15,2.65,0.0,,,,18.0,29.0,0.3764,0.094094,0.0,0.094094,0.0,0.0,0.0,0.0,0.094094,0.55,high,0.051752,0.0,0.051752,0
2026-07-26T04:38:18.267548,02/09 21:15,2.2,0.0,,,,18.0,29.0,0.3764,0.094094,0.0,0.094094,0.0,0.0,0.0,0.0,0.094094,0.4,moderate,0.037638,0.0,0.037638,0
2026-07-26T04:38:18.286092,02/09 22:15,1.8,0.0,,,,18.0,29.0,0.3764,0.094094,0.0,0.094094,0.0,0.0,0.0,0.0,0.094094,0.4,moderate,0.037638,0.0,0.037638,0
2026-07-26T04:38:18.303654,02/09 23:15,0.6,0.0,,,,18.0,29.0,0.3764,0.094094,0.0,0.094094,0.0,0.0,0.0,0.0,0.094094,0.4,moderate,0.037638,0.0,0.037638,0
2026-07-26T04:38:18.324498,02/10 00:15,0.45,0.0,,,,18.0,29.0,0.3764,0.094094,0.0,0.094094,2.3e-05,0.020407,0.019244,0.0,0.114501,0.34,low,0.031992,0.003694,0.035686,0
2026-07-26T04:38:36.970648,02/10 01:15,-0.28,0.0,,,,18.0,29.0,0.3764,0.094094,0.0,0.094094,0.000144,0.129768,0.115051,0.0,0.223862,0.34,low,0.031992,0.023488,0.05548,0
2026-07-26T04:38:36.997860,02/10 02:15,-1.1,0.0,,,,18.0,29.0,0.3764,0.094094,0.0,0.094094,0.00026,0.239589,0.200074,0.0,0.333683,0.34,low,0.031992,0.043366,0.075358,0
2026-07-26T04:38:37.019937,02/10 03:15,-1.38,0.0,,,,18.0,29.0,0.3764,0.094094,0.0,0.094094,0.000347,0.322212,0.259341,0.0,0.416306,0.34,low,0.031992,0.05832,0.090312,0
2026-07-26T04:38:37.044018,02/10 04:15,-2.2,0.0,,,,18.0,29.0,0.3764,0.094094,0.0,0.094094,0.000446,0.410995,0.325387,0.0,0.505089,0.34,low,0.031992,0.07439,0.106382,0
2026-07-26T04:38:37.064613,02/10 05:15,-2.2,0.0,,,,18.0,29.0,0.3764,0.094094,0.0,0.094094,0.000527,0.477117,0.374357,0.0,0.571211,0.34,low,0.031992,0.086358,0.11835,0
2026-07-26T04:38:37.086175,02/10 06:15,-2.2,0.0,,,,18.0,29.0,0.3764,0.094094,0.0,0.094094,0.000538,0.47995,0.382326,0.0,0.574044,0.43,moderate,0.04046,0.086871,0.127331,0
2026-07-26T04:38:54.162648,02/10 07:15,-2.08,0.0,,,,18.0,29.0,0.3764,0.094094,0.0,0.094094,0.000568,0.501924,0.399203,0.0,0.596018,0.43,moderate,0.04046,0.090848,0.131309,0
2026-07-26T04:38:54.184975,02/10 08:23,-0.85,0.0,,,,18.0,29.0,0.3764,0.094094,0.0,0.094094,0.000294,0.262836,0.219771,0.0,0.35693,0.43,moderate,0.04046,0.047573,0.088034,0
2026-07-26T04:38:54.204866,02/10 09:23,2.1,0.0,,,,18.0,29.0,0.3764,0.094094,0.0,0.094094,1e-06,0.001251,0.000346,0.0,0.095345,0.43,moderate,0.04046,0.000226,0.040687,0
2026-07-26T04:38:54.227928,02/10 10:23,3.57,0.0,,,,18.0,29.0,0.3764,0.094094,0.0,0.094094,0.0,0.0,0.0,0.0,0.094094,0.3,low,0.028228,0.0,0.028228,0
2026-07-26T04:38:54.246989,02/10 11:15,4.7,0.0,,,,18.0,29.0,0.3764,0.094094,0.0,0.094094,0.0,0.0,0.0,0.0,0.094094,0.3,low,0.028228,0.0,0.028228,0
2026-07-26T04:38:54.263543,02/10 12:15,5.87,0.0,,,,18.0,29.0,0.3764,0.094094,0.0,0.094094,0.0,0.0,0.0,0.0,0.094094,0.3,low,0.028228,0.0,0.028228,0
2026-07-26T04:39:12.540777,02/10 13:15,6.83,0.0,,,,18.0,29.0,0.3764,0.094094,0.0,0.094094,0.0,0.0,0.0,0.0,0.094094,0.3,low,0.028228,0.0,0.028228,0
2026-07-26T04:39:12.560770,02/10 14:15,7.35,0.0,,,,18.0,29.0,0.3764,0.094094,0.0,0.094094,0.0,0.0,0.0,0.0,0.094094,0.3,low,0.028228,0.0,0.028228,0
2026-07-26T04:39:12.582405,02/10 15:15,7.92,0.0,,,,18.0,29.0,0.3764,0.094094,0.0,0.094094,0.0,0.0,0.0,0.0,0.094094,0.3,low,0.028228,0.0,0.028228,0
2026-07-26T04:39:12.602400,02/10 16:15,8.03,0.0,,,,18.0,29.0,0.3764,0.094094,0.0,0.094094,0.0,0.0,0.0,0.0,0.094094,0.55,high,0.051752,0.0,0.051752,0
2026-07-26T04:39:12.620963,02/10 17:23,6.93,0.0,,,,18.0,29.0,0.3764,0.094094,0.0,0.094094,0.0,0.0,0.0,0.0,0.094094,0.55,high,0.051752,0.0,0.051752,0
2026-07-26T04:39:12.640581,02/10 18:15,5.82,0.0,,,,18.0,29.0,0.3764,0.094094,0.0,0.094094,0.0,0.0,0.0,0.0,0.094094,0.55,high,0.051752,0.0,0.051752,0
2026-07-26T04:39:30.602168,02/10 19:15,5.0,0.0,,,,18.0,29.0,0.3764,0.094094,0.0,0.094094,0.0,0.0,0.0,0.0,0.094094,0.55,high,0.051752,0.0,0.051752,0
2026-07-26T04:39:30.625163,02/10 20:15,5.0,0.0,,,,18.0,29.0,0.3764,0.094094,0.0,0.094094,0.0,0.0,0.0,0.0,0.094094,0.55,high,0.051752,0.0,0.051752,0
2026-07-26T04:39:30.644166,02/10 21:15,4.85,0.0,,,,18.0,29.0,0.3764,0.094094,0.0,0.094094,0.0,0.0,0.0,0.0,0.094094,0.4,moderate,0.037638,0.0,0.037638,0
2026-07-26T04:39:30.661629,02/10 22:15,4.4,0.0,,,,18.0,29.0,0.3764,0.094094,0.0,0.094094,0.0,0.0,0.0,0.0,0.094094,0.4,moderate,0.037638,0.0,0.037638,0
2026-07-26T04:39:30.679629,02/10 23:15,4.4,0.0,,,,18.0,29.0,0.3764,0.094094,0.0,0.094094,0.0,0.0,0.0,0.0,0.094094,0.4,moderate,0.037638,0.0,0.037638,0
2026-07-26T04:39:30.698636,02/11 00:15,4.28,0.0,,,,18.0,29.0,0.3764,0.094094,0.0,0.094094,0.0,0.0,0.0,0.0,0.094094,0.34,low,0.031992,0.0,0.031992,0
2026-07-26T04:39:48.792777,02/11 01:15,3.9,0.0,,,,18.0,29.0,0.3764,0.094094,0.0,0.094094,6.7e-05,0.04924,0.056224,0.0,0.143334,0.34,low,0.031992,0.008912,0.040904,0
2026-07-26T04:39:48.813781,02/11 02:15,3.9,0.0,,,,18.0,29.0,0.3764,0.094094,0.0,0.094094,0.000104,0.095431,0.08063,0.0,0.189525,0.34,low,0.031992,0.017273,0.049265,0
2026-07-26T04:39:48.834503,02/11 03:15,3.62,0.0,,,,18.0,29.0,0.3764,0.094094,0.0,0.094094,0.000168,0.155047,0.129131,0.0,0.249141,0.34,low,0.031992,0.028064,0.060055,0
2026-07-26T04:39:48.855503,02/11 04:15,2.8,0.0,,,,18.0,29.0,0.3764,0.094094,0.0,0.094094,0.000225,0.209275,0.169709,0.0,0.303369,0.34,low,0.031992,0.037879,0.069871,0
2026-07-26T04:39:48.874504,02/11 05:15,2.52,0.0,,,,18.0,29.0,0.3764,0.094094,0.0,0.094094,0.000264,0.246276,0.198779,0.0,0.34037,0.34,low,0.031992,0.044576,0.076568,0
2026-07-26T04:39:48.892503,02/11 06:15,1.55,0.0,,,,18.0,29.0,0.3764,0.094094,0.0,0.094094,0.00031,0.288223,0.230946,0.0,0.382317,0.43,moderate,0.04046,0.052168,0.092629,0
2026-07-26T04:40:07.149004,02/11 07:15,1.25,0.0,,,,18.0,29.0,0.3764,0.094094,0.0,0.094094,0.00503,1.803628,1.392192,0.0,1.897722,0.43,moderate,0.04046,0.326457,0.366917,0
2026-07-26T04:40:07.172240,02/11 08:23,2.1,0.0,,,,18.0,29.0,0.3764,0.094094,0.0,0.094094,0.004684,1.495766,1.186639,0.0,1.58986,0.43,moderate,0.04046,0.270734,0.311194,0
2026-07-26T04:40:07.197157,02/11 09:23,3.87,52.0,20.39,19.52,21.59,18.0,29.0,0.3764,0.094094,0.0,0.094094,0.004005,1.102062,0.879757,0.0,1.196156,0.43,moderate,0.04046,0.199473,0.239934,1
2026-07-26T04:40:07.222749,02/11 10:23,6.0,52.0,22.3,20.96,24.36,18.0,29.0,0.3764,0.094094,0.0,0.094094,0.002837,0.89496,0.678971,0.0,0.989054,0.3,low,0.028228,0.161988,0.190216,0
2026-07-26T04:40:07.248402,02/11 11:23,7.62,52.0,23.39,21.87,25.71,18.0,29.0,0.3764,0.094094,0.0,0.094094,0.001655,0.613722,0.529975,0.0,0.707816,0.3,low,0.028228,0.111084,0.139312,0
2026-07-26T04:40:07.270582,02/11 12:23,9.33,41.6,23.82,22.31,25.74,18.0,29.0,0.3764,0.094094,0.0,0.094094,0.000938,0.417653,0.374772,0.0,0.511747,0.3,low,0.028228,0.075595,0.103823,0
2026-07-26T04:40:26.106151,02/11 13:15,10.72,20.8,23.72,22.27,24.81,20.0,27.0,0.3764,0.094094,0.0,0.094094,0.000465,0.239895,0.226747,0.0,0.333989,0.3,low,0.028228,0.043421,0.071649,0
2026-07-26T04:40:26.128158,02/11 14:15,11.8,41.6,24.28,22.87,25.79,20.0,27.0,0.3764,0.094094,0.0,0.094094,0.000323,0.18389,0.170623,0.0,0.277984,0.3,low,0.028228,0.033284,0.061512,0
2026-07-26T04:40:26.149152,02/11 15:15,13.2,52.0,24.68,23.51,26.69,20.0,27.0,0.3764,0.094094,0.134742,0.094094,0.018311,0.133991,0.124857,0.18854,0.228085,0.3,low,0.028228,0.024252,0.052481,1
2026-07-26T04:40:26.168151,02/11 16:15,10.82,52.0,24.7,23.56,26.87,20.0,27.0,0.3764,0.094094,0.0,0.094094,0.000267,0.169909,0.146428,0.0,0.264003,0.55,high,0.051752,0.030754,0.082505,1
2026-07-26T04:40:26.188154,02/11 17:23,9.18,52.0,24.15,22.98,25.65,20.0,27.0,0.3764,0.094094,0.0,0.094094,0.000471,0.299471,0.229533,0.0,0.393565,0.55,high,0.051752,0.054204,0.105956,0
2026-07-26T04:40:26.208152,02/11 18:23,6.43,52.0,23.28,22.33,24.76,20.0,27.0,0.3764,0.094094,0.0,0.094094,0.001454,0.744299,0.493618,0.0,0.838393,0.55,high,0.051752,0.134718,0.18647,0
2026-07-26T04:40:45.636787,02/11 19:23,5.3,26.0,21.61,20.88,23.17,20.0,26.0,0.3764,0.094094,0.0,0.094094,0.002083,0.798629,0.599622,0.0,0.892723,0.55,high,0.051752,0.144552,0.196304,0
2026-07-26T04:40:45.661155,02/11 20:23,4.55,0.0,,,,20.0,26.0,0.3764,0.094094,0.0,0.094094,0.00507,0.710096,0.845282,0.0,0.80419,0.55,high,0.051752,0.128527,0.180279,0
2026-07-26T04:40:45.679149,02/11 21:15,5.0,0.0,,,,20.0,26.0,0.3764,0.094094,0.0,0.094094,0.000223,0.100688,0.123622,0.0,0.194782,0.4,moderate,0.037638,0.018225,0.055862,0
2026-07-26T04:40:45.698149,02/11 22:15,5.0,0.0,,,,20.0,26.0,0.3764,0.094094,0.0,0.094094,0.000753,0.495488,0.418927,0.0,0.589582,0.4,moderate,0.037638,0.089683,0.127321,0
2026-07-26T04:40:45.715149,02/11 23:15,5.15,0.0,,,,20.0,26.0,0.3764,0.094094,0.0,0.094094,0.00093,0.686202,0.547815,0.0,0.780296,0.4,moderate,0.037638,0.124203,0.16184,0
2026-07-26T04:40:45.733148,02/12 00:15,5.87,0.0,,,,20.0,26.0,0.3764,0.094094,0.0,0.094094,0.001096,0.815267,0.652034,0.0,0.909361,0.34,low,0.031992,0.147563,0.179555,0
2026-07-26T04:41:03.095220,02/12 01:15,6.7,0.0,,,,18.0,28.0,0.3764,0.094094,0.0,0.094094,0.0,0.0,0.0,0.0,0.094094,0.34,low,0.031992,0.0,0.031992,0
2026-07-26T04:41:03.117223,02/12 02:15,6.7,0.0,,,,18.0,28.0,0.3764,0.094094,0.0,0.094094,0.0,0.0,0.0,0.0,0.094094,0.34,low,0.031992,0.0,0.031992,0
2026-07-26T04:41:03.138216,02/12 03:15,6.55,0.0,,,,18.0,28.0,0.3764,0.094094,0.0,0.094094,0.0,0.0,0.0,0.0,0.094094,0.34,low,0.031992,0.0,0.031992,0
2026-07-26T04:41:03.158281,02/12 04:15,5.82,0.0,,,,18.0,28.0,0.3764,0.094094,0.0,0.094094,0.0,0.0,0.0,0.0,0.094094,0.34,low,0.031992,0.0,0.031992,0
2026-07-26T04:41:03.177286,02/12 05:15,4.85,0.0,,,,18.0,28.0,0.3764,0.094094,0.0,0.094094,0.0,0.0,0.0,0.0,0.094094,0.34,low,0.031992,0.0,0.031992,0
2026-07-26T04:41:03.196279,02/12 06:15,4.4,0.0,,,,18.0,28.0,0.3764,0.094094,0.0,0.094094,0.0,0.0,0.0,0.0,0.094094,0.43,moderate,0.04046,0.0,0.04046,0
2026-07-26T04:41:21.220604,02/12 07:15,4.55,0.0,,,,18.0,29.0,0.3764,0.094094,0.0,0.094094,0.004094,1.181419,0.907185,0.0,1.275513,0.43,moderate,0.04046,0.213837,0.254297,0
2026-07-26T04:41:21.243603,02/12 08:15,5.15,0.0,,,,18.0,29.0,0.3764,0.094094,0.0,0.094094,0.003561,1.031045,0.83452,0.0,1.125139,0.43,moderate,0.04046,0.186619,0.22708,0
2026-07-26T04:41:21.261600,02/12 09:15,5.72,52.0,20.08,19.59,21.34,18.0,29.0,0.3764,0.094094,0.0,0.094094,0.003481,0.200583,0.692299,0.0,0.294677,0.43,moderate,0.04046,0.036306,0.076766,1
2026-07-26T04:41:21.280598,02/12 10:15,6.25,52.0,21.38,20.75,22.83,18.0,29.0,0.3764,0.094094,0.0,0.094094,0.002405,0.811986,0.639801,0.0,0.90608,0.3,low,0.028228,0.146969,0.175198,0
2026-07-26T04:41:21.299047,02/12 11:15,6.55,52.0,21.99,21.33,23.32,18.0,29.0,0.3764,0.094094,0.0,0.094094,0.001954,0.700932,0.579926,0.0,0.795026,0.3,low,0.028228,0.126869,0.155097,0
2026-07-26T04:41:21.318134,02/12 12:15,5.67,41.6,22.35,21.68,23.53,18.0,29.0,0.3764,0.094094,0.0,0.094094,0.002197,0.777113,0.615654,0.0,0.871207,0.3,low,0.028228,0.140657,0.168886,0
2026-07-26T04:41:40.896810,02/12 13:15,4.12,20.8,21.84,21.21,23.07,20.0,27.0,0.3764,0.094094,0.0,0.094094,0.003248,0.030217,0.741535,0.0,0.124311,0.3,low,0.028228,0.005469,0.033697,0
2026-07-26T04:41:40.917803,02/12 14:15,3.57,41.6,22.37,21.58,23.65,20.0,27.0,0.3764,0.094094,0.0,0.094094,0.005191,0.592903,0.69775,0.0,0.686997,0.3,low,0.028228,0.107315,0.135544,0
2026-07-26T04:41:40.938803,02/12 15:15,4.7,52.0,22.32,21.47,23.68,20.0,27.0,0.3764,0.094094,0.0,0.094094,0.004966,0.042658,0.496593,0.0,0.136752,0.3,low,0.028228,0.007721,0.035949,0
2026-07-26T04:41:40.957806,02/12 16:15,5.3,52.0,22.43,21.72,23.85,20.0,27.0,0.3764,0.094094,0.0,0.094094,0.002324,0.863927,0.627537,0.0,0.958021,0.55,high,0.051752,0.156371,0.208122,0
2026-07-26T04:41:40.977273,02/12 17:15,4.4,52.0,22.05,21.35,23.61,20.0,27.0,0.3764,0.094094,0.0,0.094094,0.00303,0.029599,0.720472,0.0,0.123693,0.55,high,0.051752,0.005357,0.057109,0
2026-07-26T04:41:40.995269,02/12 18:15,4.28,52.0,21.48,20.64,23.36,20.0,27.0,0.3764,0.094094,0.0,0.094094,0.004973,0.037201,0.545884,0.0,0.131295,0.55,high,0.051752,0.006733,0.058485,0
2026-07-26T04:41:59.734123,02/12 19:15,3.75,26.0,20.35,20.0,21.73,20.0,26.0,0.3764,0.094094,0.0,0.094094,0.00577,0.751985,0.667154,0.0,0.846079,0.55,high,0.051752,0.136109,0.187861,0
2026-07-26T04:41:59.754125,02/12 20:15,3.17,0.0,,,,20.0,26.0,0.3764,0.094094,0.0,0.094094,0.004518,1.882118,1.474672,0.0,1.976212,0.55,high,0.051752,0.340663,0.392415,0
2026-07-26T04:41:59.774122,02/12 21:15,2.8,0.0,,,,20.0,26.0,0.3764,0.094094,0.0,0.094094,0.001208,0.782763,0.689251,0.0,0.876857,0.4,moderate,0.037638,0.14168,0.179318,0
2026-07-26T04:41:59.794123,02/12 22:15,2.8,0.0,,,,20.0,26.0,0.3764,0.094094,0.0,0.094094,0.001699,1.161132,0.932724,0.0,1.255226,0.4,moderate,0.037638,0.210165,0.247802,0
2026-07-26T04:41:59.813265,02/12 23:15,2.65,0.0,,,,20.0,26.0,0.3764,0.094094,0.0,0.094094,0.001906,1.284474,1.029285,0.0,1.378568,0.4,moderate,0.037638,0.23249,0.270127,0
2026-07-26T04:41:59.832268,02/13 00:15,2.2,0.0,,,,20.0,26.0,0.3764,0.094094,0.0,0.094094,0.002417,1.55091,1.228976,0.0,1.645004,0.34,low,0.031992,0.280715,0.312707,0
2026-07-26T04:42:17.140457,02/13 01:15,2.2,0.0,,,,18.0,28.0,0.3764,0.094094,0.0,0.094094,0.0,0.0,0.0,0.0,0.094094,0.34,low,0.031992,0.0,0.031992,0
2026-07-26T04:42:17.159452,02/13 02:15,2.08,0.0,,,,18.0,28.0,0.3764,0.094094,0.0,0.094094,5e-05,0.03226,0.042808,0.0,0.126354,0.34,low,0.031992,0.005839,0.037831,0
2026-07-26T04:42:17.179449,02/13 03:15,1.7,0.0,,,,18.0,28.0,0.3764,0.094094,0.0,0.094094,0.000322,0.23125,0.23929,0.0,0.325344,0.34,low,0.031992,0.041856,0.073848,0
2026-07-26T04:42:17.196454,02/13 04:15,1.7,0.0,,,,18.0,28.0,0.3764,0.094094,0.0,0.094094,0.000411,0.329783,0.297228,0.0,0.423877,0.34,low,0.031992,0.059691,0.091683,0
2026-07-26T04:42:17.215535,02/13 05:15,1.55,0.0,,,,18.0,28.0,0.3764,0.094094,0.0,0.094094,0.000458,0.387747,0.327167,0.0,0.481841,0.34,low,0.031992,0.070182,0.102174,0
2026-07-26T04:42:17.234529,02/13 06:15,1.25,0.0,,,,18.0,28.0,0.3764,0.094094,0.0,0.094094,0.000594,0.510044,0.409752,0.0,0.604138,0.43,moderate,0.04046,0.092318,0.132778,0
2026-07-26T04:42:34.876838,02/13 07:15,1.7,0.0,,,,18.0,29.0,0.3764,0.094094,0.0,0.094094,0.005157,1.88075,1.49608,0.0,1.974844,0.43,moderate,0.04046,0.340416,0.380876,0
2026-07-26T04:42:34.899835,02/13 08:15,1.7,0.0,,,,18.0,29.0,0.3764,0.094094,0.0,0.094094,0.005071,1.800515,1.441788,0.0,1.894609,0.43,moderate,0.04046,0.325893,0.366354,0
2026-07-26T04:42:34.922837,02/13 09:15,1.7,52.0,19.67,19.23,20.82,18.0,29.0,0.3764,0.094094,0.0,0.094094,0.004298,1.249515,1.008183,0.0,1.343609,0.43,moderate,0.04046,0.226162,0.266623,1
2026-07-26T04:42:34.941838,02/13 10:15,1.82,52.0,21.04,20.43,22.42,18.0,29.0,0.3764,0.094094,0.0,0.094094,0.00412,1.231431,0.994712,0.0,1.325525,0.3,low,0.028228,0.222889,0.251117,0
2026-07-26T04:42:34.958837,02/13 11:15,2.08,52.0,21.82,21.17,23.09,18.0,29.0,0.3764,0.094094,0.0,0.094094,0.003894,1.094982,0.941052,0.0,1.189076,0.3,low,0.028228,0.198192,0.22642,0
2026-07-26T04:42:34.975839,02/13 12:15,1.7,41.6,21.93,21.31,23.12,18.0,29.0,0.3764,0.094094,0.0,0.094094,0.003799,1.200297,0.967393,0.0,1.294391,0.3,low,0.028228,0.217254,0.245482,0
2026-07-26T04:42:54.029273,02/13 13:15,1.7,20.8,21.62,21.04,22.77,20.0,27.0,0.3764,0.094094,0.0,0.094094,0.003718,1.191208,0.96082,0.0,1.285302,0.3,low,0.028228,0.215609,0.243837,0
2026-07-26T04:42:54.055268,02/13 14:15,1.82,41.6,22.07,21.42,23.34,20.0,27.0,0.3764,0.094094,0.0,0.094094,0.003627,1.179535,0.952559,0.0,1.273629,0.3,low,0.028228,0.213496,0.241724,0
2026-07-26T04:42:54.078268,02/13 15:23,2.2,52.0,22.44,21.73,23.7,20.0,27.0,0.3764,0.094094,0.0,0.094094,0.003524,1.035074,0.904938,0.0,1.129168,0.3,low,0.028228,0.187348,0.215577,0
2026-07-26T04:42:54.097682,02/13 16:15,2.08,52.0,22.62,21.47,23.89,20.0,27.0,0.3764,0.094094,0.0,0.094094,0.003855,1.063265,0.898302,0.0,1.157359,0.55,high,0.051752,0.192451,0.244203,0
2026-07-26T04:42:54.116685,02/13 17:15,1.55,52.0,22.39,21.17,23.6,20.0,27.0,0.3764,0.094094,0.0,0.094094,0.003556,1.242263,0.933571,0.0,1.336357,0.55,high,0.051752,0.22485,0.276601,0
2026-07-26T04:42:54.135685,02/13 18:15,0.68,52.0,21.96,20.98,23.71,20.0,27.0,0.3764,0.094094,0.0,0.094094,0.003549,1.217284,0.981698,0.0,1.311378,0.55,high,0.051752,0.220328,0.27208,0
2026-07-26T04:43:13.076063,02/13 19:15,-0.88,26.0,20.67,20.0,22.43,20.0,26.0,0.3764,0.094094,0.0,0.094094,0.004029,1.406581,1.139577,0.0,1.500675,0.55,high,0.051752,0.254591,0.306343,0
2026-07-26T04:43:13.099062,02/13 20:15,-1.55,0.0,,,,20.0,26.0,0.3764,0.094094,0.0,0.094094,0.005459,2.31265,1.877856,0.0,2.406744,0.55,high,0.051752,0.41859,0.470341,0
2026-07-26T04:43:13.118827,02/13 21:15,-1.1,0.0,,,,20.0,26.0,0.3764,0.094094,0.0,0.094094,0.00131,0.853034,0.736434,0.0,0.947128,0.4,moderate,0.037638,0.154399,0.192037,0
2026-07-26T04:43:13.136751,02/13 22:15,-1.1,0.0,,,,20.0,26.0,0.3764,0.094094,0.0,0.094094,0.001855,1.214281,0.966211,0.0,1.308375,0.4,moderate,0.037638,0.219785,0.257422,0
2026-07-26T04:43:13.153824,02/13 23:15,-1.25,0.0,,,,20.0,26.0,0.3764,0.094094,0.0,0.094094,0.002254,1.436064,1.147863,0.0,1.530158,0.4,moderate,0.037638,0.259928,0.297565,0
2026-07-26T04:43:13.171828,02/14 00:15,-1.7,0.0,,,,20.0,26.0,0.3764,0.094094,0.0,0.094094,0.002521,1.567244,1.255075,0.0,1.661338,0.34,low,0.031992,0.283671,0.315663,0
2026-07-26T04:43:31.770210,02/14 01:15,-1.7,0.0,,,,18.0,28.0,0.3764,0.094094,0.0,0.094094,0.0,0.0,0.0,0.0,0.094094,0.34,low,0.031992,0.0,0.031992,0
2026-07-26T04:43:31.792576,02/14 02:15,-1.7,0.0,,,,18.0,28.0,0.3764,0.094094,0.0,0.094094,0.00032,0.220267,0.240584,0.0,0.314361,0.34,low,0.031992,0.039868,0.07186,0
2026-07-26T04:43:31.812580,02/14 03:15,-1.7,0.0,,,,18.0,28.0,0.3764,0.094094,0.0,0.094094,0.000487,0.386606,0.349867,0.0,0.4807,0.34,low,0.031992,0.069976,0.101968,0
2026-07-26T04:43:31.830571,02/14 04:15,-1.7,0.0,,,,18.0,28.0,0.3764,0.094094,0.0,0.094094,0.000598,0.502938,0.417844,0.0,0.597032,0.34,low,0.031992,0.091032,0.123024,0
2026-07-26T04:43:31.849571,02/14 05:15,-1.7,0.0,,,,18.0,28.0,0.3764,0.094094,0.0,0.094094,0.000612,0.523384,0.424897,0.0,0.617478,0.34,low,0.031992,0.094733,0.126724,0
2026-07-26T04:43:31.868573,02/14 06:15,-1.97,0.0,,,,18.0,28.0,0.3764,0.094094,0.0,0.094094,0.000747,0.633382,0.501665,0.0,0.727476,0.43,moderate,0.04046,0.114642,0.155103,0
2026-07-26T04:43:49.422289,02/14 07:15,-2.65,0.0,,,,18.0,29.0,0.3764,0.094094,0.0,0.094094,0.006482,2.472303,1.981823,0.0,2.566397,0.43,moderate,0.04046,0.447487,0.487947,0
2026-07-26T04:43:49.445288,02/14 08:15,-2.08,0.0,,,,18.0,29.0,0.3764,0.094094,0.0,0.094094,0.006268,2.367396,1.905182,0.0,2.46149,0.43,moderate,0.04046,0.428499,0.468959,0
2026-07-26T04:43:49.468412,02/14 09:15,-1.7,52.0,19.39,18.95,20.77,18.0,29.0,0.3764,0.094094,0.0,0.094094,0.005101,1.58927,1.280728,0.0,1.683364,0.43,moderate,0.04046,0.287658,0.328118,1
2026-07-26T04:43:49.490411,02/14 10:15,-1.55,52.0,20.67,20.06,22.25,18.0,29.0,0.3764,0.094094,0.0,0.094094,0.004925,1.57117,1.267705,0.0,1.665264,0.3,low,0.028228,0.284382,0.31261,0
2026-07-26T04:43:49.510426,02/14 11:15,-1.1,52.0,21.37,20.72,22.84,18.0,29.0,0.3764,0.094094,0.0,0.094094,0.004618,1.496942,1.208079,0.0,1.591036,0.3,low,0.028228,0.270947,0.299175,0
2026-07-26T04:43:49.527423,02/14 12:15,-1.1,41.6,21.52,20.9,22.89,18.0,29.0,0.3764,0.094094,0.0,0.094094,0.004474,1.481466,1.196232,0.0,1.57556,0.3,low,0.028228,0.268145,0.296374,0
2026-07-26T04:44:09.171710,02/14 13:15,-1.1,20.8,21.15,20.6,22.52,20.0,27.0,0.3764,0.094094,0.0,0.094094,0.004394,1.475156,1.18945,0.0,1.56925,0.3,low,0.028228,0.267003,0.295231,0
2026-07-26T04:44:09.189710,02/14 14:15,-1.38,41.6,21.5,20.88,23.0,20.0,27.0,0.3764,0.094094,0.0,0.094094,0.004321,1.466938,1.183015,0.0,1.561032,0.3,low,0.028228,0.265516,0.293744,0
2026-07-26T04:44:09.209722,02/14 15:15,-2.2,52.0,21.71,21.06,23.34,20.0,27.0,0.3764,0.094094,0.0,0.094094,0.004529,1.565834,1.263243,0.0,1.659928,0.3,low,0.028228,0.283416,0.311644,0
2026-07-26T04:44:09.227712,02/14 16:15,-2.35,52.0,21.43,20.81,23.11,20.0,27.0,0.3764,0.094094,0.0,0.094094,0.004482,1.562499,1.258953,0.0,1.656593,0.55,high,0.051752,0.282812,0.334564,0
2026-07-26T04:44:09.245709,02/14 17:15,-2.92,52.0,20.94,20.33,22.74,20.0,27.0,0.3764,0.094094,0.0,0.094094,0.004649,1.622765,1.306012,0.0,1.716859,0.55,high,0.051752,0.29372,0.345472,0
2026-07-26T04:44:09.265191,02/14 18:15,-3.45,52.0,20.71,20.1,22.71,20.0,27.0,0.3764,0.094094,0.0,0.094094,0.004828,1.675987,1.34812,0.0,1.770081,0.55,high,0.051752,0.303354,0.355105,0
2026-07-26T04:44:28.740432,02/14 19:15,-4.03,26.0,20.31,20.0,21.55,20.0,26.0,0.3764,0.094094,0.0,0.094094,0.005799,2.312556,1.871068,0.0,2.40665,0.55,high,0.051752,0.418573,0.470324,0
2026-07-26T04:44:28.764432,02/14 20:15,-4.4,0.0,,,,20.0,26.0,0.3764,0.094094,0.0,0.094094,0.007457,3.137639,2.522797,0.0,3.231733,0.55,high,0.051752,0.567913,0.619664,0
2026-07-26T04:44:28.784431,02/14 21:15,-4.4,0.0,,,,20.0,26.0,0.3764,0.094094,0.0,0.094094,0.002569,1.514056,1.226232,0.0,1.60815,0.4,moderate,0.037638,0.274044,0.311682,0
2026-07-26T04:44:28.802431,02/14 22:15,-4.55,0.0,,,,20.0,26.0,0.3764,0.094094,0.0,0.094094,0.003221,1.826226,1.460081,0.0,1.92032,0.4,moderate,0.037638,0.330547,0.368185,0
2026-07-26T04:44:28.819430,02/14 23:15,-5.0,0.0,,,,20.0,26.0,0.3764,0.094094,0.0,0.094094,0.004194,2.191511,1.741538,0.0,2.285605,0.4,moderate,0.037638,0.396663,0.434301,0
2026-07-26T04:44:28.836431,02/15 00:15,-5.15,0.0,,,,20.0,26.0,0.3764,0.094094,0.0,0.094094,0.004736,2.353008,1.88352,0.0,2.447102,0.34,low,0.031992,0.425894,0.457886,0
2026-07-26T04:44:46.806203,02/15 01:15,-5.72,0.0,,,,18.0,28.0,0.3764,0.094094,0.0,0.094094,0.000687,0.428571,0.464274,0.0,0.522665,0.34,low,0.031992,0.077571,0.109563,0
2026-07-26T04:44:46.827207,02/15 02:15,-6.37,0.0,,,,18.0,28.0,0.3764,0.094094,0.0,0.094094,0.001284,0.944672,0.764682,0.0,1.038766,0.34,low,0.031992,0.170986,0.202978,0
2026-07-26T04:44:46.846741,02/15 03:15,-7.75,0.0,,,,18.0,28.0,0.3764,0.094094,0.0,0.094094,0.001551,1.112058,0.881369,0.0,1.206152,0.34,low,0.031992,0.201282,0.233274,0
2026-07-26T04:44:46.864744,02/15 04:15,-9.55,0.0,,,,18.0,28.0,0.3764,0.094094,0.0,0.094094,0.001813,1.243793,0.986167,0.0,1.337887,0.34,low,0.031992,0.225127,0.257118,0
2026-07-26T04:44:46.880736,02/15 05:15,-10.28,0.0,,,,18.0,28.0,0.3764,0.094094,0.0,0.094094,0.001904,1.276074,1.023824,0.0,1.370168,0.34,low,0.031992,0.230969,0.262961,0
2026-07-26T04:44:46.897737,02/15 06:15,-10.97,0.0,,,,18.0,28.0,0.3764,0.094094,0.0,0.094094,0.002246,1.450763,1.151758,0.0,1.544857,0.43,moderate,0.04046,0.262588,0.303049,0
2026-07-26T04:45:03.875643,02/15 07:15,-10.45,0.0,,,,18.0,29.0,0.3764,0.094094,0.0,0.094094,0.011375,3.684174,2.958665,0.0,3.778268,0.43,moderate,0.04046,0.666835,0.707296,0
2026-07-26T04:45:03.898973,02/15 08:23,-9.72,0.0,,,,18.0,29.0,0.3764,0.094094,0.0,0.094094,0.010848,3.508786,2.829098,0.0,3.60288,0.43,moderate,0.04046,0.63509,0.675551,0
2026-07-26T04:45:03.923973,02/15 09:23,-8.48,52.0,19.61,18.42,22.34,18.0,29.0,0.3764,0.094094,0.0,0.094094,0.008191,2.293568,1.854923,0.0,2.387662,0.43,moderate,0.04046,0.415136,0.455596,1
2026-07-26T04:45:03.944981,02/15 10:23,-6.93,52.0,21.11,19.48,24.47,18.0,29.0,0.3764,0.094094,0.0,0.094094,0.006987,2.104974,1.705687,0.0,2.199068,0.3,low,0.028228,0.381,0.409228,1
2026-07-26T04:45:03.964973,02/15 11:23,-5.97,52.0,21.84,20.06,25.12,18.0,29.0,0.3764,0.094094,0.0,0.094094,0.006235,1.978778,1.601114,0.0,2.072872,0.3,low,0.028228,0.358159,0.386387,0
2026-07-26T04:45:03.982983,02/15 12:15,-5.3,41.6,22.13,20.36,24.75,18.0,29.0,0.3764,0.094094,0.0,0.094094,0.005846,1.915121,1.547101,0.0,2.009215,0.3,low,0.028228,0.346637,0.374865,0
2026-07-26T04:45:22.660590,02/15 13:23,-4.4,20.8,21.69,20.16,23.12,20.0,27.0,0.3764,0.094094,0.0,0.094094,0.005236,1.780028,1.438696,0.0,1.874122,0.3,low,0.028228,0.322185,0.350413,0
2026-07-26T04:45:22.683589,02/15 14:23,-4.4,41.6,22.18,20.65,23.7,20.0,27.0,0.3764,0.094094,0.0,0.094094,0.005091,1.766531,1.425417,0.0,1.860625,0.3,low,0.028228,0.319742,0.34797,0
2026-07-26T04:45:22.702589,02/15 15:15,-4.4,52.0,22.76,21.48,25.05,20.0,27.0,0.3764,0.094094,0.0,0.094094,0.00497,1.753921,1.413842,0.0,1.848015,0.3,low,0.028228,0.31746,0.345688,0
2026-07-26T04:45:22.721590,02/15 16:15,-4.7,52.0,23.02,21.45,25.65,20.0,27.0,0.3764,0.094094,0.0,0.094094,0.004888,1.743821,1.405655,0.0,1.837915,0.55,high,0.051752,0.315632,0.367383,0
2026-07-26T04:45:22.738591,02/15 17:23,-6.0,52.0,22.47,20.85,24.56,20.0,27.0,0.3764,0.094094,0.0,0.094094,0.005291,1.862981,1.49541,0.0,1.957075,0.55,high,0.051752,0.3372,0.388951,0
2026-07-26T04:45:22.756592,02/15 18:23,-7.2,52.0,21.61,20.47,23.57,20.0,27.0,0.3764,0.094094,0.0,0.094094,0.006067,2.033712,1.626808,0.0,2.127806,0.55,high,0.051752,0.368102,0.419854,0
2026-07-26T04:45:43.900609,02/15 19:23,-7.48,26.0,20.47,20.0,22.05,20.0,26.0,0.3764,0.094094,0.0,0.094094,0.006649,2.376208,1.924012,0.0,2.470302,0.55,high,0.051752,0.430094,0.481845,0
2026-07-26T04:45:43.922618,02/15 20:15,-8.45,0.0,,,,20.0,26.0,0.3764,0.094094,0.0,0.094094,0.009269,3.579802,2.876512,0.0,3.673896,0.55,high,0.051752,0.647944,0.699696,0
2026-07-26T04:45:43.942612,02/15 21:15,-9.03,0.0,,,,20.0,26.0,0.3764,0.094094,0.0,0.094094,0.002939,1.613753,1.298655,0.0,1.707847,0.4,moderate,0.037638,0.292089,0.329727,0
2026-07-26T04:45:43.960611,02/15 22:15,-9.55,0.0,,,,20.0,26.0,0.3764,0.094094,0.0,0.094094,0.004096,2.091649,1.667312,0.0,2.185743,0.4,moderate,0.037638,0.378588,0.416226,0
2026-07-26T04:45:43.978612,02/15 23:15,-10.28,0.0,,,,20.0,26.0,0.3764,0.094094,0.0,0.094094,0.004496,2.224004,1.786024,0.0,2.318098,0.4,moderate,0.037638,0.402545,0.440182,0
2026-07-26T04:45:43.999609,02/16 00:15,-11.1,0.0,,,,20.0,26.0,0.3764,0.094094,0.0,0.094094,0.004918,2.361524,1.894471,0.0,2.455618,0.34,low,0.031992,0.427436,0.459428,0
2026-07-26T04:46:01.757239,02/16 01:15,-11.25,0.0,,,,18.0,28.0,0.3764,0.094094,0.0,0.094094,0.000681,0.422911,0.464424,0.0,0.517005,0.34,low,0.031992,0.076547,0.108539,0
2026-07-26T04:46:01.780242,02/16 02:15,-11.97,0.0,,,,18.0,28.0,0.3764,0.094094,0.0,0.094094,0.001127,0.846099,0.699824,0.0,0.940193,0.34,low,0.031992,0.153144,0.185136,0
2026-07-26T04:46:01.798234,02/16 03:15,-12.8,0.0,,,,18.0,28.0,0.3764,0.094094,0.0,0.094094,0.001514,1.11349,0.874932,0.0,1.207584,0.34,low,0.031992,0.201542,0.233534,0
2026-07-26T04:46:01.817242,02/16 04:15,-12.65,0.0,,,,18.0,28.0,0.3764,0.094094,0.0,0.094094,0.001626,1.162924,0.932294,0.0,1.257018,0.34,low,0.031992,0.210489,0.242481,0
2026-07-26T04:46:01.834237,02/16 05:15,-12.47,0.0,,,,18.0,28.0,0.3764,0.094094,0.0,0.094094,0.001673,1.182362,0.939395,0.0,1.276456,0.34,low,0.031992,0.214008,0.245999,0
2026-07-26T04:46:01.851976,02/16 06:15,-12.9,0.0,,,,18.0,28.0,0.3764,0.094094,0.0,0.094094,0.00191,1.274622,1.004345,0.0,1.368716,0.43,moderate,0.04046,0.230707,0.271167,0
2026-07-26T04:46:19.493868,02/16 07:15,-11.27,0.0,,,,18.0,29.0,0.3764,0.094094,0.0,0.094094,0.001774,1.137988,0.919996,0.0,1.232082,0.43,moderate,0.04046,0.205976,0.246436,0
2026-07-26T04:46:19.515859,02/16 08:15,-9.45,0.0,,,,18.0,29.0,0.3764,0.094094,0.0,0.094094,0.001306,0.833045,0.663895,0.0,0.927139,0.43,moderate,0.04046,0.150781,0.191242,0
2026-07-26T04:46:19.537866,02/16 09:23,-7.52,0.0,,,,18.0,29.0,0.3764,0.094094,0.0,0.094094,0.000986,0.629571,0.517539,0.0,0.723665,0.43,moderate,0.04046,0.113952,0.154413,0
2026-07-26T04:46:19.557857,02/16 10:23,-6.43,0.0,,,,18.0,29.0,0.3764,0.094094,0.0,0.094094,0.000322,0.218701,0.202703,0.0,0.312795,0.3,low,0.028228,0.039585,0.067813,0
2026-07-26T04:46:19.575862,02/16 11:15,-5.3,0.0,,,,18.0,29.0,0.3764,0.094094,0.0,0.094094,9.5e-05,0.069457,0.069079,0.0,0.163551,0.3,low,0.028228,0.012572,0.0408,0
2026-07-26T04:46:19.594859,02/16 12:15,-4.28,0.0,,,,18.0,29.0,0.3764,0.094094,0.0,0.094094,0.0,0.0,0.0,0.0,0.094094,0.3,low,0.028228,0.0,0.028228,0
2026-07-26T04:46:37.566080,02/16 13:15,-3.9,0.0,,,,18.0,29.0,0.3764,0.094094,0.0,0.094094,0.0,0.0,0.0,0.0,0.094094,0.3,low,0.028228,0.0,0.028228,0
2026-07-26T04:46:37.591210,02/16 14:23,-3.75,0.0,,,,18.0,29.0,0.3764,0.094094,0.0,0.094094,0.0,0.0,0.0,0.0,0.094094,0.3,low,0.028228,0.0,0.028228,0
2026-07-26T04:46:37.616074,02/16 15:15,-3.3,0.0,,,,18.0,29.0,0.3764,0.094094,0.0,0.094094,0.0,0.0,0.0,0.0,0.094094,0.3,low,0.028228,0.0,0.028228,0
2026-07-26T04:46:37.638506,02/16 16:15,-3.57,0.0,,,,18.0,29.0,0.3764,0.094094,0.0,0.094094,0.0,0.0,0.0,0.0,0.094094,0.55,high,0.051752,0.0,0.051752,0
2026-07-26T04:46:37.658096,02/16 17:23,-4.83,0.0,,,,18.0,29.0,0.3764,0.094094,0.0,0.094094,0.0,0.0,0.0,0.0,0.094094,0.55,high,0.051752,0.0,0.051752,0
2026-07-26T04:46:37.683297,02/16 18:23,-6.25,0.0,,,,18.0,29.0,0.3764,0.094094,0.0,0.094094,3.4e-05,0.025177,0.02818,0.0,0.119271,0.55,high,0.051752,0.004557,0.056309,0
2026-07-26T04:46:56.153694,02/16 19:15,-6.98,0.0,,,,18.0,29.0,0.3764,0.094094,0.0,0.094094,5.4e-05,0.040837,0.04347,0.0,0.134931,0.55,high,0.051752,0.007391,0.059143,0
2026-07-26T04:46:56.176703,02/16 20:15,-8.07,0.0,,,,18.0,29.0,0.3764,0.094094,0.0,0.094094,0.000147,0.11535,0.110968,0.0,0.209444,0.55,high,0.051752,0.020878,0.07263,0
2026-07-26T04:46:56.197696,02/16 21:15,-8.75,0.0,,,,18.0,29.0,0.3764,0.094094,0.0,0.094094,0.000569,0.470273,0.39639,0.0,0.564367,0.4,moderate,0.037638,0.085119,0.122757,0
2026-07-26T04:46:56.215695,02/16 22:15,-8.58,0.0,,,,18.0,29.0,0.3764,0.094094,0.0,0.094094,0.000744,0.624634,0.50178,0.0,0.718728,0.4,moderate,0.037638,0.113059,0.150696,0
2026-07-26T04:46:56.234694,02/16 23:15,-9.7,0.0,,,,18.0,29.0,0.3764,0.094094,0.0,0.094094,0.001075,0.870065,0.675332,0.0,0.964159,0.4,moderate,0.037638,0.157482,0.195119,0
2026-07-26T04:46:56.250697,02/17 00:15,-10.3,0.0,,,,18.0,29.0,0.3764,0.094094,0.0,0.094094,0.00124,0.956916,0.75567,0.0,1.05101,0.34,low,0.031992,0.173202,0.205194,0
2026-07-26T04:47:14.500180,02/17 01:15,-9.28,0.0,,,,18.0,29.0,0.3764,0.094094,0.0,0.094094,0.001322,0.995008,0.796782,0.0,1.089102,0.34,low,0.031992,0.180096,0.212088,0
2026-07-26T04:47:14.523278,02/17 02:15,-8.62,0.0,,,,18.0,29.0,0.3764,0.094094,0.0,0.094094,0.001417,1.054496,0.845072,0.0,1.14859,0.34,low,0.031992,0.190864,0.222856,0
2026-07-26T04:47:14.542277,02/17 03:15,-7.8,0.0,,,,18.0,29.0,0.3764,0.094094,0.0,0.094094,0.001417,1.045485,0.83433,0.0,1.139579,0.34,low,0.031992,0.189233,0.221225,0
2026-07-26T04:47:14.560290,02/17 04:15,-7.8,0.0,,,,18.0,29.0,0.3764,0.094094,0.0,0.094094,0.001566,1.115946,0.883926,0.0,1.21004,0.34,low,0.031992,0.201986,0.233978,0
2026-07-26T04:47:14.579282,02/17 05:15,-7.92,0.0,,,,18.0,29.0,0.3764,0.094094,0.0,0.094094,0.0016,1.112688,0.890117,0.0,1.206782,0.34,low,0.031992,0.201397,0.233388,0
2026-07-26T04:47:14.598277,02/17 06:15,-8.18,0.0,,,,18.0,29.0,0.3764,0.094094,0.0,0.094094,0.001661,1.137696,0.911363,0.0,1.23179,0.43,moderate,0.04046,0.205923,0.246383,0
2026-07-26T04:47:32.072105,02/17 07:15,-7.52,0.0,,,,18.0,29.0,0.3764,0.094094,0.0,0.094094,0.001521,1.043401,0.848149,0.0,1.137495,0.43,moderate,0.04046,0.188856,0.229316,0
2026-07-26T04:47:32.096270,02/17 08:15,-6.28,0.0,,,,18.0,29.0,0.3764,0.094094,0.0,0.094094,0.001327,0.926798,0.754567,0.0,1.020892,0.43,moderate,0.04046,0.16775,0.208211,0
2026-07-26T04:47:32.115272,02/17 09:15,-4.58,0.0,,,,18.0,29.0,0.3764,0.094094,0.0,0.094094,0.000974,0.703593,0.581978,0.0,0.797687,0.43,moderate,0.04046,0.12735,0.167811,0
2026-07-26T04:47:32.135271,02/17 10:15,-2.62,0.0,,,,18.0,29.0,0.3764,0.094094,0.0,0.094094,0.000501,0.380104,0.326242,0.0,0.474198,0.3,low,0.028228,0.068799,0.097027,0
2026-07-26T04:47:32.154268,02/17 11:15,-0.17,0.0,,,,18.0,29.0,0.3764,0.094094,0.0,0.094094,8.7e-05,0.069292,0.061938,0.0,0.163386,0.3,low,0.028228,0.012542,0.04077,0
2026-07-26T04:47:32.171539,02/17 12:15,1.25,0.0,,,,18.0,29.0,0.3764,0.094094,0.0,0.094094,0.0,0.0,0.0,0.0,0.094094,0.3,low,0.028228,0.0,0.028228,0
2026-07-26T04:47:50.468029,02/17 13:15,1.82,0.0,,,,18.0,29.0,0.3764,0.094094,0.0,0.094094,0.0,0.0,0.0,0.0,0.094094,0.3,low,0.028228,0.0,0.028228,0
2026-07-26T04:47:50.488030,02/17 14:15,2.48,0.0,,,,18.0,29.0,0.3764,0.094094,0.0,0.094094,0.0,0.0,0.0,0.0,0.094094,0.3,low,0.028228,0.0,0.028228,0
2026-07-26T04:47:50.508027,02/17 15:15,3.17,0.0,,,,18.0,29.0,0.3764,0.094094,0.0,0.094094,0.0,0.0,0.0,0.0,0.094094,0.3,low,0.028228,0.0,0.028228,0
2026-07-26T04:47:50.527029,02/17 16:15,2.65,0.0,,,,18.0,29.0,0.3764,0.094094,0.0,0.094094,0.0,0.0,0.0,0.0,0.094094,0.55,high,0.051752,0.0,0.051752,0
2026-07-26T04:47:50.544029,02/17 17:15,2.08,0.0,,,,18.0,29.0,0.3764,0.094094,0.0,0.094094,0.0,0.0,0.0,0.0,0.094094,0.55,high,0.051752,0.0,0.051752,0
2026-07-26T04:47:50.563026,02/17 18:15,1.55,0.0,,,,18.0,29.0,0.3764,0.094094,0.0,0.094094,4.6e-05,0.037248,0.038085,0.0,0.131342,0.55,high,0.051752,0.006742,0.058494,0
2026-07-26T04:48:09.150988,02/17 19:15,0.98,0.0,,,,18.0,29.0,0.3764,0.094094,0.0,0.094094,0.000214,0.180009,0.165207,0.0,0.274103,0.55,high,0.051752,0.032582,0.084333,0
2026-07-26T04:48:09.172987,02/17 20:15,0.6,0.0,,,,18.0,29.0,0.3764,0.094094,0.0,0.094094,0.000289,0.252699,0.217622,0.0,0.346793,0.55,high,0.051752,0.045739,0.09749,0
2026-07-26T04:48:09.191985,02/17 21:15,0.72,0.0,,,,18.0,29.0,0.3764,0.094094,0.0,0.094094,0.000293,0.263347,0.221865,0.0,0.357441,0.4,moderate,0.037638,0.047666,0.085303,0
2026-07-26T04:48:09.210992,02/17 22:15,1.1,0.0,,,,18.0,29.0,0.3764,0.094094,0.0,0.094094,0.000295,0.268946,0.221412,0.0,0.36304,0.4,moderate,0.037638,0.048679,0.086317,0
2026-07-26T04:48:09.228996,02/17 23:15,1.1,0.0,,,,18.0,29.0,0.3764,0.094094,0.0,0.094094,0.000268,0.246548,0.203539,0.0,0.340642,0.4,moderate,0.037638,0.044625,0.082263,0
2026-07-26T04:48:09.246985,02/18 00:15,1.1,0.0,,,,18.0,29.0,0.3764,0.094094,0.0,0.094094,0.000297,0.274689,0.221583,0.0,0.368783,0.34,low,0.031992,0.049719,0.081711,0
2026-07-26T04:48:27.079765,02/18 01:15,1.1,0.0,,,,18.0,29.0,0.3764,0.094094,0.0,0.094094,0.000533,0.481374,0.374884,0.0,0.575468,0.34,low,0.031992,0.087129,0.119121,0
2026-07-26T04:48:27.099770,02/18 02:15,1.1,0.0,,,,18.0,29.0,0.3764,0.094094,0.0,0.094094,0.000414,0.370008,0.298661,0.0,0.464102,0.34,low,0.031992,0.066971,0.098963,0
2026-07-26T04:48:27.123819,02/18 03:15,0.83,0.0,,,,18.0,29.0,0.3764,0.094094,0.0,0.094094,0.000463,0.413278,0.330833,0.0,0.507372,0.34,low,0.031992,0.074803,0.106795,0
2026-07-26T04:48:27.143819,02/18 04:15,-0.42,0.0,,,,18.0,29.0,0.3764,0.094094,0.0,0.094094,0.0005,0.444256,0.354368,0.0,0.53835,0.34,low,0.031992,0.08041,0.112402,0
2026-07-26T04:48:27.162817,02/18 05:15,-1.55,0.0,,,,18.0,29.0,0.3764,0.094094,0.0,0.094094,0.000596,0.52342,0.413948,0.0,0.617514,0.34,low,0.031992,0.094739,0.126731,0
2026-07-26T04:48:27.179817,02/18 06:15,-0.98,0.0,,,,18.0,29.0,0.3764,0.094094,0.0,0.094094,0.000644,0.557225,0.441713,0.0,0.651319,0.43,moderate,0.04046,0.100858,0.141318,0
2026-07-26T04:48:45.474161,02/18 07:15,-0.6,0.0,,,,18.0,29.0,0.3764,0.094094,0.0,0.094094,0.005648,2.058284,1.638928,0.0,2.152378,0.43,moderate,0.04046,0.372549,0.41301,0
2026-07-26T04:48:45.497162,02/18 08:15,-0.45,0.0,,,,18.0,29.0,0.3764,0.094094,0.0,0.094094,0.005586,1.993618,1.599128,0.0,2.087712,0.43,moderate,0.04046,0.360845,0.401305,0
2026-07-26T04:48:45.519162,02/18 09:20,0.42,52.0,19.93,19.31,21.11,18.0,29.0,0.3764,0.094094,0.0,0.094094,0.004688,1.420202,1.146779,0.0,1.514296,0.43,moderate,0.04046,0.257057,0.297517,1
2026-07-26T04:48:45.540523,02/18 10:23,2.38,52.0,21.83,20.6,23.49,18.0,29.0,0.3764,0.094094,0.0,0.094094,0.004135,1.242276,0.996194,0.0,1.33637,0.3,low,0.028228,0.224852,0.25308,0
2026-07-26T04:48:45.559524,02/18 11:23,4.7,52.0,22.75,21.37,24.43,18.0,29.0,0.3764,0.094094,0.0,0.094094,0.004992,0.034733,0.670838,0.0,0.128827,0.3,low,0.028228,0.006287,0.034515,0
2026-07-26T04:48:45.579526,02/18 12:15,5.72,41.6,23.08,21.83,24.33,18.0,29.0,0.3764,0.094094,0.0,0.094094,0.002476,0.815418,0.648614,0.0,0.909512,0.3,low,0.028228,0.147591,0.175819,0
2026-07-26T04:49:04.940609,02/18 13:15,6.1,20.8,22.84,21.66,23.51,20.0,27.0,0.3764,0.094094,0.0,0.094094,0.002064,0.723944,0.596532,0.0,0.818038,0.3,low,0.028228,0.131034,0.159262,0
2026-07-26T04:49:04.961612,02/18 14:15,6.25,41.6,23.1,22.08,24.0,20.0,27.0,0.3764,0.094094,0.0,0.094094,0.001982,0.721027,0.584454,0.0,0.815121,0.3,low,0.028228,0.130506,0.158734,0
2026-07-26T04:49:04.981609,02/18 15:15,6.55,52.0,23.41,22.53,24.3,20.0,27.0,0.3764,0.094094,0.0,0.094094,0.00164,0.636492,0.527924,0.0,0.730586,0.3,low,0.028228,0.115205,0.143433,0
2026-07-26T04:49:05.000609,02/18 16:15,5.82,52.0,23.62,22.54,25.13,20.0,27.0,0.3764,0.094094,0.0,0.094094,0.001877,0.719088,0.568104,0.0,0.813182,0.55,high,0.051752,0.130155,0.181907,0
2026-07-26T04:49:05.022612,02/18 17:15,4.3,52.0,23.18,21.97,24.49,20.0,27.0,0.3764,0.094094,0.0,0.094094,0.002463,0.84056,0.650673,0.0,0.934654,0.55,high,0.051752,0.152141,0.203893,0
2026-07-26T04:49:05.042613,02/18 18:23,1.93,52.0,22.44,21.45,24.09,20.0,27.0,0.3764,0.094094,0.0,0.094094,0.005403,1.195235,0.846782,0.0,1.289329,0.55,high,0.051752,0.216338,0.268089,0
2026-07-26T04:49:23.427327,02/18 19:15,1.25,26.0,21.0,20.28,22.73,20.0,26.0,0.3764,0.094094,0.0,0.094094,0.003872,1.473714,0.975311,0.0,1.567808,0.55,high,0.051752,0.266742,0.318494,0
2026-07-26T04:49:23.450576,02/18 20:15,1.55,0.0,,,,20.0,26.0,0.3764,0.094094,0.0,0.094094,0.004144,1.640423,1.345346,0.0,1.734517,0.55,high,0.051752,0.296917,0.348668,0
2026-07-26T04:49:23.470266,02/18 21:15,0.83,0.0,,,,20.0,26.0,0.3764,0.094094,0.0,0.094094,0.000837,0.512032,0.513878,0.0,0.606126,0.4,moderate,0.037638,0.092678,0.130315,0
2026-07-26T04:49:23.488268,02/18 22:15,-0.15,0.0,,,,20.0,26.0,0.3764,0.094094,0.0,0.094094,0.001541,1.046024,0.828654,0.0,1.140118,0.4,moderate,0.037638,0.18933,0.226968,0
2026-07-26T04:49:23.506277,02/18 23:15,-1.0,0.0,,,,20.0,26.0,0.3764,0.094094,0.0,0.094094,0.00182,1.207115,0.967577,0.0,1.301209,0.4,moderate,0.037638,0.218488,0.256125,0
2026-07-26T04:49:23.524603,02/19 00:15,-2.2,0.0,,,,20.0,26.0,0.3764,0.094094,0.0,0.094094,0.002336,1.48468,1.177477,0.0,1.578774,0.34,low,0.031992,0.268727,0.300719,0
2026-07-26T04:49:41.710988,02/19 01:15,-2.35,0.0,,,,18.0,28.0,0.3764,0.094094,0.0,0.094094,0.0,0.0,0.0,0.0,0.094094,0.34,low,0.031992,0.0,0.031992,0
2026-07-26T04:49:41.731986,02/19 02:15,-2.65,0.0,,,,18.0,28.0,0.3764,0.094094,0.0,0.094094,0.000261,0.176851,0.200124,0.0,0.270945,0.34,low,0.031992,0.03201,0.064002,0
2026-07-26T04:49:41.750983,02/19 03:15,-1.8,0.0,,,,18.0,28.0,0.3764,0.094094,0.0,0.094094,0.000458,0.358261,0.330844,0.0,0.452355,0.34,low,0.031992,0.064845,0.096837,0
2026-07-26T04:49:41.769984,02/19 04:15,-0.6,0.0,,,,18.0,28.0,0.3764,0.094094,0.0,0.094094,0.000406,0.342962,0.298843,0.0,0.437056,0.34,low,0.031992,0.062076,0.094068,0
2026-07-26T04:49:41.788982,02/19 05:15,-0.45,0.0,,,,18.0,28.0,0.3764,0.094094,0.0,0.094094,0.000545,0.473747,0.384247,0.0,0.567841,0.34,low,0.031992,0.085748,0.11774,0
2026-07-26T04:49:41.805982,02/19 06:15,0.0,0.0,,,,18.0,28.0,0.3764,0.094094,0.0,0.094094,0.000604,0.523915,0.416967,0.0,0.618009,0.43,moderate,0.04046,0.094829,0.135289,0
2026-07-26T04:49:59.272529,02/19 07:15,0.0,0.0,,,,18.0,29.0,0.3764,0.094094,0.0,0.094094,0.005474,1.991673,1.584206,0.0,2.085767,0.43,moderate,0.04046,0.360493,0.400953,0
2026-07-26T04:49:59.294525,02/19 08:15,0.0,0.0,,,,18.0,29.0,0.3764,0.094094,0.0,0.094094,0.005414,1.924157,1.545576,0.0,2.018251,0.43,moderate,0.04046,0.348272,0.388733,0
2026-07-26T04:49:59.314526,02/19 09:15,0.0,52.0,19.67,19.22,20.98,18.0,29.0,0.3764,0.094094,0.0,0.094094,0.004684,1.420682,1.146322,0.0,1.514776,0.43,moderate,0.04046,0.257143,0.297604,1
2026-07-26T04:49:59.335526,02/19 10:15,-0.15,52.0,20.92,20.31,22.44,18.0,29.0,0.3764,0.094094,0.0,0.094094,0.004497,1.401013,1.132249,0.0,1.495107,0.3,low,0.028228,0.253583,0.281812,0
2026-07-26T04:49:59.353526,02/19 11:15,-0.72,52.0,21.5,20.87,22.97,18.0,29.0,0.3764,0.094094,0.0,0.094094,0.004453,1.439782,1.165392,0.0,1.533876,0.3,low,0.028228,0.260601,0.288829,0
2026-07-26T04:49:59.372525,02/19 12:15,-0.98,41.6,21.58,20.96,22.98,18.0,29.0,0.3764,0.094094,0.0,0.094094,0.00444,1.477697,1.19391,0.0,1.571791,0.3,low,0.028228,0.267463,0.295691,0
2026-07-26T04:50:19.088135,02/19 13:15,-0.72,20.8,21.33,20.77,22.61,20.0,27.0,0.3764,0.094094,0.0,0.094094,0.004253,1.42594,1.148429,0.0,1.520034,0.3,low,0.028228,0.258095,0.286323,0
2026-07-26T04:50:19.109314,02/19 14:15,-1.25,41.6,21.72,21.11,23.16,20.0,27.0,0.3764,0.094094,0.0,0.094094,0.004283,1.461344,1.180095,0.0,1.555438,0.3,low,0.028228,0.264503,0.292731,0
2026-07-26T04:50:19.130314,02/19 15:15,-1.82,52.0,21.97,21.33,23.55,20.0,27.0,0.3764,0.094094,0.0,0.094094,0.004358,1.512963,1.220692,0.0,1.607057,0.3,low,0.028228,0.273846,0.302075,0
2026-07-26T04:50:19.148316,02/19 16:15,-2.2,52.0,21.78,21.13,23.53,20.0,27.0,0.3764,0.094094,0.0,0.094094,0.004447,1.558944,1.256197,0.0,1.653038,0.55,high,0.051752,0.282169,0.333921,0
2026-07-26T04:50:19.167313,02/19 17:15,-2.35,52.0,21.45,20.77,23.38,20.0,27.0,0.3764,0.094094,0.0,0.094094,0.004441,1.5595,1.255646,0.0,1.653594,0.55,high,0.051752,0.28227,0.334021,0
2026-07-26T04:50:19.187314,02/19 18:15,-3.62,52.0,21.13,20.41,23.26,20.0,27.0,0.3764,0.094094,0.0,0.094094,0.00463,1.621496,1.3047,0.0,1.71559,0.55,high,0.051752,0.293491,0.345242,0
2026-07-26T04:50:38.590876,02/19 19:15,-6.25,26.0,20.38,20.0,21.9,20.0,26.0,0.3764,0.094094,0.0,0.094094,0.006408,2.425569,1.951988,0.0,2.519663,0.55,high,0.051752,0.439028,0.49078,0
2026-07-26T04:50:38.614880,02/19 20:15,-6.43,0.0,,,,20.0,26.0,0.3764,0.094094,0.0,0.094094,0.008139,3.274842,2.632624,0.0,3.368936,0.55,high,0.051752,0.592746,0.644498,0
2026-07-26T04:50:38.634886,02/19 21:15,-5.6,0.0,,,,20.0,26.0,0.3764,0.094094,0.0,0.094094,0.002087,1.265796,1.033608,0.0,1.35989,0.4,moderate,0.037638,0.229109,0.266747,0
2026-07-26T04:50:38.654887,02/19 22:15,-5.45,0.0,,,,20.0,26.0,0.3764,0.094094,0.0,0.094094,0.002999,1.733343,1.377567,0.0,1.827437,0.4,moderate,0.037638,0.313735,0.351373,0
2026-07-26T04:50:38.673888,02/19 23:15,-5.0,0.0,,,,20.0,26.0,0.3764,0.094094,0.0,0.094094,0.003221,1.821055,1.465824,0.0,1.915149,0.4,moderate,0.037638,0.329611,0.367249,0
2026-07-26T04:50:38.693883,02/20 00:15,-5.0,0.0,,,,20.0,26.0,0.3764,0.094094,0.0,0.094094,0.003452,1.922936,1.543548,0.0,2.01703,0.34,low,0.031992,0.348051,0.380043,0
2026-07-26T04:50:56.934614,02/20 01:15,-5.0,0.0,,,,18.0,28.0,0.3764,0.094094,0.0,0.094094,0.000317,0.18982,0.239509,0.0,0.283914,0.34,low,0.031992,0.034357,0.066349,0
2026-07-26T04:50:56.954674,02/20 02:15,-5.0,0.0,,,,18.0,28.0,0.3764,0.094094,0.0,0.094094,0.000683,0.514265,0.466974,0.0,0.608359,0.34,low,0.031992,0.093082,0.125074,0
2026-07-26T04:50:56.973995,02/20 03:15,-5.0,0.0,,,,18.0,28.0,0.3764,0.094094,0.0,0.094094,0.000902,0.724159,0.587577,0.0,0.818253,0.34,low,0.031992,0.131073,0.163065,0
2026-07-26T04:50:56.991482,02/20 04:15,-5.42,0.0,,,,18.0,28.0,0.3764,0.094094,0.0,0.094094,0.000936,0.753691,0.607149,0.0,0.847785,0.34,low,0.031992,0.136418,0.16841,0
2026-07-26T04:50:57.010485,02/20 05:15,-7.25,0.0,,,,18.0,28.0,0.3764,0.094094,0.0,0.094094,0.001273,0.987005,0.769115,0.0,1.081099,0.34,low,0.031992,0.178648,0.21064,0
2026-07-26T04:50:57.029483,02/20 06:15,-9.18,0.0,,,,18.0,28.0,0.3764,0.094094,0.0,0.094094,0.001425,1.055516,0.837093,0.0,1.14961,0.43,moderate,0.04046,0.191048,0.231509,0
2026-07-26T04:51:14.469753,02/20 07:15,-9.45,0.0,,,,18.0,29.0,0.3764,0.094094,0.0,0.094094,0.010331,3.365756,2.685273,0.0,3.45985,0.43,moderate,0.04046,0.609202,0.649662,0
2026-07-26T04:51:14.493403,02/20 08:23,-7.25,0.0,,,,18.0,29.0,0.3764,0.094094,0.0,0.094094,0.00861,2.922487,2.362504,0.0,3.016581,0.43,moderate,0.04046,0.52897,0.569431,0
2026-07-26T04:51:14.516773,02/20 09:20,-5.02,52.0,20.23,18.9,23.05,18.0,29.0,0.3764,0.094094,0.0,0.094094,0.006409,1.964812,1.591039,0.0,2.058906,0.43,moderate,0.04046,0.355631,0.396091,1
2026-07-26T04:51:14.537907,02/20 10:23,-2.9,52.0,21.96,20.2,25.28,18.0,29.0,0.3764,0.094094,0.0,0.094094,0.00536,1.721891,1.392848,0.0,1.815985,0.3,low,0.028228,0.311662,0.33989,0
2026-07-26T04:51:14.558906,02/20 11:23,-1.55,52.0,22.67,21.08,25.15,18.0,29.0,0.3764,0.094094,0.0,0.094094,0.004646,1.541902,1.245734,0.0,1.635996,0.3,low,0.028228,0.279084,0.307312,0
2026-07-26T04:51:14.580918,02/20 12:15,-0.98,41.6,22.41,21.18,23.63,18.0,29.0,0.3764,0.094094,0.0,0.094094,0.004317,1.467047,1.182908,0.0,1.561141,0.3,low,0.028228,0.265536,0.293764,0
2026-07-26T04:51:33.870491,02/20 13:15,-0.6,20.8,21.89,20.96,23.07,20.0,27.0,0.3764,0.094094,0.0,0.094094,0.004119,1.410976,1.136225,0.0,1.50507,0.3,low,0.028228,0.255387,0.283615,0
2026-07-26T04:51:33.892484,02/20 14:15,-0.72,41.6,22.2,21.38,23.52,20.0,27.0,0.3764,0.094094,0.0,0.094094,0.004035,1.398211,1.128281,0.0,1.492305,0.3,low,0.028228,0.253076,0.281304,0
2026-07-26T04:51:33.912822,02/20 15:15,-1.38,52.0,22.29,21.52,23.87,20.0,27.0,0.3764,0.094094,0.0,0.094094,0.004099,1.441391,1.162803,0.0,1.535485,0.3,low,0.028228,0.260892,0.28912,0
2026-07-26T04:51:33.930447,02/20 16:15,-2.35,52.0,22.14,21.42,23.86,20.0,27.0,0.3764,0.094094,0.0,0.094094,0.004346,1.546364,1.246209,0.0,1.640458,0.55,high,0.051752,0.279892,0.331644,0
2026-07-26T04:51:33.948778,02/20 17:15,-2.92,52.0,21.56,20.86,23.5,20.0,27.0,0.3764,0.094094,0.0,0.094094,0.004521,1.608665,1.294267,0.0,1.702759,0.55,high,0.051752,0.291168,0.34292,0
2026-07-26T04:51:33.965776,02/20 18:15,-3.45,52.0,21.23,20.48,23.38,20.0,27.0,0.3764,0.094094,0.0,0.094094,0.004705,1.662628,1.337014,0.0,1.756722,0.55,high,0.051752,0.300936,0.352687,0
2026-07-26T04:51:53.023288,02/20 19:15,-3.9,26.0,20.41,20.0,22.02,20.0,26.0,0.3764,0.094094,0.0,0.094094,0.005375,2.056809,1.663091,0.0,2.150903,0.55,high,0.051752,0.372282,0.424034,0
2026-07-26T04:51:53.044991,02/20 20:15,-3.9,0.0,,,,20.0,26.0,0.3764,0.094094,0.0,0.094094,0.006898,2.933067,2.363011,0.0,3.027161,0.55,high,0.051752,0.530885,0.582637,0
2026-07-26T04:51:53.060986,02/20 21:15,-4.03,0.0,,,,20.0,26.0,0.3764,0.094094,0.0,0.094094,0.001927,1.193932,0.977316,0.0,1.288026,0.4,moderate,0.037638,0.216102,0.253739,0
2026-07-26T04:51:53.078991,02/20 22:15,-4.55,0.0,,,,20.0,26.0,0.3764,0.094094,0.0,0.094094,0.003073,1.784016,1.407075,0.0,1.87811,0.4,moderate,0.037638,0.322907,0.360544,0
2026-07-26T04:51:53.096981,02/20 23:15,-5.28,0.0,,,,20.0,26.0,0.3764,0.094094,0.0,0.094094,0.00349,1.926112,1.541165,0.0,2.020206,0.4,moderate,0.037638,0.348626,0.386264,0
2026-07-26T04:51:53.113980,02/21 00:15,-6.25,0.0,,,,20.0,26.0,0.3764,0.094094,0.0,0.094094,0.003601,1.957065,1.574355,0.0,2.051159,0.34,low,0.031992,0.354229,0.386221,0
2026-07-26T04:52:13.754728,02/21 01:15,-7.25,0.0,,,,18.0,28.0,0.3764,0.094094,0.0,0.094094,0.000322,0.190541,0.237068,0.0,0.284635,0.34,low,0.031992,0.034488,0.06648,0
2026-07-26T04:52:13.775854,02/21 02:15,-9.03,0.0,,,,18.0,28.0,0.3764,0.094094,0.0,0.094094,0.000708,0.531096,0.478917,0.0,0.62519,0.34,low,0.031992,0.096128,0.12812,0
2026-07-26T04:52:13.799843,02/21 03:15,-9.4,0.0,,,,18.0,28.0,0.3764,0.094094,0.0,0.094094,0.000963,0.767571,0.618601,0.0,0.861665,0.34,low,0.031992,0.13893,0.170922,0
2026-07-26T04:52:13.819843,02/21 04:15,-9.98,0.0,,,,18.0,28.0,0.3764,0.094094,0.0,0.094094,0.001126,0.883287,0.701331,0.0,0.977381,0.34,low,0.031992,0.159875,0.191867,0
2026-07-26T04:52:13.840843,02/21 05:15,-11.55,0.0,,,,18.0,28.0,0.3764,0.094094,0.0,0.094094,0.001373,1.03629,0.816819,0.0,1.130384,0.34,low,0.031992,0.187568,0.21956,0
2026-07-26T04:52:13.858844,02/21 06:15,-10.4,0.0,,,,18.0,28.0,0.3764,0.094094,0.0,0.094094,0.001465,1.079349,0.864542,0.0,1.173443,0.43,moderate,0.04046,0.195362,0.235823,0
2026-07-26T04:52:31.286751,02/21 07:15,-7.9,0.0,,,,18.0,29.0,0.3764,0.094094,0.0,0.094094,0.009544,3.333097,2.699971,0.0,3.427191,0.43,moderate,0.04046,0.603291,0.643751,0
2026-07-26T04:52:31.309743,02/21 08:15,-6.28,0.0,,,,18.0,29.0,0.3764,0.094094,0.0,0.094094,0.008376,3.000752,2.412107,0.0,3.094846,0.43,moderate,0.04046,0.543136,0.583597,0
2026-07-26T04:52:31.332742,02/21 09:20,-4.45,52.0,19.65,18.92,20.84,18.0,29.0,0.3764,0.094094,0.0,0.094094,0.00629,1.918448,1.55195,0.0,2.012542,0.43,moderate,0.04046,0.347239,0.3877,1
2026-07-26T04:52:31.352745,02/21 10:23,-2.37,52.0,21.28,20.01,23.15,18.0,29.0,0.3764,0.094094,0.0,0.094094,0.005336,1.688318,1.363003,0.0,1.782412,0.3,low,0.028228,0.305586,0.333814,0
2026-07-26T04:52:31.371743,02/21 11:23,-0.98,52.0,22.15,20.75,24.19,18.0,29.0,0.3764,0.094094,0.0,0.094094,0.00462,1.497159,1.208512,0.0,1.591253,0.3,low,0.028228,0.270986,0.299214,0
2026-07-26T04:52:31.391742,02/21 12:15,-0.45,41.6,22.18,21.0,23.45,18.0,29.0,0.3764,0.094094,0.0,0.094094,0.004303,1.42667,1.15235,0.0,1.520764,0.3,low,0.028228,0.258227,0.286455,0
2026-07-26T04:52:49.882805,02/21 13:15,0.28,20.8,21.55,20.67,22.67,20.0,27.0,0.3764,0.094094,0.0,0.094094,0.004062,1.361548,1.095661,0.0,1.455642,0.3,low,0.028228,0.24644,0.274668,0
2026-07-26T04:52:49.904799,02/21 14:15,1.25,41.6,21.92,21.12,23.2,20.0,27.0,0.3764,0.094094,0.0,0.094094,0.003772,1.249416,1.002854,0.0,1.34351,0.3,low,0.028228,0.226144,0.254372,0
2026-07-26T04:52:49.928947,02/21 15:15,1.82,52.0,22.33,21.64,23.54,20.0,27.0,0.3764,0.094094,0.0,0.094094,0.003586,1.179564,0.948558,0.0,1.273658,0.3,low,0.028228,0.213501,0.241729,0
2026-07-26T04:52:49.948937,02/21 16:15,2.2,52.0,22.45,21.66,23.6,20.0,27.0,0.3764,0.094094,0.0,0.094094,0.003468,1.040151,0.902289,0.0,1.134245,0.55,high,0.051752,0.188267,0.240019,0
2026-07-26T04:52:49.965939,02/21 17:15,2.08,52.0,22.07,21.11,23.32,20.0,27.0,0.3764,0.094094,0.0,0.094094,0.003741,1.055992,0.898289,0.0,1.150086,0.55,high,0.051752,0.191135,0.242886,0
2026-07-26T04:52:49.982939,02/21 18:15,1.42,52.0,21.47,20.68,23.15,20.0,27.0,0.3764,0.094094,0.0,0.094094,0.003629,1.250446,0.939058,0.0,1.34454,0.55,high,0.051752,0.226331,0.278082,0
2026-07-26T04:53:08.666210,02/21 19:15,0.6,26.0,20.34,20.0,21.65,20.0,26.0,0.3764,0.094094,0.0,0.094094,0.004016,1.444645,1.191097,0.0,1.538739,0.55,high,0.051752,0.261481,0.313232,0
2026-07-26T04:53:08.688324,02/21 20:15,0.6,0.0,,,,20.0,26.0,0.3764,0.094094,0.0,0.094094,0.005443,2.365208,1.90822,0.0,2.459302,0.55,high,0.051752,0.428103,0.479854,0
2026-07-26T04:53:08.710570,02/21 21:15,0.6,0.0,,,,20.0,26.0,0.3764,0.094094,0.0,0.094094,0.001821,1.156912,0.962051,0.0,1.251006,0.4,moderate,0.037638,0.209401,0.247039,0
2026-07-26T04:53:08.729042,02/21 22:15,0.72,0.0,,,,20.0,26.0,0.3764,0.094094,0.0,0.094094,0.00252,1.567107,1.246319,0.0,1.661201,0.4,moderate,0.037638,0.283646,0.321284,0
2026-07-26T04:53:08.748308,02/21 23:15,1.1,0.0,,,,20.0,26.0,0.3764,0.094094,0.0,0.094094,0.002718,1.649885,1.324687,0.0,1.743979,0.4,moderate,0.037638,0.298629,0.336267,0
2026-07-26T04:53:08.768311,02/22 00:15,1.1,0.0,,,,20.0,26.0,0.3764,0.094094,0.0,0.094094,0.00277,1.675986,1.350089,0.0,1.77008,0.34,low,0.031992,0.303353,0.335345,0
2026-07-26T04:53:25.924987,02/22 01:15,1.1,0.0,,,,18.0,28.0,0.3764,0.094094,0.0,0.094094,0.0,0.0,0.0,0.0,0.094094,0.34,low,0.031992,0.0,0.031992,0
2026-07-26T04:53:25.945989,02/22 02:15,1.1,0.0,,,,18.0,28.0,0.3764,0.094094,0.0,0.094094,0.000189,0.122618,0.14899,0.0,0.216712,0.34,low,0.031992,0.022194,0.054186,0
2026-07-26T04:53:25.967987,02/22 03:15,1.1,0.0,,,,18.0,28.0,0.3764,0.094094,0.0,0.094094,0.000293,0.218764,0.221159,0.0,0.312858,0.34,low,0.031992,0.039596,0.071588,0
2026-07-26T04:53:25.988987,02/22 04:15,1.1,0.0,,,,18.0,28.0,0.3764,0.094094,0.0,0.094094,0.00038,0.31152,0.278132,0.0,0.405614,0.34,low,0.031992,0.056385,0.088377,0
2026-07-26T04:53:26.007984,02/22 05:15,1.1,0.0,,,,18.0,28.0,0.3764,0.094094,0.0,0.094094,0.000413,0.35467,0.299609,0.0,0.448764,0.34,low,0.031992,0.064195,0.096187,0
2026-07-26T04:53:26.025986,02/22 06:15,0.98,0.0,,,,18.0,28.0,0.3764,0.094094,0.0,0.094094,0.000446,0.391323,0.320357,0.0,0.485417,0.43,moderate,0.04046,0.070829,0.11129,0
2026-07-26T04:53:43.260176,02/22 07:15,1.0,0.0,,,,18.0,29.0,0.3764,0.094094,0.0,0.094094,0.005136,1.820808,1.424856,0.0,1.914902,0.43,moderate,0.04046,0.329566,0.370027,0
2026-07-26T04:53:43.282171,02/22 08:23,2.75,0.0,,,,18.0,29.0,0.3764,0.094094,0.0,0.094094,0.004638,1.459741,1.153968,0.0,1.553835,0.43,moderate,0.04046,0.264213,0.304674,0
2026-07-26T04:53:43.304180,02/22 09:23,4.98,52.0,20.52,19.63,21.73,18.0,29.0,0.3764,0.094094,0.0,0.094094,0.003878,1.004933,0.794085,0.0,1.099027,0.43,moderate,0.04046,0.181893,0.222353,1
2026-07-26T04:53:43.326171,02/22 10:23,7.25,52.0,22.36,21.19,23.83,18.0,29.0,0.3764,0.094094,0.0,0.094094,0.002124,0.759951,0.59148,0.0,0.854045,0.3,low,0.028228,0.137551,0.165779,0
2026-07-26T04:53:43.347606,02/22 11:23,9.03,52.0,23.35,22.14,24.73,18.0,29.0,0.3764,0.094094,0.0,0.094094,0.001022,0.439334,0.395624,0.0,0.533428,0.3,low,0.028228,0.079519,0.107748,0
2026-07-26T04:53:43.368776,02/22 12:23,9.98,41.6,23.67,22.59,24.48,18.0,29.0,0.3764,0.094094,0.0,0.094094,0.000798,0.390015,0.336141,0.0,0.484109,0.3,low,0.028228,0.070593,0.098821,0
2026-07-26T04:54:01.643658,02/22 13:15,10.85,20.8,23.51,22.56,23.97,20.0,27.0,0.3764,0.094094,0.109182,0.094094,0.010885,0.161712,0.158933,0.015613,0.255806,0.3,low,0.028228,0.02927,0.057498,0
2026-07-26T04:54:01.667654,02/22 14:15,7.75,41.6,23.89,22.94,24.53,20.0,27.0,0.3764,0.094094,0.0,0.094094,0.001016,0.551692,0.395818,0.0,0.645786,0.3,low,0.028228,0.099856,0.128084,0
2026-07-26T04:54:01.687653,02/22 15:15,5.55,52.0,23.85,23.03,24.78,20.0,27.0,0.3764,0.094094,0.0,0.094094,0.001809,0.771163,0.557357,0.0,0.865257,0.3,low,0.028228,0.139581,0.167809,0
2026-07-26T04:54:01.707654,02/22 16:15,3.62,52.0,23.27,22.51,24.61,20.0,27.0,0.3764,0.094094,0.0,0.094094,0.00448,0.216368,0.726976,0.0,0.310462,0.55,high,0.051752,0.039163,0.090914,0
2026-07-26T04:54:01.728659,02/22 17:15,2.65,52.0,22.33,21.54,24.05,20.0,27.0,0.3764,0.094094,0.0,0.094094,0.0053,0.921118,0.740065,0.0,1.015212,0.55,high,0.051752,0.166722,0.218474,0
2026-07-26T04:54:01.747662,02/22 18:15,2.2,52.0,21.83,21.05,23.73,20.0,27.0,0.3764,0.094094,0.0,0.094094,0.005393,1.231985,0.85985,0.0,1.326079,0.55,high,0.051752,0.222989,0.274741,0
2026-07-26T04:54:20.329752,02/22 19:15,2.2,26.0,20.63,20.04,22.31,20.0,26.0,0.3764,0.094094,0.0,0.094094,0.005028,1.160569,0.892616,0.0,1.254663,0.55,high,0.051752,0.210063,0.261815,0
2026-07-26T04:54:20.353750,02/22 20:15,2.35,0.0,,,,20.0,26.0,0.3764,0.094094,0.0,0.094094,0.004306,1.768946,1.426548,0.0,1.86304,0.55,high,0.051752,0.320179,0.371931,0
2026-07-26T04:54:20.372749,02/22 21:15,2.92,0.0,,,,20.0,26.0,0.3764,0.094094,0.0,0.094094,0.000871,0.553487,0.5321,0.0,0.647581,0.4,moderate,0.037638,0.100181,0.137819,0
2026-07-26T04:54:20.393751,02/22 22:15,3.3,0.0,,,,20.0,26.0,0.3764,0.094094,0.0,0.094094,0.001221,0.863468,0.700529,0.0,0.957562,0.4,moderate,0.037638,0.156288,0.193925,0
2026-07-26T04:54:20.412752,02/22 23:15,3.45,0.0,,,,20.0,26.0,0.3764,0.094094,0.0,0.094094,0.001522,1.073315,0.860134,0.0,1.167409,0.4,moderate,0.037638,0.19427,0.231908,0
2026-07-26T04:54:20.430748,02/23 00:15,4.03,0.0,,,,20.0,26.0,0.3764,0.094094,0.0,0.094094,0.001529,1.077182,0.869346,0.0,1.171276,0.34,low,0.031992,0.19497,0.226962,0
2026-07-26T04:54:37.573748,02/23 01:15,4.7,0.0,,,,18.0,28.0,0.3764,0.094094,0.0,0.094094,0.0,0.0,0.0,0.0,0.094094,0.34,low,0.031992,0.0,0.031992,0
2026-07-26T04:54:37.595749,02/23 02:15,5.72,0.0,,,,18.0,28.0,0.3764,0.094094,0.0,0.094094,0.0,0.0,0.0,0.0,0.094094,0.34,low,0.031992,0.0,0.031992,0
2026-07-26T04:54:37.618276,02/23 03:15,7.22,0.0,,,,18.0,28.0,0.3764,0.094094,0.0,0.094094,0.0,0.0,0.0,0.0,0.094094,0.34,low,0.031992,0.0,0.031992,0
2026-07-26T04:54:37.638275,02/23 04:15,10.45,0.0,,,,18.0,28.0,0.3764,0.094094,0.0,0.094094,0.0,0.0,0.0,0.0,0.094094,0.34,low,0.031992,0.0,0.031992,0
2026-07-26T04:54:37.659273,02/23 05:15,10.0,0.0,,,,18.0,28.0,0.3764,0.094094,0.0,0.094094,0.0,0.0,0.0,0.0,0.094094,0.34,low,0.031992,0.0,0.031992,0
2026-07-26T04:54:37.679276,02/23 06:15,10.15,0.0,,,,18.0,28.0,0.3764,0.094094,0.0,0.094094,0.0,0.0,0.0,0.0,0.094094,0.43,moderate,0.04046,0.0,0.04046,0
2026-07-26T04:54:54.749296,02/23 07:15,10.88,0.0,,,,18.0,29.0,0.3764,0.094094,0.0,0.094094,0.0,0.0,0.0,0.0,0.094094,0.43,moderate,0.04046,0.0,0.04046,0
2026-07-26T04:54:54.771293,02/23 08:15,12.25,0.0,,,,18.0,29.0,0.3764,0.094094,0.0,0.094094,0.0,0.0,0.0,0.0,0.094094,0.43,moderate,0.04046,0.0,0.04046,0
2026-07-26T04:54:54.790294,02/23 09:15,14.03,0.0,,,,18.0,29.0,0.3764,0.094094,0.0,0.094094,0.0,0.0,0.0,0.0,0.094094,0.43,moderate,0.04046,0.0,0.04046,0
2026-07-26T04:54:54.808295,02/23 10:15,14.4,0.0,,,,18.0,29.0,0.3764,0.094094,0.0,0.094094,0.0,0.0,0.0,0.0,0.094094,0.3,low,0.028228,0.0,0.028228,0
2026-07-26T04:54:54.826293,02/23 11:15,14.4,0.0,,,,18.0,29.0,0.3764,0.094094,0.0,0.094094,0.0,0.0,0.0,0.0,0.094094,0.3,low,0.028228,0.0,0.028228,0
2026-07-26T04:54:54.848294,02/23 12:15,14.28,0.0,,,,18.0,29.0,0.3764,0.094094,0.0,0.094094,0.0,0.0,0.0,0.0,0.094094,0.3,low,0.028228,0.0,0.028228,0
2026-07-26T04:55:13.125222,02/23 13:15,13.9,0.0,,,,18.0,29.0,0.3764,0.094094,0.0,0.094094,0.0,0.0,0.0,0.0,0.094094,0.3,low,0.028228,0.0,0.028228,0
2026-07-26T04:55:13.146224,02/23 14:15,13.9,0.0,,,,18.0,29.0,0.3764,0.094094,0.0,0.094094,0.0,0.0,0.0,0.0,0.094094,0.3,low,0.028228,0.0,0.028228,0
2026-07-26T04:55:13.166226,02/23 15:15,13.75,0.0,,,,18.0,29.0,0.3764,0.094094,0.0,0.094094,0.0,0.0,0.0,0.0,0.094094,0.3,low,0.028228,0.0,0.028228,0
2026-07-26T04:55:13.185229,02/23 16:15,13.3,0.0,,,,18.0,29.0,0.3764,0.094094,0.0,0.094094,0.0,0.0,0.0,0.0,0.094094,0.55,high,0.051752,0.0,0.051752,0
2026-07-26T04:55:13.207223,02/23 17:15,13.18,0.0,,,,18.0,29.0,0.3764,0.094094,0.0,0.094094,0.0,0.0,0.0,0.0,0.094094,0.55,high,0.051752,0.0,0.051752,0
2026-07-26T04:55:13.223221,02/23 18:15,12.8,0.0,,,,18.0,29.0,0.3764,0.094094,0.0,0.094094,0.0,0.0,0.0,0.0,0.094094,0.55,high,0.051752,0.0,0.051752,0
2026-07-26T04:55:31.339372,02/23 19:15,12.65,0.0,,,,18.0,29.0,0.3764,0.094094,0.0,0.094094,0.0,0.0,0.0,0.0,0.094094,0.55,high,0.051752,0.0,0.051752,0
2026-07-26T04:55:31.361375,02/23 20:15,12.07,0.0,,,,18.0,29.0,0.3764,0.094094,0.0,0.094094,0.0,0.0,0.0,0.0,0.094094,0.55,high,0.051752,0.0,0.051752,0
2026-07-26T04:55:31.382370,02/23 21:15,11.55,0.0,,,,18.0,29.0,0.3764,0.094094,0.0,0.094094,0.0,0.0,0.0,0.0,0.094094,0.4,moderate,0.037638,0.0,0.037638,0
2026-07-26T04:55:31.401373,02/23 22:15,10.97,0.0,,,,18.0,29.0,0.3764,0.094094,0.0,0.094094,0.0,0.0,0.0,0.0,0.094094,0.4,moderate,0.037638,0.0,0.037638,0
2026-07-26T04:55:31.418371,02/23 23:15,10.6,0.0,,,,18.0,29.0,0.3764,0.094094,0.0,0.094094,0.0,0.0,0.0,0.0,0.094094,0.4,moderate,0.037638,0.0,0.037638,0
2026-07-26T04:55:31.435794,02/24 00:15,10.6,0.0,,,,18.0,29.0,0.3764,0.094094,0.0,0.094094,0.0,0.0,0.0,0.0,0.094094,0.34,low,0.031992,0.0,0.031992,0
2026-07-26T04:55:49.371787,02/24 01:15,10.6,0.0,,,,18.0,29.0,0.3764,0.094094,0.0,0.094094,0.0,0.0,0.0,0.0,0.094094,0.34,low,0.031992,0.0,0.031992,0
2026-07-26T04:55:49.395780,02/24 02:15,10.45,0.0,,,,18.0,29.0,0.3764,0.094094,0.0,0.094094,0.0,0.0,0.0,0.0,0.094094,0.34,low,0.031992,0.0,0.031992,0
2026-07-26T04:55:49.416284,02/24 03:15,9.85,0.0,,,,18.0,29.0,0.3764,0.094094,0.0,0.094094,0.0,0.0,0.0,0.0,0.094094,0.34,low,0.031992,0.0,0.031992,0
2026-07-26T04:55:49.434653,02/24 04:15,9.4,0.0,,,,18.0,29.0,0.3764,0.094094,0.0,0.094094,0.0,0.0,0.0,0.0,0.094094,0.34,low,0.031992,0.0,0.031992,0
2026-07-26T04:55:49.453652,02/24 05:15,9.28,0.0,,,,18.0,29.0,0.3764,0.094094,0.0,0.094094,0.0,0.0,0.0,0.0,0.094094,0.34,low,0.031992,0.0,0.031992,0
2026-07-26T04:55:49.470660,02/24 06:15,8.2,0.0,,,,18.0,29.0,0.3764,0.094094,0.0,0.094094,0.0,0.0,0.0,0.0,0.094094,0.43,moderate,0.04046,0.0,0.04046,0
2026-07-26T04:56:07.773061,02/24 07:15,5.55,0.0,,,,18.0,29.0,0.3764,0.094094,0.0,0.094094,0.0,0.0,0.0,0.0,0.094094,0.43,moderate,0.04046,0.0,0.04046,0
2026-07-26T04:56:07.795056,02/24 08:15,3.9,0.0,,,,18.0,29.0,0.3764,0.094094,0.0,0.094094,0.0,0.0,0.0,0.0,0.094094,0.43,moderate,0.04046,0.0,0.04046,0
2026-07-26T04:56:07.819721,02/24 09:15,3.62,0.0,,,,18.0,29.0,0.3764,0.094094,0.0,0.094094,0.0,0.0,0.0,0.0,0.094094,0.43,moderate,0.04046,0.0,0.04046,0
2026-07-26T04:56:07.844716,02/24 10:15,2.65,0.0,,,,18.0,29.0,0.3764,0.094094,0.0,0.094094,0.0,0.0,0.0,0.0,0.094094,0.3,low,0.028228,0.0,0.028228,0
2026-07-26T04:56:07.865713,02/24 11:15,2.2,0.0,,,,18.0,29.0,0.3764,0.094094,0.0,0.094094,0.0,0.0,0.0,0.0,0.094094,0.3,low,0.028228,0.0,0.028228,0
2026-07-26T04:56:07.885723,02/24 12:15,1.93,0.0,,,,18.0,29.0,0.3764,0.094094,0.0,0.094094,0.0,0.0,0.0,0.0,0.094094,0.3,low,0.028228,0.0,0.028228,0
2026-07-26T04:56:26.052555,02/24 13:15,1.1,0.0,,,,18.0,29.0,0.3764,0.094094,0.0,0.094094,0.0,0.0,0.0,0.0,0.094094,0.3,low,0.028228,0.0,0.028228,0
2026-07-26T04:56:26.073551,02/24 14:15,1.25,0.0,,,,18.0,29.0,0.3764,0.094094,0.0,0.094094,0.0,0.0,0.0,0.0,0.094094,0.3,low,0.028228,0.0,0.028228,0
2026-07-26T04:56:26.092552,02/24 15:15,1.42,0.0,,,,18.0,29.0,0.3764,0.094094,0.0,0.094094,0.0,0.0,0.0,0.0,0.094094,0.3,low,0.028228,0.0,0.028228,0
2026-07-26T04:56:26.112553,02/24 16:15,0.6,0.0,,,,18.0,29.0,0.3764,0.094094,0.0,0.094094,0.0,0.0,0.0,0.0,0.094094,0.55,high,0.051752,0.0,0.051752,0
2026-07-26T04:56:26.131551,02/24 17:15,0.72,0.0,,,,18.0,29.0,0.3764,0.094094,0.0,0.094094,1.5e-05,0.010628,0.012861,0.0,0.104722,0.55,high,0.051752,0.001924,0.053675,0
2026-07-26T04:56:26.150988,02/24 18:15,1.1,0.0,,,,18.0,29.0,0.3764,0.094094,0.0,0.094094,0.000203,0.15202,0.156064,0.0,0.246114,0.55,high,0.051752,0.027516,0.079267,0
2026-07-26T04:56:44.642636,02/24 19:15,1.1,0.0,,,,18.0,29.0,0.3764,0.094094,0.0,0.094094,0.000338,0.275865,0.250616,0.0,0.369959,0.55,high,0.051752,0.049932,0.101683,0
2026-07-26T04:56:44.662636,02/24 20:15,1.25,0.0,,,,18.0,29.0,0.3764,0.094094,0.0,0.094094,0.000412,0.354018,0.299029,0.0,0.448112,0.55,high,0.051752,0.064077,0.115829,0
2026-07-26T04:56:44.681636,02/24 21:15,1.55,0.0,,,,18.0,29.0,0.3764,0.094094,0.0,0.094094,0.000514,0.448632,0.362115,0.0,0.542726,0.4,moderate,0.037638,0.081202,0.11884,0
2026-07-26T04:56:44.698645,02/24 22:15,1.25,0.0,,,,18.0,29.0,0.3764,0.094094,0.0,0.094094,0.000497,0.43449,0.350977,0.0,0.528584,0.4,moderate,0.037638,0.078643,0.11628,0
2026-07-26T04:56:44.716634,02/24 23:15,1.82,0.0,,,,18.0,29.0,0.3764,0.094094,0.0,0.094094,0.000426,0.375325,0.306752,0.0,0.469419,0.4,moderate,0.037638,0.067934,0.105571,0
2026-07-26T04:56:44.733634,02/25 00:15,2.35,0.0,,,,18.0,29.0,0.3764,0.094094,0.0,0.094094,0.000445,0.394346,0.317558,0.0,0.48844,0.34,low,0.031992,0.071377,0.103369,0
2026-07-26T04:57:02.056284,02/25 01:15,2.8,0.0,,,,18.0,29.0,0.3764,0.094094,0.0,0.094094,0.000654,0.56478,0.443798,0.0,0.658874,0.34,low,0.031992,0.102225,0.134217,0
2026-07-26T04:57:02.077295,02/25 02:15,2.8,0.0,,,,18.0,29.0,0.3764,0.094094,0.0,0.094094,0.000625,0.532297,0.42591,0.0,0.626391,0.34,low,0.031992,0.096346,0.128338,0
2026-07-26T04:57:02.097407,02/25 03:15,2.52,0.0,,,,18.0,29.0,0.3764,0.094094,0.0,0.094094,0.000711,0.598249,0.473401,0.0,0.692343,0.34,low,0.031992,0.108283,0.140275,0
2026-07-26T04:57:02.114410,02/25 04:15,1.55,0.0,,,,18.0,29.0,0.3764,0.094094,0.0,0.094094,0.000835,0.687281,0.542525,0.0,0.781375,0.34,low,0.031992,0.124398,0.15639,0
2026-07-26T04:57:02.132090,02/25 05:15,1.1,0.0,,,,18.0,29.0,0.3764,0.094094,0.0,0.094094,0.000738,0.605655,0.490771,0.0,0.699749,0.34,low,0.031992,0.109624,0.141616,0
2026-07-26T04:57:02.150090,02/25 06:15,0.98,0.0,,,,18.0,29.0,0.3764,0.094094,0.0,0.094094,0.000896,0.727671,0.57567,0.0,0.821765,0.43,moderate,0.04046,0.131708,0.172169,0
2026-07-26T04:57:18.518781,02/25 07:15,0.72,0.0,,,,18.0,29.0,0.3764,0.094094,0.0,0.094094,0.005529,2.060898,1.646477,0.0,2.154992,0.43,moderate,0.04046,0.373023,0.413483,0
2026-07-26T04:57:18.539313,02/25 08:15,1.25,0.0,,,,18.0,29.0,0.3764,0.094094,0.0,0.094094,0.005422,1.988277,1.598834,0.0,2.082371,0.43,moderate,0.04046,0.359878,0.400339,0
2026-07-26T04:57:18.560782,02/25 09:15,1.82,52.0,19.44,19.04,20.51,18.0,29.0,0.3764,0.094094,0.0,0.094094,0.00435,1.258485,1.012032,0.0,1.352579,0.43,moderate,0.04046,0.227786,0.268246,1
2026-07-26T04:57:18.579784,02/25 10:23,2.35,52.0,20.92,20.19,21.98,18.0,29.0,0.3764,0.094094,0.0,0.094094,0.004064,1.187028,0.957673,0.0,1.281122,0.3,low,0.028228,0.214852,0.24308,0
2026-07-26T04:57:18.597111,02/25 11:15,2.92,52.0,21.96,21.0,22.91,18.0,29.0,0.3764,0.094094,0.0,0.094094,0.004696,0.765957,0.89406,0.0,0.860051,0.3,low,0.028228,0.138638,0.166866,0
2026-07-26T04:57:18.614104,02/25 12:15,3.3,41.6,21.93,21.07,22.92,18.0,29.0,0.3764,0.094094,0.0,0.094094,0.005173,0.542578,0.769787,0.0,0.636672,0.3,low,0.028228,0.098207,0.126435,0
2026-07-26T04:57:36.709960,02/25 13:15,3.45,20.8,21.32,20.6,22.42,20.0,27.0,0.3764,0.094094,0.0,0.094094,0.005192,0.611276,0.690142,0.0,0.70537,0.3,low,0.028228,0.110641,0.138869,0
2026-07-26T04:57:36.731957,02/25 14:15,3.9,41.6,21.64,20.82,23.0,20.0,27.0,0.3764,0.094094,0.0,0.094094,0.005073,0.307701,0.56927,0.0,0.401795,0.3,low,0.028228,0.055694,0.083922,0
2026-07-26T04:57:36.750956,02/25 15:15,4.03,52.0,21.67,20.84,23.15,20.0,27.0,0.3764,0.094094,0.0,0.094094,0.005085,0.371955,0.499929,0.0,0.466049,0.3,low,0.028228,0.067324,0.095552,0
2026-07-26T04:57:36.770954,02/25 16:15,4.4,52.0,21.61,20.77,23.21,20.0,27.0,0.3764,0.094094,0.0,0.094094,0.004953,0.059467,0.378303,0.0,0.153561,0.55,high,0.051752,0.010764,0.062515,0
2026-07-26T04:57:36.789956,02/25 17:15,4.28,52.0,21.13,20.3,22.83,20.0,27.0,0.3764,0.094094,0.0,0.094094,0.00495,0.082631,0.289416,0.0,0.176725,0.55,high,0.051752,0.014956,0.066708,0
2026-07-26T04:57:36.809954,02/25 18:15,3.62,52.0,20.85,20.01,22.81,20.0,27.0,0.3764,0.094094,0.0,0.094094,0.005138,0.651026,0.371753,0.0,0.74512,0.55,high,0.051752,0.117836,0.169587,0
2026-07-26T04:57:55.190814,02/25 19:15,2.8,26.0,20.31,20.0,21.55,20.0,26.0,0.3764,0.094094,0.0,0.094094,0.005819,2.131116,0.94919,0.0,2.22521,0.55,high,0.051752,0.385732,0.437484,0
2026-07-26T04:57:55.212812,02/25 20:15,2.8,0.0,,,,20.0,26.0,0.3764,0.094094,0.0,0.094094,0.004858,2.041607,1.63909,0.0,2.135701,0.55,high,0.051752,0.369531,0.421283,0
2026-07-26T04:57:55.230812,02/25 21:15,2.52,0.0,,,,20.0,26.0,0.3764,0.094094,0.0,0.094094,0.001292,0.842352,0.729318,0.0,0.936446,0.4,moderate,0.037638,0.152466,0.190103,0
2026-07-26T04:57:55.249811,02/25 22:15,1.7,0.0,,,,20.0,26.0,0.3764,0.094094,0.0,0.094094,0.001722,1.170506,0.940095,0.0,1.2646,0.4,moderate,0.037638,0.211862,0.249499,0
2026-07-26T04:57:55.270811,02/25 23:15,1.7,0.0,,,,20.0,26.0,0.3764,0.094094,0.0,0.094094,0.002101,1.387324,1.105155,0.0,1.481418,0.4,moderate,0.037638,0.251106,0.288743,0
2026-07-26T04:57:55.288813,02/26 00:15,1.55,0.0,,,,20.0,26.0,0.3764,0.094094,0.0,0.094094,0.001943,1.289473,1.044733,0.0,1.383567,0.34,low,0.031992,0.233395,0.265387,0
2026-07-26T04:58:13.332044,02/26 01:15,0.98,0.0,,,,18.0,28.0,0.3764,0.094094,0.0,0.094094,0.0,0.0,0.0,0.0,0.094094,0.34,low,0.031992,0.0,0.031992,0
2026-07-26T04:58:13.352043,02/26 02:15,0.45,0.0,,,,18.0,28.0,0.3764,0.094094,0.0,0.094094,5.7e-05,0.03832,0.048738,0.0,0.132414,0.34,low,0.031992,0.006936,0.038928,0
2026-07-26T04:58:13.371042,02/26 03:15,-0.28,0.0,,,,18.0,28.0,0.3764,0.094094,0.0,0.094094,0.000221,0.162293,0.172529,0.0,0.256387,0.34,low,0.031992,0.029375,0.061367,0
2026-07-26T04:58:13.394042,02/26 04:15,-1.38,0.0,,,,18.0,28.0,0.3764,0.094094,0.0,0.094094,0.000444,0.360246,0.321366,0.0,0.45434,0.34,low,0.031992,0.065205,0.097196,0
2026-07-26T04:58:13.412046,02/26 05:15,-2.35,0.0,,,,18.0,28.0,0.3764,0.094094,0.0,0.094094,0.000546,0.46506,0.3852,0.0,0.559154,0.34,low,0.031992,0.084176,0.116168,0
2026-07-26T04:58:13.430457,02/26 06:15,-3.2,0.0,,,,18.0,28.0,0.3764,0.094094,0.0,0.094094,0.00063,0.542645,0.436675,0.0,0.636739,0.43,moderate,0.04046,0.098219,0.138679,0
2026-07-26T04:58:30.665147,02/26 07:15,-3.73,0.0,,,,18.0,29.0,0.3764,0.094094,0.0,0.094094,0.00675,2.511398,1.999261,0.0,2.605492,0.43,moderate,0.04046,0.454563,0.495023,0
2026-07-26T04:58:30.687154,02/26 08:15,-1.12,0.0,,,,18.0,29.0,0.3764,0.094094,0.0,0.094094,0.005659,1.980577,1.582445,0.0,2.074671,0.43,moderate,0.04046,0.358484,0.398945,0
2026-07-26T04:58:30.709147,02/26 09:15,0.72,52.0,19.82,19.27,21.21,18.0,29.0,0.3764,0.094094,0.0,0.094094,0.00457,1.373697,1.099626,0.0,1.467791,0.43,moderate,0.04046,0.248639,0.2891,1
2026-07-26T04:58:30.729153,02/26 10:15,1.1,52.0,21.01,20.31,22.66,18.0,29.0,0.3764,0.094094,0.0,0.094094,0.004286,1.297141,1.046232,0.0,1.391235,0.3,low,0.028228,0.234783,0.263011,0
2026-07-26T04:58:30.745149,02/26 11:15,1.25,52.0,21.74,21.05,23.24,18.0,29.0,0.3764,0.094094,0.0,0.094094,0.004109,1.276248,1.032122,0.0,1.370342,0.3,low,0.028228,0.231001,0.259229,0
2026-07-26T04:58:30.763153,02/26 12:15,1.7,41.6,22.01,21.33,23.42,18.0,29.0,0.3764,0.094094,0.0,0.094094,0.003851,1.20718,0.972462,0.0,1.301274,0.3,low,0.028228,0.2185,0.246728,0
2026-07-26T04:58:48.889384,02/26 13:15,1.7,20.8,21.69,21.06,23.03,20.0,27.0,0.3764,0.094094,0.0,0.094094,0.003758,1.194708,0.964338,0.0,1.288802,0.3,low,0.028228,0.216242,0.24447,0
2026-07-26T04:58:48.909384,02/26 14:15,1.42,41.6,22.09,21.44,23.48,20.0,27.0,0.3764,0.094094,0.0,0.094094,0.00366,1.183088,0.955502,0.0,1.277182,0.3,low,0.028228,0.214139,0.242367,0
2026-07-26T04:58:48.928393,02/26 15:15,0.45,52.0,22.26,21.61,23.74,20.0,27.0,0.3764,0.094094,0.0,0.094094,0.003771,1.273581,1.033005,0.0,1.367675,0.3,low,0.028228,0.230518,0.258746,0
2026-07-26T04:58:48.945385,02/26 16:15,-0.15,52.0,22.04,21.38,23.71,20.0,27.0,0.3764,0.094094,0.0,0.094094,0.003845,1.331854,1.075501,0.0,1.425948,0.55,high,0.051752,0.241066,0.292817,0
2026-07-26T04:58:48.962389,02/26 17:15,-0.72,52.0,21.57,20.91,23.39,20.0,27.0,0.3764,0.094094,0.0,0.094094,0.00397,1.39228,1.122119,0.0,1.486374,0.55,high,0.051752,0.252003,0.303754,0
2026-07-26T04:58:48.978384,02/26 18:15,-1.1,52.0,21.13,20.45,23.13,20.0,27.0,0.3764,0.094094,0.0,0.094094,0.004116,1.446293,1.16433,0.0,1.540387,0.55,high,0.051752,0.261779,0.313531,0
2026-07-26T04:59:06.097805,02/26 19:15,-1.1,26.0,20.31,20.0,21.57,20.0,26.0,0.3764,0.094094,0.0,0.094094,0.004733,1.875832,1.530751,0.0,1.969926,0.55,high,0.051752,0.339526,0.391277,0
2026-07-26T04:59:06.117801,02/26 20:15,-1.25,0.0,,,,20.0,26.0,0.3764,0.094094,0.0,0.094094,0.006013,2.615833,2.105096,0.0,2.709927,0.55,high,0.051752,0.473466,0.525217,0
2026-07-26T04:59:06.136801,02/26 21:15,-1.7,0.0,,,,20.0,26.0,0.3764,0.094094,0.0,0.094094,0.002082,1.291527,1.059822,0.0,1.385621,0.4,moderate,0.037638,0.233766,0.271404,0
2026-07-26T04:59:06.154801,02/26 22:15,-1.7,0.0,,,,20.0,26.0,0.3764,0.094094,0.0,0.094094,0.003273,1.881892,1.481978,0.0,1.975986,0.4,moderate,0.037638,0.340622,0.37826,0
2026-07-26T04:59:06.171800,02/26 23:15,-1.7,0.0,,,,20.0,26.0,0.3764,0.094094,0.0,0.094094,0.003682,2.007413,1.607488,0.0,2.101507,0.4,moderate,0.037638,0.363342,0.400979,0
2026-07-26T04:59:06.188807,02/27 00:15,-1.7,0.0,,,,20.0,26.0,0.3764,0.094094,0.0,0.094094,0.004264,2.20981,1.766912,0.0,2.303904,0.34,low,0.031992,0.399976,0.431968,0
2026-07-26T04:59:22.804342,02/27 01:15,-1.7,0.0,,,,18.0,28.0,0.3764,0.094094,0.0,0.094094,0.00022,0.123074,0.170112,0.0,0.217168,0.34,low,0.031992,0.022276,0.054268,0
2026-07-26T04:59:22.824856,02/27 02:15,-1.7,0.0,,,,18.0,28.0,0.3764,0.094094,0.0,0.094094,0.000602,0.434575,0.416735,0.0,0.528669,0.34,low,0.031992,0.078658,0.11065,0
2026-07-26T04:59:22.843854,02/27 03:15,-1.82,0.0,,,,18.0,28.0,0.3764,0.094094,0.0,0.094094,0.000777,0.621216,0.517445,0.0,0.71531,0.34,low,0.031992,0.11244,0.144432,0
2026-07-26T04:59:22.862859,02/27 04:15,-2.35,0.0,,,,18.0,28.0,0.3764,0.094094,0.0,0.094094,0.000924,0.74487,0.594113,0.0,0.838964,0.34,low,0.031992,0.134821,0.166813,0
2026-07-26T04:59:22.880852,02/27 05:15,-2.8,0.0,,,,18.0,28.0,0.3764,0.094094,0.0,0.094094,0.001015,0.805284,0.64292,0.0,0.899378,0.34,low,0.031992,0.145756,0.177748,0
2026-07-26T04:59:22.896854,02/27 06:15,-2.92,0.0,,,,18.0,28.0,0.3764,0.094094,0.0,0.094094,0.00101,0.794979,0.640447,0.0,0.889073,0.43,moderate,0.04046,0.143891,0.184352,0
2026-07-26T04:59:39.875410,02/27 07:15,-3.3,0.0,,,,18.0,29.0,0.3764,0.094094,0.0,0.094094,0.006685,2.532691,2.028473,0.0,2.626785,0.43,moderate,0.04046,0.458417,0.498877,0
2026-07-26T04:59:39.896734,02/27 08:15,-3.17,0.0,,,,18.0,29.0,0.3764,0.094094,0.0,0.094094,0.0065,2.394435,1.922558,0.0,2.488529,0.43,moderate,0.04046,0.433393,0.473853,0
2026-07-26T04:59:39.917529,02/27 09:23,-2.65,52.0,19.61,19.08,20.8,18.0,29.0,0.3764,0.094094,0.0,0.094094,0.005418,1.696206,1.369187,0.0,1.7903,0.43,moderate,0.04046,0.307013,0.347474,1
2026-07-26T04:59:39.937531,02/27 10:15,-1.93,52.0,21.12,20.28,22.33,18.0,29.0,0.3764,0.094094,0.0,0.094094,0.005051,1.620808,1.307234,0.0,1.714902,0.3,low,0.028228,0.293366,0.321594,0
2026-07-26T04:59:39.954528,02/27 11:15,-0.98,52.0,21.74,20.92,23.02,18.0,29.0,0.3764,0.094094,0.0,0.094094,0.004581,1.494095,1.205536,0.0,1.588189,0.3,low,0.028228,0.270431,0.298659,0
2026-07-26T04:59:39.970538,02/27 12:15,-0.6,41.6,21.61,20.86,23.05,18.0,29.0,0.3764,0.094094,0.0,0.094094,0.004327,1.431911,1.154735,0.0,1.526005,0.3,low,0.028228,0.259176,0.287404,0
2026-07-26T04:59:57.879754,02/27 13:15,-0.45,20.8,21.22,20.6,22.57,20.0,27.0,0.3764,0.094094,0.0,0.094094,0.004262,1.425571,1.149169,0.0,1.519665,0.3,low,0.028228,0.258028,0.286257,0
2026-07-26T04:59:57.899747,02/27 14:15,0.0,41.6,21.83,21.17,23.24,20.0,27.0,0.3764,0.094094,0.0,0.094094,0.004057,1.359967,1.095471,0.0,1.454061,0.3,low,0.028228,0.246154,0.274382,0
2026-07-26T04:59:57.921746,02/27 15:15,0.0,52.0,22.11,21.45,23.62,20.0,27.0,0.3764,0.094094,0.0,0.094094,0.003974,1.348484,1.08789,0.0,1.442578,0.3,low,0.028228,0.244076,0.272304,0
2026-07-26T04:59:57.939747,02/27 16:15,0.0,52.0,21.94,21.27,23.61,20.0,27.0,0.3764,0.094094,0.0,0.094094,0.003922,1.343707,1.083069,0.0,1.437801,0.55,high,0.051752,0.243211,0.294963,0
2026-07-26T04:59:57.957748,02/27 17:15,0.0,52.0,21.57,20.88,23.39,20.0,27.0,0.3764,0.094094,0.0,0.094094,0.003908,1.343569,1.081828,0.0,1.437663,0.55,high,0.051752,0.243186,0.294938,0
2026-07-26T04:59:57.976751,02/27 18:15,-0.15,52.0,21.37,20.62,23.37,20.0,27.0,0.3764,0.094094,0.0,0.094094,0.003917,1.345265,1.082671,0.0,1.439359,0.55,high,0.051752,0.243493,0.295245,0
2026-07-26T05:00:17.063034,02/27 19:15,-0.6,26.0,20.4,20.0,22.0,20.0,26.0,0.3764,0.094094,0.0,0.094094,0.004373,1.601645,1.313821,0.0,1.695739,0.55,high,0.051752,0.289898,0.341649,0
2026-07-26T05:00:17.084031,02/27 20:15,-0.6,0.0,,,,20.0,26.0,0.3764,0.094094,0.0,0.094094,0.005714,2.459209,1.984079,0.0,2.553303,0.55,high,0.051752,0.445117,0.496869,0
2026-07-26T05:00:17.103031,02/27 21:15,-0.88,0.0,,,,20.0,26.0,0.3764,0.094094,0.0,0.094094,0.001564,1.007849,0.844149,0.0,1.101943,0.4,moderate,0.037638,0.182421,0.220058,0
2026-07-26T05:00:17.121036,02/27 22:15,-1.7,0.0,,,,20.0,26.0,0.3764,0.094094,0.0,0.094094,0.00228,1.448688,1.150136,0.0,1.542782,0.4,moderate,0.037638,0.262213,0.29985,0
2026-07-26T05:00:17.138029,02/27 23:15,-1.55,0.0,,,,20.0,26.0,0.3764,0.094094,0.0,0.094094,0.002607,1.600572,1.281467,0.0,1.694666,0.4,moderate,0.037638,0.289704,0.327341,0
2026-07-26T05:00:17.154037,02/28 00:15,-1.25,0.0,,,,20.0,26.0,0.3764,0.094094,0.0,0.094094,0.002844,1.708674,1.371088,0.0,1.802768,0.34,low,0.031992,0.30927,0.341262,0
2026-07-26T05:00:34.417946,02/28 01:15,-1.82,0.0,,,,18.0,28.0,0.3764,0.094094,0.0,0.094094,6e-06,0.00388,0.005975,0.0,0.097974,0.34,low,0.031992,0.000702,0.032694,0
2026-07-26T05:00:34.437943,02/28 02:15,-2.35,0.0,,,,18.0,28.0,0.3764,0.094094,0.0,0.094094,0.000461,0.327077,0.328027,0.0,0.421171,0.34,low,0.031992,0.059201,0.091193,0
2026-07-26T05:00:34.458943,02/28 03:15,-3.07,0.0,,,,18.0,28.0,0.3764,0.094094,0.0,0.094094,0.000697,0.558431,0.470572,0.0,0.652525,0.34,low,0.031992,0.101076,0.133068,0
2026-07-26T05:00:34.479950,02/28 04:15,-3.9,0.0,,,,18.0,28.0,0.3764,0.094094,0.0,0.094094,0.000833,0.682864,0.548175,0.0,0.776958,0.34,low,0.031992,0.123598,0.15559,0
2026-07-26T05:00:34.498943,02/28 05:15,-4.17,0.0,,,,18.0,28.0,0.3764,0.094094,0.0,0.094094,0.000777,0.640782,0.520048,0.0,0.734876,0.34,low,0.031992,0.115982,0.147974,0
2026-07-26T05:00:34.516943,02/28 06:15,-5.42,0.0,,,,18.0,28.0,0.3764,0.094094,0.0,0.094094,0.001005,0.814696,0.640089,0.0,0.90879,0.43,moderate,0.04046,0.14746,0.18792,0
2026-07-26T05:00:51.836791,02/28 07:15,-6.0,0.0,,,,18.0,29.0,0.3764,0.094094,0.0,0.094094,0.007903,2.842446,2.261601,0.0,2.93654,0.43,moderate,0.04046,0.514483,0.554943,0
2026-07-26T05:00:51.856789,02/28 08:23,-3.62,0.0,,,,18.0,29.0,0.3764,0.094094,0.0,0.094094,0.006509,2.306539,1.852699,0.0,2.400633,0.43,moderate,0.04046,0.417484,0.457944,0
2026-07-26T05:00:51.878785,02/28 09:23,-2.37,52.0,20.15,19.19,21.86,18.0,29.0,0.3764,0.094094,0.0,0.094094,0.005397,1.693725,1.367531,0.0,1.787819,0.43,moderate,0.04046,0.306564,0.347025,1
2026-07-26T05:00:51.897784,02/28 10:23,-0.68,52.0,21.64,20.36,23.69,18.0,29.0,0.3764,0.094094,0.0,0.094094,0.004709,1.506747,1.215631,0.0,1.600841,0.3,low,0.028228,0.272721,0.300949,0
2026-07-26T05:00:51.918782,02/28 11:23,0.72,52.0,22.7,21.25,25.05,18.0,29.0,0.3764,0.094094,0.0,0.094094,0.004084,1.317776,1.061207,0.0,1.41187,0.3,low,0.028228,0.238517,0.266746,0
2026-07-26T05:00:51.937784,02/28 12:23,1.38,41.6,23.03,21.54,25.07,18.0,29.0,0.3764,0.094094,0.0,0.094094,0.003769,1.240686,1.002631,0.0,1.33478,0.3,low,0.028228,0.224564,0.252792,0
2026-07-26T05:01:10.599642,02/28 13:23,2.35,20.8,22.95,21.51,24.1,20.0,27.0,0.3764,0.094094,0.0,0.094094,0.003466,1.027453,0.902455,0.0,1.121547,0.3,low,0.028228,0.185969,0.214197,0
2026-07-26T05:01:10.620643,02/28 14:15,2.65,41.6,23.39,22.01,24.81,20.0,27.0,0.3764,0.094094,0.0,0.094094,0.004222,0.756274,0.840966,0.0,0.850368,0.3,low,0.028228,0.136886,0.165114,0
2026-07-26T05:01:10.641645,02/28 15:15,2.35,52.0,23.72,22.64,25.56,20.0,27.0,0.3764,0.094094,0.0,0.094094,0.004612,1.136062,0.874643,0.0,1.230156,0.3,low,0.028228,0.205627,0.233855,0
2026-07-26T05:01:10.661650,02/28 16:15,2.65,52.0,23.76,22.66,25.64,20.0,27.0,0.3764,0.094094,0.0,0.094094,0.00457,0.783242,0.819991,0.0,0.877336,0.55,high,0.051752,0.141767,0.193519,0
2026-07-26T05:01:10.682641,02/28 17:23,1.8,52.0,23.11,22.0,24.33,20.0,27.0,0.3764,0.094094,0.0,0.094094,0.004995,1.139124,0.865967,0.0,1.233218,0.55,high,0.051752,0.206181,0.257933,0
2026-07-26T05:01:10.702640,02/28 18:23,0.17,52.0,22.38,21.45,24.13,20.0,27.0,0.3764,0.094094,0.0,0.094094,0.003485,1.308487,0.997202,0.0,1.402581,0.55,high,0.051752,0.236836,0.288588,0
2026-07-26T05:01:27.327386,02/28 19:15,-1.25,26.0,20.87,20.17,22.69,20.0,26.0,0.3764,0.094094,0.0,0.094094,0.003942,1.425518,1.147313,0.0,1.519612,0.55,high,0.051752,0.258019,0.30977,0
2026-07-26T05:01:27.347380,02/28 20:15,-1.82,0.0,,,,20.0,26.0,0.3764,0.094094,0.0,0.094094,0.0052,2.213865,1.800255,0.0,2.307959,0.55,high,0.051752,0.40071,0.452461,0
2026-07-26T05:01:27.367380,02/28 21:15,-1.98,0.0,,,,20.0,26.0,0.3764,0.094094,0.0,0.094094,0.00124,0.799552,0.699653,0.0,0.893646,0.4,moderate,0.037638,0.144719,0.182357,0
2026-07-26T05:01:27.384379,02/28 22:15,-1.1,0.0,,,,20.0,26.0,0.3764,0.094094,0.0,0.094094,0.001822,1.183785,0.93441,0.0,1.277879,0.4,moderate,0.037638,0.214265,0.251903,0
2026-07-26T05:01:27.401380,02/28 23:15,-0.33,0.0,,,,20.0,26.0,0.3764,0.094094,0.0,0.094094,0.00227,1.436344,1.150049,0.0,1.530438,0.4,moderate,0.037638,0.259978,0.297616,0
2026-07-26T05:01:27.418379,03/01 00:15,0.38,0.0,,,,20.0,26.0,0.3764,0.094094,0.0,0.094094,0.002511,1.561237,1.253186,0.0,1.655331,0.34,low,0.031992,0.282584,0.314576,0
2026-07-26T05:01:43.464318,03/01 01:15,1.1,0.0,,,,18.0,28.0,0.3764,0.094094,0.0,0.094094,0.0,0.0,0.0,0.0,0.094094,0.34,low,0.031992,0.0,0.031992,0
2026-07-26T05:01:43.486317,03/01 02:15,1.9,0.0,,,,18.0,28.0,0.3764,0.094094,0.0,0.094094,9.4e-05,0.029654,0.075386,0.0,0.123748,0.34,low,0.031992,0.005367,0.037359,0
2026-07-26T05:01:43.505314,03/01 03:15,2.7,0.0,,,,18.0,28.0,0.3764,0.094094,0.0,0.094094,0.000217,0.155949,0.162726,0.0,0.250043,0.34,low,0.031992,0.028227,0.060219,0
2026-07-26T05:01:43.524315,03/01 04:15,3.3,0.0,,,,18.0,28.0,0.3764,0.094094,0.0,0.094094,0.000242,0.19071,0.178643,0.0,0.284804,0.34,low,0.031992,0.034519,0.06651,0
2026-07-26T05:01:43.542315,03/01 05:15,3.3,0.0,,,,18.0,28.0,0.3764,0.094094,0.0,0.094094,0.000282,0.235657,0.207504,0.0,0.329751,0.34,low,0.031992,0.042654,0.074646,0
2026-07-26T05:01:43.560314,03/01 06:15,3.3,0.0,,,,18.0,28.0,0.3764,0.094094,0.0,0.094094,0.000279,0.242396,0.20615,0.0,0.33649,0.43,moderate,0.04046,0.043874,0.084334,0
2026-07-26T05:01:58.985656,03/01 07:15,3.17,0.0,,,,18.0,29.0,0.3764,0.094094,0.0,0.094094,0.004614,1.528287,1.169045,0.0,1.622381,0.43,moderate,0.04046,0.27662,0.31708,0
2026-07-26T05:01:59.004698,03/01 08:15,2.8,0.0,,,,18.0,29.0,0.3764,0.094094,0.0,0.094094,0.004638,1.480368,1.19297,0.0,1.574462,0.43,moderate,0.04046,0.267947,0.308407,0
2026-07-26T05:01:59.022731,03/01 09:15,3.07,52.0,19.86,19.42,21.11,18.0,29.0,0.3764,0.094094,0.0,0.094094,0.004113,1.141657,0.921601,0.0,1.235751,0.43,moderate,0.04046,0.20664,0.2471,1
2026-07-26T05:01:59.039692,03/01 10:15,3.75,52.0,21.4,20.78,22.65,18.0,29.0,0.3764,0.094094,0.0,0.094094,0.004274,0.385044,0.819911,0.0,0.479138,0.3,low,0.028228,0.069693,0.097921,0
2026-07-26T05:01:59.057647,03/01 11:15,3.45,52.0,21.85,21.13,23.16,18.0,29.0,0.3764,0.094094,0.0,0.094094,0.005183,0.56793,0.728938,0.0,0.662024,0.3,low,0.028228,0.102795,0.131024,0
2026-07-26T05:01:59.074651,03/01 12:15,3.9,41.6,21.69,20.89,23.18,18.0,29.0,0.3764,0.094094,0.0,0.094094,0.005072,0.295983,0.587716,0.0,0.390077,0.3,low,0.028228,0.053573,0.081801,0
2026-07-26T05:02:16.857233,03/01 13:15,4.03,20.8,21.19,20.43,22.7,20.0,27.0,0.3764,0.094094,0.0,0.094094,0.005083,0.363922,0.508905,0.0,0.458016,0.3,low,0.028228,0.06587,0.094098,0
2026-07-26T05:02:16.875234,03/01 14:15,4.55,41.6,21.57,20.66,23.21,20.0,27.0,0.3764,0.094094,0.0,0.094094,0.004954,0.058891,0.383091,0.0,0.152985,0.3,low,0.028228,0.010659,0.038887,0
2026-07-26T05:02:16.896238,03/01 15:15,5.28,52.0,22.55,21.86,23.86,20.0,27.0,0.3764,0.094094,0.0,0.094094,0.002846,0.959248,0.689567,0.0,1.053342,0.3,low,0.028228,0.173624,0.201852,0
2026-07-26T05:02:16.915234,03/01 16:23,5.97,52.0,22.69,21.97,23.91,20.0,27.0,0.3764,0.094094,0.0,0.094094,0.002055,0.709489,0.595095,0.0,0.803583,0.55,high,0.051752,0.128418,0.180169,0
2026-07-26T05:02:16.934234,03/01 17:15,5.3,52.0,22.83,21.71,23.86,20.0,27.0,0.3764,0.094094,0.0,0.094094,0.002292,0.792066,0.62854,0.0,0.88616,0.55,high,0.051752,0.143364,0.195116,0
2026-07-26T05:02:16.951235,03/01 18:15,3.73,52.0,22.36,21.43,23.92,20.0,27.0,0.3764,0.094094,0.0,0.094094,0.003024,0.029698,0.71991,0.0,0.123792,0.55,high,0.051752,0.005375,0.057127,0
2026-07-26T05:02:34.021734,03/01 19:15,2.1,26.0,20.87,20.18,22.55,20.0,26.0,0.3764,0.094094,0.0,0.094094,0.005503,1.512618,0.909478,0.0,1.606712,0.55,high,0.051752,0.273784,0.325536,0
2026-07-26T05:02:34.041890,03/01 20:15,2.9,0.0,,,,20.0,26.0,0.3764,0.094094,0.0,0.094094,0.00403,1.550773,1.227969,0.0,1.644867,0.55,high,0.051752,0.28069,0.332442,0
2026-07-26T05:02:34.059129,03/01 21:15,1.55,0.0,,,,20.0,26.0,0.3764,0.094094,0.0,0.094094,0.000814,0.496475,0.504627,0.0,0.590569,0.4,moderate,0.037638,0.089862,0.1275,0
2026-07-26T05:02:34.074125,03/01 22:15,0.98,0.0,,,,20.0,26.0,0.3764,0.094094,0.0,0.094094,0.001355,0.94103,0.757374,0.0,1.035124,0.4,moderate,0.037638,0.170326,0.207964,0
2026-07-26T05:02:34.091129,03/01 23:15,0.72,0.0,,,,20.0,26.0,0.3764,0.094094,0.0,0.094094,0.001859,1.247101,0.989061,0.0,1.341195,0.4,moderate,0.037638,0.225725,0.263363,0
2026-07-26T05:02:34.108121,03/02 00:15,1.1,0.0,,,,20.0,26.0,0.3764,0.094094,0.0,0.094094,0.002089,1.366738,1.094098,0.0,1.460832,0.34,low,0.031992,0.24738,0.279372,0
2026-07-26T05:02:50.517906,03/02 01:15,0.83,0.0,,,,18.0,28.0,0.3764,0.094094,0.0,0.094094,0.0,0.0,0.0,0.0,0.094094,0.34,low,0.031992,0.0,0.031992,0
2026-07-26T05:02:50.535898,03/02 02:15,0.0,0.0,,,,18.0,28.0,0.3764,0.094094,0.0,0.094094,0.0,0.0,0.0,0.0,0.094094,0.34,low,0.031992,0.0,0.031992,0
2026-07-26T05:02:50.553410,03/02 03:15,-0.28,0.0,,,,18.0,28.0,0.3764,0.094094,0.0,0.094094,3.5e-05,0.023096,0.030841,0.0,0.11719,0.34,low,0.031992,0.00418,0.036172,0
2026-07-26T05:02:50.570376,03/02 04:15,-1.38,0.0,,,,18.0,28.0,0.3764,0.094094,0.0,0.094094,0.000217,0.15554,0.170203,0.0,0.249634,0.34,low,0.031992,0.028153,0.060145,0
2026-07-26T05:02:50.592573,03/02 05:15,-2.08,0.0,,,,18.0,28.0,0.3764,0.094094,0.0,0.094094,0.00038,0.304632,0.281242,0.0,0.398726,0.34,low,0.031992,0.055138,0.08713,0
2026-07-26T05:02:50.610587,03/02 06:15,-1.82,0.0,,,,18.0,28.0,0.3764,0.094094,0.0,0.094094,0.00036,0.308886,0.27014,0.0,0.40298,0.43,moderate,0.04046,0.055908,0.096369,0
2026-07-26T05:03:05.426882,03/02 07:15,-1.65,0.0,,,,18.0,29.0,0.3764,0.094094,0.0,0.094094,0.000214,0.189644,0.161377,0.0,0.283738,0.43,moderate,0.04046,0.034326,0.074786,0
2026-07-26T05:03:05.448088,03/02 08:23,0.55,0.0,,,,18.0,29.0,0.3764,0.094094,0.0,0.094094,3.1e-05,0.028117,0.023698,0.0,0.122211,0.43,moderate,0.04046,0.005089,0.04555,0
2026-07-26T05:03:05.466092,03/02 09:23,2.48,0.0,,,,18.0,29.0,0.3764,0.094094,0.0,0.094094,0.0,0.0,0.0,0.0,0.094094,0.43,moderate,0.04046,0.0,0.04046,0
2026-07-26T05:03:05.484759,03/02 10:15,3.45,0.0,,,,18.0,29.0,0.3764,0.094094,0.0,0.094094,0.0,0.0,0.0,0.0,0.094094,0.3,low,0.028228,0.0,0.028228,0
2026-07-26T05:03:05.500755,03/02 11:15,4.17,0.0,,,,18.0,29.0,0.3764,0.094094,0.0,0.094094,0.0,0.0,0.0,0.0,0.094094,0.3,low,0.028228,0.0,0.028228,0
2026-07-26T05:03:05.518760,03/02 12:15,4.85,0.0,,,,18.0,29.0,0.3764,0.094094,0.0,0.094094,0.0,0.0,0.0,0.0,0.094094,0.3,low,0.028228,0.0,0.028228,0
2026-07-26T05:03:20.797004,03/02 13:15,4.28,0.0,,,,18.0,29.0,0.3764,0.094094,0.0,0.094094,0.0,0.0,0.0,0.0,0.094094,0.3,low,0.028228,0.0,0.028228,0
2026-07-26T05:03:20.815996,03/02 14:15,3.75,0.0,,,,18.0,29.0,0.3764,0.094094,0.0,0.094094,0.0,0.0,0.0,0.0,0.094094,0.3,low,0.028228,0.0,0.028228,0
2026-07-26T05:03:20.833000,03/02 15:15,2.9,0.0,,,,18.0,29.0,0.3764,0.094094,0.0,0.094094,0.0,0.0,0.0,0.0,0.094094,0.3,low,0.028228,0.0,0.028228,0
2026-07-26T05:03:20.848997,03/02 16:15,1.42,0.0,,,,18.0,29.0,0.3764,0.094094,0.0,0.094094,0.0,0.0,0.0,0.0,0.094094,0.55,high,0.051752,0.0,0.051752,0
2026-07-26T05:03:20.864003,03/02 17:15,0.45,0.0,,,,18.0,29.0,0.3764,0.094094,0.0,0.094094,0.0,0.0,0.0,0.0,0.094094,0.55,high,0.051752,0.0,0.051752,0
2026-07-26T05:03:20.879996,03/02 18:15,-0.15,0.0,,,,18.0,29.0,0.3764,0.094094,0.0,0.094094,0.0,0.0,0.0,0.0,0.094094,0.55,high,0.051752,0.0,0.051752,0
2026-07-26T05:03:36.211710,03/02 19:15,-0.72,0.0,,,,18.0,29.0,0.3764,0.094094,0.0,0.094094,0.0,0.0,0.0,0.0,0.094094,0.55,high,0.051752,0.0,0.051752,0
2026-07-26T05:03:36.231715,03/02 20:15,-1.1,0.0,,,,18.0,29.0,0.3764,0.094094,0.0,0.094094,0.0,0.0,0.0,0.0,0.094094,0.55,high,0.051752,0.0,0.051752,0
2026-07-26T05:03:36.254709,03/02 21:15,-1.1,0.0,,,,18.0,29.0,0.3764,0.094094,0.0,0.094094,0.000108,0.097871,0.085341,0.0,0.191965,0.4,moderate,0.037638,0.017715,0.055352,0
2026-07-26T05:03:36.275716,03/02 22:15,-0.98,0.0,,,,18.0,29.0,0.3764,0.094094,0.0,0.094094,0.000238,0.22041,0.183173,0.0,0.314504,0.4,moderate,0.037638,0.039894,0.077532,0
2026-07-26T05:03:36.294714,03/02 23:15,-0.6,0.0,,,,18.0,29.0,0.3764,0.094094,0.0,0.094094,0.000257,0.240967,0.196433,0.0,0.335061,0.4,moderate,0.037638,0.043615,0.081253,0
2026-07-26T05:03:36.315709,03/03 00:15,-0.45,0.0,,,,18.0,29.0,0.3764,0.094094,0.0,0.094094,0.000389,0.364866,0.286013,0.0,0.45896,0.34,low,0.031992,0.066041,0.098033,0
2026-07-26T05:03:51.813169,03/03 01:15,0.0,0.0,,,,18.0,29.0,0.3764,0.094094,0.0,0.094094,0.000371,0.344157,0.271788,0.0,0.438251,0.34,low,0.031992,0.062292,0.094284,0
2026-07-26T05:03:51.833163,03/03 02:15,0.0,0.0,,,,18.0,29.0,0.3764,0.094094,0.0,0.094094,0.000366,0.338029,0.268967,0.0,0.432123,0.34,low,0.031992,0.061183,0.093175,0
2026-07-26T05:03:51.850162,03/03 03:15,0.0,0.0,,,,18.0,29.0,0.3764,0.094094,0.0,0.094094,0.000406,0.372815,0.29669,0.0,0.466909,0.34,low,0.031992,0.06748,0.099471,0
2026-07-26T05:03:51.867160,03/03 04:15,0.0,0.0,,,,18.0,29.0,0.3764,0.094094,0.0,0.094094,0.000419,0.38169,0.303976,0.0,0.475784,0.34,low,0.031992,0.069086,0.101078,0
2026-07-26T05:03:51.883162,03/03 05:15,-0.15,0.0,,,,18.0,29.0,0.3764,0.094094,0.0,0.094094,0.000399,0.362653,0.291782,0.0,0.456747,0.34,low,0.031992,0.06564,0.097632,0
2026-07-26T05:03:51.900163,03/03 06:15,-0.6,0.0,,,,18.0,29.0,0.3764,0.094094,0.0,0.094094,0.000625,0.55653,0.430299,0.0,0.650624,0.43,moderate,0.04046,0.100732,0.141192,0
2026-07-26T05:04:08.290054,03/03 07:15,-0.45,0.0,,,,18.0,29.0,0.3764,0.094094,0.0,0.094094,0.000517,0.452999,0.366812,0.0,0.547093,0.43,moderate,0.04046,0.081993,0.122453,0
2026-07-26T05:04:08.312051,03/03 08:15,0.28,0.0,,,,18.0,29.0,0.3764,0.094094,0.0,0.094094,0.000243,0.215775,0.18168,0.0,0.309869,0.43,moderate,0.04046,0.039055,0.079516,0
2026-07-26T05:04:08.331048,03/03 09:15,1.25,0.0,,,,18.0,29.0,0.3764,0.094094,0.0,0.094094,4.1e-05,0.036794,0.031669,0.0,0.130888,0.43,moderate,0.04046,0.00666,0.04712,0
2026-07-26T05:04:08.350047,03/03 10:15,1.7,0.0,,,,18.0,29.0,0.3764,0.094094,0.0,0.094094,1.6e-05,0.014181,0.010336,0.0,0.108275,0.3,low,0.028228,0.002567,0.030795,0
2026-07-26T05:04:08.368048,03/03 11:15,1.7,0.0,,,,18.0,29.0,0.3764,0.094094,0.0,0.094094,0.0,0.0,0.0,0.0,0.094094,0.3,low,0.028228,0.0,0.028228,0
2026-07-26T05:04:08.384049,03/03 12:15,1.55,0.0,,,,18.0,29.0,0.3764,0.094094,0.0,0.094094,0.0,0.0,0.0,0.0,0.094094,0.3,low,0.028228,0.0,0.028228,0
2026-07-26T05:04:24.291167,03/03 13:15,1.1,0.0,,,,18.0,29.0,0.3764,0.094094,0.0,0.094094,0.0,0.0,0.0,0.0,0.094094,0.3,low,0.028228,0.0,0.028228,0
2026-07-26T05:04:24.309215,03/03 14:15,0.98,0.0,,,,18.0,29.0,0.3764,0.094094,0.0,0.094094,0.0,0.0,0.0,0.0,0.094094,0.3,low,0.028228,0.0,0.028228,0
2026-07-26T05:04:24.326748,03/03 15:15,0.6,0.0,,,,18.0,29.0,0.3764,0.094094,0.0,0.094094,9e-06,0.008506,0.006696,0.0,0.1026,0.3,low,0.028228,0.00154,0.029768,0
2026-07-26T05:04:24.347517,03/03 16:15,0.6,0.0,,,,18.0,29.0,0.3764,0.094094,0.0,0.094094,7.6e-05,0.06897,0.05924,0.0,0.163064,0.55,high,0.051752,0.012484,0.064235,0
2026-07-26T05:04:24.367043,03/03 17:15,0.17,0.0,,,,18.0,29.0,0.3764,0.094094,0.0,0.094094,0.0002,0.183505,0.154098,0.0,0.277599,0.55,high,0.051752,0.033214,0.084966,0
2026-07-26T05:04:24.384284,03/03 18:15,-1.25,0.0,,,,18.0,29.0,0.3764,0.094094,0.0,0.094094,0.000467,0.427357,0.335555,0.0,0.521451,0.55,high,0.051752,0.077352,0.129103,0
2026-07-26T05:04:40.287972,03/03 19:15,-1.55,0.0,,,,18.0,29.0,0.3764,0.094094,0.0,0.094094,0.000571,0.510498,0.400576,0.0,0.604592,0.55,high,0.051752,0.0924,0.144152,0
2026-07-26T05:04:40.307975,03/03 20:15,-1.1,0.0,,,,18.0,29.0,0.3764,0.094094,0.0,0.094094,0.00083,0.708367,0.545171,0.0,0.802461,0.55,high,0.051752,0.128214,0.179966,0
2026-07-26T05:04:40.328974,03/03 21:15,-1.1,0.0,,,,18.0,29.0,0.3764,0.094094,0.0,0.094094,0.00093,0.759055,0.596223,0.0,0.853149,0.4,moderate,0.037638,0.137389,0.175027,0
2026-07-26T05:04:40.344975,03/03 22:15,-0.98,0.0,,,,18.0,29.0,0.3764,0.094094,0.0,0.094094,0.000701,0.575728,0.475751,0.0,0.669822,0.4,moderate,0.037638,0.104207,0.141844,0
2026-07-26T05:04:40.360973,03/03 23:15,-0.6,0.0,,,,18.0,29.0,0.3764,0.094094,0.0,0.094094,0.000549,0.464208,0.387327,0.0,0.558302,0.4,moderate,0.037638,0.084022,0.121659,0
2026-07-26T05:04:40.376974,03/04 00:15,-0.45,0.0,,,,18.0,29.0,0.3764,0.094094,0.0,0.094094,0.000598,0.513404,0.415694,0.0,0.607498,0.34,low,0.031992,0.092926,0.124918,0
2026-07-26T05:04:56.148465,03/04 01:15,0.15,0.0,,,,18.0,29.0,0.3764,0.094094,0.0,0.094094,0.000681,0.576273,0.463403,0.0,0.670367,0.34,low,0.031992,0.104305,0.136297,0
2026-07-26T05:04:56.167464,03/04 02:15,0.72,0.0,,,,18.0,29.0,0.3764,0.094094,0.0,0.094094,0.000592,0.503576,0.410159,0.0,0.59767,0.34,low,0.031992,0.091147,0.123139,0
2026-07-26T05:04:56.185477,03/04 03:15,0.83,0.0,,,,18.0,29.0,0.3764,0.094094,0.0,0.094094,0.00078,0.656769,0.515908,0.0,0.750863,0.34,low,0.031992,0.118875,0.150867,0
2026-07-26T05:04:56.200466,03/04 04:15,0.0,0.0,,,,18.0,29.0,0.3764,0.094094,0.0,0.094094,0.000743,0.618245,0.497309,0.0,0.712339,0.34,low,0.031992,0.111902,0.143894,0
2026-07-26T05:04:56.216468,03/04 05:15,0.15,0.0,,,,18.0,29.0,0.3764,0.094094,0.0,0.094094,0.00064,0.536335,0.438895,0.0,0.630429,0.34,low,0.031992,0.097077,0.129069,0
2026-07-26T05:04:56.233464,03/04 06:15,0.6,0.0,,,,18.0,29.0,0.3764,0.094094,0.0,0.094094,0.000603,0.511968,0.416821,0.0,0.606062,0.43,moderate,0.04046,0.092666,0.133127,0
2026-07-26T05:05:12.444680,03/04 07:15,0.72,0.0,,,,18.0,29.0,0.3764,0.094094,0.0,0.094094,0.005381,1.907151,1.521211,0.0,2.001245,0.43,moderate,0.04046,0.345194,0.385655,0
2026-07-26T05:05:12.461682,03/04 08:15,1.1,0.0,,,,18.0,29.0,0.3764,0.094094,0.0,0.094094,0.005034,1.664569,1.324768,0.0,1.758663,0.43,moderate,0.04046,0.301287,0.341747,0
2026-07-26T05:05:12.479680,03/04 09:23,1.8,52.0,19.99,19.51,21.42,18.0,29.0,0.3764,0.094094,0.0,0.094094,0.004469,1.311032,1.06044,0.0,1.405126,0.43,moderate,0.04046,0.237297,0.277757,1
2026-07-26T05:05:12.498679,03/04 10:15,5.42,52.0,21.26,20.64,22.76,18.0,29.0,0.3764,0.094094,0.0,0.094094,0.003844,1.048237,0.826496,0.0,1.142331,0.3,low,0.028228,0.189731,0.217959,0
2026-07-26T05:05:12.515680,03/04 11:15,9.72,52.0,22.04,21.44,23.23,18.0,29.0,0.3764,0.094094,0.0,0.094094,0.000824,0.354199,0.333338,0.0,0.448293,0.3,low,0.028228,0.06411,0.092338,0
2026-07-26T05:05:12.530679,03/04 12:15,8.62,41.6,22.49,21.82,23.43,18.0,29.0,0.3764,0.094094,0.0,0.094094,0.001065,0.514033,0.404617,0.0,0.608127,0.3,low,0.028228,0.09304,0.121268,0
2026-07-26T05:05:28.636547,03/04 13:15,7.92,20.8,22.4,21.69,23.08,20.0,27.0,0.3764,0.094094,0.0,0.094094,0.00138,0.623952,0.477614,0.0,0.718046,0.3,low,0.028228,0.112935,0.141164,0
2026-07-26T05:05:28.656821,03/04 14:15,7.75,41.6,23.0,22.23,23.67,20.0,27.0,0.3764,0.094094,0.0,0.094094,0.001123,0.509219,0.421347,0.0,0.603313,0.3,low,0.028228,0.092169,0.120397,0
2026-07-26T05:05:28.675203,03/04 15:15,5.55,52.0,23.03,22.34,24.05,20.0,27.0,0.3764,0.094094,0.0,0.094094,0.001952,0.783068,0.580128,0.0,0.877162,0.3,low,0.028228,0.141735,0.169964,0
2026-07-26T05:05:28.693203,03/04 16:15,3.2,52.0,22.56,21.91,23.9,20.0,27.0,0.3764,0.094094,0.0,0.094094,0.004852,0.219701,0.747492,0.0,0.313795,0.55,high,0.051752,0.039766,0.091518,0
2026-07-26T05:05:28.711573,03/04 17:15,0.98,52.0,21.53,20.93,23.11,20.0,27.0,0.3764,0.094094,0.0,0.094094,0.005143,1.951428,0.969631,0.0,2.045522,0.55,high,0.051752,0.353208,0.40496,0
2026-07-26T05:05:28.729570,03/04 18:15,0.3,52.0,21.21,20.58,23.04,20.0,27.0,0.3764,0.094094,0.0,0.094094,0.003599,1.273206,1.015672,0.0,1.3673,0.55,high,0.051752,0.23045,0.282202,0
2026-07-26T05:05:44.961518,03/04 19:23,-0.88,26.0,20.23,20.0,21.17,20.0,26.0,0.3764,0.094094,0.0,0.094094,0.004629,1.893874,1.561148,0.0,1.987968,0.55,high,0.051752,0.342791,0.394543,0
2026-07-26T05:05:44.981513,03/04 20:15,-1.82,0.0,,,,20.0,26.0,0.3764,0.094094,0.0,0.094094,0.006889,3.072526,2.482605,0.0,3.16662,0.55,high,0.051752,0.556127,0.607879,0
2026-07-26T05:05:44.998517,03/04 21:15,-2.35,0.0,,,,20.0,26.0,0.3764,0.094094,0.0,0.094094,0.002519,1.49398,1.211642,0.0,1.588074,0.4,moderate,0.037638,0.27041,0.308048,0
2026-07-26T05:05:45.015512,03/04 22:15,-2.8,0.0,,,,20.0,26.0,0.3764,0.094094,0.0,0.094094,0.003665,1.991191,1.575802,0.0,2.085285,0.4,moderate,0.037638,0.360406,0.398043,0
2026-07-26T05:05:45.031515,03/04 23:15,-2.92,0.0,,,,20.0,26.0,0.3764,0.094094,0.0,0.094094,0.005356,2.527084,1.995923,0.0,2.621178,0.4,moderate,0.037638,0.457402,0.49504,0
2026-07-26T05:05:45.048514,03/05 00:15,-3.3,0.0,,,,20.0,26.0,0.3764,0.094094,0.0,0.094094,0.005098,2.416555,1.953192,0.0,2.510649,0.34,low,0.031992,0.437396,0.469388,0
2026-07-26T05:06:00.530172,03/05 01:15,-3.45,0.0,,,,18.0,28.0,0.3764,0.094094,0.0,0.094094,0.000688,0.419672,0.460791,0.0,0.513766,0.34,low,0.031992,0.075961,0.107953,0
2026-07-26T05:06:00.549632,03/05 02:15,-3.9,0.0,,,,18.0,28.0,0.3764,0.094094,0.0,0.094094,0.001048,0.778294,0.65146,0.0,0.872388,0.34,low,0.031992,0.140871,0.172863,0
2026-07-26T05:06:00.567587,03/05 03:15,-3.9,0.0,,,,18.0,28.0,0.3764,0.094094,0.0,0.094094,0.001168,0.884728,0.712338,0.0,0.978822,0.34,low,0.031992,0.160136,0.192128,0
2026-07-26T05:06:00.583593,03/05 04:15,-3.9,0.0,,,,18.0,28.0,0.3764,0.094094,0.0,0.094094,0.001431,1.051876,0.83064,0.0,1.14597,0.34,low,0.031992,0.19039,0.222382,0
2026-07-26T05:06:00.599654,03/05 05:15,-4.03,0.0,,,,18.0,28.0,0.3764,0.094094,0.0,0.094094,0.00173,1.206041,0.95191,0.0,1.300135,0.34,low,0.031992,0.218293,0.250285,0
2026-07-26T05:06:00.615591,03/05 06:15,-4.4,0.0,,,,18.0,28.0,0.3764,0.094094,0.0,0.094094,0.001687,1.161688,0.937617,0.0,1.255782,0.43,moderate,0.04046,0.210266,0.250726,0
2026-07-26T05:06:16.605331,03/05 07:15,-4.28,0.0,,,,18.0,29.0,0.3764,0.094094,0.0,0.094094,0.007356,2.80449,2.250489,0.0,2.898584,0.43,moderate,0.04046,0.507613,0.548073,0
2026-07-26T05:06:16.625512,03/05 08:15,-4.03,0.0,,,,18.0,29.0,0.3764,0.094094,0.0,0.094094,0.00706,2.664486,2.143572,0.0,2.75858,0.43,moderate,0.04046,0.482272,0.522732,0
2026-07-26T05:06:16.648507,03/05 09:23,-4.0,52.0,19.35,18.83,20.48,18.0,29.0,0.3764,0.094094,0.0,0.094094,0.005963,1.855628,1.49719,0.0,1.949722,0.43,moderate,0.04046,0.335869,0.376329,1
2026-07-26T05:06:16.666697,03/05 10:23,-2.92,52.0,20.93,20.06,22.0,18.0,29.0,0.3764,0.094094,0.0,0.094094,0.005241,1.678019,1.355377,0.0,1.772113,0.3,low,0.028228,0.303721,0.33195,0
2026-07-26T05:06:16.685662,03/05 11:15,-3.17,52.0,21.72,20.72,22.94,18.0,29.0,0.3764,0.094094,0.0,0.094094,0.005185,1.707726,1.378821,0.0,1.80182,0.3,low,0.028228,0.309098,0.337327,0
2026-07-26T05:06:16.702660,03/05 12:15,-2.8,41.6,21.86,20.94,22.84,18.0,29.0,0.3764,0.094094,0.0,0.094094,0.004859,1.64028,1.324685,0.0,1.734374,0.3,low,0.028228,0.296891,0.325119,0
2026-07-26T05:06:33.629529,03/05 13:15,-2.65,20.8,21.52,20.78,22.59,20.0,27.0,0.3764,0.094094,0.0,0.094094,0.004757,1.631497,1.315793,0.0,1.725591,0.3,low,0.028228,0.295301,0.323529,0
2026-07-26T05:06:33.648532,03/05 14:15,-2.2,41.6,21.97,21.24,23.13,20.0,27.0,0.3764,0.094094,0.0,0.094094,0.004493,1.562043,1.259861,0.0,1.656137,0.3,low,0.028228,0.28273,0.310958,0
2026-07-26T05:06:33.667535,03/05 15:15,-2.48,52.0,22.13,21.52,23.46,20.0,27.0,0.3764,0.094094,0.0,0.094094,0.004401,1.55159,1.251259,0.0,1.645684,0.3,low,0.028228,0.280838,0.309066,0
2026-07-26T05:06:33.684527,03/05 16:15,-3.57,52.0,21.82,21.24,23.37,20.0,27.0,0.3764,0.094094,0.0,0.094094,0.004668,1.65588,1.333039,0.0,1.749974,0.55,high,0.051752,0.299714,0.351466,0
2026-07-26T05:06:33.701530,03/05 17:15,-4.55,52.0,21.12,20.58,22.96,20.0,27.0,0.3764,0.094094,0.0,0.094094,0.005037,1.768505,1.420664,0.0,1.862599,0.55,high,0.051752,0.320099,0.371851,0
2026-07-26T05:06:33.718529,03/05 18:15,-5.15,52.0,20.82,20.22,22.88,20.0,27.0,0.3764,0.094094,0.0,0.094094,0.005307,1.833174,1.472873,0.0,1.927268,0.55,high,0.051752,0.331804,0.383556,0
2026-07-26T05:06:50.728493,03/05 19:15,-5.72,26.0,20.32,20.0,21.59,20.0,26.0,0.3764,0.094094,0.0,0.094094,0.006386,2.50185,2.023058,0.0,2.595944,0.55,high,0.051752,0.452835,0.504587,0
2026-07-26T05:06:50.748493,03/05 20:15,-6.37,0.0,,,,20.0,26.0,0.3764,0.094094,0.0,0.094094,0.008227,3.366509,2.705849,0.0,3.460603,0.55,high,0.051752,0.609338,0.66109,0
2026-07-26T05:06:50.767497,03/05 21:15,-7.2,0.0,,,,20.0,26.0,0.3764,0.094094,0.0,0.094094,0.00271,1.534889,1.237828,0.0,1.628983,0.4,moderate,0.037638,0.277815,0.315453,0
2026-07-26T05:06:50.784493,03/05 22:15,-6.93,0.0,,,,20.0,26.0,0.3764,0.094094,0.0,0.094094,0.003463,1.877209,1.501511,0.0,1.971303,0.4,moderate,0.037638,0.339775,0.377412,0
2026-07-26T05:06:50.800495,03/05 23:15,-5.82,0.0,,,,20.0,26.0,0.3764,0.094094,0.0,0.094094,0.003691,1.974288,1.589979,0.0,2.068382,0.4,moderate,0.037638,0.357346,0.394984,0
2026-07-26T05:06:50.817493,03/06 00:15,-4.85,0.0,,,,20.0,26.0,0.3764,0.094094,0.0,0.094094,0.003623,1.964901,1.587843,0.0,2.058995,0.34,low,0.031992,0.355647,0.387639,0
2026-07-26T05:07:07.992374,03/06 01:15,-4.4,0.0,,,,18.0,28.0,0.3764,0.094094,0.0,0.094094,0.000287,0.168022,0.220107,0.0,0.262116,0.34,low,0.031992,0.030412,0.062404,0
2026-07-26T05:07:08.016374,03/06 02:15,-4.4,0.0,,,,18.0,28.0,0.3764,0.094094,0.0,0.094094,0.000587,0.436213,0.412076,0.0,0.530307,0.34,low,0.031992,0.078955,0.110947,0
2026-07-26T05:07:08.037378,03/06 03:15,-4.4,0.0,,,,18.0,28.0,0.3764,0.094094,0.0,0.094094,0.000812,0.657389,0.539811,0.0,0.751483,0.34,low,0.031992,0.118987,0.150979,0
2026-07-26T05:07:08.061381,03/06 04:15,-4.28,0.0,,,,18.0,28.0,0.3764,0.094094,0.0,0.094094,0.000679,0.565007,0.468046,0.0,0.659101,0.34,low,0.031992,0.102266,0.134258,0
2026-07-26T05:07:08.085374,03/06 05:15,-4.03,0.0,,,,18.0,28.0,0.3764,0.094094,0.0,0.094094,0.00069,0.584238,0.474146,0.0,0.678332,0.34,low,0.031992,0.105747,0.137739,0
2026-07-26T05:07:08.105374,03/06 06:15,-4.12,0.0,,,,18.0,28.0,0.3764,0.094094,0.0,0.094094,0.000853,0.714555,0.563473,0.0,0.808649,0.43,moderate,0.04046,0.129334,0.169795,0
2026-07-26T05:07:24.540615,03/06 07:15,-3.17,0.0,,,,18.0,29.0,0.3764,0.094094,0.0,0.094094,0.006408,2.310766,1.843544,0.0,2.40486,0.43,moderate,0.04046,0.418249,0.458709,0
2026-07-26T05:07:24.560613,03/06 08:15,-2.65,0.0,,,,18.0,29.0,0.3764,0.094094,0.0,0.094094,0.006029,2.07639,1.666505,0.0,2.170484,0.43,moderate,0.04046,0.375827,0.416287,0
2026-07-26T05:07:24.581613,03/06 09:23,-1.93,52.0,20.17,19.38,21.2,18.0,29.0,0.3764,0.094094,0.0,0.094094,0.00521,1.632177,1.31857,0.0,1.726271,0.43,moderate,0.04046,0.295424,0.335884,1
2026-07-26T05:07:24.599616,03/06 10:23,-0.83,52.0,21.75,20.55,23.41,18.0,29.0,0.3764,0.094094,0.0,0.094094,0.004681,1.502102,1.213216,0.0,1.596196,0.3,low,0.028228,0.27188,0.300109,0
2026-07-26T05:07:24.618614,03/06 11:23,0.15,52.0,22.73,21.25,24.9,18.0,29.0,0.3764,0.094094,0.0,0.094094,0.004182,1.37005,1.106083,0.0,1.464144,0.3,low,0.028228,0.247979,0.276207,0
2026-07-26T05:07:24.637613,03/06 12:23,0.72,41.6,23.04,21.56,24.86,18.0,29.0,0.3764,0.094094,0.0,0.094094,0.003832,1.28525,1.038714,0.0,1.379344,0.3,low,0.028228,0.23263,0.260858,0
2026-07-26T05:07:42.726423,03/06 13:23,1.1,20.8,22.64,21.35,23.65,20.0,27.0,0.3764,0.094094,0.0,0.094094,0.003576,1.219442,0.984095,0.0,1.313536,0.3,low,0.028228,0.220719,0.248947,0
2026-07-26T05:07:42.747433,03/06 14:15,1.25,41.6,23.09,21.87,24.04,20.0,27.0,0.3764,0.094094,0.0,0.094094,0.003441,1.200782,0.970581,0.0,1.294876,0.3,low,0.028228,0.217342,0.24557,0
2026-07-26T05:07:42.766687,03/06 15:15,1.7,52.0,23.56,22.73,24.86,20.0,27.0,0.3764,0.094094,0.0,0.094094,0.003215,1.131095,0.911052,0.0,1.225189,0.3,low,0.028228,0.204728,0.232956,0
2026-07-26T05:07:42.785701,03/06 16:15,1.27,52.0,23.44,22.4,24.67,20.0,27.0,0.3764,0.094094,0.0,0.094094,0.003146,1.119931,0.903572,0.0,1.214025,0.55,high,0.051752,0.202708,0.254459,0
2026-07-26T05:07:42.803642,03/06 17:15,0.0,52.0,22.82,21.77,24.19,20.0,27.0,0.3764,0.094094,0.0,0.094094,0.003472,1.281472,1.037107,0.0,1.375566,0.55,high,0.051752,0.231946,0.283698,0
2026-07-26T05:07:42.822686,03/06 18:23,0.0,52.0,22.15,21.24,23.97,20.0,27.0,0.3764,0.094094,0.0,0.094094,0.003545,1.302004,1.045033,0.0,1.396098,0.55,high,0.051752,0.235663,0.287414,0
2026-07-26T05:07:59.903775,03/06 19:15,-0.15,26.0,20.72,20.07,22.45,20.0,26.0,0.3764,0.094094,0.0,0.094094,0.003717,1.325036,1.062916,0.0,1.41913,0.55,high,0.051752,0.239832,0.291583,0
2026-07-26T05:07:59.926775,03/06 20:15,-0.6,0.0,,,,20.0,26.0,0.3764,0.094094,0.0,0.094094,0.004884,2.068039,1.680073,0.0,2.162133,0.55,high,0.051752,0.374315,0.426067,0
2026-07-26T05:07:59.945775,03/06 21:15,-0.6,0.0,,,,20.0,26.0,0.3764,0.094094,0.0,0.094094,0.001304,0.83678,0.725729,0.0,0.930874,0.4,moderate,0.037638,0.151457,0.189095,0
2026-07-26T05:07:59.963777,03/06 22:15,-0.6,0.0,,,,20.0,26.0,0.3764,0.094094,0.0,0.094094,0.001995,1.288175,1.025174,0.0,1.382269,0.4,moderate,0.037638,0.23316,0.270797,0
2026-07-26T05:07:59.981775,03/06 23:15,-0.6,0.0,,,,20.0,26.0,0.3764,0.094094,0.0,0.094094,0.002466,1.531315,1.222536,0.0,1.625409,0.4,moderate,0.037638,0.277168,0.314806,0
2026-07-26T05:07:59.998773,03/07 00:15,-0.45,0.0,,,,20.0,26.0,0.3764,0.094094,0.0,0.094094,0.0026,1.591749,1.279625,0.0,1.685843,0.34,low,0.031992,0.288107,0.320099,0
2026-07-26T05:08:15.652651,03/07 01:15,0.15,0.0,,,,18.0,28.0,0.3764,0.094094,0.0,0.094094,0.0,0.0,0.0,0.0,0.094094,0.34,low,0.031992,0.0,0.031992,0
2026-07-26T05:08:15.670653,03/07 02:15,0.6,0.0,,,,18.0,28.0,0.3764,0.094094,0.0,0.094094,0.000154,0.100495,0.123885,0.0,0.194589,0.34,low,0.031992,0.01819,0.050182,0
2026-07-26T05:08:15.690652,03/07 03:15,0.6,0.0,,,,18.0,28.0,0.3764,0.094094,0.0,0.094094,0.000317,0.237079,0.237294,0.0,0.331173,0.34,low,0.031992,0.042911,0.074903,0
2026-07-26T05:08:15.708650,03/07 04:15,0.6,0.0,,,,18.0,28.0,0.3764,0.094094,0.0,0.094094,0.000267,0.218791,0.203195,0.0,0.312885,0.34,low,0.031992,0.039601,0.071593,0
2026-07-26T05:08:15.725653,03/07 05:15,0.6,0.0,,,,18.0,28.0,0.3764,0.094094,0.0,0.094094,0.000335,0.289254,0.24901,0.0,0.383348,0.34,low,0.031992,0.052355,0.084347,0
2026-07-26T05:08:15.742651,03/07 06:15,0.6,0.0,,,,18.0,28.0,0.3764,0.094094,0.0,0.094094,0.000437,0.385567,0.315741,0.0,0.479661,0.43,moderate,0.04046,0.069788,0.110248,0
2026-07-26T05:08:30.385303,03/07 07:15,0.72,0.0,,,,18.0,29.0,0.3764,0.094094,0.0,0.094094,0.005116,1.800825,1.40964,0.0,1.894919,0.43,moderate,0.04046,0.325949,0.36641,0
2026-07-26T05:08:30.402297,03/07 08:15,1.1,0.0,,,,18.0,29.0,0.3764,0.094094,0.0,0.094094,0.004962,1.658705,1.333346,0.0,1.752799,0.43,moderate,0.04046,0.300226,0.340686,0
2026-07-26T05:08:30.422298,03/07 09:15,1.1,52.0,19.75,19.3,21.08,18.0,29.0,0.3764,0.094094,0.0,0.094094,0.004423,1.309165,1.056672,0.0,1.403259,0.43,moderate,0.04046,0.236959,0.277419,1
2026-07-26T05:08:30.440296,03/07 10:15,1.65,52.0,21.18,20.58,22.62,18.0,29.0,0.3764,0.094094,0.0,0.094094,0.004239,1.291247,1.0428,0.0,1.385341,0.3,low,0.028228,0.233716,0.261944,0
2026-07-26T05:08:30.455296,03/07 11:15,3.72,52.0,21.89,21.28,23.1,18.0,29.0,0.3764,0.094094,0.0,0.094094,0.004281,0.51828,0.856045,0.0,0.612374,0.3,low,0.028228,0.093809,0.122037,0
2026-07-26T05:08:30.471296,03/07 12:15,5.0,41.6,22.15,21.53,23.24,18.0,29.0,0.3764,0.094094,0.0,0.094094,0.003317,1.386465,0.70965,0.0,1.480559,0.3,low,0.028228,0.25095,0.279178,0
2026-07-26T05:08:46.692090,03/07 13:15,5.0,20.8,22.05,21.49,23.07,20.0,27.0,0.3764,0.094094,0.0,0.094094,0.002903,0.873654,0.700313,0.0,0.967748,0.3,low,0.028228,0.158131,0.18636,0
2026-07-26T05:08:46.711086,03/07 14:15,5.15,41.6,22.7,22.09,23.77,20.0,27.0,0.3764,0.094094,0.0,0.094094,0.0028,0.852432,0.689545,0.0,0.946526,0.3,low,0.028228,0.15429,0.182518,0
2026-07-26T05:08:46.728087,03/07 15:15,5.6,52.0,22.95,22.37,24.07,20.0,27.0,0.3764,0.094094,0.0,0.094094,0.002316,0.764619,0.631586,0.0,0.858713,0.3,low,0.028228,0.138396,0.166624,0
2026-07-26T05:08:46.743086,03/07 16:15,5.6,52.0,22.94,22.37,24.17,20.0,27.0,0.3764,0.094094,0.0,0.094094,0.002264,0.773313,0.624819,0.0,0.867407,0.55,high,0.051752,0.13997,0.191721,0
2026-07-26T05:08:46.759086,03/07 17:15,5.6,52.0,22.36,21.76,23.78,20.0,27.0,0.3764,0.094094,0.0,0.094094,0.002244,0.772069,0.622038,0.0,0.866163,0.55,high,0.051752,0.139744,0.191496,0
2026-07-26T05:08:46.776085,03/07 18:15,5.6,52.0,22.08,21.4,23.74,20.0,27.0,0.3764,0.094094,0.0,0.094094,0.002256,0.775559,0.623746,0.0,0.869653,0.55,high,0.051752,0.140376,0.192128,0
2026-07-26T05:09:02.198221,03/07 19:15,5.6,26.0,20.91,20.34,22.5,20.0,26.0,0.3764,0.094094,0.0,0.094094,0.00234,0.791887,0.634799,0.0,0.885981,0.55,high,0.051752,0.143332,0.195083,0
2026-07-26T05:09:02.218257,03/07 20:15,5.87,0.0,,,,20.0,26.0,0.3764,0.094094,0.0,0.094094,0.003326,1.436091,0.98161,0.0,1.530185,0.55,high,0.051752,0.259932,0.311684,0
2026-07-26T05:09:02.236218,03/07 21:15,6.7,0.0,,,,20.0,26.0,0.3764,0.094094,0.0,0.094094,0.000461,0.272108,0.308807,0.0,0.366202,0.4,moderate,0.037638,0.049252,0.086889,0
2026-07-26T05:09:02.253010,03/07 22:15,6.7,0.0,,,,20.0,26.0,0.3764,0.094094,0.0,0.094094,0.000862,0.623069,0.529222,0.0,0.717163,0.4,moderate,0.037638,0.112775,0.150413,0
2026-07-26T05:09:02.270018,03/07 23:15,6.55,0.0,,,,20.0,26.0,0.3764,0.094094,0.0,0.094094,0.001154,0.856548,0.687834,0.0,0.950642,0.4,moderate,0.037638,0.155035,0.192673,0
2026-07-26T05:09:02.289018,03/08 00:15,6.1,0.0,,,,20.0,26.0,0.3764,0.094094,0.0,0.094094,0.00127,0.932558,0.748031,0.0,1.026652,0.34,low,0.031992,0.168793,0.200785,0
2026-07-26T05:09:17.909492,03/08 01:15,5.82,0.0,,,,18.0,28.0,0.3764,0.094094,0.0,0.094094,0.0,0.0,0.0,0.0,0.094094,0.34,low,0.031992,0.0,0.031992,0
2026-07-26T05:09:17.930492,03/08 02:15,4.72,0.0,,,,18.0,28.0,0.3764,0.094094,0.0,0.094094,0.0,0.0,0.0,0.0,0.094094,0.34,low,0.031992,0.0,0.031992,0
2026-07-26T05:09:17.949499,03/08 03:15,3.62,0.0,,,,18.0,28.0,0.3764,0.094094,0.0,0.094094,0.0,0.0,0.0,0.0,0.094094,0.34,low,0.031992,0.0,0.031992,0
2026-07-26T05:09:17.967491,03/08 04:15,2.65,0.0,,,,18.0,28.0,0.3764,0.094094,0.0,0.094094,0.0,0.0,0.0,0.0,0.094094,0.34,low,0.031992,0.0,0.031992,0
2026-07-26T05:09:17.984491,03/08 05:15,1.93,0.0,,,,18.0,28.0,0.3764,0.094094,0.0,0.094094,5e-05,0.036834,0.041141,0.0,0.130928,0.34,low,0.031992,0.006667,0.038659,0
2026-07-26T05:09:18.005492,03/08 06:15,1.1,0.0,,,,18.0,28.0,0.3764,0.094094,0.0,0.094094,0.000168,0.13032,0.132213,0.0,0.224414,0.43,moderate,0.04046,0.023588,0.064048,0
2026-07-26T05:09:33.639053,03/08 07:15,1.25,0.0,,,,18.0,29.0,0.3764,0.094094,0.0,0.094094,0.004718,1.602193,1.215854,0.0,1.696287,0.43,moderate,0.04046,0.289997,0.330457,0
2026-07-26T05:09:33.663047,03/08 08:23,2.1,0.0,,,,18.0,29.0,0.3764,0.094094,0.0,0.094094,0.004455,1.335106,1.064151,0.0,1.4292,0.43,moderate,0.04046,0.241654,0.282115,0
2026-07-26T05:09:33.685044,03/08 09:20,3.57,52.0,21.07,19.71,23.84,18.0,29.0,0.3764,0.094094,0.0,0.094094,0.003873,1.007185,0.869535,0.0,1.101279,0.43,moderate,0.04046,0.1823,0.222761,1
2026-07-26T05:09:33.705000,03/08 10:23,4.83,52.0,22.73,20.81,26.01,18.0,29.0,0.3764,0.094094,0.0,0.094094,0.004979,0.037552,0.587845,0.0,0.131646,0.3,low,0.028228,0.006797,0.035025,1
2026-07-26T05:09:33.724346,03/08 11:23,6.8,52.0,23.75,21.87,26.98,18.0,29.0,0.3764,0.094094,0.0,0.094094,0.002137,0.75754,0.603264,0.0,0.851634,0.3,low,0.028228,0.137115,0.165343,1
2026-07-26T05:09:33.744381,03/08 12:23,9.18,41.6,24.09,22.35,26.61,18.0,29.0,0.3764,0.094094,0.0,0.094094,0.000888,0.385974,0.361204,0.0,0.480068,0.3,low,0.028228,0.069861,0.098089,1
2026-07-26T05:09:50.684196,03/08 13:23,10.15,20.8,23.73,22.25,25.11,20.0,27.0,0.3764,0.094094,0.0,0.094094,0.000554,0.28242,0.258743,0.0,0.376514,0.3,low,0.028228,0.051118,0.079346,0
2026-07-26T05:09:50.706196,03/08 14:15,10.72,41.6,24.24,22.89,25.31,20.0,27.0,0.3764,0.094094,0.0,0.094094,0.000385,0.216053,0.196194,0.0,0.310147,0.3,low,0.028228,0.039106,0.067334,0
2026-07-26T05:09:50.726196,03/08 15:15,10.97,52.0,24.63,23.77,26.32,20.0,27.0,0.3764,0.094094,0.0,0.094094,0.000262,0.156834,0.143937,0.0,0.250928,0.3,low,0.028228,0.028387,0.056615,1
2026-07-26T05:09:50.745198,03/08 16:15,10.45,52.0,24.85,23.58,26.86,20.0,27.0,0.3764,0.094094,0.0,0.094094,0.000332,0.207231,0.174566,0.0,0.301325,0.55,high,0.051752,0.037509,0.089261,1
2026-07-26T05:09:50.761198,03/08 17:15,9.45,52.0,24.52,22.99,26.34,20.0,27.0,0.3764,0.094094,0.0,0.094094,0.000441,0.276901,0.218354,0.0,0.370995,0.55,high,0.051752,0.050119,0.101871,1
2026-07-26T05:09:50.781197,03/08 18:23,7.25,52.0,23.67,22.45,24.86,20.0,27.0,0.3764,0.094094,0.0,0.094094,0.00102,0.57036,0.396868,0.0,0.664454,0.55,high,0.051752,0.103235,0.154987,0
2026-07-26T05:10:09.620705,03/08 19:23,5.45,26.0,21.92,21.02,23.35,20.0,26.0,0.3764,0.094094,0.0,0.094094,0.002017,0.82958,0.590128,0.0,0.923674,0.55,high,0.051752,0.150154,0.201906,0
2026-07-26T05:10:09.639701,03/08 20:23,4.72,0.0,,,,20.0,26.0,0.3764,0.094094,0.0,0.094094,0.003777,0.141954,0.691324,0.0,0.236048,0.55,high,0.051752,0.025694,0.077445,0
2026-07-26T05:10:09.658698,03/08 21:15,3.62,0.0,,,,20.0,26.0,0.3764,0.094094,0.0,0.094094,0.000112,0.045922,0.057388,0.0,0.140016,0.4,moderate,0.037638,0.008312,0.045949,0
2026-07-26T05:10:09.675698,03/08 22:15,2.8,0.0,,,,20.0,26.0,0.3764,0.094094,0.0,0.094094,0.000832,0.516274,0.426608,0.0,0.610368,0.4,moderate,0.037638,0.093446,0.131083,0
2026-07-26T05:10:09.693698,03/08 23:15,2.65,0.0,,,,20.0,26.0,0.3764,0.094094,0.0,0.094094,0.001129,0.8043,0.632428,0.0,0.898394,0.4,moderate,0.037638,0.145578,0.183216,0
2026-07-26T05:10:09.709698,03/09 00:15,1.93,0.0,,,,20.0,26.0,0.3764,0.094094,0.0,0.094094,0.001393,0.982661,0.775553,0.0,1.076755,0.34,low,0.031992,0.177862,0.209854,0
2026-07-26T05:10:25.012336,03/09 01:15,1.1,0.0,,,,18.0,28.0,0.3764,0.094094,0.0,0.094094,0.0,0.0,0.0,0.0,0.094094,0.34,low,0.031992,0.0,0.031992,0
2026-07-26T05:10:25.032337,03/09 02:15,0.98,0.0,,,,18.0,28.0,0.3764,0.094094,0.0,0.094094,0.0,0.0,0.0,0.0,0.094094,0.34,low,0.031992,0.0,0.031992,0
2026-07-26T05:10:25.051335,03/09 03:15,0.3,0.0,,,,18.0,28.0,0.3764,0.094094,0.0,0.094094,0.0,0.0,0.0,0.0,0.094094,0.34,low,0.031992,0.0,0.031992,0
2026-07-26T05:10:25.067335,03/09 04:15,-0.72,0.0,,,,18.0,28.0,0.3764,0.094094,0.0,0.094094,0.0,0.0,0.0,0.0,0.094094,0.34,low,0.031992,0.0,0.031992,0
2026-07-26T05:10:25.088336,03/09 05:15,-1.1,0.0,,,,18.0,28.0,0.3764,0.094094,0.0,0.094094,4.8e-05,0.033841,0.041263,0.0,0.127935,0.34,low,0.031992,0.006125,0.038117,0
2026-07-26T05:10:25.106336,03/09 06:15,-0.83,0.0,,,,18.0,28.0,0.3764,0.094094,0.0,0.094094,0.000168,0.127157,0.134281,0.0,0.221251,0.43,moderate,0.04046,0.023015,0.063476,0
2026-07-26T05:10:41.214492,03/09 07:23,0.55,0.0,,,,18.0,29.0,0.3764,0.094094,0.0,0.094094,4.1e-05,0.032645,0.031852,0.0,0.126739,0.43,moderate,0.04046,0.005909,0.046369,0
2026-07-26T05:10:41.234541,03/09 08:23,2.62,0.0,,,,18.0,29.0,0.3764,0.094094,0.0,0.094094,0.0,0.0,0.0,0.0,0.094094,0.43,moderate,0.04046,0.0,0.04046,0
2026-07-26T05:10:41.254866,03/09 09:23,4.32,0.0,,,,18.0,29.0,0.3764,0.094094,0.0,0.094094,0.0,0.0,0.0,0.0,0.094094,0.43,moderate,0.04046,0.0,0.04046,0
2026-07-26T05:10:41.274327,03/09 10:15,6.0,0.0,,,,18.0,29.0,0.3764,0.094094,0.0,0.094094,0.0,0.0,0.0,0.0,0.094094,0.3,low,0.028228,0.0,0.028228,0
2026-07-26T05:10:41.291290,03/09 11:15,7.48,0.0,,,,18.0,29.0,0.3764,0.094094,0.0,0.094094,0.0,0.0,0.0,0.0,0.094094,0.3,low,0.028228,0.0,0.028228,0
2026-07-26T05:10:41.308283,03/09 12:15,8.88,0.0,,,,18.0,29.0,0.3764,0.094094,0.0,0.094094,0.0,0.0,0.0,0.0,0.094094,0.3,low,0.028228,0.0,0.028228,0
2026-07-26T05:10:57.725790,03/09 13:15,10.72,0.0,,,,18.0,29.0,0.3764,0.094094,0.0,0.094094,0.0,0.0,0.0,0.0,0.094094,0.3,low,0.028228,0.0,0.028228,0
2026-07-26T05:10:57.744787,03/09 14:15,11.1,0.0,,,,18.0,29.0,0.3764,0.094094,0.0,0.094094,0.0,0.0,0.0,0.0,0.094094,0.3,low,0.028228,0.0,0.028228,0
2026-07-26T05:10:57.762789,03/09 15:15,11.25,0.0,,,,18.0,29.0,0.3764,0.094094,0.0,0.094094,0.0,0.0,0.0,0.0,0.094094,0.3,low,0.028228,0.0,0.028228,0
2026-07-26T05:10:57.779792,03/09 16:15,11.42,0.0,,,,18.0,29.0,0.3764,0.094094,0.0,0.094094,0.0,0.0,0.0,0.0,0.094094,0.55,high,0.051752,0.0,0.051752,0
2026-07-26T05:10:57.794789,03/09 17:15,10.02,0.0,,,,18.0,29.0,0.3764,0.094094,0.0,0.094094,0.0,0.0,0.0,0.0,0.094094,0.55,high,0.051752,0.0,0.051752,0
2026-07-26T05:10:57.813795,03/09 18:23,7.62,0.0,,,,18.0,29.0,0.3764,0.094094,0.0,0.094094,0.0,0.0,0.0,0.0,0.094094,0.55,high,0.051752,0.0,0.051752,0
2026-07-26T05:11:14.296644,03/09 19:23,5.3,0.0,,,,18.0,29.0,0.3764,0.094094,0.0,0.094094,0.0,0.0,0.0,0.0,0.094094,0.55,high,0.051752,0.0,0.051752,0
2026-07-26T05:11:14.315746,03/09 20:15,4.12,0.0,,,,18.0,29.0,0.3764,0.094094,0.0,0.094094,0.0,0.0,0.0,0.0,0.094094,0.55,high,0.051752,0.0,0.051752,0
2026-07-26T05:11:14.332731,03/09 21:15,3.17,0.0,,,,18.0,29.0,0.3764,0.094094,0.0,0.094094,0.0,0.0,0.0,0.0,0.094094,0.4,moderate,0.037638,0.0,0.037638,0
2026-07-26T05:11:14.351729,03/09 22:15,2.52,0.0,,,,18.0,29.0,0.3764,0.094094,0.0,0.094094,0.0,0.0,0.0,0.0,0.094094,0.4,moderate,0.037638,0.0,0.037638,0
2026-07-26T05:11:14.368731,03/09 23:15,1.42,0.0,,,,18.0,29.0,0.3764,0.094094,0.0,0.094094,0.0,0.0,0.0,0.0,0.094094,0.4,moderate,0.037638,0.0,0.037638,0
2026-07-26T05:11:14.385039,03/10 00:15,0.45,0.0,,,,18.0,29.0,0.3764,0.094094,0.0,0.094094,0.0,0.0,0.0,0.0,0.094094,0.34,low,0.031992,0.0,0.031992,0
2026-07-26T05:11:30.400159,03/10 01:15,0.15,0.0,,,,18.0,29.0,0.3764,0.094094,0.0,0.094094,0.0,0.0,0.0,0.0,0.094094,0.34,low,0.031992,0.0,0.031992,0
2026-07-26T05:11:30.419152,03/10 02:15,0.6,0.0,,,,18.0,29.0,0.3764,0.094094,0.0,0.094094,0.0,0.0,0.0,0.0,0.094094,0.34,low,0.031992,0.0,0.031992,0
2026-07-26T05:11:30.438156,03/10 03:15,0.88,0.0,,,,18.0,29.0,0.3764,0.094094,0.0,0.094094,0.0,0.0,0.0,0.0,0.094094,0.34,low,0.031992,0.0,0.031992,0
2026-07-26T05:11:30.455153,03/10 04:15,1.55,0.0,,,,18.0,29.0,0.3764,0.094094,0.0,0.094094,0.0,0.0,0.0,0.0,0.094094,0.34,low,0.031992,0.0,0.031992,0
2026-07-26T05:11:30.472153,03/10 05:15,1.38,0.0,,,,18.0,29.0,0.3764,0.094094,0.0,0.094094,8.5e-05,0.069199,0.068726,0.0,0.163293,0.34,low,0.031992,0.012525,0.044517,0
2026-07-26T05:11:30.489152,03/10 06:15,2.35,0.0,,,,18.0,29.0,0.3764,0.094094,0.0,0.094094,0.000103,0.085742,0.079892,0.0,0.179836,0.43,moderate,0.04046,0.015519,0.05598,0
2026-07-26T05:11:46.152965,03/10 07:23,3.2,0.0,,,,18.0,29.0,0.3764,0.094094,0.0,0.094094,0.0,0.0,0.0,0.0,0.094094,0.43,moderate,0.04046,0.0,0.04046,0
2026-07-26T05:11:46.171969,03/10 08:23,5.65,0.0,,,,18.0,29.0,0.3764,0.094094,0.0,0.094094,0.0,0.0,0.0,0.0,0.094094,0.43,moderate,0.04046,0.0,0.04046,0
2026-07-26T05:11:46.189966,03/10 09:23,10.1,0.0,,,,18.0,29.0,0.3764,0.094094,0.0,0.094094,0.0,0.0,0.0,0.0,0.094094,0.43,moderate,0.04046,0.0,0.04046,0
2026-07-26T05:11:46.206964,03/10 10:23,13.05,0.0,,,,18.0,29.0,0.3764,0.094094,0.0,0.094094,0.0,0.0,0.0,0.0,0.094094,0.3,low,0.028228,0.0,0.028228,0
2026-07-26T05:11:46.221966,03/10 11:15,15.6,0.0,,,,18.0,29.0,0.3764,0.094094,0.0,0.094094,0.0,0.0,0.0,0.0,0.094094,0.3,low,0.028228,0.0,0.028228,0
2026-07-26T05:11:46.237965,03/10 12:15,15.88,0.0,,,,18.0,29.0,0.3764,0.094094,0.0,0.094094,0.0,0.0,0.0,0.0,0.094094,0.3,low,0.028228,0.0,0.028228,0
2026-07-26T05:12:00.827877,03/10 13:15,16.42,0.0,,,,18.0,29.0,0.3764,0.094094,0.0,0.094094,0.0,0.0,0.0,0.0,0.094094,0.3,low,0.028228,0.0,0.028228,0
2026-07-26T05:12:00.846883,03/10 14:15,15.88,0.0,,,,18.0,29.0,0.3764,0.094094,0.0,0.094094,0.0,0.0,0.0,0.0,0.094094,0.3,low,0.028228,0.0,0.028228,0
2026-07-26T05:12:00.864880,03/10 15:15,16.27,0.0,,,,18.0,29.0,0.3764,0.094094,0.0,0.094094,0.0,0.0,0.0,0.0,0.094094,0.3,low,0.028228,0.0,0.028228,0
2026-07-26T05:12:00.881879,03/10 16:15,14.72,0.0,,,,18.0,29.0,0.3764,0.094094,0.0,0.094094,0.0,0.0,0.0,0.0,0.094094,0.55,high,0.051752,0.0,0.051752,0
2026-07-26T05:12:00.898881,03/10 17:15,13.62,0.0,,,,18.0,29.0,0.3764,0.094094,0.0,0.094094,0.0,0.0,0.0,0.0,0.094094,0.55,high,0.051752,0.0,0.051752,0
2026-07-26T05:12:00.918878,03/10 18:15,12.65,0.0,,,,18.0,29.0,0.3764,0.094094,0.0,0.094094,0.0,0.0,0.0,0.0,0.094094,0.55,high,0.051752,0.0,0.051752,0
2026-07-26T05:12:16.325403,03/10 19:15,12.07,0.0,,,,18.0,29.0,0.3764,0.094094,0.0,0.094094,0.0,0.0,0.0,0.0,0.094094,0.55,high,0.051752,0.0,0.051752,0
2026-07-26T05:12:16.345412,03/10 20:15,11.55,0.0,,,,18.0,29.0,0.3764,0.094094,0.0,0.094094,0.0,0.0,0.0,0.0,0.094094,0.55,high,0.051752,0.0,0.051752,0
2026-07-26T05:12:16.362418,03/10 21:15,10.82,0.0,,,,18.0,29.0,0.3764,0.094094,0.0,0.094094,0.0,0.0,0.0,0.0,0.094094,0.4,moderate,0.037638,0.0,0.037638,0
2026-07-26T05:12:16.380406,03/10 22:15,10.0,0.0,,,,18.0,29.0,0.3764,0.094094,0.0,0.094094,0.0,0.0,0.0,0.0,0.094094,0.4,moderate,0.037638,0.0,0.037638,0
2026-07-26T05:12:16.396399,03/10 23:15,10.0,0.0,,,,18.0,29.0,0.3764,0.094094,0.0,0.094094,0.0,0.0,0.0,0.0,0.094094,0.4,moderate,0.037638,0.0,0.037638,0
2026-07-26T05:12:16.412442,03/11 00:15,9.85,0.0,,,,18.0,29.0,0.3764,0.094094,0.0,0.094094,0.0,0.0,0.0,0.0,0.094094,0.34,low,0.031992,0.0,0.031992,0
2026-07-26T05:12:32.073881,03/11 01:15,9.12,0.0,,,,18.0,29.0,0.3764,0.094094,0.0,0.094094,0.0,0.0,0.0,0.0,0.094094,0.34,low,0.031992,0.0,0.031992,0
2026-07-26T05:12:32.093874,03/11 02:15,8.18,0.0,,,,18.0,29.0,0.3764,0.094094,0.0,0.094094,0.0,0.0,0.0,0.0,0.094094,0.34,low,0.031992,0.0,0.031992,0
2026-07-26T05:12:32.111883,03/11 03:15,7.52,0.0,,,,18.0,29.0,0.3764,0.094094,0.0,0.094094,0.0,0.0,0.0,0.0,0.094094,0.34,low,0.031992,0.0,0.031992,0
2026-07-26T05:12:32.128876,03/11 04:15,6.55,0.0,,,,18.0,29.0,0.3764,0.094094,0.0,0.094094,0.0,0.0,0.0,0.0,0.094094,0.34,low,0.031992,0.0,0.031992,0
2026-07-26T05:12:32.143874,03/11 05:15,6.1,0.0,,,,18.0,29.0,0.3764,0.094094,0.0,0.094094,0.0,0.0,0.0,0.0,0.094094,0.34,low,0.031992,0.0,0.031992,0
2026-07-26T05:12:32.159874,03/11 06:15,6.25,0.0,,,,18.0,29.0,0.3764,0.094094,0.0,0.094094,0.0,0.0,0.0,0.0,0.094094,0.43,moderate,0.04046,0.0,0.04046,0
2026-07-26T05:12:48.231806,03/11 07:15,6.7,0.0,,,,18.0,29.0,0.3764,0.094094,0.0,0.094094,0.002176,0.008657,0.61281,0.0,0.102751,0.43,moderate,0.04046,0.001567,0.042027,0
2026-07-26T05:12:48.251805,03/11 08:15,7.1,0.0,,,,18.0,29.0,0.3764,0.094094,0.0,0.094094,0.00496,0.291706,0.553984,0.0,0.3858,0.43,moderate,0.04046,0.052799,0.093259,0
2026-07-26T05:12:48.271804,03/11 09:23,8.18,52.0,20.65,20.11,21.75,18.0,29.0,0.3764,0.094094,0.0,0.094094,0.001455,0.702424,0.472734,0.0,0.796518,0.43,moderate,0.04046,0.127139,0.167599,0
2026-07-26T05:12:48.287804,03/11 10:15,7.8,52.0,22.18,21.53,23.24,18.0,29.0,0.3764,0.094094,0.0,0.094094,0.001477,0.641941,0.49493,0.0,0.736035,0.3,low,0.028228,0.116191,0.14442,0
2026-07-26T05:12:48.308808,03/11 11:15,7.92,52.0,23.01,22.35,23.94,18.0,29.0,0.3764,0.094094,0.0,0.094094,0.001388,0.593331,0.479422,0.0,0.687425,0.3,low,0.028228,0.107393,0.135621,0
2026-07-26T05:12:48.326809,03/11 12:15,8.58,41.6,23.24,22.59,24.08,18.0,29.0,0.3764,0.094094,0.0,0.094094,0.001139,0.510254,0.425076,0.0,0.604348,0.3,low,0.028228,0.092356,0.120584,0
2026-07-26T05:13:05.693001,03/11 13:15,9.55,20.8,23.06,22.47,23.79,20.0,27.0,0.3764,0.094094,0.0,0.094094,0.000774,0.378518,0.329022,0.0,0.472612,0.3,low,0.028228,0.068512,0.09674,0
2026-07-26T05:13:05.719998,03/11 14:15,10.0,41.6,23.54,22.91,24.36,20.0,27.0,0.3764,0.094094,0.0,0.094094,0.000592,0.31379,0.271777,0.0,0.407884,0.3,low,0.028228,0.056796,0.085024,0
2026-07-26T05:13:05.739644,03/11 15:15,9.85,52.0,23.7,23.08,24.63,20.0,27.0,0.3764,0.094094,0.0,0.094094,0.000565,0.314517,0.262727,0.0,0.408611,0.3,low,0.028228,0.056928,0.085156,0
2026-07-26T05:13:05.756651,03/11 16:15,9.55,52.0,23.55,22.93,24.65,20.0,27.0,0.3764,0.094094,0.0,0.094094,0.000693,0.386739,0.304771,0.0,0.480833,0.55,high,0.051752,0.07,0.121751,0
2026-07-26T05:13:05.773643,03/11 17:15,10.0,52.0,23.0,22.3,24.32,20.0,27.0,0.3764,0.094094,0.0,0.094094,0.000549,0.309033,0.257114,0.0,0.403127,0.55,high,0.051752,0.055935,0.107687,0
2026-07-26T05:13:05.788643,03/11 18:15,10.15,52.0,22.66,21.91,24.15,20.0,27.0,0.3764,0.094094,0.0,0.094094,0.000557,0.319235,0.259916,0.0,0.413329,0.55,high,0.051752,0.057782,0.109533,0
2026-07-26T05:13:23.588991,03/11 19:15,9.62,26.0,21.36,20.74,22.69,20.0,26.0,0.3764,0.094094,0.0,0.094094,0.000461,0.26989,0.225605,0.0,0.363984,0.55,high,0.051752,0.04885,0.100602,0
2026-07-26T05:13:23.610989,03/11 20:23,5.85,0.0,,,,20.0,26.0,0.3764,0.094094,0.0,0.094094,0.003108,1.436997,0.842042,0.0,1.531091,0.55,high,0.051752,0.260096,0.311848,0
2026-07-26T05:13:23.629990,03/11 21:15,3.3,0.0,,,,20.0,26.0,0.3764,0.094094,0.0,0.094094,0.00075,0.500633,0.426981,0.0,0.594727,0.4,moderate,0.037638,0.090615,0.128252,0
2026-07-26T05:13:23.646994,03/11 22:15,3.17,0.0,,,,20.0,26.0,0.3764,0.094094,0.0,0.094094,0.001492,1.052757,0.820841,0.0,1.146851,0.4,moderate,0.037638,0.190549,0.228187,0
2026-07-26T05:13:23.661992,03/11 23:15,2.65,0.0,,,,20.0,26.0,0.3764,0.094094,0.0,0.094094,0.00169,1.159107,0.925162,0.0,1.253201,0.4,moderate,0.037638,0.209798,0.247436,0
2026-07-26T05:13:23.678988,03/12 00:15,2.08,0.0,,,,20.0,26.0,0.3764,0.094094,0.0,0.094094,0.002348,1.516843,1.195323,0.0,1.610937,0.34,low,0.031992,0.274549,0.306541,0
2026-07-26T05:13:40.190176,03/12 01:15,1.55,0.0,,,,18.0,28.0,0.3764,0.094094,0.0,0.094094,0.0,0.0,0.0,0.0,0.094094,0.34,low,0.031992,0.0,0.031992,0
2026-07-26T05:13:40.212761,03/12 02:15,1.1,0.0,,,,18.0,28.0,0.3764,0.094094,0.0,0.094094,0.000156,0.104134,0.121193,0.0,0.198228,0.34,low,0.031992,0.018848,0.05084,0
2026-07-26T05:13:40.233777,03/12 03:15,0.98,0.0,,,,18.0,28.0,0.3764,0.094094,0.0,0.094094,0.000317,0.240463,0.237563,0.0,0.334557,0.34,low,0.031992,0.043524,0.075516,0
2026-07-26T05:13:40.252763,03/12 04:15,0.72,0.0,,,,18.0,28.0,0.3764,0.094094,0.0,0.094094,0.000564,0.465068,0.392304,0.0,0.559162,0.34,low,0.031992,0.084177,0.116169,0
2026-07-26T05:13:40.271577,03/12 05:15,0.98,0.0,,,,18.0,28.0,0.3764,0.094094,0.0,0.094094,0.000534,0.454019,0.375427,0.0,0.548113,0.34,low,0.031992,0.082177,0.114169,0
2026-07-26T05:13:40.289577,03/12 06:15,0.6,0.0,,,,18.0,28.0,0.3764,0.094094,0.0,0.094094,0.000579,0.497256,0.401747,0.0,0.59135,0.43,moderate,0.04046,0.090003,0.130464,0
2026-07-26T05:13:55.931920,03/12 07:23,1.0,0.0,,,,18.0,29.0,0.3764,0.094094,0.0,0.094094,0.005081,1.762572,1.396812,0.0,1.856666,0.43,moderate,0.04046,0.319026,0.359486,0
2026-07-26T05:13:55.952913,03/12 08:23,2.62,0.0,,,,18.0,29.0,0.3764,0.094094,0.0,0.094094,0.004534,1.395661,1.104358,0.0,1.489755,0.43,moderate,0.04046,0.252615,0.293075,0
2026-07-26T05:13:55.975914,03/12 09:23,4.32,52.0,20.87,19.54,23.89,18.0,29.0,0.3764,0.094094,0.0,0.094094,0.003851,1.037939,0.826896,0.0,1.132033,0.43,moderate,0.04046,0.187867,0.228327,1
2026-07-26T05:13:55.996921,03/12 10:23,5.87,52.0,22.68,20.96,26.03,18.0,29.0,0.3764,0.094094,0.0,0.094094,0.00272,0.872441,0.670605,0.0,0.966535,0.3,low,0.028228,0.157912,0.18614,1
2026-07-26T05:13:56.013915,03/12 11:23,6.98,52.0,23.39,21.67,26.52,18.0,29.0,0.3764,0.094094,0.0,0.094094,0.001834,0.662644,0.560746,0.0,0.756738,0.3,low,0.028228,0.119939,0.148167,1
2026-07-26T05:13:56.030916,03/12 12:15,7.92,41.6,23.57,22.02,25.95,18.0,29.0,0.3764,0.094094,0.0,0.094094,0.00128,0.532899,0.456957,0.0,0.626993,0.3,low,0.028228,0.096455,0.124683,0
2026-07-26T05:14:12.837584,03/12 13:23,8.58,20.8,23.17,21.87,24.44,20.0,27.0,0.3764,0.094094,0.0,0.094094,0.00105,0.48015,0.40379,0.0,0.574244,0.3,low,0.028228,0.086907,0.115135,0
2026-07-26T05:14:12.858680,03/12 14:23,9.28,41.6,23.87,22.65,24.81,20.0,27.0,0.3764,0.094094,0.0,0.094094,0.000691,0.346109,0.303846,0.0,0.440203,0.3,low,0.028228,0.062646,0.090874,0
2026-07-26T05:14:12.878745,03/12 15:15,8.62,52.0,24.33,23.54,25.77,20.0,27.0,0.3764,0.094094,0.0,0.094094,0.000778,0.407832,0.330422,0.0,0.501926,0.3,low,0.028228,0.073818,0.102046,0
2026-07-26T05:14:12.897999,03/12 16:15,7.65,52.0,24.36,23.42,25.63,20.0,27.0,0.3764,0.094094,0.0,0.094094,0.001062,0.532969,0.40707,0.0,0.627063,0.55,high,0.051752,0.096467,0.148219,0
2026-07-26T05:14:12.916262,03/12 17:15,6.5,52.0,23.65,22.75,24.75,20.0,27.0,0.3764,0.094094,0.0,0.094094,0.00126,0.585087,0.452926,0.0,0.679181,0.55,high,0.051752,0.105901,0.157652,0
2026-07-26T05:14:12.931267,03/12 18:23,4.12,52.0,23.05,22.16,24.57,20.0,27.0,0.3764,0.094094,0.0,0.094094,0.003082,0.029405,0.678355,0.0,0.123499,0.55,high,0.051752,0.005322,0.057074,0
2026-07-26T05:14:29.753876,03/12 19:23,2.9,26.0,21.27,20.55,23.0,20.0,26.0,0.3764,0.094094,0.0,0.094094,0.005208,0.659309,0.644242,0.0,0.753403,0.55,high,0.051752,0.119335,0.171087,0
2026-07-26T05:14:29.772377,03/12 20:23,1.7,0.0,,,,20.0,26.0,0.3764,0.094094,0.0,0.094094,0.005286,2.320589,1.19041,0.0,2.414683,0.55,high,0.051752,0.420027,0.471778,0
2026-07-26T05:14:29.790387,03/12 21:15,1.42,0.0,,,,20.0,26.0,0.3764,0.094094,0.0,0.094094,0.000503,0.286156,0.321257,0.0,0.38025,0.4,moderate,0.037638,0.051794,0.089432,0
2026-07-26T05:14:29.807858,03/12 22:15,0.6,0.0,,,,20.0,26.0,0.3764,0.094094,0.0,0.094094,0.001155,0.807252,0.658813,0.0,0.901346,0.4,moderate,0.037638,0.146113,0.18375,0
2026-07-26T05:14:29.824812,03/12 23:15,0.6,0.0,,,,20.0,26.0,0.3764,0.094094,0.0,0.094094,0.001484,1.023185,0.808037,0.0,1.117279,0.4,moderate,0.037638,0.185196,0.222834,0
2026-07-26T05:14:29.841820,03/13 00:15,0.72,0.0,,,,20.0,26.0,0.3764,0.094094,0.0,0.094094,0.001806,1.213994,0.971399,0.0,1.308088,0.34,low,0.031992,0.219733,0.251725,0
2026-07-26T05:14:46.282724,03/13 01:15,1.25,0.0,,,,18.0,28.0,0.3764,0.094094,0.0,0.094094,0.0,0.0,0.0,0.0,0.094094,0.34,low,0.031992,0.0,0.031992,0
2026-07-26T05:14:46.303684,03/13 02:15,1.7,0.0,,,,18.0,28.0,0.3764,0.094094,0.0,0.094094,0.0,0.0,0.0,0.0,0.094094,0.34,low,0.031992,0.0,0.031992,0
2026-07-26T05:14:46.322686,03/13 03:15,1.7,0.0,,,,18.0,28.0,0.3764,0.094094,0.0,0.094094,7.6e-05,0.051724,0.062319,0.0,0.145818,0.34,low,0.031992,0.009362,0.041354,0
2026-07-26T05:14:46.342723,03/13 04:15,1.7,0.0,,,,18.0,28.0,0.3764,0.094094,0.0,0.094094,0.000183,0.135731,0.141883,0.0,0.229825,0.34,low,0.031992,0.024567,0.056559,0
2026-07-26T05:14:46.358681,03/13 05:15,1.27,0.0,,,,18.0,28.0,0.3764,0.094094,0.0,0.094094,0.000298,0.240623,0.222335,0.0,0.334717,0.34,low,0.031992,0.043553,0.075545,0
2026-07-26T05:14:46.375136,03/13 06:15,0.0,0.0,,,,18.0,28.0,0.3764,0.094094,0.0,0.094094,0.000387,0.330641,0.282299,0.0,0.424735,0.43,moderate,0.04046,0.059846,0.100306,0
2026-07-26T05:15:01.880943,03/13 07:15,0.0,0.0,,,,18.0,29.0,0.3764,0.094094,0.0,0.094094,0.005303,1.924334,1.514899,0.0,2.018428,0.43,moderate,0.04046,0.348304,0.388765,0
2026-07-26T05:15:01.901940,03/13 08:15,0.0,0.0,,,,18.0,29.0,0.3764,0.094094,0.0,0.094094,0.005125,1.748555,1.393877,0.0,1.842649,0.43,moderate,0.04046,0.316488,0.356949,0
2026-07-26T05:15:01.922939,03/13 09:15,0.0,52.0,19.91,19.46,21.27,18.0,29.0,0.3764,0.094094,0.0,0.094094,0.004632,1.41609,1.142767,0.0,1.510184,0.43,moderate,0.04046,0.256312,0.296773,1
2026-07-26T05:15:01.941939,03/13 10:15,0.28,52.0,21.13,20.53,22.67,18.0,29.0,0.3764,0.094094,0.0,0.094094,0.004455,1.397603,1.129279,0.0,1.491697,0.3,low,0.028228,0.252966,0.281194,0
2026-07-26T05:15:01.959940,03/13 11:15,1.1,52.0,21.67,21.03,23.22,18.0,29.0,0.3764,0.094094,0.0,0.094094,0.004076,1.280645,1.029983,0.0,1.374739,0.3,low,0.028228,0.231797,0.260025,0
2026-07-26T05:15:01.976940,03/13 12:15,1.25,41.6,21.82,21.16,23.35,18.0,29.0,0.3764,0.094094,0.0,0.094094,0.003955,1.26283,1.019779,0.0,1.356924,0.3,low,0.028228,0.228572,0.2568,0
2026-07-26T05:15:19.063610,03/13 13:15,1.7,20.8,21.45,20.83,22.93,20.0,27.0,0.3764,0.094094,0.0,0.094094,0.003788,1.204175,0.967523,0.0,1.298269,0.3,low,0.028228,0.217956,0.246184,0
2026-07-26T05:15:19.082611,03/13 14:15,1.97,41.6,21.96,21.31,23.46,20.0,27.0,0.3764,0.094094,0.0,0.094094,0.003718,1.191289,0.961253,0.0,1.285383,0.3,low,0.028228,0.215623,0.243852,0
2026-07-26T05:15:19.100609,03/13 15:15,2.8,52.0,22.38,21.78,23.75,20.0,27.0,0.3764,0.094094,0.0,0.094094,0.003919,0.752593,0.86675,0.0,0.846687,0.3,low,0.028228,0.136219,0.164448,0
2026-07-26T05:15:19.117609,03/13 16:15,2.92,52.0,22.32,21.72,23.75,20.0,27.0,0.3764,0.094094,0.0,0.094094,0.005259,0.808537,0.844363,0.0,0.902631,0.55,high,0.051752,0.146345,0.198097,0
2026-07-26T05:15:19.134610,03/13 17:15,3.3,52.0,22.04,21.26,23.57,20.0,27.0,0.3764,0.094094,0.0,0.094094,0.00518,0.565397,0.737083,0.0,0.659491,0.55,high,0.051752,0.102337,0.154089,0
2026-07-26T05:15:19.149610,03/13 18:15,3.3,52.0,21.67,20.87,23.54,20.0,27.0,0.3764,0.094094,0.0,0.094094,0.005196,0.623962,0.680777,0.0,0.718056,0.55,high,0.051752,0.112937,0.164689,0
2026-07-26T05:15:35.367326,03/13 19:15,3.17,26.0,20.41,20.0,21.92,20.0,26.0,0.3764,0.094094,0.0,0.094094,0.005414,0.848413,0.738336,0.0,0.942507,0.55,high,0.051752,0.153563,0.205314,0
2026-07-26T05:15:35.386326,03/13 20:15,2.65,0.0,,,,20.0,26.0,0.3764,0.094094,0.0,0.094094,0.0045,1.840499,1.45604,0.0,1.934593,0.55,high,0.051752,0.33313,0.384882,0
2026-07-26T05:15:35.403324,03/13 21:15,2.2,0.0,,,,20.0,26.0,0.3764,0.094094,0.0,0.094094,0.001052,0.682668,0.622947,0.0,0.776762,0.4,moderate,0.037638,0.123563,0.161201,0
2026-07-26T05:15:35.418324,03/13 22:15,1.8,0.0,,,,20.0,26.0,0.3764,0.094094,0.0,0.094094,0.001582,1.087769,0.876122,0.0,1.181863,0.4,moderate,0.037638,0.196886,0.234524,0
2026-07-26T05:15:35.433327,03/13 23:15,0.45,0.0,,,,20.0,26.0,0.3764,0.094094,0.0,0.094094,0.001959,1.307572,1.0396,0.0,1.401666,0.4,moderate,0.037638,0.236671,0.274308,0
2026-07-26T05:15:35.448324,03/14 00:15,-0.15,0.0,,,,20.0,26.0,0.3764,0.094094,0.0,0.094094,0.002328,1.49071,1.187451,0.0,1.584804,0.34,low,0.031992,0.269819,0.30181,0
2026-07-26T05:15:50.409320,03/14 01:15,-0.88,0.0,,,,18.0,28.0,0.3764,0.094094,0.0,0.094094,0.0,0.0,0.0,0.0,0.094094,0.34,low,0.031992,0.0,0.031992,0
2026-07-26T05:15:50.430320,03/14 02:15,-1.7,0.0,,,,18.0,28.0,0.3764,0.094094,0.0,0.094094,0.000124,0.081634,0.099486,0.0,0.175728,0.34,low,0.031992,0.014776,0.046768,0
2026-07-26T05:15:50.449326,03/14 03:15,-1.82,0.0,,,,18.0,28.0,0.3764,0.094094,0.0,0.094094,0.000349,0.263301,0.261096,0.0,0.357395,0.34,low,0.031992,0.047657,0.079649,0
2026-07-26T05:15:50.464323,03/14 04:15,-2.35,0.0,,,,18.0,28.0,0.3764,0.094094,0.0,0.094094,0.000503,0.416325,0.359688,0.0,0.510419,0.34,low,0.031992,0.075355,0.107347,0
2026-07-26T05:15:50.481334,03/14 05:15,-2.65,0.0,,,,18.0,28.0,0.3764,0.094094,0.0,0.094094,0.000628,0.536881,0.435737,0.0,0.630975,0.34,low,0.031992,0.097175,0.129167,0
2026-07-26T05:15:50.498322,03/14 06:15,-2.08,0.0,,,,18.0,28.0,0.3764,0.094094,0.0,0.094094,0.000701,0.59716,0.477404,0.0,0.691254,0.43,moderate,0.04046,0.108086,0.148546,0
2026-07-26T05:16:05.586821,03/14 07:23,-1.0,0.0,,,,18.0,29.0,0.3764,0.094094,0.0,0.094094,0.005621,1.937758,1.542798,0.0,2.031852,0.43,moderate,0.04046,0.350734,0.391195,0
2026-07-26T05:16:05.607819,03/14 08:23,1.65,0.0,,,,18.0,29.0,0.3764,0.094094,0.0,0.094094,0.004786,1.497186,1.184809,0.0,1.59128,0.43,moderate,0.04046,0.270991,0.311451,0
2026-07-26T05:16:05.626820,03/14 09:23,3.72,52.0,21.12,19.58,24.63,18.0,29.0,0.3764,0.094094,0.0,0.094094,0.003982,1.102871,0.877938,0.0,1.196965,0.43,moderate,0.04046,0.19962,0.24008,1
2026-07-26T05:16:05.644823,03/14 10:23,5.15,52.0,22.75,20.94,26.32,18.0,29.0,0.3764,0.094094,0.0,0.094094,0.003235,0.983128,0.720236,0.0,1.077222,0.3,low,0.028228,0.177946,0.206174,1
2026-07-26T05:16:05.663821,03/14 11:23,6.0,52.0,23.54,21.75,26.75,18.0,29.0,0.3764,0.094094,0.0,0.094094,0.002448,0.783045,0.648368,0.0,0.877139,0.3,low,0.028228,0.141731,0.169959,1
2026-07-26T05:16:05.683819,03/14 12:23,7.62,41.6,23.77,22.18,26.15,18.0,29.0,0.3764,0.094094,0.0,0.094094,0.001504,0.577581,0.502416,0.0,0.671675,0.3,low,0.028228,0.104542,0.13277,1
2026-07-26T05:16:22.085456,03/14 13:23,8.48,20.8,23.38,22.15,24.63,20.0,27.0,0.3764,0.094094,0.0,0.094094,0.000865,0.395373,0.355176,0.0,0.489467,0.3,low,0.028228,0.071563,0.099791,0
2026-07-26T05:16:22.105446,03/14 14:15,7.2,41.6,23.7,22.65,24.31,20.0,27.0,0.3764,0.094094,0.0,0.094094,0.001377,0.627995,0.477731,0.0,0.722089,0.3,low,0.028228,0.113667,0.141895,0
2026-07-26T05:16:22.124445,03/14 15:15,7.48,52.0,24.08,23.38,24.95,20.0,27.0,0.3764,0.094094,0.0,0.094094,0.001332,0.582265,0.468099,0.0,0.676359,0.3,low,0.028228,0.10539,0.133618,0
2026-07-26T05:16:22.142446,03/14 16:15,8.03,52.0,24.12,23.11,25.37,20.0,27.0,0.3764,0.094094,0.0,0.094094,0.000938,0.43792,0.375047,0.0,0.532014,0.55,high,0.051752,0.079264,0.131015,0
2026-07-26T05:16:22.160448,03/14 17:15,6.93,52.0,23.82,22.51,25.12,20.0,27.0,0.3764,0.094094,0.0,0.094094,0.001287,0.594464,0.458742,0.0,0.688558,0.55,high,0.051752,0.107598,0.15935,0
2026-07-26T05:16:22.178445,03/14 18:23,5.55,52.0,23.19,22.03,24.38,20.0,27.0,0.3764,0.094094,0.0,0.094094,0.001757,0.719662,0.548534,0.0,0.813756,0.55,high,0.051752,0.130259,0.182011,0
2026-07-26T05:16:39.677576,03/14 19:23,3.62,26.0,21.51,20.69,22.98,20.0,26.0,0.3764,0.094094,0.0,0.094094,0.005059,0.253723,0.722001,0.0,0.347817,0.55,high,0.051752,0.045924,0.097676,0
2026-07-26T05:16:39.697575,03/14 20:23,2.52,0.0,,,,20.0,26.0,0.3764,0.094094,0.0,0.094094,0.005678,1.848814,1.012064,0.0,1.942908,0.55,high,0.051752,0.334635,0.386387,0
2026-07-26T05:16:39.715579,03/14 21:15,1.55,0.0,,,,20.0,26.0,0.3764,0.094094,0.0,0.094094,0.000541,0.334733,0.299621,0.0,0.428827,0.4,moderate,0.037638,0.060587,0.098224,0
2026-07-26T05:16:39.732577,03/14 22:15,0.98,0.0,,,,20.0,26.0,0.3764,0.094094,0.0,0.094094,0.001218,0.867634,0.664317,0.0,0.961728,0.4,moderate,0.037638,0.157042,0.194679,0
2026-07-26T05:16:39.749576,03/14 23:15,0.3,0.0,,,,20.0,26.0,0.3764,0.094094,0.0,0.094094,0.001538,1.056224,0.827275,0.0,1.150318,0.4,moderate,0.037638,0.191177,0.228814,0
2026-07-26T05:16:39.765576,03/15 00:15,-0.72,0.0,,,,20.0,26.0,0.3764,0.094094,0.0,0.094094,0.001885,1.250821,0.996197,0.0,1.344915,0.34,low,0.031992,0.226399,0.258391,0
2026-07-26T05:16:55.641884,03/15 01:15,-1.25,0.0,,,,18.0,28.0,0.3764,0.094094,0.0,0.094094,0.0,0.0,0.0,0.0,0.094094,0.34,low,0.031992,0.0,0.031992,0
2026-07-26T05:16:55.662909,03/15 02:15,-1.82,0.0,,,,18.0,28.0,0.3764,0.094094,0.0,0.094094,0.000125,0.084105,0.098954,0.0,0.178199,0.34,low,0.031992,0.015223,0.047215,0
2026-07-26T05:16:55.682732,03/15 03:15,-2.35,0.0,,,,18.0,28.0,0.3764,0.094094,0.0,0.094094,0.000325,0.24611,0.244026,0.0,0.340204,0.34,low,0.031992,0.044546,0.076538,0
2026-07-26T05:16:55.701783,03/15 04:15,-2.8,0.0,,,,18.0,28.0,0.3764,0.094094,0.0,0.094094,0.000448,0.371628,0.325382,0.0,0.465722,0.34,low,0.031992,0.067265,0.099257,0
2026-07-26T05:16:55.719730,03/15 05:15,-2.92,0.0,,,,18.0,28.0,0.3764,0.094094,0.0,0.094094,0.000552,0.475434,0.390565,0.0,0.569528,0.34,low,0.031992,0.086054,0.118046,0
2026-07-26T05:16:55.737730,03/15 06:15,-3.3,0.0,,,,18.0,28.0,0.3764,0.094094,0.0,0.094094,0.000615,0.533216,0.428006,0.0,0.62731,0.43,moderate,0.04046,0.096512,0.136973,0
2026-07-26T05:17:11.343029,03/15 07:23,-2.32,0.0,,,,18.0,29.0,0.3764,0.094094,0.0,0.094094,0.005934,2.003797,1.593973,0.0,2.097891,0.43,moderate,0.04046,0.362687,0.403148,0
2026-07-26T05:17:11.365029,03/15 08:20,1.42,0.0,,,,18.0,29.0,0.3764,0.094094,0.0,0.094094,0.004766,1.458938,1.149604,0.0,1.553032,0.43,moderate,0.04046,0.264068,0.304528,0
2026-07-26T05:17:11.385034,03/15 09:23,4.45,52.0,21.34,19.69,24.97,18.0,29.0,0.3764,0.094094,0.0,0.094094,0.003876,1.053086,0.828886,0.0,1.14718,0.43,moderate,0.04046,0.190609,0.231069,1
2026-07-26T05:17:11.402027,03/15 10:23,5.97,52.0,23.17,21.2,27.16,18.0,29.0,0.3764,0.094094,0.0,0.094094,0.002323,0.750384,0.628889,0.0,0.844478,0.3,low,0.028228,0.13582,0.164048,1
2026-07-26T05:17:11.420025,03/15 11:23,5.87,52.0,23.95,21.96,27.59,18.0,29.0,0.3764,0.094094,0.0,0.094094,0.002389,0.800691,0.641163,0.0,0.894785,0.3,low,0.028228,0.144925,0.173153,1
2026-07-26T05:17:11.437025,03/15 12:23,6.98,41.6,24.05,22.26,26.8,18.0,29.0,0.3764,0.094094,0.0,0.094094,0.001663,0.625254,0.53178,0.0,0.719348,0.3,low,0.028228,0.113171,0.141399,1
2026-07-26T05:17:28.212260,03/15 13:23,7.92,20.8,23.71,22.18,25.2,20.0,27.0,0.3764,0.094094,0.0,0.094094,0.001162,0.50037,0.430532,0.0,0.594464,0.3,low,0.028228,0.090567,0.118795,0
2026-07-26T05:17:28.231259,03/15 14:23,8.3,41.6,24.29,22.87,25.38,20.0,27.0,0.3764,0.094094,0.0,0.094094,0.000939,0.443245,0.3752,0.0,0.537339,0.3,low,0.028228,0.080227,0.108456,0
2026-07-26T05:17:28.250260,03/15 15:15,8.45,52.0,24.66,23.75,26.46,20.0,27.0,0.3764,0.094094,0.0,0.094094,0.000889,0.440021,0.361839,0.0,0.534115,0.3,low,0.028228,0.079644,0.107872,1
2026-07-26T05:17:28.267258,03/15 16:15,8.75,52.0,24.89,23.55,27.0,20.0,27.0,0.3789,0.094714,0.0,0.094714,0.000556,0.29026,0.260811,0.0,0.384974,0.55,high,0.052093,0.052537,0.10463,1
2026-07-26T05:17:28.283259,03/15 17:15,7.75,52.0,24.67,22.97,26.75,20.0,27.0,0.3764,0.094094,0.0,0.094094,0.000841,0.442865,0.348674,0.0,0.536959,0.55,high,0.051752,0.080159,0.13191,1
2026-07-26T05:17:28.299260,03/15 18:20,5.4,52.0,23.91,22.44,25.13,20.0,27.0,0.3764,0.094094,0.0,0.094094,0.001632,0.732149,0.526896,0.0,0.826243,0.55,high,0.051752,0.132519,0.184271,0
2026-07-26T05:17:44.103842,03/15 19:23,3.17,26.0,21.96,20.94,23.39,20.0,26.0,0.3764,0.094094,0.0,0.094094,0.004618,0.540956,0.768921,0.0,0.63505,0.55,high,0.051752,0.097913,0.149665,0
2026-07-26T05:17:44.124843,03/15 20:23,2.8,0.0,,,,20.0,26.0,0.3764,0.094094,0.0,0.094094,0.005473,1.318504,0.892486,0.0,1.412598,0.55,high,0.051752,0.238649,0.290401,0
2026-07-26T05:17:44.141841,03/15 21:15,2.65,0.0,,,,20.0,26.0,0.3764,0.094094,0.0,0.094094,0.000193,0.10602,0.097487,0.0,0.200114,0.4,moderate,0.037638,0.01919,0.056827,0
2026-07-26T05:17:44.157841,03/15 22:15,2.2,0.0,,,,20.0,26.0,0.3764,0.094094,0.0,0.094094,0.000956,0.666787,0.500851,0.0,0.760881,0.4,moderate,0.037638,0.120688,0.158326,0
2026-07-26T05:17:44.173843,03/15 23:15,2.2,0.0,,,,20.0,26.0,0.3764,0.094094,0.0,0.094094,0.001252,0.89581,0.69658,0.0,0.989904,0.4,moderate,0.037638,0.162142,0.199779,0
2026-07-26T05:17:44.188840,03/16 00:15,2.08,0.0,,,,20.0,26.0,0.3764,0.094094,0.0,0.094094,0.001488,1.038335,0.828733,0.0,1.132429,0.34,low,0.031992,0.187939,0.219931,0
2026-07-26T05:17:58.481568,03/16 01:15,1.55,0.0,,,,18.0,28.0,0.3764,0.094094,0.0,0.094094,0.0,0.0,0.0,0.0,0.094094,0.34,low,0.031992,0.0,0.031992,0
2026-07-26T05:17:58.498574,03/16 02:15,1.1,0.0,,,,18.0,28.0,0.3764,0.094094,0.0,0.094094,0.0,0.0,0.0,0.0,0.094094,0.34,low,0.031992,0.0,0.031992,0
2026-07-26T05:17:58.514573,03/16 03:15,1.25,0.0,,,,18.0,28.0,0.3764,0.094094,0.0,0.094094,0.0,0.0,0.0,0.0,0.094094,0.34,low,0.031992,0.0,0.031992,0
2026-07-26T05:17:58.529570,03/16 04:15,1.7,0.0,,,,18.0,28.0,0.3764,0.094094,0.0,0.094094,0.0,0.0,0.0,0.0,0.094094,0.34,low,0.031992,0.0,0.031992,0
2026-07-26T05:17:58.545569,03/16 05:15,1.82,0.0,,,,18.0,28.0,0.3764,0.094094,0.0,0.094094,5.5e-05,0.038554,0.045127,0.0,0.132648,0.34,low,0.031992,0.006978,0.03897,0
2026-07-26T05:17:58.559568,03/16 06:15,2.35,0.0,,,,18.0,28.0,0.3764,0.094094,0.0,0.094094,0.000126,0.094032,0.098724,0.0,0.188126,0.43,moderate,0.04046,0.01702,0.05748,0
2026-07-26T05:18:13.369375,03/16 07:23,3.2,0.0,,,,18.0,29.0,0.3764,0.094094,0.0,0.094094,9e-06,0.007247,0.006375,0.0,0.101341,0.43,moderate,0.04046,0.001312,0.041772,0
2026-07-26T05:18:13.388369,03/16 08:15,4.7,0.0,,,,18.0,29.0,0.3764,0.094094,0.0,0.094094,0.0,0.0,0.0,0.0,0.094094,0.43,moderate,0.04046,0.0,0.04046,0
2026-07-26T05:18:13.406369,03/16 09:15,5.72,0.0,,,,18.0,29.0,0.3764,0.094094,0.0,0.094094,0.0,0.0,0.0,0.0,0.094094,0.43,moderate,0.04046,0.0,0.04046,0
2026-07-26T05:18:13.422369,03/16 10:15,6.37,0.0,,,,18.0,29.0,0.3764,0.094094,0.0,0.094094,0.0,0.0,0.0,0.0,0.094094,0.3,low,0.028228,0.0,0.028228,0
2026-07-26T05:18:13.437369,03/16 11:15,7.48,0.0,,,,18.0,29.0,0.3764,0.094094,0.0,0.094094,0.0,0.0,0.0,0.0,0.094094,0.3,low,0.028228,0.0,0.028228,0
2026-07-26T05:18:13.453373,03/16 12:15,8.73,0.0,,,,18.0,29.0,0.3764,0.094094,0.0,0.094094,0.0,0.0,0.0,0.0,0.094094,0.3,low,0.028228,0.0,0.028228,0
2026-07-26T05:18:28.514915,03/16 13:15,9.85,0.0,,,,18.0,29.0,0.3764,0.094094,0.0,0.094094,0.0,0.0,0.0,0.0,0.094094,0.3,low,0.028228,0.0,0.028228,0
2026-07-26T05:18:28.534923,03/16 14:15,9.0,0.0,,,,18.0,29.0,0.3764,0.094094,0.0,0.094094,0.0,0.0,0.0,0.0,0.094094,0.3,low,0.028228,0.0,0.028228,0
2026-07-26T05:18:28.552919,03/16 15:15,7.8,0.0,,,,18.0,29.0,0.3764,0.094094,0.0,0.094094,0.0,0.0,0.0,0.0,0.094094,0.3,low,0.028228,0.0,0.028228,0
2026-07-26T05:18:28.570161,03/16 16:15,7.8,0.0,,,,18.0,29.0,0.3764,0.094094,0.0,0.094094,0.0,0.0,0.0,0.0,0.094094,0.55,high,0.051752,0.0,0.051752,0
2026-07-26T05:18:28.585167,03/16 17:15,7.25,0.0,,,,18.0,29.0,0.3764,0.094094,0.0,0.094094,0.0,0.0,0.0,0.0,0.094094,0.55,high,0.051752,0.0,0.051752,0
2026-07-26T05:18:28.600161,03/16 18:15,4.9,0.0,,,,18.0,29.0,0.3764,0.094094,0.0,0.094094,0.0,0.0,0.0,0.0,0.094094,0.55,high,0.051752,0.0,0.051752,0
2026-07-26T05:18:44.562895,03/16 19:15,2.65,0.0,,,,18.0,29.0,0.3764,0.094094,0.0,0.094094,0.0,0.0,0.0,0.0,0.094094,0.55,high,0.051752,0.0,0.051752,0
2026-07-26T05:18:44.581894,03/16 20:15,1.8,0.0,,,,18.0,29.0,0.3764,0.094094,0.0,0.094094,0.0,0.0,0.0,0.0,0.094094,0.55,high,0.051752,0.0,0.051752,0
2026-07-26T05:18:44.599895,03/16 21:15,0.3,0.0,,,,18.0,29.0,0.3764,0.094094,0.0,0.094094,0.0,0.0,0.0,0.0,0.094094,0.4,moderate,0.037638,0.0,0.037638,0
2026-07-26T05:18:44.618895,03/16 22:15,-0.72,0.0,,,,18.0,29.0,0.3764,0.094094,0.0,0.094094,0.0,0.0,0.0,0.0,0.094094,0.4,moderate,0.037638,0.0,0.037638,0
2026-07-26T05:18:44.634894,03/16 23:15,-1.1,0.0,,,,18.0,29.0,0.3764,0.094094,0.0,0.094094,3.2e-05,0.024155,0.02773,0.0,0.118249,0.4,moderate,0.037638,0.004372,0.04201,0
2026-07-26T05:18:44.650897,03/17 00:15,-0.98,0.0,,,,18.0,29.0,0.3764,0.094094,0.0,0.094094,0.000128,0.101777,0.104841,0.0,0.195871,0.34,low,0.031992,0.018422,0.050414,0
2026-07-26T05:19:00.946875,03/17 01:15,-0.45,0.0,,,,18.0,29.0,0.3764,0.094094,0.0,0.094094,0.000201,0.169838,0.158947,0.0,0.263932,0.34,low,0.031992,0.030741,0.062733,0
2026-07-26T05:19:00.965872,03/17 02:15,0.0,0.0,,,,18.0,29.0,0.3764,0.094094,0.0,0.094094,0.000255,0.224494,0.195296,0.0,0.318588,0.34,low,0.031992,0.040633,0.072625,0
2026-07-26T05:19:00.984874,03/17 03:15,-0.15,0.0,,,,18.0,29.0,0.3764,0.094094,0.0,0.094094,0.000314,0.283778,0.235934,0.0,0.377872,0.34,low,0.031992,0.051364,0.083356,0
2026-07-26T05:19:01.001872,03/17 04:15,-0.6,0.0,,,,18.0,29.0,0.3764,0.094094,0.0,0.094094,0.000345,0.315676,0.256701,0.0,0.40977,0.34,low,0.031992,0.057137,0.089129,0
2026-07-26T05:19:01.018871,03/17 05:15,-0.6,0.0,,,,18.0,29.0,0.3764,0.094094,0.0,0.094094,0.000364,0.334443,0.269068,0.0,0.428537,0.34,low,0.031992,0.060534,0.092526,0
2026-07-26T05:19:01.036871,03/17 06:15,-0.6,0.0,,,,18.0,29.0,0.3764,0.094094,0.0,0.094094,0.000467,0.425824,0.335975,0.0,0.519918,0.43,moderate,0.04046,0.077074,0.117535,0
2026-07-26T05:19:18.243594,03/17 07:23,-0.17,0.0,,,,18.0,29.0,0.3764,0.094094,0.0,0.094094,0.000138,0.12557,0.103532,0.0,0.219664,0.43,moderate,0.04046,0.022728,0.063189,0
2026-07-26T05:19:18.264337,03/17 08:15,1.25,0.0,,,,18.0,29.0,0.3764,0.094094,0.0,0.094094,0.0,0.0,0.0,0.0,0.094094,0.43,moderate,0.04046,0.0,0.04046,0
2026-07-26T05:19:18.285359,03/17 09:15,1.55,0.0,,,,18.0,29.0,0.3764,0.094094,0.0,0.094094,0.0,0.0,0.0,0.0,0.094094,0.43,moderate,0.04046,0.0,0.04046,0
2026-07-26T05:19:18.303350,03/17 10:15,1.38,0.0,,,,18.0,29.0,0.3764,0.094094,0.0,0.094094,0.0,0.0,0.0,0.0,0.094094,0.3,low,0.028228,0.0,0.028228,0
2026-07-26T05:19:18.320393,03/17 11:15,2.08,0.0,,,,18.0,29.0,0.3764,0.094094,0.0,0.094094,0.0,0.0,0.0,0.0,0.094094,0.3,low,0.028228,0.0,0.028228,0
2026-07-26T05:19:18.337526,03/17 12:15,1.82,0.0,,,,18.0,29.0,0.3764,0.094094,0.0,0.094094,0.0,0.0,0.0,0.0,0.094094,0.3,low,0.028228,0.0,0.028228,0
2026-07-26T05:19:33.827116,03/17 13:15,2.08,0.0,,,,18.0,29.0,0.3764,0.094094,0.0,0.094094,0.0,0.0,0.0,0.0,0.094094,0.3,low,0.028228,0.0,0.028228,0
2026-07-26T05:19:33.847113,03/17 14:15,1.55,0.0,,,,18.0,29.0,0.3764,0.094094,0.0,0.094094,0.0,0.0,0.0,0.0,0.094094,0.3,low,0.028228,0.0,0.028228,0
2026-07-26T05:19:33.865378,03/17 15:15,0.98,0.0,,,,18.0,29.0,0.3764,0.094094,0.0,0.094094,0.0,0.0,0.0,0.0,0.094094,0.3,low,0.028228,0.0,0.028228,0
2026-07-26T05:19:33.881381,03/17 16:15,0.45,0.0,,,,18.0,29.0,0.3764,0.094094,0.0,0.094094,0.0,0.0,0.0,0.0,0.094094,0.55,high,0.051752,0.0,0.051752,0
2026-07-26T05:19:33.899378,03/17 17:15,-0.55,0.0,,,,18.0,29.0,0.3764,0.094094,0.0,0.094094,0.0,0.0,0.0,0.0,0.094094,0.55,high,0.051752,0.0,0.051752,0
2026-07-26T05:19:33.915379,03/17 18:23,-2.48,0.0,,,,18.0,29.0,0.3764,0.094094,0.0,0.094094,0.0,0.0,0.0,0.0,0.094094,0.55,high,0.051752,0.0,0.051752,0
2026-07-26T05:19:48.906900,03/17 19:15,-3.45,0.0,,,,18.0,29.0,0.3764,0.094094,0.0,0.094094,3.6e-05,0.032834,0.029728,0.0,0.126928,0.55,high,0.051752,0.005943,0.057695,0
2026-07-26T05:19:48.922899,03/17 20:15,-3.9,0.0,,,,18.0,29.0,0.3764,0.094094,0.0,0.094094,0.000105,0.096432,0.080243,0.0,0.190526,0.55,high,0.051752,0.017454,0.069206,0
2026-07-26T05:19:48.939894,03/17 21:15,-4.32,0.0,,,,18.0,29.0,0.3764,0.094094,0.0,0.094094,0.000244,0.225981,0.185317,0.0,0.320075,0.4,moderate,0.037638,0.040903,0.07854,0
2026-07-26T05:19:48.955894,03/17 22:15,-5.6,0.0,,,,18.0,29.0,0.3764,0.094094,0.0,0.094094,0.000441,0.407938,0.321635,0.0,0.502032,0.4,moderate,0.037638,0.073837,0.111474,0
2026-07-26T05:19:48.971894,03/17 23:15,-5.72,0.0,,,,18.0,29.0,0.3764,0.094094,0.0,0.094094,0.000508,0.462627,0.36551,0.0,0.556721,0.4,moderate,0.037638,0.083735,0.121373,0
2026-07-26T05:19:48.985894,03/18 00:15,-6.25,0.0,,,,18.0,29.0,0.3764,0.094094,0.0,0.094094,0.000672,0.595801,0.463809,0.0,0.689895,0.34,low,0.031992,0.10784,0.139832,0
2026-07-26T05:20:04.090726,03/18 01:15,-6.83,0.0,,,,18.0,29.0,0.3764,0.094094,0.0,0.094094,0.000956,0.7912,0.617112,0.0,0.885294,0.34,low,0.031992,0.143207,0.175199,0
2026-07-26T05:20:04.107719,03/18 02:15,-7.35,0.0,,,,18.0,29.0,0.3764,0.094094,0.0,0.094094,0.000937,0.758962,0.609439,0.0,0.853056,0.34,low,0.031992,0.137372,0.169364,0
2026-07-26T05:20:04.124720,03/18 03:15,-7.65,0.0,,,,18.0,29.0,0.3764,0.094094,0.0,0.094094,0.00129,1.001716,0.779239,0.0,1.09581,0.34,low,0.031992,0.181311,0.213303,0
2026-07-26T05:20:04.140719,03/18 04:15,-7.35,0.0,,,,18.0,29.0,0.3764,0.094094,0.0,0.094094,0.001066,0.825754,0.677654,0.0,0.919848,0.34,low,0.031992,0.149461,0.181453,0
2026-07-26T05:20:04.155720,03/18 05:15,-7.8,0.0,,,,18.0,29.0,0.3764,0.094094,0.0,0.094094,0.001126,0.882671,0.710672,0.0,0.976765,0.34,low,0.031992,0.159763,0.191755,0
2026-07-26T05:20:04.174720,03/18 06:15,-7.38,0.0,,,,18.0,29.0,0.3764,0.094094,0.0,0.094094,0.001312,1.007434,0.798319,0.0,1.101528,0.43,moderate,0.04046,0.182346,0.222806,0
2026-07-26T05:20:18.822483,03/18 07:23,-5.27,0.0,,,,18.0,29.0,0.3764,0.094094,0.0,0.094094,0.007407,2.491146,1.997453,0.0,2.58524,0.43,moderate,0.04046,0.450897,0.491358,0
2026-07-26T05:20:18.841485,03/18 08:23,-2.25,0.0,,,,18.0,29.0,0.3764,0.094094,0.0,0.094094,0.00602,1.996918,1.603327,0.0,2.091012,0.43,moderate,0.04046,0.361442,0.401903,0
2026-07-26T05:20:18.861482,03/18 09:23,-0.02,52.0,20.79,19.41,23.86,18.0,29.0,0.3764,0.094094,0.0,0.094094,0.004856,1.486005,1.196011,0.0,1.580099,0.43,moderate,0.04046,0.268967,0.309427,1
2026-07-26T05:20:18.878481,03/18 10:23,2.1,52.0,22.6,20.82,26.12,18.0,29.0,0.3764,0.094094,0.0,0.094094,0.004059,1.233034,0.989577,0.0,1.327128,0.3,low,0.028228,0.223179,0.251407,1
2026-07-26T05:20:18.896485,03/18 11:23,3.72,52.0,23.51,21.68,26.82,18.0,29.0,0.3764,0.094094,0.0,0.094094,0.005011,0.538215,0.830821,0.0,0.632309,0.3,low,0.028228,0.097417,0.125645,1
2026-07-26T05:20:18.913490,03/18 12:23,5.15,41.6,23.59,21.94,26.11,18.0,29.0,0.3764,0.094094,0.0,0.094094,0.003023,1.213499,0.680352,0.0,1.307593,0.3,low,0.028228,0.219643,0.247872,1
2026-07-26T05:20:34.257730,03/18 13:23,5.87,20.8,23.31,21.92,24.68,20.0,27.0,0.3764,0.094094,0.0,0.094094,0.002212,0.75445,0.617236,0.0,0.848544,0.3,low,0.028228,0.136555,0.164784,0
2026-07-26T05:20:34.276732,03/18 14:15,6.83,41.6,23.84,22.58,24.76,20.0,27.0,0.3764,0.094094,0.0,0.094094,0.001575,0.607805,0.515958,0.0,0.701899,0.3,low,0.028228,0.110013,0.138241,0
2026-07-26T05:20:34.294849,03/18 15:15,7.2,52.0,24.26,23.49,25.82,20.0,27.0,0.3764,0.094094,0.0,0.094094,0.001308,0.554903,0.463078,0.0,0.648997,0.3,low,0.028228,0.100437,0.128666,0
2026-07-26T05:20:34.309823,03/18 16:15,6.93,52.0,24.35,23.14,26.15,20.0,27.0,0.3764,0.094094,0.0,0.094094,0.001265,0.558034,0.45379,0.0,0.652128,0.55,high,0.051752,0.101004,0.152756,1
2026-07-26T05:20:34.327382,03/18 17:15,5.67,52.0,23.85,22.46,25.36,20.0,27.0,0.3764,0.094094,0.0,0.094094,0.001693,0.699309,0.537496,0.0,0.793403,0.55,high,0.051752,0.126575,0.178327,0
2026-07-26T05:20:34.344380,03/18 18:23,4.12,52.0,23.02,21.87,24.3,20.0,27.0,0.3764,0.094094,0.0,0.094094,0.003042,0.029914,0.677477,0.0,0.124008,0.55,high,0.051752,0.005414,0.057166,0
2026-07-26T05:20:50.014620,03/18 19:23,3.17,26.0,21.14,20.33,22.61,20.0,26.0,0.3764,0.094094,0.0,0.094094,0.005207,0.654625,0.647466,0.0,0.748719,0.55,high,0.051752,0.118487,0.170239,0
2026-07-26T05:20:50.035622,03/18 20:15,2.92,0.0,,,,20.0,26.0,0.3764,0.094094,0.0,0.094094,0.005762,2.667342,1.176722,0.0,2.761436,0.55,high,0.051752,0.482789,0.534541,0
2026-07-26T05:20:50.054618,03/18 21:15,3.45,0.0,,,,20.0,26.0,0.3764,0.094094,0.0,0.094094,0.0006,0.362803,0.374622,0.0,0.456897,0.4,moderate,0.037638,0.065667,0.103305,0
2026-07-26T05:20:50.071624,03/18 22:15,3.75,0.0,,,,20.0,26.0,0.3764,0.094094,0.0,0.094094,0.00116,0.817973,0.662067,0.0,0.912067,0.4,moderate,0.037638,0.148053,0.185691,0
2026-07-26T05:20:50.087618,03/18 23:15,3.3,0.0,,,,20.0,26.0,0.3764,0.094094,0.0,0.094094,0.001415,0.995474,0.796574,0.0,1.089568,0.4,moderate,0.037638,0.180181,0.217818,0
2026-07-26T05:20:50.104620,03/19 00:15,3.3,0.0,,,,20.0,26.0,0.3764,0.094094,0.0,0.094094,0.001789,1.228064,0.977735,0.0,1.322158,0.34,low,0.031992,0.22228,0.254272,0
2026-07-26T05:21:06.958097,03/19 01:15,3.17,0.0,,,,18.0,28.0,0.3764,0.094094,0.0,0.094094,0.0,0.0,0.0,0.0,0.094094,0.34,low,0.031992,0.0,0.031992,0
2026-07-26T05:21:06.980101,03/19 02:15,2.92,0.0,,,,18.0,28.0,0.3764,0.094094,0.0,0.094094,0.0,0.0,0.0,0.0,0.094094,0.34,low,0.031992,0.0,0.031992,0
2026-07-26T05:21:07.000101,03/19 03:15,3.45,0.0,,,,18.0,28.0,0.3764,0.094094,0.0,0.094094,6.5e-05,0.044935,0.054555,0.0,0.139029,0.34,low,0.031992,0.008133,0.040125,0
2026-07-26T05:21:07.019096,03/19 04:15,4.17,0.0,,,,18.0,28.0,0.3764,0.094094,0.0,0.094094,0.000123,0.090205,0.096976,0.0,0.184299,0.34,low,0.031992,0.016327,0.048319,0
2026-07-26T05:21:07.038095,03/19 05:15,5.0,0.0,,,,18.0,28.0,0.3764,0.094094,0.0,0.094094,0.000123,0.094888,0.093298,0.0,0.188982,0.34,low,0.031992,0.017175,0.049167,0
2026-07-26T05:21:07.057095,03/19 06:15,5.15,0.0,,,,18.0,28.0,0.3764,0.094094,0.0,0.094094,0.000145,0.117258,0.111274,0.0,0.211352,0.43,moderate,0.04046,0.021224,0.061684,0
2026-07-26T05:21:22.445214,03/19 07:15,6.15,0.0,,,,18.0,29.0,0.3764,0.094094,0.0,0.094094,0.003121,1.05691,0.763149,0.0,1.151004,0.43,moderate,0.04046,0.191301,0.231761,0
2026-07-26T05:21:22.465219,03/19 08:15,8.2,0.0,,,,18.0,29.0,0.3764,0.094094,0.0,0.094094,0.001693,0.618486,0.536969,0.0,0.71258,0.43,moderate,0.04046,0.111946,0.152406,0
2026-07-26T05:21:22.485213,03/19 09:23,9.7,52.0,20.76,20.16,21.51,18.0,29.0,0.3764,0.094094,0.0,0.094094,0.001047,0.480042,0.39045,0.0,0.574136,0.43,moderate,0.04046,0.086888,0.127348,0
2026-07-26T05:21:22.504213,03/19 10:23,10.88,52.0,22.72,21.81,23.53,18.0,29.0,0.3764,0.094094,0.0,0.094094,0.000604,0.310974,0.273506,0.0,0.405068,0.3,low,0.028228,0.056286,0.084514,0
2026-07-26T05:21:22.522212,03/19 11:23,12.25,52.0,23.9,22.7,25.47,18.0,29.0,0.3764,0.094094,0.107946,0.094094,0.009089,0.193972,0.178181,0.015668,0.288066,0.3,low,0.028228,0.035109,0.063337,0
2026-07-26T05:21:22.540213,03/19 12:23,14.18,41.6,24.39,23.14,25.87,18.0,29.0,0.3764,0.094094,0.13836,0.094094,0.026297,0.174258,0.155624,0.189228,0.268352,0.3,low,0.028228,0.031541,0.059769,0
2026-07-26T05:21:40.015134,03/19 13:15,15.15,20.8,24.26,23.1,25.06,20.0,27.0,0.3764,0.094094,0.155509,0.094094,0.029702,0.159598,0.139987,0.27602,0.253692,0.3,low,0.028228,0.028887,0.057115,0
2026-07-26T05:21:40.036133,03/19 14:15,15.6,41.6,24.85,23.72,25.96,20.0,27.0,0.3764,0.094094,0.165392,0.094094,0.035629,0.137281,0.120303,0.323294,0.231375,0.3,low,0.028228,0.024848,0.053076,0
2026-07-26T05:21:40.054131,03/19 15:15,16.0,52.0,25.3,24.55,26.94,20.0,27.0,0.3764,0.094094,0.166126,0.094094,0.037273,0.118965,0.104299,0.323226,0.213059,0.3,low,0.028228,0.021533,0.049761,1
2026-07-26T05:21:40.072128,03/19 16:15,16.92,52.0,25.42,24.28,27.0,20.0,27.0,0.3799,0.094987,0.188264,0.094987,0.040274,0.029786,0.030363,0.448903,0.124773,0.55,high,0.052243,0.005391,0.057634,1
2026-07-26T05:21:40.089127,03/19 17:15,15.55,52.0,25.09,23.71,26.7,20.0,27.0,0.3764,0.094094,0.17451,0.094094,0.041015,0.101702,0.088018,0.362045,0.195796,0.55,high,0.051752,0.018408,0.07016,1
2026-07-26T05:21:40.108131,03/19 18:23,13.35,52.0,24.39,23.22,25.3,20.0,27.0,0.3764,0.094094,0.144124,0.094094,0.0389,0.107968,0.09147,0.188852,0.202062,0.55,high,0.051752,0.019542,0.071294,0
2026-07-26T05:21:56.358140,03/19 19:23,11.42,26.0,22.63,21.77,23.75,20.0,26.0,0.3764,0.094094,0.113986,0.094094,0.034232,0.138259,0.112085,0.01577,0.232353,0.55,high,0.051752,0.025025,0.076777,0
2026-07-26T05:21:56.378137,03/19 20:23,9.9,0.0,,,,20.0,26.0,0.3764,0.094094,0.0,0.094094,0.000421,0.292645,0.210588,0.0,0.386739,0.55,high,0.051752,0.052969,0.10472,0
2026-07-26T05:21:56.395137,03/19 21:15,7.65,0.0,,,,20.0,26.0,0.3764,0.094094,0.0,0.094094,0.0,0.0,0.0,0.0,0.094094,0.4,moderate,0.037638,0.0,0.037638,0
2026-07-26T05:21:56.411137,03/19 22:15,6.8,0.0,,,,20.0,26.0,0.3764,0.094094,0.0,0.094094,4.2e-05,0.029256,0.032593,0.0,0.12335,0.4,moderate,0.037638,0.005295,0.042933,0
2026-07-26T05:21:56.426138,03/19 23:15,5.17,0.0,,,,20.0,26.0,0.3764,0.094094,0.0,0.094094,0.000464,0.345269,0.310475,0.0,0.439363,0.4,moderate,0.037638,0.062494,0.100131,0
2026-07-26T05:21:56.442141,03/20 00:15,3.75,0.0,,,,20.0,26.0,0.3764,0.094094,0.0,0.094094,0.000955,0.728367,0.573236,0.0,0.822461,0.34,low,0.031992,0.131834,0.163826,0
2026-07-26T05:22:11.904848,03/20 01:15,3.17,0.0,,,,18.0,28.0,0.3764,0.094094,0.0,0.094094,0.0,0.0,0.0,0.0,0.094094,0.34,low,0.031992,0.0,0.031992,0
2026-07-26T05:22:11.921846,03/20 02:15,2.52,0.0,,,,18.0,28.0,0.3764,0.094094,0.0,0.094094,0.0,0.0,0.0,0.0,0.094094,0.34,low,0.031992,0.0,0.031992,0
2026-07-26T05:22:11.938844,03/20 03:15,1.42,0.0,,,,18.0,28.0,0.3764,0.094094,0.0,0.094094,0.0,0.0,0.0,0.0,0.094094,0.34,low,0.031992,0.0,0.031992,0
2026-07-26T05:22:11.954844,03/20 04:15,0.6,0.0,,,,18.0,28.0,0.3764,0.094094,0.0,0.094094,0.0,0.0,0.0,0.0,0.094094,0.34,low,0.031992,0.0,0.031992,0
2026-07-26T05:22:11.969844,03/20 05:15,0.6,0.0,,,,18.0,28.0,0.3764,0.094094,0.0,0.094094,9e-05,0.070415,0.074437,0.0,0.164509,0.34,low,0.031992,0.012745,0.044737,0
2026-07-26T05:22:11.985843,03/20 06:15,1.15,0.0,,,,18.0,28.0,0.3764,0.094094,0.0,0.094094,0.00023,0.189717,0.176909,0.0,0.283811,0.43,moderate,0.04046,0.034339,0.074799,0
2026-07-26T05:22:26.676775,03/20 07:23,3.35,0.0,,,,18.0,29.0,0.3764,0.094094,0.0,0.094094,0.004376,1.385826,1.031898,0.0,1.47992,0.43,moderate,0.04046,0.250835,0.291295,0
2026-07-26T05:22:26.699763,03/20 08:23,5.15,0.0,,,,18.0,29.0,0.3764,0.094094,0.0,0.094094,0.003489,0.91894,0.758984,0.0,1.013034,0.43,moderate,0.04046,0.166328,0.206789,0
2026-07-26T05:22:26.720763,03/20 09:23,5.6,52.0,21.24,19.83,24.31,18.0,29.0,0.3764,0.094094,0.0,0.094094,0.003751,1.315377,0.686174,0.0,1.409471,0.43,moderate,0.04046,0.238083,0.278544,1
2026-07-26T05:22:26.741763,03/20 10:23,5.6,52.0,22.96,21.21,26.37,18.0,29.0,0.3764,0.094094,0.0,0.094094,0.002565,0.824734,0.662084,0.0,0.918828,0.3,low,0.028228,0.149277,0.177505,1
2026-07-26T05:22:26.761764,03/20 11:23,5.6,52.0,23.61,21.87,26.77,18.0,29.0,0.3764,0.094094,0.0,0.094094,0.002376,0.786818,0.639527,0.0,0.880912,0.3,low,0.028228,0.142414,0.170642,1
2026-07-26T05:22:26.780767,03/20 12:15,5.45,41.6,23.68,22.13,26.09,18.0,29.0,0.3764,0.094094,0.0,0.094094,0.002253,0.768488,0.623359,0.0,0.862582,0.3,low,0.028228,0.139096,0.167325,1
2026-07-26T05:22:43.809224,03/20 13:23,4.85,20.8,23.07,21.8,24.36,20.0,27.0,0.3764,0.094094,0.0,0.094094,0.002529,0.831605,0.658641,0.0,0.925699,0.3,low,0.028228,0.150521,0.178749,0
2026-07-26T05:22:43.827225,03/20 14:15,4.28,41.6,23.56,22.43,24.31,20.0,27.0,0.3764,0.094094,0.0,0.094094,0.002795,0.029176,0.695939,0.0,0.12327,0.3,low,0.028228,0.005281,0.033509,0
2026-07-26T05:22:43.845225,03/20 15:15,3.35,52.0,23.74,22.99,24.93,20.0,27.0,0.3764,0.094094,0.0,0.094094,0.00507,0.273834,0.608424,0.0,0.367928,0.3,low,0.028228,0.049564,0.077792,0
2026-07-26T05:22:43.862225,03/20 16:15,1.7,52.0,23.71,22.62,25.04,20.0,27.0,0.3764,0.094094,0.0,0.094094,0.00553,1.716723,0.869827,0.0,1.810817,0.55,high,0.051752,0.310727,0.362479,0
2026-07-26T05:22:43.879225,03/20 17:15,1.27,52.0,23.28,22.05,24.34,20.0,27.0,0.3764,0.094094,0.0,0.094094,0.003312,1.299408,0.893687,0.0,1.393502,0.55,high,0.051752,0.235193,0.286945,0
2026-07-26T05:22:43.895223,03/20 18:23,-0.42,52.0,22.51,21.45,24.06,20.0,27.0,0.3764,0.094094,0.0,0.094094,0.003455,1.285028,1.035247,0.0,1.379122,0.55,high,0.051752,0.23259,0.284342,0
2026-07-26T05:23:00.672207,03/20 19:15,-1.7,26.0,20.88,20.15,22.55,20.0,26.0,0.3764,0.094094,0.0,0.094094,0.004024,1.478019,1.187996,0.0,1.572113,0.55,high,0.051752,0.267521,0.319273,0
2026-07-26T05:23:00.693207,03/20 20:23,-1.82,0.0,,,,20.0,26.0,0.3764,0.094094,0.0,0.094094,0.005219,2.241154,1.821749,0.0,2.335248,0.55,high,0.051752,0.405649,0.457401,0
2026-07-26T05:23:00.712207,03/20 21:15,-2.2,0.0,,,,20.0,26.0,0.3764,0.094094,0.0,0.094094,0.001451,0.922869,0.780748,0.0,1.016963,0.4,moderate,0.037638,0.167039,0.204677,0
2026-07-26T05:23:00.728206,03/20 22:15,-2.35,0.0,,,,20.0,26.0,0.3764,0.094094,0.0,0.094094,0.002084,1.31061,1.045177,0.0,1.404704,0.4,moderate,0.037638,0.23722,0.274858,0
2026-07-26T05:23:00.745207,03/20 23:15,-2.92,0.0,,,,20.0,26.0,0.3764,0.094094,0.0,0.094094,0.002325,1.436965,1.155395,0.0,1.531059,0.4,moderate,0.037638,0.260091,0.297728,0
2026-07-26T05:23:00.762205,03/21 00:15,-3.3,0.0,,,,20.0,26.0,0.3764,0.094094,0.0,0.094094,0.002716,1.630877,1.302968,0.0,1.724971,0.34,low,0.031992,0.295189,0.327181,0
2026-07-26T05:23:18.158917,03/21 01:15,-3.3,0.0,,,,18.0,28.0,0.3764,0.094094,0.0,0.094094,0.0,0.0,0.0,0.0,0.094094,0.34,low,0.031992,0.0,0.031992,0
2026-07-26T05:23:18.178954,03/21 02:15,-2.75,0.0,,,,18.0,28.0,0.3764,0.094094,0.0,0.094094,0.000371,0.256684,0.274236,0.0,0.350778,0.34,low,0.031992,0.04646,0.078452,0
2026-07-26T05:23:18.198091,03/21 03:15,-1.1,0.0,,,,18.0,28.0,0.3764,0.094094,0.0,0.094094,0.000569,0.453198,0.399334,0.0,0.547292,0.34,low,0.031992,0.082029,0.114021,0
2026-07-26T05:23:18.215098,03/21 04:15,-1.1,0.0,,,,18.0,28.0,0.3764,0.094094,0.0,0.094094,0.00055,0.46347,0.387324,0.0,0.557564,0.34,low,0.031992,0.083888,0.11588,0
2026-07-26T05:23:18.232132,03/21 05:15,-1.38,0.0,,,,18.0,28.0,0.3764,0.094094,0.0,0.094094,0.000655,0.559148,0.447115,0.0,0.653242,0.34,low,0.031992,0.101206,0.133198,0
2026-07-26T05:23:18.248136,03/21 06:15,-1.8,0.0,,,,18.0,28.0,0.3764,0.094094,0.0,0.094094,0.000744,0.627477,0.501198,0.0,0.721571,0.43,moderate,0.04046,0.113573,0.154034,0
2026-07-26T05:23:33.805606,03/21 07:23,-0.17,0.0,,,,18.0,29.0,0.3764,0.094094,0.0,0.094094,0.005323,1.803437,1.429741,0.0,1.897531,0.43,moderate,0.04046,0.326422,0.366883,0
2026-07-26T05:23:33.828596,03/21 08:23,1.52,0.0,,,,18.0,29.0,0.3764,0.094094,0.0,0.094094,0.004735,1.463301,1.16242,0.0,1.557395,0.43,moderate,0.04046,0.264857,0.305318,0
2026-07-26T05:23:33.850597,03/21 09:23,3.07,52.0,21.04,19.57,24.47,18.0,29.0,0.3764,0.094094,0.0,0.094094,0.004021,1.142397,0.91437,0.0,1.236491,0.43,moderate,0.04046,0.206774,0.247234,1
2026-07-26T05:23:33.870603,03/21 10:23,4.17,52.0,22.74,20.88,26.39,18.0,29.0,0.3764,0.094094,0.0,0.094094,0.00507,0.252082,0.742175,0.0,0.346176,0.3,low,0.028228,0.045627,0.073855,1
2026-07-26T05:23:33.888595,03/21 11:23,5.42,52.0,23.5,21.63,26.84,18.0,29.0,0.3764,0.094094,0.0,0.094094,0.003206,1.346348,0.693686,0.0,1.440442,0.3,low,0.028228,0.243689,0.271917,1
2026-07-26T05:23:33.906595,03/21 12:23,6.83,41.6,23.69,22.04,26.14,18.0,29.0,0.3764,0.094094,0.0,0.094094,0.001715,0.633586,0.540263,0.0,0.72768,0.3,low,0.028228,0.114679,0.142907,1
2026-07-26T05:23:50.961717,03/21 13:23,7.48,20.8,23.33,21.96,24.64,20.0,27.0,0.3764,0.094094,0.0,0.094094,0.001427,0.585472,0.487543,0.0,0.679566,0.3,low,0.028228,0.10597,0.134199,0
2026-07-26T05:23:50.980717,03/21 14:15,8.18,41.6,23.95,22.75,24.76,20.0,27.0,0.3764,0.094094,0.0,0.094094,0.000986,0.448912,0.387483,0.0,0.543006,0.3,low,0.028228,0.081253,0.109481,0
2026-07-26T05:23:50.998724,03/21 15:15,7.52,52.0,24.3,23.52,25.46,20.0,27.0,0.3764,0.094094,0.0,0.094094,0.001092,0.516623,0.414233,0.0,0.610717,0.3,low,0.028228,0.093509,0.121737,0
2026-07-26T05:23:51.015724,03/21 16:15,6.55,52.0,23.92,23.2,24.79,20.0,27.0,0.3764,0.094094,0.0,0.094094,0.001457,0.644137,0.49372,0.0,0.738231,0.55,high,0.051752,0.116589,0.16834,0
2026-07-26T05:23:51.032715,03/21 17:15,5.27,52.0,23.44,22.57,24.5,20.0,27.0,0.3764,0.094094,0.0,0.094094,0.001719,0.694713,0.541984,0.0,0.788807,0.55,high,0.051752,0.125743,0.177495,0
2026-07-26T05:23:51.049721,03/21 18:23,2.37,52.0,22.68,21.83,24.23,20.0,27.0,0.3764,0.094094,0.0,0.094094,0.005279,0.850736,0.789138,0.0,0.94483,0.55,high,0.051752,0.153983,0.205735,0
2026-07-26T05:24:07.384992,03/21 19:23,0.83,26.0,21.1,20.48,22.74,20.0,26.0,0.3764,0.094094,0.0,0.094094,0.004077,1.607879,0.962826,0.0,1.701973,0.55,high,0.051752,0.291026,0.342778,0
2026-07-26T05:24:07.406997,03/21 20:23,0.15,0.0,,,,20.0,26.0,0.3764,0.094094,0.0,0.094094,0.004389,1.787426,1.468673,0.0,1.88152,0.55,high,0.051752,0.323524,0.375276,0
2026-07-26T05:24:07.427992,03/21 21:15,1.15,0.0,,,,20.0,26.0,0.3764,0.094094,0.0,0.094094,0.000722,0.43373,0.452018,0.0,0.527824,0.4,moderate,0.037638,0.078505,0.116143,0
2026-07-26T05:24:07.445995,03/21 22:15,2.65,0.0,,,,20.0,26.0,0.3764,0.094094,0.0,0.094094,0.00139,0.954331,0.76561,0.0,1.048425,0.4,moderate,0.037638,0.172734,0.210372,0
2026-07-26T05:24:07.464993,03/21 23:15,1.93,0.0,,,,20.0,26.0,0.3764,0.094094,0.0,0.094094,0.001818,1.222895,0.975188,0.0,1.316989,0.4,moderate,0.037638,0.221344,0.258982,0
2026-07-26T05:24:07.488994,03/22 00:15,0.98,0.0,,,,20.0,26.0,0.3764,0.094094,0.0,0.094094,0.002019,1.329017,1.065182,0.0,1.423111,0.34,low,0.031992,0.240552,0.272544,0
2026-07-26T05:24:22.455574,03/22 01:15,0.3,0.0,,,,18.0,28.0,0.3764,0.094094,0.0,0.094094,0.0,0.0,0.0,0.0,0.094094,0.34,low,0.031992,0.0,0.031992,0
2026-07-26T05:24:22.473577,03/22 02:15,-0.6,0.0,,,,18.0,28.0,0.3764,0.094094,0.0,0.094094,3e-06,0.002091,0.003077,0.0,0.096185,0.34,low,0.031992,0.000378,0.03237,0
2026-07-26T05:24:22.490575,03/22 03:15,-1.27,0.0,,,,18.0,28.0,0.3764,0.094094,0.0,0.094094,0.0002,0.142303,0.156374,0.0,0.236397,0.34,low,0.031992,0.025757,0.057749,0
2026-07-26T05:24:22.506573,03/22 04:15,-3.3,0.0,,,,18.0,28.0,0.3764,0.094094,0.0,0.094094,0.000441,0.3525,0.318741,0.0,0.446594,0.34,low,0.031992,0.063802,0.095794,0
2026-07-26T05:24:22.521574,03/22 05:15,-3.17,0.0,,,,18.0,28.0,0.3764,0.094094,0.0,0.094094,0.000568,0.480431,0.398306,0.0,0.574525,0.34,low,0.031992,0.086958,0.11895,0
2026-07-26T05:24:22.536574,03/22 06:15,-2.1,0.0,,,,18.0,28.0,0.3764,0.094094,0.0,0.094094,0.00049,0.420905,0.349937,0.0,0.514999,0.43,moderate,0.04046,0.076184,0.116644,0
2026-07-26T05:24:37.149585,03/22 07:15,0.42,0.0,,,,18.0,29.0,0.3764,0.094094,0.0,0.094094,0.005083,1.701886,1.324145,0.0,1.79598,0.43,moderate,0.04046,0.308041,0.348502,0
2026-07-26T05:24:37.174586,03/22 08:23,2.38,0.0,,,,18.0,29.0,0.3764,0.094094,0.0,0.094094,0.004596,1.376976,1.091729,0.0,1.47107,0.43,moderate,0.04046,0.249233,0.289693,0
2026-07-26T05:24:37.197589,03/22 09:23,4.83,52.0,20.98,19.77,23.4,18.0,29.0,0.3764,0.094094,0.0,0.094094,0.00382,1.002408,0.789677,0.0,1.096502,0.43,moderate,0.04046,0.181436,0.221896,1
2026-07-26T05:24:37.218584,03/22 10:23,6.25,52.0,22.88,21.34,25.67,18.0,29.0,0.3764,0.094094,0.0,0.094094,0.00234,0.768758,0.630327,0.0,0.862852,0.3,low,0.028228,0.139145,0.167373,0
2026-07-26T05:24:37.237591,03/22 11:23,6.83,52.0,23.65,22.17,25.98,18.0,29.0,0.3764,0.094094,0.0,0.094094,0.001811,0.667658,0.557067,0.0,0.761752,0.3,low,0.028228,0.120846,0.149074,0
2026-07-26T05:24:37.256585,03/22 12:15,7.08,41.6,23.66,22.47,25.05,18.0,29.0,0.3764,0.094094,0.0,0.094094,0.001485,0.599584,0.498979,0.0,0.693678,0.3,low,0.028228,0.108525,0.136753,0
2026-07-26T05:24:53.622646,03/22 13:15,6.83,20.8,23.2,22.25,23.9,20.0,27.0,0.3764,0.094094,0.0,0.094094,0.001637,0.664156,0.527396,0.0,0.75825,0.3,low,0.028228,0.120212,0.14844,0
2026-07-26T05:24:53.641648,03/22 14:15,7.2,41.6,23.57,22.77,24.36,20.0,27.0,0.3764,0.094094,0.0,0.094094,0.001381,0.578182,0.47824,0.0,0.672276,0.3,low,0.028228,0.104651,0.132879,0
2026-07-26T05:24:53.658646,03/22 15:15,7.2,52.0,23.51,22.79,24.56,20.0,27.0,0.3764,0.094094,0.0,0.094094,0.001346,0.581097,0.471118,0.0,0.675191,0.3,low,0.028228,0.105179,0.133407,0
2026-07-26T05:24:53.675646,03/22 16:15,7.08,52.0,23.29,22.59,24.57,20.0,27.0,0.3764,0.094094,0.0,0.094094,0.001341,0.583236,0.470124,0.0,0.67733,0.55,high,0.051752,0.105566,0.157317,0
2026-07-26T05:24:53.692646,03/22 17:15,6.43,52.0,22.7,22.02,24.14,20.0,27.0,0.3764,0.094094,0.0,0.094094,0.001555,0.652066,0.512374,0.0,0.74616,0.55,high,0.051752,0.118024,0.169776,0
2026-07-26T05:24:53.707646,03/22 18:15,5.6,52.0,22.36,21.65,24.01,20.0,27.0,0.3764,0.094094,0.0,0.094094,0.002116,0.787285,0.60436,0.0,0.881379,0.55,high,0.051752,0.142499,0.19425,0
2026-07-26T05:25:10.464047,03/22 19:15,5.6,26.0,21.04,20.46,22.62,20.0,26.0,0.3764,0.094094,0.0,0.094094,0.002225,0.775343,0.619552,0.0,0.869437,0.55,high,0.051752,0.140337,0.192089,0
2026-07-26T05:25:10.485039,03/22 20:15,6.15,0.0,,,,20.0,26.0,0.3764,0.094094,0.0,0.094094,0.003754,1.327305,0.911944,0.0,1.421399,0.55,high,0.051752,0.240242,0.291994,0
2026-07-26T05:25:10.502999,03/22 21:15,7.65,0.0,,,,20.0,26.0,0.3764,0.094094,0.0,0.094094,0.000325,0.18625,0.208365,0.0,0.280344,0.4,moderate,0.037638,0.033711,0.071349,0
2026-07-26T05:25:10.520040,03/22 22:15,7.08,0.0,,,,20.0,26.0,0.3764,0.094094,0.0,0.094094,0.000758,0.542181,0.454565,0.0,0.636275,0.4,moderate,0.037638,0.098135,0.135772,0
2026-07-26T05:25:10.536570,03/22 23:15,6.55,0.0,,,,20.0,26.0,0.3764,0.094094,0.0,0.094094,0.000883,0.666071,0.534221,0.0,0.760165,0.4,moderate,0.037638,0.120559,0.158196,0
2026-07-26T05:25:10.552527,03/23 00:15,5.97,0.0,,,,20.0,26.0,0.3764,0.094094,0.0,0.094094,0.001149,0.860568,0.684001,0.0,0.954662,0.34,low,0.031992,0.155763,0.187755,0
2026-07-26T05:25:26.561763,03/23 01:15,5.6,0.0,,,,18.0,28.0,0.3764,0.094094,0.0,0.094094,0.0,0.0,0.0,0.0,0.094094,0.34,low,0.031992,0.0,0.031992,0
2026-07-26T05:25:26.580764,03/23 02:15,5.3,0.0,,,,18.0,28.0,0.3764,0.094094,0.0,0.094094,0.0,0.0,0.0,0.0,0.094094,0.34,low,0.031992,0.0,0.031992,0
2026-07-26T05:25:26.598763,03/23 03:15,4.4,0.0,,,,18.0,28.0,0.3764,0.094094,0.0,0.094094,0.0,0.0,0.0,0.0,0.094094,0.34,low,0.031992,0.0,0.031992,0
2026-07-26T05:25:26.616764,03/23 04:15,4.28,0.0,,,,18.0,28.0,0.3764,0.094094,0.0,0.094094,0.0,0.0,0.0,0.0,0.094094,0.34,low,0.031992,0.0,0.031992,0
2026-07-26T05:25:26.633763,03/23 05:15,3.75,0.0,,,,18.0,28.0,0.3764,0.094094,0.0,0.094094,0.0,0.0,0.0,0.0,0.094094,0.34,low,0.031992,0.0,0.031992,0
2026-07-26T05:25:26.647765,03/23 06:15,3.3,0.0,,,,18.0,28.0,0.3764,0.094094,0.0,0.094094,0.0,0.0,0.0,0.0,0.094094,0.43,moderate,0.04046,0.0,0.04046,0
2026-07-26T05:25:42.947237,03/23 07:15,3.45,0.0,,,,18.0,29.0,0.3764,0.094094,0.0,0.094094,0.0,0.0,0.0,0.0,0.094094,0.43,moderate,0.04046,0.0,0.04046,0
2026-07-26T05:25:42.967234,03/23 08:15,4.03,0.0,,,,18.0,29.0,0.3764,0.094094,0.0,0.094094,0.0,0.0,0.0,0.0,0.094094,0.43,moderate,0.04046,0.0,0.04046,0
2026-07-26T05:25:42.985234,03/23 09:15,4.4,0.0,,,,18.0,29.0,0.3764,0.094094,0.0,0.094094,0.0,0.0,0.0,0.0,0.094094,0.43,moderate,0.04046,0.0,0.04046,0
2026-07-26T05:25:43.002233,03/23 10:15,4.55,0.0,,,,18.0,29.0,0.3764,0.094094,0.0,0.094094,0.0,0.0,0.0,0.0,0.094094,0.3,low,0.028228,0.0,0.028228,0
2026-07-26T05:25:43.019232,03/23 11:15,5.0,0.0,,,,18.0,29.0,0.3764,0.094094,0.0,0.094094,0.0,0.0,0.0,0.0,0.094094,0.3,low,0.028228,0.0,0.028228,0
2026-07-26T05:25:43.036233,03/23 12:15,5.15,0.0,,,,18.0,29.0,0.3764,0.094094,0.0,0.094094,0.0,0.0,0.0,0.0,0.094094,0.3,low,0.028228,0.0,0.028228,0
2026-07-26T05:25:58.567209,03/23 13:15,5.72,0.0,,,,18.0,29.0,0.3764,0.094094,0.0,0.094094,0.0,0.0,0.0,0.0,0.094094,0.3,low,0.028228,0.0,0.028228,0
2026-07-26T05:25:58.588209,03/23 14:15,6.1,0.0,,,,18.0,29.0,0.3764,0.094094,0.0,0.094094,0.0,0.0,0.0,0.0,0.094094,0.3,low,0.028228,0.0,0.028228,0
2026-07-26T05:25:58.606210,03/23 15:15,6.1,0.0,,,,18.0,29.0,0.3764,0.094094,0.0,0.094094,0.0,0.0,0.0,0.0,0.094094,0.3,low,0.028228,0.0,0.028228,0
2026-07-26T05:25:58.624209,03/23 16:15,6.25,0.0,,,,18.0,29.0,0.3764,0.094094,0.0,0.094094,0.0,0.0,0.0,0.0,0.094094,0.55,high,0.051752,0.0,0.051752,0
2026-07-26T05:25:58.641210,03/23 17:15,6.55,0.0,,,,18.0,29.0,0.3764,0.094094,0.0,0.094094,0.0,0.0,0.0,0.0,0.094094,0.55,high,0.051752,0.0,0.051752,0
2026-07-26T05:25:58.658209,03/23 18:15,6.1,0.0,,,,18.0,29.0,0.3764,0.094094,0.0,0.094094,0.0,0.0,0.0,0.0,0.094094,0.55,high,0.051752,0.0,0.051752,0
2026-07-26T05:26:14.757301,03/23 19:15,6.1,0.0,,,,18.0,29.0,0.3764,0.094094,0.0,0.094094,0.0,0.0,0.0,0.0,0.094094,0.55,high,0.051752,0.0,0.051752,0
2026-07-26T05:26:14.776317,03/23 20:15,6.1,0.0,,,,18.0,29.0,0.3764,0.094094,0.0,0.094094,0.0,0.0,0.0,0.0,0.094094,0.55,high,0.051752,0.0,0.051752,0
2026-07-26T05:26:14.794366,03/23 21:15,5.97,0.0,,,,18.0,29.0,0.3764,0.094094,0.0,0.094094,0.0,0.0,0.0,0.0,0.094094,0.4,moderate,0.037638,0.0,0.037638,0
2026-07-26T05:26:14.810866,03/23 22:15,5.45,0.0,,,,18.0,29.0,0.3764,0.094094,0.0,0.094094,0.0,0.0,0.0,0.0,0.094094,0.4,moderate,0.037638,0.0,0.037638,0
2026-07-26T05:26:14.826860,03/23 23:15,4.85,0.0,,,,18.0,29.0,0.3764,0.094094,0.0,0.094094,0.0,0.0,0.0,0.0,0.094094,0.4,moderate,0.037638,0.0,0.037638,0
2026-07-26T05:26:14.843909,03/24 00:15,4.4,0.0,,,,18.0,29.0,0.3764,0.094094,0.0,0.094094,0.0,0.0,0.0,0.0,0.094094,0.34,low,0.031992,0.0,0.031992,0
2026-07-26T05:26:30.917976,03/24 01:15,4.4,0.0,,,,18.0,29.0,0.3764,0.094094,0.0,0.094094,0.0,0.0,0.0,0.0,0.094094,0.34,low,0.031992,0.0,0.031992,0
2026-07-26T05:26:30.936976,03/24 02:15,4.4,0.0,,,,18.0,29.0,0.3764,0.094094,0.0,0.094094,0.0,0.0,0.0,0.0,0.094094,0.34,low,0.031992,0.0,0.031992,0
2026-07-26T05:26:30.955975,03/24 03:15,4.28,0.0,,,,18.0,29.0,0.3764,0.094094,0.0,0.094094,0.0,0.0,0.0,0.0,0.094094,0.34,low,0.031992,0.0,0.031992,0
2026-07-26T05:26:30.972976,03/24 04:15,3.9,0.0,,,,18.0,29.0,0.3764,0.094094,0.0,0.094094,0.0,0.0,0.0,0.0,0.094094,0.34,low,0.031992,0.0,0.031992,0
2026-07-26T05:26:30.990971,03/24 05:15,3.9,0.0,,,,18.0,29.0,0.3764,0.094094,0.0,0.094094,0.0,0.0,0.0,0.0,0.094094,0.34,low,0.031992,0.0,0.031992,0
2026-07-26T05:26:31.007971,03/24 06:15,3.9,0.0,,,,18.0,29.0,0.3764,0.094094,0.0,0.094094,0.0,0.0,0.0,0.0,0.094094,0.43,moderate,0.04046,0.0,0.04046,0
2026-07-26T05:26:47.459071,03/24 07:15,3.75,0.0,,,,18.0,29.0,0.3764,0.094094,0.0,0.094094,0.0,0.0,0.0,0.0,0.094094,0.43,moderate,0.04046,0.0,0.04046,0
2026-07-26T05:26:47.477075,03/24 08:15,3.45,0.0,,,,18.0,29.0,0.3764,0.094094,0.0,0.094094,0.0,0.0,0.0,0.0,0.094094,0.43,moderate,0.04046,0.0,0.04046,0
2026-07-26T05:26:47.495554,03/24 09:15,4.17,0.0,,,,18.0,29.0,0.3764,0.094094,0.0,0.094094,0.0,0.0,0.0,0.0,0.094094,0.43,moderate,0.04046,0.0,0.04046,0
2026-07-26T05:26:47.512553,03/24 10:15,4.85,0.0,,,,18.0,29.0,0.3764,0.094094,0.0,0.094094,0.0,0.0,0.0,0.0,0.094094,0.3,low,0.028228,0.0,0.028228,0
2026-07-26T05:26:47.530562,03/24 11:15,4.55,0.0,,,,18.0,29.0,0.3764,0.094094,0.0,0.094094,0.0,0.0,0.0,0.0,0.094094,0.3,low,0.028228,0.0,0.028228,0
2026-07-26T05:26:47.549561,03/24 12:15,4.72,0.0,,,,18.0,29.0,0.3764,0.094094,0.0,0.094094,0.0,0.0,0.0,0.0,0.094094,0.3,low,0.028228,0.0,0.028228,0
2026-07-26T05:27:05.125575,03/24 13:15,3.75,0.0,,,,18.0,29.0,0.3764,0.094094,0.0,0.094094,0.0,0.0,0.0,0.0,0.094094,0.3,low,0.028228,0.0,0.028228,0
2026-07-26T05:27:05.146576,03/24 14:15,3.3,0.0,,,,18.0,29.0,0.3764,0.094094,0.0,0.094094,0.0,0.0,0.0,0.0,0.094094,0.3,low,0.028228,0.0,0.028228,0
2026-07-26T05:27:05.167574,03/24 15:15,3.17,0.0,,,,18.0,29.0,0.3764,0.094094,0.0,0.094094,0.0,0.0,0.0,0.0,0.094094,0.3,low,0.028228,0.0,0.028228,0
2026-07-26T05:27:05.185576,03/24 16:15,2.8,0.0,,,,18.0,29.0,0.3764,0.094094,0.0,0.094094,0.0,0.0,0.0,0.0,0.094094,0.55,high,0.051752,0.0,0.051752,0
2026-07-26T05:27:05.203575,03/24 17:15,2.8,0.0,,,,18.0,29.0,0.3764,0.094094,0.0,0.094094,0.0,0.0,0.0,0.0,0.094094,0.55,high,0.051752,0.0,0.051752,0
2026-07-26T05:27:05.221583,03/24 18:15,2.65,0.0,,,,18.0,29.0,0.3764,0.094094,0.0,0.094094,0.0,0.0,0.0,0.0,0.094094,0.55,high,0.051752,0.0,0.051752,0
2026-07-26T05:27:23.050926,03/24 19:15,2.2,0.0,,,,18.0,29.0,0.3764,0.094094,0.0,0.094094,0.0,0.0,0.0,0.0,0.094094,0.55,high,0.051752,0.0,0.051752,0
2026-07-26T05:27:23.070926,03/24 20:15,2.2,0.0,,,,18.0,29.0,0.3764,0.094094,0.0,0.094094,0.0,0.0,0.0,0.0,0.094094,0.55,high,0.051752,0.0,0.051752,0
2026-07-26T05:27:23.093919,03/24 21:15,2.2,0.0,,,,18.0,29.0,0.3764,0.094094,0.0,0.094094,3.2e-05,0.023963,0.028096,0.0,0.118057,0.4,moderate,0.037638,0.004337,0.041975,0
2026-07-26T05:27:23.111920,03/24 22:15,2.08,0.0,,,,18.0,29.0,0.3764,0.094094,0.0,0.094094,0.000118,0.091663,0.093093,0.0,0.185757,0.4,moderate,0.037638,0.016591,0.054229,0
2026-07-26T05:27:23.129920,03/24 23:15,1.7,0.0,,,,18.0,29.0,0.3764,0.094094,0.0,0.094094,0.000152,0.124222,0.119084,0.0,0.218316,0.4,moderate,0.037638,0.022484,0.060122,0
2026-07-26T05:27:23.148920,03/25 00:15,1.55,0.0,,,,18.0,29.0,0.3764,0.094094,0.0,0.094094,0.000213,0.182331,0.163878,0.0,0.276425,0.34,low,0.031992,0.033002,0.064994,0
2026-07-26T05:27:41.521466,03/25 01:15,1.1,0.0,,,,18.0,29.0,0.3764,0.094094,0.0,0.094094,0.000412,0.36146,0.298643,0.0,0.455554,0.34,low,0.031992,0.065424,0.097416,0
2026-07-26T05:27:41.541464,03/25 02:15,1.1,0.0,,,,18.0,29.0,0.3764,0.094094,0.0,0.094094,0.000457,0.404494,0.326613,0.0,0.498588,0.34,low,0.031992,0.073213,0.105205,0
2026-07-26T05:27:41.561463,03/25 03:15,1.25,0.0,,,,18.0,29.0,0.3764,0.094094,0.0,0.094094,0.000465,0.41271,0.33219,0.0,0.506804,0.34,low,0.031992,0.074701,0.106692,0
2026-07-26T05:27:41.579464,03/25 04:15,1.7,0.0,,,,18.0,29.0,0.3764,0.094094,0.0,0.094094,0.000454,0.40273,0.323758,0.0,0.496824,0.34,low,0.031992,0.072894,0.104886,0
2026-07-26T05:27:41.598466,03/25 05:15,1.7,0.0,,,,18.0,29.0,0.3764,0.094094,0.0,0.094094,0.000411,0.366291,0.297153,0.0,0.460385,0.34,low,0.031992,0.066299,0.098291,0
2026-07-26T05:27:41.620464,03/25 06:15,1.7,0.0,,,,18.0,29.0,0.3764,0.094094,0.0,0.094094,0.00035,0.312663,0.255568,0.0,0.406757,0.43,moderate,0.04046,0.056592,0.097052,0
2026-07-26T05:27:59.285701,03/25 07:15,1.97,0.0,,,,18.0,29.0,0.3764,0.094094,0.0,0.094094,0.004798,1.585467,1.216774,0.0,1.679561,0.43,moderate,0.04046,0.28697,0.32743,0
2026-07-26T05:27:59.307697,03/25 08:15,2.92,0.0,,,,18.0,29.0,0.3764,0.094094,0.0,0.094094,0.004358,1.209567,0.954028,0.0,1.303661,0.43,moderate,0.04046,0.218932,0.259392,0
2026-07-26T05:27:59.329695,03/25 09:23,3.45,52.0,20.45,19.95,21.39,18.0,29.0,0.3764,0.094094,0.0,0.094094,0.003989,1.088493,0.878414,0.0,1.182587,0.43,moderate,0.04046,0.197017,0.237478,1
2026-07-26T05:27:59.350696,03/25 10:23,4.17,52.0,22.01,21.37,23.03,18.0,29.0,0.3764,0.094094,0.0,0.094094,0.005071,0.253496,0.756626,0.0,0.34759,0.3,low,0.028228,0.045883,0.074111,0
2026-07-26T05:27:59.372695,03/25 11:23,5.15,52.0,22.87,22.2,23.78,18.0,29.0,0.3764,0.094094,0.0,0.094094,0.00332,1.363781,0.705069,0.0,1.457875,0.3,low,0.028228,0.246844,0.275073,0
2026-07-26T05:27:59.391697,03/25 12:15,5.72,41.6,23.34,22.71,24.13,18.0,29.0,0.3764,0.094094,0.0,0.094094,0.002405,0.7859,0.64261,0.0,0.879994,0.3,low,0.028228,0.142248,0.170476,0
2026-07-26T05:28:18.423150,03/25 13:15,6.1,20.8,23.17,22.61,23.88,20.0,27.0,0.3764,0.094094,0.0,0.094094,0.002024,0.715745,0.590649,0.0,0.809839,0.3,low,0.028228,0.12955,0.157778,0
2026-07-26T05:28:18.445155,03/25 14:15,6.25,41.6,23.78,23.19,24.61,20.0,27.0,0.3764,0.094094,0.0,0.094094,0.00194,0.712559,0.577965,0.0,0.806653,0.3,low,0.028228,0.128973,0.157201,0
2026-07-26T05:28:18.465150,03/25 15:15,6.7,52.0,23.92,23.35,24.87,20.0,27.0,0.3764,0.094094,0.0,0.094094,0.001588,0.623776,0.518429,0.0,0.71787,0.3,low,0.028228,0.112903,0.141132,0
2026-07-26T05:28:18.485149,03/25 16:15,6.55,52.0,23.7,23.16,24.79,20.0,27.0,0.3764,0.094094,0.0,0.094094,0.001551,0.631494,0.511518,0.0,0.725588,0.55,high,0.051752,0.1143,0.166052,0
2026-07-26T05:28:18.503149,03/25 17:15,5.97,52.0,23.22,22.55,24.46,20.0,27.0,0.3764,0.094094,0.0,0.094094,0.00181,0.709105,0.557197,0.0,0.803199,0.55,high,0.051752,0.128348,0.1801,0
2026-07-26T05:28:18.522148,03/25 18:15,5.17,52.0,23.06,22.13,24.44,20.0,27.0,0.3764,0.094094,0.0,0.094094,0.002077,0.759891,0.598608,0.0,0.853985,0.55,high,0.051752,0.13754,0.189292,0
2026-07-26T05:28:36.982336,03/25 19:15,3.35,26.0,21.56,20.82,23.21,20.0,26.0,0.3764,0.094094,0.0,0.094094,0.004976,0.228864,0.746062,0.0,0.322958,0.55,high,0.051752,0.041424,0.093176,0
2026-07-26T05:28:37.006506,03/25 20:23,1.7,0.0,,,,20.0,26.0,0.3764,0.094094,0.0,0.094094,0.005347,2.318009,1.171507,0.0,2.412103,0.55,high,0.051752,0.41956,0.471311,0
2026-07-26T05:28:37.029018,03/25 21:15,1.42,0.0,,,,20.0,26.0,0.3764,0.094094,0.0,0.094094,0.000527,0.29994,0.33433,0.0,0.394034,0.4,moderate,0.037638,0.054289,0.091927,0
2026-07-26T05:28:37.052012,03/25 22:15,0.6,0.0,,,,20.0,26.0,0.3764,0.094094,0.0,0.094094,0.001193,0.833056,0.676261,0.0,0.92715,0.4,moderate,0.037638,0.150783,0.188421,0
2026-07-26T05:28:37.071910,03/25 23:15,0.45,0.0,,,,20.0,26.0,0.3764,0.094094,0.0,0.094094,0.00144,0.997756,0.792232,0.0,1.09185,0.4,moderate,0.037638,0.180594,0.218231,0
2026-07-26T05:28:37.090219,03/26 00:15,0.15,0.0,,,,20.0,26.0,0.3764,0.094094,0.0,0.094094,0.001854,1.240562,0.987045,0.0,1.334656,0.34,low,0.031992,0.224542,0.256534,0
2026-07-26T05:28:54.831939,03/26 01:15,0.45,0.0,,,,18.0,28.0,0.3764,0.094094,0.0,0.094094,0.0,0.0,0.0,0.0,0.094094,0.34,low,0.031992,0.0,0.031992,0
2026-07-26T05:28:54.852935,03/26 02:15,-0.15,0.0,,,,18.0,28.0,0.3764,0.094094,0.0,0.094094,0.0,0.0,0.0,0.0,0.094094,0.34,low,0.031992,0.0,0.031992,0
2026-07-26T05:28:54.872202,03/26 03:15,-0.3,0.0,,,,18.0,28.0,0.3764,0.094094,0.0,0.094094,0.000176,0.123768,0.140621,0.0,0.217862,0.34,low,0.031992,0.022402,0.054394,0
2026-07-26T05:28:54.890201,03/26 04:15,0.6,0.0,,,,18.0,28.0,0.3764,0.094094,0.0,0.094094,0.000265,0.207383,0.203911,0.0,0.301477,0.34,low,0.031992,0.037536,0.069528,0
2026-07-26T05:28:54.908204,03/26 05:15,0.45,0.0,,,,18.0,28.0,0.3764,0.094094,0.0,0.094094,0.000342,0.2875,0.254253,0.0,0.381594,0.34,low,0.031992,0.052037,0.084029,0
2026-07-26T05:28:54.926204,03/26 06:15,0.55,0.0,,,,18.0,28.0,0.3764,0.094094,0.0,0.094094,0.000222,0.193541,0.165707,0.0,0.287635,0.43,moderate,0.04046,0.035031,0.075491,0
2026-07-26T05:29:12.859523,03/26 07:23,3.17,0.0,,,,18.0,29.0,0.3764,0.094094,0.0,0.094094,0.004557,1.442102,1.080769,0.0,1.536196,0.43,moderate,0.04046,0.26102,0.301481,0
2026-07-26T05:29:12.882523,03/26 08:23,6.65,0.0,,,,18.0,29.0,0.3764,0.094094,0.0,0.094094,0.002662,0.762511,0.673959,0.0,0.856605,0.43,moderate,0.04046,0.138014,0.178475,0
2026-07-26T05:29:12.907531,03/26 09:23,9.0,52.0,21.49,20.02,24.48,18.0,29.0,0.3764,0.094094,0.0,0.094094,0.001445,0.587004,0.475765,0.0,0.681098,0.43,moderate,0.04046,0.106248,0.146708,0
2026-07-26T05:29:12.928521,03/26 10:23,11.52,52.0,23.29,21.6,26.51,18.0,29.0,0.3764,0.094094,0.0,0.094094,0.000474,0.233946,0.228346,0.0,0.32804,0.3,low,0.028228,0.042344,0.070572,1
2026-07-26T05:29:12.948522,03/26 11:23,13.35,52.0,24.21,22.57,27.07,18.0,29.0,0.3764,0.094094,0.118848,0.094094,0.011685,0.18061,0.16998,0.102333,0.274704,0.3,low,0.028228,0.03269,0.060919,1
2026-07-26T05:29:12.967522,03/26 12:23,15.28,41.6,24.58,23.16,26.61,18.0,29.0,0.3764,0.094094,0.151967,0.094094,0.017959,0.161201,0.146682,0.275651,0.255295,0.3,low,0.028228,0.029177,0.057406,1
2026-07-26T05:29:32.021601,03/26 13:15,16.38,20.8,24.31,23.19,25.34,20.0,27.0,0.3764,0.094094,0.172199,0.094094,0.036736,0.148007,0.131648,0.362256,0.242101,0.3,low,0.028228,0.026789,0.055017,0
2026-07-26T05:29:32.041592,03/26 14:15,17.35,41.6,24.8,23.97,25.13,20.0,27.0,0.3764,0.094094,0.186215,0.094094,0.024626,0.131494,0.115981,0.449152,0.225588,0.3,low,0.028228,0.0238,0.052029,0
2026-07-26T05:29:32.062483,03/26 15:15,17.8,52.0,25.24,24.74,25.93,20.0,27.0,0.3764,0.094094,0.198117,0.094094,0.043867,0.116277,0.102189,0.496753,0.210371,0.3,low,0.028228,0.021046,0.049274,0
2026-07-26T05:29:32.081489,03/26 16:15,17.65,52.0,25.39,24.43,26.29,20.0,27.0,0.3764,0.094094,0.198312,0.094094,0.042512,0.106301,0.092882,0.496671,0.200395,0.55,high,0.051752,0.01924,0.070992,1
2026-07-26T05:29:32.101484,03/26 17:15,16.92,52.0,25.02,23.83,25.9,20.0,27.0,0.3764,0.094094,0.18979,0.094094,0.040962,0.103077,0.089035,0.449308,0.197171,0.55,high,0.051752,0.018657,0.070409,0
2026-07-26T05:29:32.119484,03/26 18:15,15.83,52.0,24.36,23.29,25.07,20.0,27.0,0.3764,0.094094,0.174046,0.094094,0.038975,0.10764,0.091249,0.362426,0.201734,0.55,high,0.051752,0.019483,0.071235,0
2026-07-26T05:29:51.532876,03/26 19:23,14.85,26.0,22.6,21.86,23.48,20.0,26.0,0.3764,0.094094,0.158009,0.094094,0.035646,0.13831,0.112137,0.27572,0.232404,0.55,high,0.051752,0.025034,0.076786,0
2026-07-26T05:29:51.554878,03/26 20:15,14.4,0.0,,,,20.0,26.0,0.3764,0.094094,0.138102,0.094094,0.018517,0.175075,0.137056,0.228454,0.269169,0.55,high,0.051752,0.031689,0.08344,0
2026-07-26T05:29:51.575109,03/26 21:15,14.4,0.0,,,,20.0,26.0,0.3764,0.094094,0.0,0.094094,0.0,0.0,0.0,0.0,0.094094,0.4,moderate,0.037638,0.0,0.037638,0
2026-07-26T05:29:51.596169,03/26 22:15,14.4,0.0,,,,20.0,26.0,0.3764,0.094094,0.0,0.094094,0.0,0.0,0.0,0.0,0.094094,0.4,moderate,0.037638,0.0,0.037638,0
2026-07-26T05:29:51.613179,03/26 23:15,14.55,0.0,,,,20.0,26.0,0.3764,0.094094,0.0,0.094094,0.0,0.0,0.0,0.0,0.094094,0.4,moderate,0.037638,0.0,0.037638,0
2026-07-26T05:29:51.629173,03/27 00:15,14.45,0.0,,,,20.0,26.0,0.3764,0.094094,0.0,0.094094,0.0,0.0,0.0,0.0,0.094094,0.34,low,0.031992,0.0,0.031992,0
2026-07-26T05:30:09.304638,03/27 01:15,12.8,0.0,,,,18.0,28.0,0.3764,0.094094,0.0,0.094094,0.0,0.0,0.0,0.0,0.094094,0.34,low,0.031992,0.0,0.031992,0
2026-07-26T05:30:09.325636,03/27 02:15,13.08,0.0,,,,18.0,28.0,0.3764,0.094094,0.0,0.094094,0.0,0.0,0.0,0.0,0.094094,0.34,low,0.031992,0.0,0.031992,0
2026-07-26T05:30:09.346641,03/27 03:15,13.9,0.0,,,,18.0,28.0,0.3764,0.094094,0.0,0.094094,0.0,0.0,0.0,0.0,0.094094,0.34,low,0.031992,0.0,0.031992,0
2026-07-26T05:30:09.366638,03/27 04:15,14.03,0.0,,,,18.0,28.0,0.3764,0.094094,0.0,0.094094,0.0,0.0,0.0,0.0,0.094094,0.34,low,0.031992,0.0,0.031992,0
2026-07-26T05:30:09.383639,03/27 05:15,14.0,0.0,,,,18.0,28.0,0.3764,0.094094,0.0,0.094094,0.0,0.0,0.0,0.0,0.094094,0.34,low,0.031992,0.0,0.031992,0
2026-07-26T05:30:09.401636,03/27 06:15,12.8,0.0,,,,18.0,28.0,0.3764,0.094094,0.0,0.094094,0.0,0.0,0.0,0.0,0.094094,0.43,moderate,0.04046,0.0,0.04046,0
2026-07-26T05:30:27.300889,03/27 07:15,12.93,0.0,,,,18.0,29.0,0.3764,0.094094,0.129974,0.094094,0.014213,0.288988,0.21461,0.10285,0.383082,0.43,moderate,0.04046,0.052307,0.092767,0
2026-07-26T05:30:27.321890,03/27 08:15,13.3,0.0,,,,18.0,29.0,0.3764,0.094094,0.128779,0.094094,0.013287,0.280129,0.21599,0.142459,0.374223,0.43,moderate,0.04046,0.050703,0.091164,0
2026-07-26T05:30:27.345888,03/27 09:15,13.45,52.0,21.21,20.68,22.04,18.0,29.0,0.3764,0.094094,0.130582,0.094094,0.013722,0.250055,0.200006,0.142657,0.344149,0.43,moderate,0.04046,0.04526,0.08572,0
2026-07-26T05:30:27.368896,03/27 10:15,14.03,52.0,22.67,22.03,23.57,18.0,29.0,0.3764,0.094094,0.143368,0.094094,0.016428,0.226193,0.184463,0.232483,0.320287,0.3,low,0.028228,0.040941,0.069169,0
2026-07-26T05:30:27.391892,03/27 11:23,15.25,52.0,23.59,22.88,24.21,18.0,29.0,0.3764,0.094094,0.163494,0.094094,0.01999,0.202212,0.167265,0.330237,0.296306,0.3,low,0.028228,0.0366,0.064829,0
2026-07-26T05:30:27.411893,03/27 12:15,18.2,41.6,24.2,23.37,24.55,18.0,29.0,0.3764,0.094094,0.229928,0.094094,0.029909,0.184919,0.153864,0.690397,0.279013,0.3,low,0.028228,0.03347,0.061699,0
2026-07-26T05:30:46.154945,03/27 13:15,19.55,20.8,24.09,23.29,24.48,20.0,27.0,0.3764,0.094094,0.222951,0.094094,0.032218,0.167307,0.140034,0.625382,0.261401,0.3,low,0.028228,0.030283,0.058511,0
2026-07-26T05:30:46.176946,03/27 14:15,20.27,41.6,24.72,24.04,25.17,20.0,27.0,0.3764,0.094094,0.23088,0.094094,0.034789,0.147716,0.124675,0.673338,0.24181,0.3,low,0.028228,0.026737,0.054965,0
2026-07-26T05:30:46.196950,03/27 15:15,20.68,52.0,25.23,24.7,25.64,20.0,27.0,0.3764,0.094094,0.260345,0.094094,0.039127,0.12992,0.110437,0.827078,0.224014,0.3,low,0.028228,0.023516,0.051744,0
2026-07-26T05:30:46.218940,03/27 16:15,19.12,52.0,25.13,24.41,25.57,20.0,27.0,0.3764,0.094094,0.223048,0.094094,0.034474,0.118604,0.100897,0.626087,0.212698,0.55,high,0.051752,0.021467,0.073219,0
2026-07-26T05:30:46.237940,03/27 17:15,17.62,52.0,24.56,23.85,25.21,20.0,27.0,0.3764,0.094094,0.206095,0.094094,0.034678,0.115376,0.097413,0.53836,0.20947,0.55,high,0.051752,0.020883,0.072635,0
2026-07-26T05:30:46.256940,03/27 18:15,15.17,52.0,24.21,23.36,25.12,20.0,27.0,0.3764,0.094094,0.167435,0.094094,0.031029,0.118352,0.098644,0.324129,0.212446,0.55,high,0.051752,0.021422,0.073173,0
2026-07-26T05:31:05.080178,03/27 19:15,13.62,26.0,22.69,22.0,23.82,20.0,26.0,0.3764,0.094094,0.142147,0.094094,0.026545,0.143049,0.115298,0.189574,0.237143,0.55,high,0.051752,0.025892,0.077644,0
2026-07-26T05:31:05.104690,03/27 20:15,13.08,0.0,,,,20.0,26.0,0.3764,0.094094,0.126129,0.094094,0.022019,0.178512,0.139365,0.102729,0.272606,0.55,high,0.051752,0.032311,0.084062,0
2026-07-26T05:31:05.124746,03/27 21:15,13.75,0.0,,,,20.0,26.0,0.3764,0.094094,0.0,0.094094,0.0,0.0,0.0,0.0,0.094094,0.4,moderate,0.037638,0.0,0.037638,0
2026-07-26T05:31:05.142405,03/27 22:15,13.3,0.0,,,,20.0,26.0,0.3764,0.094094,0.0,0.094094,0.0,0.0,0.0,0.0,0.094094,0.4,moderate,0.037638,0.0,0.037638,0
2026-07-26T05:31:05.160820,03/27 23:15,13.18,0.0,,,,20.0,26.0,0.3764,0.094094,0.0,0.094094,0.0,0.0,0.0,0.0,0.094094,0.4,moderate,0.037638,0.0,0.037638,0
2026-07-26T05:31:05.177955,03/28 00:15,13.08,0.0,,,,20.0,26.0,0.3764,0.094094,0.0,0.094094,0.0,0.0,0.0,0.0,0.094094,0.34,low,0.031992,0.0,0.031992,0
2026-07-26T05:31:23.051797,03/28 01:15,14.03,0.0,,,,18.0,28.0,0.3764,0.094094,0.0,0.094094,0.0,0.0,0.0,0.0,0.094094,0.34,low,0.031992,0.0,0.031992,0
2026-07-26T05:31:23.072796,03/28 02:15,14.55,0.0,,,,18.0,28.0,0.3764,0.094094,0.0,0.094094,0.0,0.0,0.0,0.0,0.094094,0.34,low,0.031992,0.0,0.031992,0
2026-07-26T05:31:23.091798,03/28 03:15,13.05,0.0,,,,18.0,28.0,0.3764,0.094094,0.0,0.094094,0.0,0.0,0.0,0.0,0.094094,0.34,low,0.031992,0.0,0.031992,0
2026-07-26T05:31:23.108796,03/28 04:15,7.08,0.0,,,,18.0,28.0,0.3764,0.094094,0.0,0.094094,0.0,0.0,0.0,0.0,0.094094,0.34,low,0.031992,0.0,0.031992,0
2026-07-26T05:31:23.126796,03/28 05:15,6.55,0.0,,,,18.0,28.0,0.3764,0.094094,0.0,0.094094,0.0,0.0,0.0,0.0,0.094094,0.34,low,0.031992,0.0,0.031992,0
2026-07-26T05:31:23.144797,03/28 06:15,6.1,0.0,,,,18.0,28.0,0.3764,0.094094,0.0,0.094094,0.0,0.0,0.0,0.0,0.094094,0.43,moderate,0.04046,0.0,0.04046,0
2026-07-26T05:31:41.877195,03/28 07:15,6.37,0.0,,,,18.0,29.0,0.3764,0.094094,0.0,0.094094,0.002448,0.843168,0.648724,0.0,0.937262,0.43,moderate,0.04046,0.152613,0.193074,0
2026-07-26T05:31:41.899198,03/28 08:15,7.2,0.0,,,,18.0,29.0,0.3764,0.094094,0.0,0.094094,0.001863,0.675451,0.565664,0.0,0.769545,0.43,moderate,0.04046,0.122257,0.162717,0
2026-07-26T05:31:41.924196,03/28 09:15,7.48,52.0,20.65,20.06,21.79,18.0,29.0,0.3764,0.094094,0.0,0.094094,0.001776,0.678784,0.55143,0.0,0.772878,0.43,moderate,0.04046,0.12286,0.16332,0
2026-07-26T05:31:41.949196,03/28 10:23,7.75,52.0,22.11,21.43,23.31,18.0,29.0,0.3764,0.094094,0.0,0.094094,0.001251,0.526947,0.450515,0.0,0.621041,0.3,low,0.028228,0.095377,0.123606,0
2026-07-26T05:31:41.969197,03/28 11:15,6.1,52.0,22.93,22.26,23.94,18.0,29.0,0.3764,0.094094,0.0,0.094094,0.002154,0.817552,0.609794,0.0,0.911646,0.3,low,0.028228,0.147977,0.176205,0
2026-07-26T05:31:41.989652,03/28 12:15,5.82,41.6,23.13,22.49,24.09,18.0,29.0,0.3764,0.094094,0.0,0.094094,0.002067,0.739442,0.59703,0.0,0.833536,0.3,low,0.028228,0.133839,0.162067,0
2026-07-26T05:32:01.344227,03/28 13:15,5.15,20.8,22.78,22.22,23.69,20.0,27.0,0.3764,0.094094,0.0,0.094094,0.00267,0.868317,0.675165,0.0,0.962411,0.3,low,0.028228,0.157165,0.185394,0
2026-07-26T05:32:01.365721,03/28 14:15,5.6,41.6,23.09,22.49,24.17,20.0,27.0,0.3764,0.094094,0.0,0.094094,0.002236,0.752888,0.620855,0.0,0.846982,0.3,low,0.028228,0.136273,0.164501,0
2026-07-26T05:32:01.384722,03/28 15:15,5.87,52.0,23.12,22.48,24.38,20.0,27.0,0.3764,0.094094,0.0,0.094094,0.0022,0.76308,0.616037,0.0,0.857174,0.3,low,0.028228,0.138117,0.166346,0
2026-07-26T05:32:01.403723,03/28 16:15,6.83,52.0,23.11,22.5,24.4,20.0,27.0,0.3764,0.094094,0.0,0.094094,0.001639,0.626007,0.527588,0.0,0.720101,0.55,high,0.051752,0.113307,0.165059,0
2026-07-26T05:32:01.423722,03/28 17:15,7.2,52.0,22.66,21.97,24.15,20.0,27.0,0.3764,0.094094,0.0,0.094094,0.001433,0.591389,0.488568,0.0,0.685483,0.55,high,0.051752,0.107041,0.158793,0
2026-07-26T05:32:01.443721,03/28 18:15,7.35,52.0,22.46,21.69,24.1,20.0,27.0,0.3764,0.094094,0.0,0.094094,0.001444,0.608802,0.49082,0.0,0.702896,0.55,high,0.051752,0.110193,0.161945,0
2026-07-26T05:32:21.190454,03/28 19:15,7.65,26.0,21.25,20.6,22.83,20.0,26.0,0.3764,0.094094,0.0,0.094094,0.00127,0.552375,0.454771,0.0,0.646469,0.55,high,0.051752,0.09998,0.151732,0
2026-07-26T05:32:21.212450,03/28 20:15,7.2,0.0,,,,20.0,26.0,0.3764,0.094094,0.0,0.094094,0.002721,0.408122,0.596538,0.0,0.502216,0.55,high,0.051752,0.07387,0.125622,0
2026-07-26T05:32:21.234454,03/28 21:15,7.35,0.0,,,,20.0,26.0,0.3764,0.094094,0.0,0.094094,0.000207,0.114233,0.105822,0.0,0.208327,0.4,moderate,0.037638,0.020676,0.058314,0
2026-07-26T05:32:21.256452,03/28 22:15,8.07,0.0,,,,20.0,26.0,0.3764,0.094094,0.0,0.094094,0.000625,0.440669,0.33632,0.0,0.534763,0.4,moderate,0.037638,0.079761,0.117399,0
2026-07-26T05:32:21.273456,03/28 23:15,9.18,0.0,,,,20.0,26.0,0.3764,0.094094,0.0,0.094094,0.000735,0.5618,0.4377,0.0,0.655894,0.4,moderate,0.037638,0.101686,0.139323,0
2026-07-26T05:32:21.292450,03/29 00:15,10.15,0.0,,,,20.0,26.0,0.3764,0.094094,0.0,0.094094,0.000768,0.596257,0.471261,0.0,0.690351,0.34,low,0.031992,0.107923,0.139914,0
2026-07-26T05:32:39.505294,03/29 01:15,10.45,0.0,,,,18.0,28.0,0.3764,0.094094,0.0,0.094094,0.0,0.0,0.0,0.0,0.094094,0.34,low,0.031992,0.0,0.031992,0
2026-07-26T05:32:39.527295,03/29 02:15,9.72,0.0,,,,18.0,28.0,0.3764,0.094094,0.0,0.094094,0.0,0.0,0.0,0.0,0.094094,0.34,low,0.031992,0.0,0.031992,0
2026-07-26T05:32:39.546291,03/29 03:15,8.62,0.0,,,,18.0,28.0,0.3764,0.094094,0.0,0.094094,0.0,0.0,0.0,0.0,0.094094,0.34,low,0.031992,0.0,0.031992,0
2026-07-26T05:32:39.564296,03/29 04:15,7.52,0.0,,,,18.0,28.0,0.3764,0.094094,0.0,0.094094,0.0,0.0,0.0,0.0,0.094094,0.34,low,0.031992,0.0,0.031992,0
2026-07-26T05:32:39.583292,03/29 05:15,6.43,0.0,,,,18.0,28.0,0.3764,0.094094,0.0,0.094094,0.0,0.0,0.0,0.0,0.094094,0.34,low,0.031992,0.0,0.031992,0
2026-07-26T05:32:39.602290,03/29 06:15,5.72,0.0,,,,18.0,28.0,0.3764,0.094094,0.0,0.094094,0.0,0.0,0.0,0.0,0.094094,0.43,moderate,0.04046,0.0,0.04046,0
2026-07-26T05:32:57.959150,03/29 07:15,6.37,0.0,,,,18.0,29.0,0.3764,0.094094,0.0,0.094094,0.004952,0.079792,0.502185,0.0,0.173886,0.43,moderate,0.04046,0.014442,0.054903,0
2026-07-26T05:32:57.981152,03/29 08:15,7.75,0.0,,,,18.0,29.0,0.3764,0.094094,0.0,0.094094,0.002031,1.010345,0.573015,0.0,1.104439,0.43,moderate,0.04046,0.182872,0.223333,0
2026-07-26T05:32:58.008153,03/29 09:23,9.55,52.0,21.07,20.53,21.85,18.0,29.0,0.3764,0.094094,0.0,0.094094,0.000964,0.436566,0.380667,0.0,0.53066,0.43,moderate,0.04046,0.079018,0.119479,0
2026-07-26T05:32:58.031385,03/29 10:23,10.43,52.0,22.69,22.05,23.49,18.0,29.0,0.3764,0.094094,0.0,0.094094,0.000721,0.362096,0.313,0.0,0.45619,0.3,low,0.028228,0.065539,0.093768,0
2026-07-26T05:32:58.051371,03/29 11:23,11.97,52.0,23.63,22.98,24.26,18.0,29.0,0.3764,0.094094,0.114642,0.094094,0.017247,0.183578,0.173955,0.015678,0.277672,0.3,low,0.028228,0.033228,0.061456,0
2026-07-26T05:32:58.069364,03/29 12:15,12.93,41.6,24.01,23.38,24.56,18.0,29.0,0.3764,0.094094,0.123007,0.094094,0.020497,0.176042,0.158856,0.102513,0.270136,0.3,low,0.028228,0.031864,0.060092,0
2026-07-26T05:33:17.890350,03/29 13:15,13.3,20.8,23.87,23.3,24.47,20.0,27.0,0.3764,0.094094,0.13148,0.094094,0.02379,0.166543,0.146298,0.14189,0.260637,0.3,low,0.028228,0.030144,0.058372,0
2026-07-26T05:33:17.912351,03/29 14:15,12.63,41.6,24.3,23.72,24.88,20.0,27.0,0.3764,0.094094,0.133154,0.094094,0.029231,0.153846,0.13344,0.14185,0.24794,0.3,low,0.028228,0.027846,0.056074,0
2026-07-26T05:33:17.931916,03/29 15:15,9.75,52.0,24.3,23.74,25.03,20.0,27.0,0.3764,0.094094,0.0,0.094094,0.00038,0.249491,0.194236,0.0,0.343585,0.3,low,0.028228,0.045158,0.073386,0
2026-07-26T05:33:17.950913,03/29 16:15,6.8,52.0,23.77,23.15,24.9,20.0,27.0,0.3764,0.094094,0.0,0.094094,0.001282,0.698175,0.458153,0.0,0.792269,0.55,high,0.051752,0.12637,0.178121,0
2026-07-26T05:33:17.970919,03/29 17:15,5.45,52.0,23.02,22.44,24.38,20.0,27.0,0.3764,0.094094,0.0,0.094094,0.001998,0.797291,0.587064,0.0,0.891385,0.55,high,0.051752,0.14431,0.196061,0
2026-07-26T05:33:17.987915,03/29 18:15,4.85,52.0,22.6,21.96,24.23,20.0,27.0,0.3764,0.094094,0.0,0.094094,0.002391,0.819988,0.641511,0.0,0.914082,0.55,high,0.051752,0.148418,0.20017,0
2026-07-26T05:33:37.792887,03/29 19:15,4.28,26.0,21.19,20.61,22.81,20.0,26.0,0.3764,0.094094,0.0,0.094094,0.002897,0.029461,0.706891,0.0,0.123555,0.55,high,0.051752,0.005332,0.057084,0
2026-07-26T05:33:37.818894,03/29 20:15,3.75,0.0,,,,20.0,26.0,0.3764,0.094094,0.0,0.094094,0.005709,2.258762,1.127097,0.0,2.352856,0.55,high,0.051752,0.408836,0.460588,0
2026-07-26T05:33:37.840880,03/29 21:15,3.02,0.0,,,,20.0,26.0,0.3764,0.094094,0.0,0.094094,0.000664,0.414731,0.398393,0.0,0.508825,0.4,moderate,0.037638,0.075066,0.112704,0
2026-07-26T05:33:37.859884,03/29 22:15,2.2,0.0,,,,20.0,26.0,0.3764,0.094094,0.0,0.094094,0.001361,0.950835,0.743394,0.0,1.044929,0.4,moderate,0.037638,0.172101,0.209739,0
2026-07-26T05:33:37.882884,03/29 23:15,2.08,0.0,,,,20.0,26.0,0.3764,0.094094,0.0,0.094094,0.001707,1.166094,0.929832,0.0,1.260188,0.4,moderate,0.037638,0.211063,0.248701,0
2026-07-26T05:33:37.906880,03/30 00:15,1.7,0.0,,,,20.0,26.0,0.3764,0.094094,0.0,0.094094,0.002191,1.432243,1.136509,0.0,1.526337,0.34,low,0.031992,0.259236,0.291228,0
2026-07-26T05:33:56.263123,03/30 01:15,1.7,0.0,,,,18.0,28.0,0.3764,0.094094,0.0,0.094094,0.0,0.0,0.0,0.0,0.094094,0.34,low,0.031992,0.0,0.031992,0
2026-07-26T05:33:56.284128,03/30 02:15,1.7,0.0,,,,18.0,28.0,0.3764,0.094094,0.0,0.094094,0.0,0.0,0.0,0.0,0.094094,0.34,low,0.031992,0.0,0.031992,0
2026-07-26T05:33:56.304122,03/30 03:15,1.55,0.0,,,,18.0,28.0,0.3764,0.094094,0.0,0.094094,0.0,0.0,0.0,0.0,0.094094,0.34,low,0.031992,0.0,0.031992,0
2026-07-26T05:33:56.322125,03/30 04:15,1.1,0.0,,,,18.0,28.0,0.3764,0.094094,0.0,0.094094,0.000178,0.122302,0.139076,0.0,0.216396,0.34,low,0.031992,0.022137,0.054129,0
2026-07-26T05:33:56.339121,03/30 05:15,1.1,0.0,,,,18.0,28.0,0.3764,0.094094,0.0,0.094094,0.000255,0.19576,0.194681,0.0,0.289854,0.34,low,0.031992,0.035433,0.067425,0
2026-07-26T05:33:56.359122,03/30 06:15,1.1,0.0,,,,18.0,28.0,0.3764,0.094094,0.0,0.094094,0.000192,0.158303,0.147688,0.0,0.252397,0.43,moderate,0.04046,0.028653,0.069113,0
2026-07-26T05:34:14.997501,03/30 07:15,1.38,0.0,,,,18.0,29.0,0.3764,0.094094,0.0,0.094094,7.6e-05,0.065096,0.058819,0.0,0.15919,0.43,moderate,0.04046,0.011782,0.052243,0
2026-07-26T05:34:15.019496,03/30 08:15,2.2,0.0,,,,18.0,29.0,0.3764,0.094094,0.0,0.094094,0.0,0.0,0.0,0.0,0.094094,0.43,moderate,0.04046,0.0,0.04046,0
2026-07-26T05:34:15.040494,03/30 09:15,2.2,0.0,,,,18.0,29.0,0.3764,0.094094,0.0,0.094094,0.0,0.0,0.0,0.0,0.094094,0.43,moderate,0.04046,0.0,0.04046,0
2026-07-26T05:34:15.059499,03/30 10:15,2.08,0.0,,,,18.0,29.0,0.3764,0.094094,0.0,0.094094,0.0,0.0,0.0,0.0,0.094094,0.3,low,0.028228,0.0,0.028228,0
2026-07-26T05:34:15.078497,03/30 11:15,1.7,0.0,,,,18.0,29.0,0.3764,0.094094,0.0,0.094094,0.0,0.0,0.0,0.0,0.094094,0.3,low,0.028228,0.0,0.028228,0
2026-07-26T05:34:15.098497,03/30 12:15,1.7,0.0,,,,18.0,29.0,0.3764,0.094094,0.0,0.094094,0.0,0.0,0.0,0.0,0.094094,0.3,low,0.028228,0.0,0.028228,0
2026-07-26T05:34:33.724516,03/30 13:15,1.7,0.0,,,,18.0,29.0,0.3764,0.094094,0.0,0.094094,0.0,0.0,0.0,0.0,0.094094,0.3,low,0.028228,0.0,0.028228,0
2026-07-26T05:34:33.747518,03/30 14:15,1.42,0.0,,,,18.0,29.0,0.3764,0.094094,0.0,0.094094,0.0,0.0,0.0,0.0,0.094094,0.3,low,0.028228,0.0,0.028228,0
2026-07-26T05:34:33.769425,03/30 15:15,0.72,0.0,,,,18.0,29.0,0.3764,0.094094,0.0,0.094094,0.0,0.0,0.0,0.0,0.094094,0.3,low,0.028228,0.0,0.028228,0
2026-07-26T05:34:33.793421,03/30 16:15,1.38,0.0,,,,18.0,29.0,0.3764,0.094094,0.0,0.094094,0.0,0.0,0.0,0.0,0.094094,0.55,high,0.051752,0.0,0.051752,0
2026-07-26T05:34:33.814432,03/30 17:15,2.48,0.0,,,,18.0,29.0,0.3764,0.094094,0.0,0.094094,0.0,0.0,0.0,0.0,0.094094,0.55,high,0.051752,0.0,0.051752,0
2026-07-26T05:34:33.834486,03/30 18:15,3.02,0.0,,,,18.0,29.0,0.3764,0.094094,0.0,0.094094,0.0,0.0,0.0,0.0,0.094094,0.55,high,0.051752,0.0,0.051752,0
2026-07-26T05:34:52.798871,03/30 19:15,2.2,0.0,,,,18.0,29.0,0.3764,0.094094,0.0,0.094094,0.0,0.0,0.0,0.0,0.094094,0.55,high,0.051752,0.0,0.051752,0
2026-07-26T05:34:52.821576,03/30 20:15,2.2,0.0,,,,18.0,29.0,0.3764,0.094094,0.0,0.094094,1.7e-05,0.014256,0.014236,0.0,0.10835,0.55,high,0.051752,0.00258,0.054332,0
2026-07-26T05:34:52.842574,03/30 21:15,2.2,0.0,,,,18.0,29.0,0.3764,0.094094,0.0,0.094094,0.000114,0.100215,0.09179,0.0,0.194309,0.4,moderate,0.037638,0.018139,0.055777,0
2026-07-26T05:34:52.861576,03/30 22:15,2.08,0.0,,,,18.0,29.0,0.3764,0.094094,0.0,0.094094,0.000154,0.13783,0.12047,0.0,0.231924,0.4,moderate,0.037638,0.024947,0.062585,0
2026-07-26T05:34:52.879589,03/30 23:15,1.7,0.0,,,,18.0,29.0,0.3764,0.094094,0.0,0.094094,0.00021,0.191733,0.161301,0.0,0.285827,0.4,moderate,0.037638,0.034704,0.072341,0
2026-07-26T05:34:52.898594,03/31 00:15,1.7,0.0,,,,18.0,29.0,0.3764,0.094094,0.0,0.094094,0.000249,0.230057,0.187923,0.0,0.324151,0.34,low,0.031992,0.04164,0.073632,0
2026-07-26T05:35:11.861666,03/31 01:15,1.7,0.0,,,,18.0,29.0,0.3764,0.094094,0.0,0.094094,0.000314,0.29129,0.233833,0.0,0.385384,0.34,low,0.031992,0.052723,0.084715,0
2026-07-26T05:35:11.882671,03/31 02:15,1.7,0.0,,,,18.0,29.0,0.3764,0.094094,0.0,0.094094,0.000363,0.334563,0.266535,0.0,0.428657,0.34,low,0.031992,0.060556,0.092548,0
2026-07-26T05:35:11.900669,03/31 03:15,1.7,0.0,,,,18.0,29.0,0.3764,0.094094,0.0,0.094094,0.000381,0.348535,0.277254,0.0,0.442629,0.34,low,0.031992,0.063085,0.095077,0
2026-07-26T05:35:11.920667,03/31 04:15,1.82,0.0,,,,18.0,29.0,0.3764,0.094094,0.0,0.094094,0.000431,0.391581,0.310294,0.0,0.485675,0.34,low,0.031992,0.070876,0.102868,0
2026-07-26T05:35:11.939667,03/31 05:15,2.35,0.0,,,,18.0,29.0,0.3764,0.094094,0.0,0.094094,0.00033,0.299366,0.243438,0.0,0.39346,0.34,low,0.031992,0.054185,0.086177,0
2026-07-26T05:35:11.956666,03/31 06:15,2.8,0.0,,,,18.0,29.0,0.3764,0.094094,0.0,0.094094,0.000284,0.259012,0.211316,0.0,0.353106,0.43,moderate,0.04046,0.046881,0.087342,0
2026-07-26T05:35:30.675703,03/31 07:15,3.07,0.0,,,,18.0,29.0,0.3764,0.094094,0.0,0.094094,7.5e-05,0.06893,0.053734,0.0,0.163024,0.43,moderate,0.04046,0.012476,0.052937,0
2026-07-26T05:35:30.698032,03/31 08:15,4.03,0.0,,,,18.0,29.0,0.3764,0.094094,0.0,0.094094,0.0,0.0,0.0,0.0,0.094094,0.43,moderate,0.04046,0.0,0.04046,0
2026-07-26T05:35:30.718031,03/31 09:15,4.83,0.0,,,,18.0,29.0,0.3764,0.094094,0.0,0.094094,0.0,0.0,0.0,0.0,0.094094,0.43,moderate,0.04046,0.0,0.04046,0
2026-07-26T05:35:30.737026,03/31 10:15,6.25,0.0,,,,18.0,29.0,0.3764,0.094094,0.0,0.094094,0.0,0.0,0.0,0.0,0.094094,0.3,low,0.028228,0.0,0.028228,0
2026-07-26T05:35:30.757026,03/31 11:15,6.98,0.0,,,,18.0,29.0,0.3764,0.094094,0.0,0.094094,0.0,0.0,0.0,0.0,0.094094,0.3,low,0.028228,0.0,0.028228,0
2026-07-26T05:35:30.774024,03/31 12:15,7.38,0.0,,,,18.0,29.0,0.3764,0.094094,0.0,0.094094,0.0,0.0,0.0,0.0,0.094094,0.3,low,0.028228,0.0,0.028228,0
2026-07-26T05:35:49.038294,03/31 13:15,5.82,0.0,,,,18.0,29.0,0.3764,0.094094,0.0,0.094094,0.0,0.0,0.0,0.0,0.094094,0.3,low,0.028228,0.0,0.028228,0
2026-07-26T05:35:49.059283,03/31 14:15,4.85,0.0,,,,18.0,29.0,0.3764,0.094094,0.0,0.094094,0.0,0.0,0.0,0.0,0.094094,0.3,low,0.028228,0.0,0.028228,0
2026-07-26T05:35:49.079282,03/31 15:15,4.0,0.0,,,,18.0,29.0,0.3764,0.094094,0.0,0.094094,0.0,0.0,0.0,0.0,0.094094,0.3,low,0.028228,0.0,0.028228,0
2026-07-26T05:35:49.097281,03/31 16:15,2.1,0.0,,,,18.0,29.0,0.3764,0.094094,0.0,0.094094,0.0,0.0,0.0,0.0,0.094094,0.55,high,0.051752,0.0,0.051752,0
2026-07-26T05:35:49.115282,03/31 17:15,0.28,0.0,,,,18.0,29.0,0.3764,0.094094,0.0,0.094094,0.0,0.0,0.0,0.0,0.094094,0.55,high,0.051752,0.0,0.051752,0
2026-07-26T05:35:49.133284,03/31 18:15,0.98,0.0,,,,18.0,29.0,0.3764,0.094094,0.0,0.094094,0.0,0.0,0.0,0.0,0.094094,0.55,high,0.051752,0.0,0.051752,0
2026-07-26T05:36:07.103299,03/31 19:15,0.45,0.0,,,,18.0,29.0,0.3764,0.094094,0.0,0.094094,0.000183,0.168866,0.141627,0.0,0.26296,0.55,high,0.051752,0.030565,0.082316,0
2026-07-26T05:36:07.125291,03/31 20:15,0.0,0.0,,,,18.0,29.0,0.3764,0.094094,0.0,0.094094,0.000289,0.270384,0.220754,0.0,0.364478,0.55,high,0.051752,0.04894,0.100691,0
2026-07-26T05:36:07.147288,03/31 21:15,-0.03,0.0,,,,18.0,29.0,0.3764,0.094094,0.0,0.094094,0.000449,0.415427,0.323373,0.0,0.509521,0.4,moderate,0.037638,0.075192,0.11283,0
2026-07-26T05:36:07.169290,03/31 22:15,-0.18,0.0,,,,18.0,29.0,0.3764,0.094094,0.0,0.094094,0.000489,0.443488,0.349559,0.0,0.537582,0.4,moderate,0.037638,0.080271,0.117909,0
2026-07-26T05:36:07.188295,03/31 23:15,-0.45,0.0,,,,18.0,29.0,0.3764,0.094094,0.0,0.094094,0.000512,0.45825,0.363811,0.0,0.552344,0.4,moderate,0.037638,0.082943,0.120581,0
2026-07-26T05:36:07.209289,04/01 00:15,-0.67,0.0,,,,18.0,29.0,0.3764,0.094094,0.0,0.094094,0.000515,0.456757,0.365694,0.0,0.550851,0.34,low,0.031992,0.082673,0.114665,0
2026-07-26T05:36:24.420987,04/01 01:15,-0.95,0.0,,,,18.0,29.0,0.0,0.0,0.0,0.0,0.0,0.0,0.0,0.0,0.0,0.34,low,0.0,0.0,0.0,0
2026-07-26T05:36:24.439985,04/01 02:15,-1.18,0.0,,,,18.0,29.0,0.0,0.0,0.0,0.0,0.0,0.0,0.0,0.0,0.0,0.34,low,0.0,0.0,0.0,0
2026-07-26T05:36:24.458986,04/01 03:15,-1.47,0.0,,,,18.0,29.0,0.0,0.0,0.0,0.0,0.0,0.0,0.0,0.0,0.0,0.34,low,0.0,0.0,0.0,0
2026-07-26T05:36:24.475982,04/01 04:15,-1.82,0.0,,,,18.0,29.0,0.0,0.0,0.0,0.0,0.0,0.0,0.0,0.0,0.0,0.34,low,0.0,0.0,0.0,0
2026-07-26T05:36:24.494981,04/01 05:15,-2.35,0.0,,,,18.0,29.0,0.0,0.0,0.0,0.0,0.0,0.0,0.0,0.0,0.0,0.34,low,0.0,0.0,0.0,0
2026-07-26T05:36:24.513980,04/01 06:23,-2.37,0.0,,,,18.0,29.0,0.0,0.0,0.0,0.0,0.0,0.0,0.0,0.0,0.0,0.43,moderate,0.0,0.0,0.0,0
2026-07-26T05:36:41.923446,04/01 07:23,-0.55,0.0,,,,18.0,29.0,0.3764,0.094094,0.0,0.094094,0.002877,1.51921,1.216349,0.0,1.613304,0.43,moderate,0.04046,0.274977,0.315437,0
2026-07-26T05:36:41.946444,04/01 08:23,1.38,0.0,,,,18.0,29.0,0.3764,0.094094,0.0,0.094094,0.002132,1.093826,0.867453,0.0,1.18792,0.43,moderate,0.04046,0.197983,0.238443,0
2026-07-26T05:36:41.969444,04/01 09:23,2.62,52.0,21.24,19.65,23.93,18.0,29.0,0.3764,0.094094,0.0,0.094094,0.001718,0.843474,0.682737,0.0,0.937568,0.43,moderate,0.04046,0.152669,0.193129,1
2026-07-26T05:36:41.989443,04/01 10:23,3.9,52.0,22.8,21.07,25.04,18.0,29.0,0.3764,0.094094,0.0,0.094094,0.001947,0.22159,0.520415,0.0,0.315684,0.3,low,0.028228,0.040108,0.068336,0
2026-07-26T05:36:42.008443,04/01 11:23,4.03,52.0,23.19,21.72,24.27,18.0,29.0,0.3764,0.094094,0.0,0.094094,0.003534,0.319388,0.495005,0.0,0.413482,0.3,low,0.028228,0.057809,0.086037,0
2026-07-26T05:36:42.024444,04/01 12:15,4.4,41.6,23.0,21.72,24.28,18.0,29.0,0.3764,0.094094,0.0,0.094094,0.004956,0.054359,0.403246,0.0,0.148453,0.3,low,0.028228,0.009839,0.038067,0
2026-07-26T05:37:00.547103,04/01 13:15,4.0,20.8,22.15,20.97,23.77,20.0,27.0,0.3764,0.094094,0.0,0.094094,0.00495,0.080097,0.294283,0.0,0.174191,0.3,low,0.028228,0.014498,0.042726,0
2026-07-26T05:37:00.568102,04/01 14:15,2.25,41.6,22.48,21.34,24.27,20.0,27.0,0.3764,0.094094,0.0,0.094094,0.003896,1.55671,0.560213,0.0,1.650804,0.3,low,0.028228,0.281765,0.309993,0
2026-07-26T05:37:00.587104,04/01 15:15,0.6,52.0,22.41,21.32,24.51,20.0,27.0,0.3764,0.094094,0.0,0.094094,0.00178,1.081928,0.73093,0.0,1.176022,0.3,low,0.028228,0.195829,0.224057,0
2026-07-26T05:37:00.605101,04/01 16:15,0.6,52.0,21.95,20.92,24.37,20.0,27.0,0.3764,0.094094,0.0,0.094094,0.001686,0.92994,0.734014,0.0,1.024034,0.55,high,0.051752,0.168319,0.220071,0
2026-07-26T05:37:00.624103,04/01 17:15,0.6,52.0,21.47,20.53,23.95,20.0,27.0,0.3764,0.094094,0.0,0.094094,0.001707,0.924131,0.740852,0.0,1.018225,0.55,high,0.051752,0.167268,0.219019,0
2026-07-26T05:37:00.643237,04/01 18:15,0.6,52.0,21.22,20.29,23.78,20.0,27.0,0.3764,0.094094,0.0,0.094094,0.001734,0.931197,0.747724,0.0,1.025291,0.55,high,0.051752,0.168547,0.220298,0
2026-07-26T05:37:20.095322,04/01 19:15,0.72,26.0,20.48,20.0,22.38,20.0,26.0,0.3764,0.094094,0.0,0.094094,0.001999,1.125244,0.925361,0.0,1.219338,0.55,high,0.051752,0.203669,0.255421,0
2026-07-26T05:37:20.119325,04/01 20:15,1.1,0.0,,,,20.0,26.0,0.3764,0.094094,0.0,0.094094,0.002966,1.870649,1.509435,0.0,1.964743,0.55,high,0.051752,0.338587,0.390339,0
2026-07-26T05:37:20.138667,04/01 21:15,1.25,0.0,,,,20.0,26.0,0.0,0.0,0.0,0.0,0.0,0.0,0.0,0.0,0.0,0.4,moderate,0.0,0.0,0.0,0
2026-07-26T05:37:20.156917,04/01 22:15,1.7,0.0,,,,20.0,26.0,0.0,0.0,0.0,0.0,0.0,0.0,0.0,0.0,0.0,0.4,moderate,0.0,0.0,0.0,0
2026-07-26T05:37:20.173193,04/01 23:15,1.82,0.0,,,,20.0,26.0,0.0,0.0,0.0,0.0,0.0,0.0,0.0,0.0,0.0,0.4,moderate,0.0,0.0,0.0,0
2026-07-26T05:37:20.191193,04/02 00:15,2.2,0.0,,,,20.0,26.0,0.0,0.0,0.0,0.0,0.0,0.0,0.0,0.0,0.0,0.34,low,0.0,0.0,0.0,0
2026-07-26T05:37:38.441632,04/02 01:15,2.2,0.0,,,,18.0,28.0,0.0,0.0,0.0,0.0,0.0,0.0,0.0,0.0,0.0,0.34,low,0.0,0.0,0.0,0
2026-07-26T05:37:38.465630,04/02 02:15,2.2,0.0,,,,18.0,28.0,0.0,0.0,0.0,0.0,0.0,0.0,0.0,0.0,0.0,0.34,low,0.0,0.0,0.0,0
2026-07-26T05:37:38.488629,04/02 03:15,2.2,0.0,,,,18.0,28.0,0.0,0.0,0.0,0.0,0.0,0.0,0.0,0.0,0.0,0.34,low,0.0,0.0,0.0,0
2026-07-26T05:37:38.508629,04/02 04:15,2.35,0.0,,,,18.0,28.0,0.0,0.0,0.0,0.0,0.0,0.0,0.0,0.0,0.0,0.34,low,0.0,0.0,0.0,0
2026-07-26T05:37:38.527628,04/02 05:15,2.92,0.0,,,,18.0,28.0,0.0,0.0,0.0,0.0,0.0,0.0,0.0,0.0,0.0,0.34,low,0.0,0.0,0.0,0
2026-07-26T05:37:38.545627,04/02 06:15,3.3,0.0,,,,18.0,28.0,0.0,0.0,0.0,0.0,0.0,0.0,0.0,0.0,0.0,0.43,moderate,0.0,0.0,0.0,0
2026-07-26T05:37:55.547922,04/02 07:15,3.3,0.0,,,,18.0,29.0,0.3764,0.094094,0.0,0.094094,0.002043,1.1236,0.882678,0.0,1.217694,0.43,moderate,0.04046,0.203372,0.243832,0
2026-07-26T05:37:55.569914,04/02 08:15,3.57,0.0,,,,18.0,29.0,0.3764,0.094094,0.0,0.094094,0.001811,0.695247,0.699012,0.0,0.789341,0.43,moderate,0.04046,0.12584,0.1663,0
2026-07-26T05:37:55.593913,04/02 09:23,4.7,52.0,20.51,19.69,21.53,18.0,29.0,0.3764,0.094094,0.0,0.094094,0.00402,0.03991,0.512402,0.0,0.134004,0.43,moderate,0.04046,0.007224,0.047684,1
2026-07-26T05:37:55.615914,04/02 10:23,5.72,52.0,21.99,21.0,23.18,18.0,29.0,0.3764,0.094094,0.0,0.094094,0.001029,0.574762,0.396511,0.0,0.668856,0.3,low,0.028228,0.104032,0.13226,0
2026-07-26T05:37:55.637913,04/02 11:23,6.1,52.0,22.7,21.69,23.93,18.0,29.0,0.3764,0.094094,0.0,0.094094,0.000763,0.418591,0.335771,0.0,0.512685,0.3,low,0.028228,0.075765,0.103993,0
2026-07-26T05:37:55.655916,04/02 12:15,6.1,41.6,22.7,21.71,24.09,18.0,29.0,0.3764,0.094094,0.0,0.094094,0.000712,0.398062,0.322445,0.0,0.492156,0.3,low,0.028228,0.072049,0.100277,0
2026-07-26T05:38:14.674517,04/02 13:15,6.25,20.8,22.44,21.53,23.75,20.0,27.0,0.3764,0.094094,0.0,0.094094,0.000686,0.388033,0.314618,0.0,0.482127,0.3,low,0.028228,0.070234,0.098462,0
2026-07-26T05:38:14.697519,04/02 14:15,6.55,41.6,22.81,21.85,24.29,20.0,27.0,0.3764,0.094094,0.0,0.094094,0.000525,0.306508,0.259354,0.0,0.400602,0.3,low,0.028228,0.055478,0.083706,0
2026-07-26T05:38:14.719516,04/02 15:15,5.82,52.0,22.89,21.89,24.56,20.0,27.0,0.3764,0.094094,0.0,0.094094,0.00064,0.377627,0.299791,0.0,0.471721,0.3,low,0.028228,0.06835,0.096579,0
2026-07-26T05:38:14.739515,04/02 16:15,4.72,52.0,22.6,21.56,24.48,20.0,27.0,0.3764,0.094094,0.0,0.094094,0.000913,0.509542,0.383751,0.0,0.603636,0.55,high,0.051752,0.092227,0.143979,0
2026-07-26T05:38:14.757516,04/02 17:15,3.9,52.0,22.09,21.05,24.14,20.0,27.0,0.3764,0.094094,0.0,0.094094,0.001802,0.216522,0.471303,0.0,0.310616,0.55,high,0.051752,0.03919,0.090942,0
2026-07-26T05:38:14.776519,04/02 18:15,3.62,52.0,21.82,20.77,24.01,20.0,27.0,0.3764,0.094094,0.0,0.094094,0.003056,0.303612,0.474978,0.0,0.397706,0.55,high,0.051752,0.054954,0.106705,0
2026-07-26T05:38:32.456903,04/02 19:15,2.92,26.0,20.68,20.0,22.64,20.0,26.0,0.3764,0.094094,0.0,0.094094,0.002655,1.393554,0.627992,0.0,1.487648,0.55,high,0.051752,0.252233,0.303985,0
2026-07-26T05:38:32.480895,04/02 20:15,3.17,0.0,,,,20.0,26.0,0.3764,0.094094,0.0,0.094094,0.002206,1.436629,1.113397,0.0,1.530723,0.55,high,0.051752,0.26003,0.311782,0
2026-07-26T05:38:32.502895,04/02 21:15,2.65,0.0,,,,20.0,26.0,0.0,0.0,0.0,0.0,0.0,0.0,0.0,0.0,0.0,0.4,moderate,0.0,0.0,0.0,0
2026-07-26T05:38:32.522900,04/02 22:15,2.2,0.0,,,,20.0,26.0,0.0,0.0,0.0,0.0,0.0,0.0,0.0,0.0,0.0,0.4,moderate,0.0,0.0,0.0,0
2026-07-26T05:38:32.540895,04/02 23:15,1.93,0.0,,,,20.0,26.0,0.0,0.0,0.0,0.0,0.0,0.0,0.0,0.0,0.0,0.4,moderate,0.0,0.0,0.0,0
2026-07-26T05:38:32.557893,04/03 00:15,0.83,0.0,,,,20.0,26.0,0.0,0.0,0.0,0.0,0.0,0.0,0.0,0.0,0.0,0.34,low,0.0,0.0,0.0,0
2026-07-26T05:38:50.670442,04/03 01:15,0.0,0.0,,,,18.0,28.0,0.0,0.0,0.0,0.0,0.0,0.0,0.0,0.0,0.0,0.34,low,0.0,0.0,0.0,0
2026-07-26T05:38:50.692442,04/03 02:15,-0.15,0.0,,,,18.0,28.0,0.0,0.0,0.0,0.0,0.0,0.0,0.0,0.0,0.0,0.34,low,0.0,0.0,0.0,0
2026-07-26T05:38:50.711440,04/03 03:15,-0.6,0.0,,,,18.0,28.0,0.0,0.0,0.0,0.0,0.0,0.0,0.0,0.0,0.0,0.34,low,0.0,0.0,0.0,0
2026-07-26T05:38:50.728440,04/03 04:15,-0.72,0.0,,,,18.0,28.0,0.0,0.0,0.0,0.0,0.0,0.0,0.0,0.0,0.0,0.34,low,0.0,0.0,0.0,0
2026-07-26T05:38:50.745443,04/03 05:15,-0.98,0.0,,,,18.0,28.0,0.0,0.0,0.0,0.0,0.0,0.0,0.0,0.0,0.0,0.34,low,0.0,0.0,0.0,0
2026-07-26T05:38:50.761439,04/03 06:23,-0.45,0.0,,,,18.0,28.0,0.0,0.0,0.0,0.0,0.0,0.0,0.0,0.0,0.0,0.43,moderate,0.0,0.0,0.0,0
2026-07-26T05:39:07.641323,04/03 07:15,0.28,0.0,,,,18.0,29.0,0.3764,0.094094,0.0,0.094094,0.002521,1.351042,1.077513,0.0,1.445136,0.43,moderate,0.04046,0.244539,0.284999,0
2026-07-26T05:39:07.662327,04/03 08:15,1.38,0.0,,,,18.0,29.0,0.3764,0.094094,0.0,0.094094,0.002241,1.199161,0.960225,0.0,1.293255,0.43,moderate,0.04046,0.217048,0.257509,0
2026-07-26T05:39:07.683317,04/03 09:15,2.2,52.0,19.99,19.32,21.4,18.0,29.0,0.3764,0.094094,0.0,0.094094,0.001753,0.834225,0.690016,0.0,0.928319,0.43,moderate,0.04046,0.150995,0.191455,1
2026-07-26T05:39:07.708320,04/03 10:15,2.48,52.0,21.32,20.42,22.96,18.0,29.0,0.3764,0.094094,0.0,0.094094,0.001677,0.834751,0.673125,0.0,0.928845,0.3,low,0.028228,0.15109,0.179318,0
2026-07-26T05:39:07.727317,04/03 11:15,3.3,52.0,22.02,21.09,23.62,18.0,29.0,0.3764,0.094094,0.0,0.094094,0.001698,0.425779,0.570592,0.0,0.519873,0.3,low,0.028228,0.077066,0.105294,0
2026-07-26T05:39:07.746315,04/03 12:15,3.57,41.6,22.24,21.31,23.8,18.0,29.0,0.3764,0.094094,0.0,0.094094,0.002231,0.522572,0.55689,0.0,0.616666,0.3,low,0.028228,0.094586,0.122814,0
2026-07-26T05:39:25.995214,04/03 13:15,4.12,20.8,22.0,21.1,23.46,20.0,27.0,0.3764,0.094094,0.0,0.094094,0.003585,0.040031,0.462174,0.0,0.134125,0.3,low,0.028228,0.007246,0.035474,0
2026-07-26T05:39:26.017215,04/03 14:15,3.45,41.6,22.85,22.04,24.11,20.0,27.0,0.3764,0.094094,0.0,0.094094,0.004567,0.885661,0.537511,0.0,0.979755,0.3,low,0.028228,0.160305,0.188533,0
2026-07-26T05:39:26.038359,04/03 15:15,3.75,52.0,23.45,22.4,24.54,20.0,27.0,0.3764,0.094094,0.0,0.094094,0.003615,0.339793,0.47491,0.0,0.433887,0.3,low,0.028228,0.061503,0.089731,0
2026-07-26T05:39:26.059365,04/03 16:15,3.02,52.0,23.65,22.28,24.68,20.0,27.0,0.3764,0.094094,0.0,0.094094,0.003161,0.78191,0.508327,0.0,0.876004,0.55,high,0.051752,0.141526,0.193277,0
2026-07-26T05:39:26.078360,04/03 17:15,2.2,52.0,23.38,21.82,24.52,20.0,27.0,0.3764,0.094094,0.0,0.094094,0.001778,1.146655,0.587478,0.0,1.240749,0.55,high,0.051752,0.207545,0.259296,0
2026-07-26T05:39:26.097361,04/03 18:15,2.08,52.0,22.92,21.38,24.47,20.0,27.0,0.3764,0.094094,0.0,0.094094,0.001343,0.786438,0.585779,0.0,0.880532,0.55,high,0.051752,0.142345,0.194097,0
2026-07-26T05:39:44.359557,04/03 19:15,1.55,26.0,21.25,20.17,23.09,20.0,26.0,0.3764,0.094094,0.0,0.094094,0.001448,0.807371,0.639142,0.0,0.901465,0.55,high,0.051752,0.146134,0.197886,0
2026-07-26T05:39:44.384693,04/03 20:23,1.1,0.0,,,,20.0,26.0,0.3764,0.094094,0.0,0.094094,0.002154,1.296099,1.088744,0.0,1.390193,0.55,high,0.051752,0.234594,0.286346,0
2026-07-26T05:39:44.405886,04/03 21:15,0.98,0.0,,,,20.0,26.0,0.0,0.0,0.0,0.0,0.0,0.0,0.0,0.0,0.0,0.4,moderate,0.0,0.0,0.0,0
2026-07-26T05:39:44.422920,04/03 22:15,0.45,0.0,,,,20.0,26.0,0.0,0.0,0.0,0.0,0.0,0.0,0.0,0.0,0.0,0.4,moderate,0.0,0.0,0.0,0
2026-07-26T05:39:44.438881,04/03 23:15,0.0,0.0,,,,20.0,26.0,0.0,0.0,0.0,0.0,0.0,0.0,0.0,0.0,0.0,0.4,moderate,0.0,0.0,0.0,0
2026-07-26T05:39:44.455967,04/04 00:15,-0.15,0.0,,,,20.0,26.0,0.0,0.0,0.0,0.0,0.0,0.0,0.0,0.0,0.0,0.34,low,0.0,0.0,0.0,0
2026-07-26T05:40:01.654813,04/04 01:15,-0.6,0.0,,,,18.0,28.0,0.0,0.0,0.0,0.0,0.0,0.0,0.0,0.0,0.0,0.34,low,0.0,0.0,0.0,0
2026-07-26T05:40:01.674813,04/04 02:15,-0.6,0.0,,,,18.0,28.0,0.0,0.0,0.0,0.0,0.0,0.0,0.0,0.0,0.0,0.34,low,0.0,0.0,0.0,0
2026-07-26T05:40:01.692820,04/04 03:15,-0.72,0.0,,,,18.0,28.0,0.0,0.0,0.0,0.0,0.0,0.0,0.0,0.0,0.0,0.34,low,0.0,0.0,0.0,0
2026-07-26T05:40:01.710811,04/04 04:15,-1.1,0.0,,,,18.0,28.0,0.0,0.0,0.0,0.0,0.0,0.0,0.0,0.0,0.0,0.34,low,0.0,0.0,0.0,0
2026-07-26T05:40:01.730812,04/04 05:15,-1.1,0.0,,,,18.0,28.0,0.0,0.0,0.0,0.0,0.0,0.0,0.0,0.0,0.0,0.34,low,0.0,0.0,0.0,0
2026-07-26T05:40:01.746811,04/04 06:23,-0.98,0.0,,,,18.0,28.0,0.0,0.0,0.0,0.0,0.0,0.0,0.0,0.0,0.0,0.43,moderate,0.0,0.0,0.0,0
2026-07-26T05:40:19.766078,04/04 07:15,-0.45,0.0,,,,18.0,29.0,0.3764,0.094094,0.0,0.094094,0.002623,1.390831,1.110698,0.0,1.484925,0.43,moderate,0.04046,0.25174,0.292201,0
2026-07-26T05:40:19.790077,04/04 08:23,0.15,0.0,,,,18.0,29.0,0.3764,0.094094,0.0,0.094094,0.002333,1.202012,0.959257,0.0,1.296106,0.43,moderate,0.04046,0.217564,0.258025,0
2026-07-26T05:40:19.815078,04/04 09:23,0.72,52.0,20.85,19.67,22.4,18.0,29.0,0.3764,0.094094,0.0,0.094094,0.001997,0.997206,0.806466,0.0,1.0913,0.43,moderate,0.04046,0.180494,0.220955,1
2026-07-26T05:40:19.842075,04/04 10:23,1.38,52.0,22.42,20.92,23.98,18.0,29.0,0.3764,0.094094,0.0,0.094094,0.001788,0.914255,0.742788,0.0,1.008349,0.3,low,0.028228,0.16548,0.193708,0
2026-07-26T05:40:19.864076,04/04 11:15,2.2,52.0,22.68,21.37,24.01,18.0,29.0,0.3764,0.094094,0.0,0.094094,0.001509,0.78733,0.636451,0.0,0.881424,0.3,low,0.028228,0.142507,0.170735,0
2026-07-26T05:40:19.884446,04/04 12:15,2.08,41.6,22.51,21.33,24.11,18.0,29.0,0.3764,0.094094,0.0,0.094094,0.001462,0.772659,0.625369,0.0,0.866753,0.3,low,0.028228,0.139851,0.168079,0
2026-07-26T05:40:39.263855,04/04 13:15,1.7,20.8,21.95,20.92,23.66,20.0,27.0,0.3764,0.094094,0.0,0.094094,0.001532,0.818481,0.661137,0.0,0.912575,0.3,low,0.028228,0.148145,0.176373,0
2026-07-26T05:40:39.283849,04/04 14:15,1.55,41.6,22.26,21.2,24.13,20.0,27.0,0.3764,0.094094,0.0,0.094094,0.001519,0.815713,0.657985,0.0,0.909807,0.3,low,0.028228,0.147644,0.175872,0
2026-07-26T05:40:39.301852,04/04 15:15,0.98,52.0,22.34,21.26,24.36,20.0,27.0,0.3764,0.094094,0.0,0.094094,0.001613,0.870718,0.701949,0.0,0.964812,0.3,low,0.028228,0.1576,0.185828,0
2026-07-26T05:40:39.319847,04/04 16:15,0.45,52.0,22.13,21.05,24.27,20.0,27.0,0.3764,0.094094,0.0,0.094094,0.001705,0.92051,0.740408,0.0,1.014604,0.55,high,0.051752,0.166612,0.218364,0
2026-07-26T05:40:39.338623,04/04 17:15,0.0,52.0,21.75,20.75,23.93,20.0,27.0,0.3764,0.094094,0.0,0.094094,0.001834,0.983687,0.7893,0.0,1.077781,0.55,high,0.051752,0.178047,0.229799,0
2026-07-26T05:40:39.355910,04/04 18:15,0.0,52.0,21.53,20.53,23.83,20.0,27.0,0.3764,0.094094,0.0,0.094094,0.001846,0.985425,0.792425,0.0,1.079519,0.55,high,0.051752,0.178362,0.230114,0
2026-07-26T05:40:57.678083,04/04 19:15,-0.15,26.0,20.53,20.0,22.46,20.0,26.0,0.3764,0.094094,0.0,0.094094,0.002025,1.112997,0.905986,0.0,1.207091,0.55,high,0.051752,0.201452,0.253204,0
2026-07-26T05:40:57.700087,04/04 20:15,-0.6,0.0,,,,20.0,26.0,0.3764,0.094094,0.0,0.094094,0.003264,2.014979,1.62296,0.0,2.109073,0.55,high,0.051752,0.364711,0.416463,0
2026-07-26T05:40:57.720081,04/04 21:15,-0.88,0.0,,,,20.0,26.0,0.0,0.0,0.0,0.0,0.0,0.0,0.0,0.0,0.0,0.4,moderate,0.0,0.0,0.0,0
2026-07-26T05:40:57.738081,04/04 22:15,-1.55,0.0,,,,20.0,26.0,0.0,0.0,0.0,0.0,0.0,0.0,0.0,0.0,0.0,0.4,moderate,0.0,0.0,0.0,0
2026-07-26T05:40:57.755081,04/04 23:15,-1.8,0.0,,,,20.0,26.0,0.0,0.0,0.0,0.0,0.0,0.0,0.0,0.0,0.0,0.4,moderate,0.0,0.0,0.0,0
2026-07-26T05:40:57.772081,04/05 00:15,-3.75,0.0,,,,20.0,26.0,0.0,0.0,0.0,0.0,0.0,0.0,0.0,0.0,0.0,0.34,low,0.0,0.0,0.0,0
2026-07-26T05:41:14.740592,04/05 01:15,-3.45,0.0,,,,18.0,28.0,0.0,0.0,0.0,0.0,0.0,0.0,0.0,0.0,0.0,0.34,low,0.0,0.0,0.0,0
2026-07-26T05:41:14.759592,04/05 02:15,-3.75,0.0,,,,18.0,28.0,0.0,0.0,0.0,0.0,0.0,0.0,0.0,0.0,0.0,0.34,low,0.0,0.0,0.0,0
2026-07-26T05:41:14.777600,04/05 03:15,-3.3,0.0,,,,18.0,28.0,0.0,0.0,0.0,0.0,0.0,0.0,0.0,0.0,0.0,0.34,low,0.0,0.0,0.0,0
2026-07-26T05:41:14.795592,04/05 04:15,-3.45,0.0,,,,18.0,28.0,0.0,0.0,0.0,0.0,0.0,0.0,0.0,0.0,0.0,0.34,low,0.0,0.0,0.0,0
2026-07-26T05:41:14.812186,04/05 05:15,-3.9,0.0,,,,18.0,28.0,0.0,0.0,0.0,0.0,0.0,0.0,0.0,0.0,0.0,0.34,low,0.0,0.0,0.0,0
2026-07-26T05:41:14.829191,04/05 06:15,-3.47,0.0,,,,18.0,28.0,0.0,0.0,0.0,0.0,0.0,0.0,0.0,0.0,0.0,0.43,moderate,0.0,0.0,0.0,0
2026-07-26T05:41:31.346219,04/05 07:15,-1.65,0.0,,,,18.0,29.0,0.3764,0.094094,0.0,0.094094,0.003205,1.664988,1.33041,0.0,1.759082,0.43,moderate,0.04046,0.301363,0.341823,0
2026-07-26T05:41:31.367222,04/05 08:15,0.42,0.0,,,,18.0,29.0,0.3764,0.094094,0.0,0.094094,0.002413,1.239328,0.991077,0.0,1.333422,0.43,moderate,0.04046,0.224318,0.264779,0
2026-07-26T05:41:31.392217,04/05 09:23,2.1,52.0,20.75,19.63,22.1,18.0,29.0,0.3764,0.094094,0.0,0.094094,0.001835,0.904283,0.728873,0.0,0.998377,0.43,moderate,0.04046,0.163675,0.204136,1
2026-07-26T05:41:31.411219,04/05 10:23,3.17,52.0,22.35,20.99,23.58,18.0,29.0,0.3764,0.094094,0.0,0.094094,0.001714,0.434042,0.57767,0.0,0.528136,0.3,low,0.028228,0.078562,0.10679,0
2026-07-26T05:41:31.431217,04/05 11:23,2.92,52.0,22.87,21.66,23.96,18.0,29.0,0.3764,0.094094,0.0,0.094094,0.002019,0.731208,0.593505,0.0,0.825302,0.3,low,0.028228,0.132349,0.160577,0
2026-07-26T05:41:31.447221,04/05 12:15,3.57,41.6,22.94,21.87,24.14,18.0,29.0,0.3764,0.094094,0.0,0.094094,0.001979,0.504417,0.539963,0.0,0.598511,0.3,low,0.028228,0.091299,0.119528,0
2026-07-26T05:41:50.305025,04/05 13:15,4.55,20.8,22.55,21.58,23.81,20.0,27.0,0.3764,0.094094,0.0,0.094094,0.003121,0.039039,0.444904,0.0,0.133133,0.3,low,0.028228,0.007066,0.035294,0
2026-07-26T05:41:50.326026,04/05 14:15,4.85,41.6,22.71,21.69,24.31,20.0,27.0,0.3764,0.094094,0.0,0.094094,0.001004,0.608393,0.390549,0.0,0.702487,0.3,low,0.028228,0.110119,0.138347,0
2026-07-26T05:41:50.344022,04/05 15:15,4.55,52.0,22.75,21.72,24.54,20.0,27.0,0.3764,0.094094,0.0,0.094094,0.001092,0.02365,0.432693,0.0,0.117744,0.3,low,0.028228,0.004281,0.032509,0
2026-07-26T05:41:50.363021,04/05 16:15,4.45,52.0,22.75,21.82,24.48,20.0,27.0,0.3764,0.094094,0.0,0.094094,0.00097,0.521627,0.38356,0.0,0.615721,0.55,high,0.051752,0.094414,0.146166,0
2026-07-26T05:41:50.379021,04/05 17:15,2.65,52.0,22.34,21.46,24.18,20.0,27.0,0.3764,0.094094,0.0,0.094094,0.00207,0.815282,0.556008,0.0,0.909376,0.55,high,0.051752,0.147566,0.199318,0
2026-07-26T05:41:50.397022,04/05 18:15,2.2,52.0,22.27,21.12,24.11,20.0,27.0,0.3764,0.094094,0.0,0.094094,0.001574,0.94292,0.603606,0.0,1.037014,0.55,high,0.051752,0.170669,0.22242,0
2026-07-26T05:42:07.725952,04/05 19:15,1.8,26.0,20.85,20.01,22.77,20.0,26.0,0.3764,0.094094,0.0,0.094094,0.001443,0.798728,0.615538,0.0,0.892822,0.55,high,0.051752,0.14457,0.196321,0
2026-07-26T05:42:07.750947,04/05 20:15,0.45,0.0,,,,20.0,26.0,0.3764,0.094094,0.0,0.094094,0.002559,1.592705,1.303835,0.0,1.686799,0.55,high,0.051752,0.28828,0.340031,0
2026-07-26T05:42:07.769944,04/05 21:15,0.0,0.0,,,,20.0,26.0,0.0,0.0,0.0,0.0,0.0,0.0,0.0,0.0,0.0,0.4,moderate,0.0,0.0,0.0,0
2026-07-26T05:42:07.788940,04/05 22:15,-0.28,0.0,,,,20.0,26.0,0.0,0.0,0.0,0.0,0.0,0.0,0.0,0.0,0.0,0.4,moderate,0.0,0.0,0.0,0
2026-07-26T05:42:07.807936,04/05 23:15,-1.38,0.0,,,,20.0,26.0,0.0,0.0,0.0,0.0,0.0,0.0,0.0,0.0,0.0,0.4,moderate,0.0,0.0,0.0,0
2026-07-26T05:42:07.826937,04/06 00:15,-2.2,0.0,,,,20.0,26.0,0.0,0.0,0.0,0.0,0.0,0.0,0.0,0.0,0.0,0.34,low,0.0,0.0,0.0,0
2026-07-26T05:42:25.232752,04/06 01:15,-2.35,0.0,,,,18.0,28.0,0.0,0.0,0.0,0.0,0.0,0.0,0.0,0.0,0.0,0.34,low,0.0,0.0,0.0,0
2026-07-26T05:42:25.251744,04/06 02:15,-2.65,0.0,,,,18.0,28.0,0.0,0.0,0.0,0.0,0.0,0.0,0.0,0.0,0.0,0.34,low,0.0,0.0,0.0,0
2026-07-26T05:42:25.270751,04/06 03:15,-2.35,0.0,,,,18.0,28.0,0.0,0.0,0.0,0.0,0.0,0.0,0.0,0.0,0.0,0.34,low,0.0,0.0,0.0,0
2026-07-26T05:42:25.286743,04/06 04:15,-2.92,0.0,,,,18.0,28.0,0.0,0.0,0.0,0.0,0.0,0.0,0.0,0.0,0.0,0.34,low,0.0,0.0,0.0,0
2026-07-26T05:42:25.304743,04/06 05:15,-3.17,0.0,,,,18.0,28.0,0.0,0.0,0.0,0.0,0.0,0.0,0.0,0.0,0.0,0.34,low,0.0,0.0,0.0,0
2026-07-26T05:42:25.321743,04/06 06:23,-2.25,0.0,,,,18.0,28.0,0.0,0.0,0.0,0.0,0.0,0.0,0.0,0.0,0.0,0.43,moderate,0.0,0.0,0.0,0
2026-07-26T05:42:42.665299,04/06 07:20,-0.02,0.0,,,,18.0,29.0,0.0,0.0,0.0,0.0,0.0,0.0,0.0,0.0,0.0,0.43,moderate,0.0,0.0,0.0,0
2026-07-26T05:42:42.688302,04/06 08:20,1.82,0.0,,,,18.0,29.0,0.0,0.0,0.0,0.0,0.0,0.0,0.0,0.0,0.0,0.43,moderate,0.0,0.0,0.0,0
2026-07-26T05:42:42.711297,04/06 09:23,2.35,0.0,,,,18.0,29.0,0.0,0.0,0.0,0.0,0.0,0.0,0.0,0.0,0.0,0.43,moderate,0.0,0.0,0.0,0
2026-07-26T05:42:42.731296,04/06 10:15,3.35,0.0,,,,18.0,29.0,0.0,0.0,0.0,0.0,0.0,0.0,0.0,0.0,0.0,0.3,low,0.0,0.0,0.0,0
2026-07-26T05:42:42.749303,04/06 11:15,4.85,0.0,,,,18.0,29.0,0.0,0.0,0.0,0.0,0.0,0.0,0.0,0.0,0.0,0.3,low,0.0,0.0,0.0,0
2026-07-26T05:42:42.767337,04/06 12:23,4.7,0.0,,,,18.0,29.0,0.0,0.0,0.0,0.0,0.0,0.0,0.0,0.0,0.0,0.3,low,0.0,0.0,0.0,0
2026-07-26T05:43:00.696534,04/06 13:23,5.72,0.0,,,,18.0,29.0,0.0,0.0,0.0,0.0,0.0,0.0,0.0,0.0,0.0,0.3,low,0.0,0.0,0.0,0
2026-07-26T05:43:00.720524,04/06 14:15,6.1,0.0,,,,18.0,29.0,0.0,0.0,0.0,0.0,0.0,0.0,0.0,0.0,0.0,0.3,low,0.0,0.0,0.0,0
2026-07-26T05:43:00.741524,04/06 15:23,5.97,0.0,,,,18.0,29.0,0.0,0.0,0.0,0.0,0.0,0.0,0.0,0.0,0.0,0.3,low,0.0,0.0,0.0,0
2026-07-26T05:43:00.760527,04/06 16:15,5.6,0.0,,,,18.0,29.0,0.0,0.0,0.0,0.0,0.0,0.0,0.0,0.0,0.0,0.55,high,0.0,0.0,0.0,0
2026-07-26T05:43:00.778950,04/06 17:15,5.17,0.0,,,,18.0,29.0,0.0,0.0,0.0,0.0,0.0,0.0,0.0,0.0,0.0,0.55,high,0.0,0.0,0.0,0
2026-07-26T05:43:00.799959,04/06 18:23,3.35,0.0,,,,18.0,29.0,0.0,0.0,0.0,0.0,0.0,0.0,0.0,0.0,0.0,0.55,high,0.0,0.0,0.0,0
2026-07-26T05:43:18.967106,04/06 19:23,1.42,0.0,,,,18.0,29.0,0.0,0.0,0.0,0.0,0.0,0.0,0.0,0.0,0.0,0.55,high,0.0,0.0,0.0,0
2026-07-26T05:43:18.987114,04/06 20:15,0.6,0.0,,,,18.0,29.0,0.0,0.0,0.0,0.0,0.0,0.0,0.0,0.0,0.0,0.55,high,0.0,0.0,0.0,0
2026-07-26T05:43:19.007107,04/06 21:15,1.0,0.0,,,,18.0,29.0,0.0,0.0,0.0,0.0,0.0,0.0,0.0,0.0,0.0,0.4,moderate,0.0,0.0,0.0,0
2026-07-26T05:43:19.025108,04/06 22:15,2.48,0.0,,,,18.0,29.0,0.0,0.0,0.0,0.0,0.0,0.0,0.0,0.0,0.0,0.4,moderate,0.0,0.0,0.0,0
2026-07-26T05:43:19.043790,04/06 23:15,3.17,0.0,,,,18.0,29.0,0.0,0.0,0.0,0.0,0.0,0.0,0.0,0.0,0.0,0.4,moderate,0.0,0.0,0.0,0
2026-07-26T05:43:19.060226,04/07 00:15,2.8,0.0,,,,18.0,29.0,0.0,0.0,0.0,0.0,0.0,0.0,0.0,0.0,0.0,0.34,low,0.0,0.0,0.0,0
2026-07-26T05:43:36.287104,04/07 01:15,2.82,0.0,,,,18.0,29.0,0.0,0.0,0.0,0.0,0.0,0.0,0.0,0.0,0.0,0.34,low,0.0,0.0,0.0,0
2026-07-26T05:43:36.307099,04/07 02:15,2.88,0.0,,,,18.0,29.0,0.0,0.0,0.0,0.0,0.0,0.0,0.0,0.0,0.0,0.34,low,0.0,0.0,0.0,0
2026-07-26T05:43:36.324100,04/07 03:15,2.8,0.0,,,,18.0,29.0,0.0,0.0,0.0,0.0,0.0,0.0,0.0,0.0,0.0,0.34,low,0.0,0.0,0.0,0
2026-07-26T05:43:36.342097,04/07 04:15,2.8,0.0,,,,18.0,29.0,0.0,0.0,0.0,0.0,0.0,0.0,0.0,0.0,0.0,0.34,low,0.0,0.0,0.0,0
2026-07-26T05:43:36.360097,04/07 05:15,2.92,0.0,,,,18.0,29.0,0.0,0.0,0.0,0.0,0.0,0.0,0.0,0.0,0.0,0.34,low,0.0,0.0,0.0,0
2026-07-26T05:43:36.376096,04/07 06:15,3.17,0.0,,,,18.0,29.0,0.0,0.0,0.0,0.0,0.0,0.0,0.0,0.0,0.0,0.43,moderate,0.0,0.0,0.0,0
2026-07-26T05:43:53.210998,04/07 07:15,2.52,0.0,,,,18.0,29.0,0.0,0.0,0.0,0.0,0.0,0.0,0.0,0.0,0.0,0.43,moderate,0.0,0.0,0.0,0
2026-07-26T05:43:53.230000,04/07 08:15,1.7,0.0,,,,18.0,29.0,0.0,0.0,0.0,0.0,0.0,0.0,0.0,0.0,0.0,0.43,moderate,0.0,0.0,0.0,0
2026-07-26T05:43:53.249999,04/07 09:15,1.82,0.0,,,,18.0,29.0,0.0,0.0,0.0,0.0,0.0,0.0,0.0,0.0,0.0,0.43,moderate,0.0,0.0,0.0,0
2026-07-26T05:43:53.268003,04/07 10:15,2.35,0.0,,,,18.0,29.0,0.0,0.0,0.0,0.0,0.0,0.0,0.0,0.0,0.0,0.3,low,0.0,0.0,0.0,0
2026-07-26T05:43:53.284998,04/07 11:15,3.07,0.0,,,,18.0,29.0,0.0,0.0,0.0,0.0,0.0,0.0,0.0,0.0,0.0,0.3,low,0.0,0.0,0.0,0
2026-07-26T05:43:53.302002,04/07 12:15,4.17,0.0,,,,18.0,29.0,0.0,0.0,0.0,0.0,0.0,0.0,0.0,0.0,0.0,0.3,low,0.0,0.0,0.0,0
2026-07-26T05:44:09.886741,04/07 13:15,5.15,0.0,,,,18.0,29.0,0.0,0.0,0.0,0.0,0.0,0.0,0.0,0.0,0.0,0.3,low,0.0,0.0,0.0,0
2026-07-26T05:44:09.904740,04/07 14:15,5.72,0.0,,,,18.0,29.0,0.0,0.0,0.0,0.0,0.0,0.0,0.0,0.0,0.0,0.3,low,0.0,0.0,0.0,0
2026-07-26T05:44:09.922740,04/07 15:15,6.1,0.0,,,,18.0,29.0,0.0,0.0,0.0,0.0,0.0,0.0,0.0,0.0,0.0,0.3,low,0.0,0.0,0.0,0
2026-07-26T05:44:09.941740,04/07 16:15,6.25,0.0,,,,18.0,29.0,0.0,0.0,0.0,0.0,0.0,0.0,0.0,0.0,0.0,0.55,high,0.0,0.0,0.0,0
2026-07-26T05:44:09.958739,04/07 17:15,6.83,0.0,,,,18.0,29.0,0.0,0.0,0.0,0.0,0.0,0.0,0.0,0.0,0.0,0.55,high,0.0,0.0,0.0,0
2026-07-26T05:44:09.975739,04/07 18:15,7.35,0.0,,,,18.0,29.0,0.0,0.0,0.0,0.0,0.0,0.0,0.0,0.0,0.0,0.55,high,0.0,0.0,0.0,0
2026-07-26T05:44:27.817594,04/07 19:15,7.92,0.0,,,,18.0,29.0,0.0,0.0,0.0,0.0,0.0,0.0,0.0,0.0,0.0,0.55,high,0.0,0.0,0.0,0
2026-07-26T05:44:27.836590,04/07 20:15,8.45,0.0,,,,18.0,29.0,0.0,0.0,0.0,0.0,0.0,0.0,0.0,0.0,0.0,0.55,high,0.0,0.0,0.0,0
2026-07-26T05:44:27.855595,04/07 21:15,8.9,0.0,,,,18.0,29.0,0.0,0.0,0.0,0.0,0.0,0.0,0.0,0.0,0.0,0.4,moderate,0.0,0.0,0.0,0
2026-07-26T05:44:27.874593,04/07 22:15,9.03,0.0,,,,18.0,29.0,0.0,0.0,0.0,0.0,0.0,0.0,0.0,0.0,0.0,0.4,moderate,0.0,0.0,0.0,0
2026-07-26T05:44:27.893590,04/07 23:15,9.4,0.0,,,,18.0,29.0,0.0,0.0,0.0,0.0,0.0,0.0,0.0,0.0,0.0,0.4,moderate,0.0,0.0,0.0,0
2026-07-26T05:44:27.911779,04/08 00:15,9.28,0.0,,,,18.0,29.0,0.0,0.0,0.0,0.0,0.0,0.0,0.0,0.0,0.0,0.34,low,0.0,0.0,0.0,0
2026-07-26T05:44:45.198594,04/08 01:15,8.9,0.0,,,,18.0,29.0,0.0,0.0,0.0,0.0,0.0,0.0,0.0,0.0,0.0,0.34,low,0.0,0.0,0.0,0
2026-07-26T05:44:45.218587,04/08 02:15,8.9,0.0,,,,18.0,29.0,0.0,0.0,0.0,0.0,0.0,0.0,0.0,0.0,0.0,0.34,low,0.0,0.0,0.0,0
2026-07-26T05:44:45.237585,04/08 03:15,8.9,0.0,,,,18.0,29.0,0.0,0.0,0.0,0.0,0.0,0.0,0.0,0.0,0.0,0.34,low,0.0,0.0,0.0,0
2026-07-26T05:44:45.254586,04/08 04:15,8.75,0.0,,,,18.0,29.0,0.0,0.0,0.0,0.0,0.0,0.0,0.0,0.0,0.0,0.34,low,0.0,0.0,0.0,0
2026-07-26T05:44:45.272587,04/08 05:15,8.3,0.0,,,,18.0,29.0,0.0,0.0,0.0,0.0,0.0,0.0,0.0,0.0,0.0,0.34,low,0.0,0.0,0.0,0
2026-07-26T05:44:45.293586,04/08 06:15,8.45,0.0,,,,18.0,29.0,0.0,0.0,0.0,0.0,0.0,0.0,0.0,0.0,0.0,0.43,moderate,0.0,0.0,0.0,0
2026-07-26T05:45:03.240393,04/08 07:15,9.03,0.0,,,,18.0,29.0,0.3764,0.094094,0.0,0.094094,0.000321,0.025792,0.168697,0.0,0.119886,0.43,moderate,0.04046,0.004668,0.045129,0
2026-07-26T05:45:03.262395,04/08 08:15,9.4,0.0,,,,18.0,29.0,0.3764,0.094094,0.0,0.094094,0.000285,0.023979,0.12566,0.0,0.118073,0.43,moderate,0.04046,0.00434,0.044801,0
2026-07-26T05:45:03.285588,04/08 09:15,9.55,52.0,20.41,19.71,21.71,18.0,29.0,0.3764,0.094094,0.0,0.094094,0.00022,0.161858,0.105242,0.0,0.255952,0.43,moderate,0.04046,0.029296,0.069757,1
2026-07-26T05:45:03.304587,04/08 10:15,10.15,52.0,21.68,20.76,23.27,18.0,29.0,0.3764,0.094094,0.0,0.094094,6.9e-05,0.052453,0.040891,0.0,0.146547,0.3,low,0.028228,0.009494,0.037722,0
2026-07-26T05:45:03.323557,04/08 11:15,10.6,52.0,22.21,21.25,23.88,18.0,29.0,0.3764,0.094094,0.110463,0.094094,0.023947,0.0,0.0,0.019588,0.094094,0.3,low,0.028228,0.0,0.028228,0
2026-07-26T05:45:03.342559,04/08 12:15,10.72,41.6,22.28,21.3,23.97,18.0,29.0,0.3764,0.094094,0.114386,0.094094,0.034312,0.0,0.0,0.028702,0.094094,0.3,low,0.028228,0.0,0.028228,0
2026-07-26T05:45:22.200308,04/08 13:15,11.1,20.8,21.9,20.96,23.57,20.0,27.0,0.3764,0.094094,0.122152,0.094094,0.039279,0.0,0.0,0.07231,0.094094,0.3,low,0.028228,0.0,0.028228,0
2026-07-26T05:45:22.220300,04/08 14:15,11.1,41.6,22.37,21.38,24.07,20.0,27.0,0.3764,0.094094,0.123418,0.094094,0.039227,0.0,0.0,0.077506,0.094094,0.3,low,0.028228,0.0,0.028228,0
2026-07-26T05:45:22.241727,04/08 15:15,10.97,52.0,22.75,21.7,24.36,20.0,27.0,0.3764,0.094094,0.125494,0.094094,0.044623,0.0,0.0,0.084101,0.094094,0.3,low,0.028228,0.0,0.028228,0
2026-07-26T05:45:22.260727,04/08 16:15,10.6,52.0,22.74,21.69,24.37,20.0,27.0,0.3764,0.094094,0.120841,0.094094,0.049255,0.0,0.0,0.050908,0.094094,0.55,high,0.051752,0.0,0.051752,0
2026-07-26T05:45:22.279726,04/08 17:15,10.6,52.0,22.38,21.34,24.12,20.0,27.0,0.3764,0.094094,0.121665,0.094094,0.052403,0.0,0.0,0.054799,0.094094,0.55,high,0.051752,0.0,0.051752,0
2026-07-26T05:45:22.297727,04/08 18:15,10.17,52.0,22.28,21.2,24.08,20.0,27.0,0.3764,0.094094,0.122003,0.094094,0.053274,0.0,0.0,0.055927,0.094094,0.55,high,0.051752,0.0,0.051752,0
2026-07-26T05:45:42.535862,04/08 19:15,8.62,26.0,21.06,20.2,22.78,20.0,26.0,0.3764,0.094094,0.0,0.094094,0.000162,0.124798,0.086728,0.0,0.218892,0.55,high,0.051752,0.022588,0.07434,0
2026-07-26T05:45:42.557863,04/08 20:15,7.92,0.0,,,,20.0,26.0,0.3764,0.094094,0.0,0.094094,0.000762,0.609085,0.448113,0.0,0.703179,0.55,high,0.051752,0.110244,0.161996,0
2026-07-26T05:45:42.577362,04/08 21:15,8.3,0.0,,,,20.0,26.0,0.0,0.0,0.0,0.0,0.0,0.0,0.0,0.0,0.0,0.4,moderate,0.0,0.0,0.0,0
2026-07-26T05:45:42.592728,04/08 22:15,8.3,0.0,,,,20.0,26.0,0.0,0.0,0.0,0.0,0.0,0.0,0.0,0.0,0.0,0.4,moderate,0.0,0.0,0.0,0
2026-07-26T05:45:42.610728,04/08 23:15,8.18,0.0,,,,20.0,26.0,0.0,0.0,0.0,0.0,0.0,0.0,0.0,0.0,0.0,0.4,moderate,0.0,0.0,0.0,0
2026-07-26T05:45:42.628733,04/09 00:15,7.8,0.0,,,,20.0,26.0,0.0,0.0,0.0,0.0,0.0,0.0,0.0,0.0,0.0,0.34,low,0.0,0.0,0.0,0
2026-07-26T05:46:00.266928,04/09 01:15,7.8,0.0,,,,18.0,28.0,0.0,0.0,0.0,0.0,0.0,0.0,0.0,0.0,0.0,0.34,low,0.0,0.0,0.0,0
2026-07-26T05:46:00.287929,04/09 02:15,7.65,0.0,,,,18.0,28.0,0.0,0.0,0.0,0.0,0.0,0.0,0.0,0.0,0.0,0.34,low,0.0,0.0,0.0,0
2026-07-26T05:46:00.308923,04/09 03:15,7.2,0.0,,,,18.0,28.0,0.0,0.0,0.0,0.0,0.0,0.0,0.0,0.0,0.0,0.34,low,0.0,0.0,0.0,0
2026-07-26T05:46:00.326924,04/09 04:15,7.08,0.0,,,,18.0,28.0,0.0,0.0,0.0,0.0,0.0,0.0,0.0,0.0,0.0,0.34,low,0.0,0.0,0.0,0
2026-07-26T05:46:00.343926,04/09 05:15,6.7,0.0,,,,18.0,28.0,0.0,0.0,0.0,0.0,0.0,0.0,0.0,0.0,0.0,0.34,low,0.0,0.0,0.0,0
2026-07-26T05:46:00.361926,04/09 06:15,6.55,0.0,,,,18.0,28.0,0.0,0.0,0.0,0.0,0.0,0.0,0.0,0.0,0.0,0.43,moderate,0.0,0.0,0.0,0
2026-07-26T05:46:17.509127,04/09 07:15,6.1,0.0,,,,18.0,29.0,0.3764,0.094094,0.0,0.094094,0.001239,0.020674,0.382445,0.0,0.114768,0.43,moderate,0.04046,0.003742,0.044202,0
2026-07-26T05:46:17.529581,04/09 08:15,5.97,0.0,,,,18.0,29.0,0.3764,0.094094,0.0,0.094094,0.003163,0.071896,0.386992,0.0,0.16599,0.43,moderate,0.04046,0.013013,0.053474,0
2026-07-26T05:46:17.550584,04/09 09:15,5.6,52.0,20.36,19.61,21.75,18.0,29.0,0.3764,0.094094,0.0,0.094094,0.001132,0.70309,0.403065,0.0,0.797184,0.43,moderate,0.04046,0.127259,0.16772,1
2026-07-26T05:46:17.569581,04/09 10:15,5.87,52.0,21.55,20.58,23.26,18.0,29.0,0.3764,0.094094,0.0,0.094094,0.000957,0.522679,0.388817,0.0,0.616773,0.3,low,0.028228,0.094605,0.122833,0
2026-07-26T05:46:17.588587,04/09 11:15,6.55,52.0,22.14,21.13,23.85,18.0,29.0,0.3764,0.094094,0.0,0.094094,0.000615,0.342254,0.28994,0.0,0.436348,0.3,low,0.028228,0.061948,0.090176,0
2026-07-26T05:46:17.605580,04/09 12:15,6.52,41.6,22.39,21.38,23.96,18.0,29.0,0.3764,0.094094,0.0,0.094094,0.000725,0.411403,0.327039,0.0,0.505497,0.3,low,0.028228,0.074464,0.102692,0
2026-07-26T05:46:35.191425,04/09 13:15,7.92,20.8,22.47,21.52,23.65,20.0,27.0,0.3764,0.094094,0.0,0.094094,0.00034,0.202589,0.185332,0.0,0.296683,0.3,low,0.028228,0.036669,0.064897,0
2026-07-26T05:46:35.211425,04/09 14:15,8.45,41.6,23.37,22.55,24.35,20.0,27.0,0.3764,0.094094,0.0,0.094094,0.000222,0.140677,0.130956,0.0,0.234771,0.3,low,0.028228,0.025463,0.053691,0
2026-07-26T05:46:35.232425,04/09 15:23,9.18,52.0,24.1,22.91,24.9,20.0,27.0,0.3764,0.094094,0.0,0.094094,9.1e-05,0.060521,0.06117,0.0,0.154615,0.3,low,0.028228,0.010954,0.039183,0
2026-07-26T05:46:35.252423,04/09 16:15,9.57,52.0,24.48,22.96,25.55,20.0,27.0,0.3764,0.094094,0.120274,0.094094,0.061069,0.0,0.0,0.042341,0.094094,0.55,high,0.051752,0.0,0.051752,0
2026-07-26T05:46:35.269424,04/09 17:15,8.18,52.0,24.16,22.55,25.07,20.0,27.0,0.3764,0.094094,0.0,0.094094,0.000123,0.084363,0.079713,0.0,0.178457,0.55,high,0.051752,0.01527,0.067021,0
2026-07-26T05:46:35.286431,04/09 18:15,7.38,52.0,23.73,22.12,24.91,20.0,27.0,0.3764,0.094094,0.0,0.094094,0.000194,0.136459,0.11727,0.0,0.230553,0.55,high,0.051752,0.024699,0.076451,0
2026-07-26T05:46:53.967361,04/09 19:23,5.4,26.0,21.87,20.74,23.45,20.0,26.0,0.3764,0.094094,0.0,0.094094,0.000553,0.37721,0.269798,0.0,0.471304,0.55,high,0.051752,0.068275,0.120027,0
2026-07-26T05:46:53.990359,04/09 20:23,3.17,0.0,,,,20.0,26.0,0.3764,0.094094,0.0,0.094094,0.001917,0.955556,0.608399,0.0,1.04965,0.55,high,0.051752,0.172956,0.224707,0
2026-07-26T05:46:54.018365,04/09 21:15,2.8,0.0,,,,20.0,26.0,0.0,0.0,0.0,0.0,0.0,0.0,0.0,0.0,0.0,0.4,moderate,0.0,0.0,0.0,0
2026-07-26T05:46:54.037855,04/09 22:15,2.8,0.0,,,,20.0,26.0,0.0,0.0,0.0,0.0,0.0,0.0,0.0,0.0,0.0,0.4,moderate,0.0,0.0,0.0,0
2026-07-26T05:46:54.053856,04/09 23:15,2.65,0.0,,,,20.0,26.0,0.0,0.0,0.0,0.0,0.0,0.0,0.0,0.0,0.0,0.4,moderate,0.0,0.0,0.0,0
2026-07-26T05:46:54.070854,04/10 00:15,2.08,0.0,,,,20.0,26.0,0.0,0.0,0.0,0.0,0.0,0.0,0.0,0.0,0.0,0.34,low,0.0,0.0,0.0,0
2026-07-26T05:47:12.073544,04/10 01:15,1.82,0.0,,,,18.0,28.0,0.0,0.0,0.0,0.0,0.0,0.0,0.0,0.0,0.0,0.34,low,0.0,0.0,0.0,0
2026-07-26T05:47:12.095543,04/10 02:15,2.08,0.0,,,,18.0,28.0,0.0,0.0,0.0,0.0,0.0,0.0,0.0,0.0,0.0,0.34,low,0.0,0.0,0.0,0
2026-07-26T05:47:12.115546,04/10 03:15,1.7,0.0,,,,18.0,28.0,0.0,0.0,0.0,0.0,0.0,0.0,0.0,0.0,0.0,0.34,low,0.0,0.0,0.0,0
2026-07-26T05:47:12.134544,04/10 04:15,1.7,0.0,,,,18.0,28.0,0.0,0.0,0.0,0.0,0.0,0.0,0.0,0.0,0.0,0.34,low,0.0,0.0,0.0,0
2026-07-26T05:47:12.151205,04/10 05:15,1.82,0.0,,,,18.0,28.0,0.0,0.0,0.0,0.0,0.0,0.0,0.0,0.0,0.0,0.34,low,0.0,0.0,0.0,0
2026-07-26T05:47:12.169197,04/10 06:23,2.9,0.0,,,,18.0,28.0,0.0,0.0,0.0,0.0,0.0,0.0,0.0,0.0,0.0,0.43,moderate,0.0,0.0,0.0,0
2026-07-26T05:47:29.531956,04/10 07:23,5.7,0.0,,,,18.0,29.0,0.3764,0.094094,0.0,0.094094,0.002727,0.167366,0.506728,0.0,0.26146,0.43,moderate,0.04046,0.030293,0.070754,0
2026-07-26T05:47:29.556958,04/10 08:23,8.35,0.0,,,,18.0,29.0,0.3764,0.094094,0.0,0.094094,0.000889,0.696653,0.252345,0.0,0.790747,0.43,moderate,0.04046,0.126094,0.166555,0
2026-07-26T05:47:29.579954,04/10 09:23,10.43,52.0,21.94,20.14,24.94,18.0,29.0,0.3764,0.094094,0.0,0.094094,9.2e-05,0.071236,0.051112,0.0,0.16533,0.43,moderate,0.04046,0.012894,0.053354,0
2026-07-26T05:47:29.601959,04/10 10:23,12.1,52.0,23.69,21.62,26.87,18.0,29.0,0.3764,0.094094,0.124573,0.094094,0.024703,0.0,0.0,0.111979,0.094094,0.3,low,0.028228,0.0,0.028228,1
2026-07-26T05:47:29.620956,04/10 11:23,13.58,52.0,24.5,22.48,27.29,18.0,29.0,0.3764,0.094094,0.157982,0.094094,0.058415,0.0,0.0,0.266303,0.094094,0.3,low,0.028228,0.0,0.028228,1
2026-07-26T05:47:29.644954,04/10 12:23,14.83,41.6,24.65,22.84,26.54,18.0,29.0,0.3764,0.094094,0.178886,0.094094,0.062262,0.0,0.0,0.376134,0.094094,0.3,low,0.028228,0.0,0.028228,1
2026-07-26T05:47:48.666786,04/10 13:23,16.25,20.8,24.24,22.73,25.04,20.0,27.0,0.3764,0.094094,0.206598,0.094094,0.068552,0.0,0.0,0.524954,0.094094,0.3,low,0.028228,0.0,0.028228,0
2026-07-26T05:47:48.688790,04/10 14:15,16.82,41.6,24.69,23.5,25.22,20.0,27.0,0.3764,0.094094,0.215267,0.094094,0.04926,0.0,0.0,0.58514,0.094094,0.3,low,0.028228,0.0,0.028228,0
2026-07-26T05:47:48.709782,04/10 15:23,17.35,52.0,25.2,24.36,26.17,20.0,27.0,0.3764,0.094094,0.226295,0.094094,0.054081,0.0,0.0,0.639338,0.094094,0.3,low,0.028228,0.0,0.028228,1
2026-07-26T05:47:48.728785,04/10 16:15,17.53,52.0,25.46,24.07,26.71,20.0,27.0,0.3764,0.094094,0.23716,0.094094,0.056756,0.0,0.0,0.694824,0.094094,0.55,high,0.051752,0.0,0.051752,1
2026-07-26T05:47:48.746784,04/10 17:15,16.42,52.0,25.17,23.51,26.38,20.0,27.0,0.3764,0.094094,0.22421,0.094094,0.06946,0.0,0.0,0.612488,0.094094,0.55,high,0.051752,0.0,0.051752,1
2026-07-26T05:47:48.765787,04/10 18:15,15.02,52.0,24.66,23.03,25.54,20.0,27.0,0.3764,0.094094,0.207496,0.094094,0.067768,0.0,0.0,0.523927,0.094094,0.55,high,0.051752,0.0,0.051752,0
2026-07-26T05:48:07.000175,04/10 19:23,13.18,26.0,22.69,21.5,23.89,20.0,26.0,0.3764,0.094094,0.170784,0.094094,0.063958,0.0,0.0,0.320077,0.094094,0.55,high,0.051752,0.0,0.051752,0
2026-07-26T05:48:07.024174,04/10 20:23,12.65,0.0,,,,20.0,26.0,0.3764,0.094094,0.153844,0.094094,0.038354,0.0,0.0,0.252567,0.094094,0.55,high,0.051752,0.0,0.051752,0
2026-07-26T05:48:07.047175,04/10 21:15,12.07,0.0,,,,20.0,26.0,0.0,0.0,0.0,0.0,0.0,0.0,0.0,0.0,0.0,0.4,moderate,0.0,0.0,0.0,0
2026-07-26T05:48:07.068182,04/10 22:15,11.55,0.0,,,,20.0,26.0,0.0,0.0,0.0,0.0,0.0,0.0,0.0,0.0,0.0,0.4,moderate,0.0,0.0,0.0,0
2026-07-26T05:48:07.087182,04/10 23:15,11.25,0.0,,,,20.0,26.0,0.0,0.0,0.0,0.0,0.0,0.0,0.0,0.0,0.0,0.4,moderate,0.0,0.0,0.0,0
2026-07-26T05:48:07.108173,04/11 00:15,11.7,0.0,,,,20.0,26.0,0.0,0.0,0.0,0.0,0.0,0.0,0.0,0.0,0.0,0.34,low,0.0,0.0,0.0,0
2026-07-26T05:48:24.737699,04/11 01:15,11.7,0.0,,,,18.0,28.0,0.0,0.0,0.0,0.0,0.0,0.0,0.0,0.0,0.0,0.34,low,0.0,0.0,0.0,0
2026-07-26T05:48:24.758698,04/11 02:15,11.42,0.0,,,,18.0,28.0,0.0,0.0,0.0,0.0,0.0,0.0,0.0,0.0,0.0,0.34,low,0.0,0.0,0.0,0
2026-07-26T05:48:24.779696,04/11 03:15,10.72,0.0,,,,18.0,28.0,0.0,0.0,0.0,0.0,0.0,0.0,0.0,0.0,0.0,0.34,low,0.0,0.0,0.0,0
2026-07-26T05:48:24.797701,04/11 04:15,11.1,0.0,,,,18.0,28.0,0.0,0.0,0.0,0.0,0.0,0.0,0.0,0.0,0.0,0.34,low,0.0,0.0,0.0,0
2026-07-26T05:48:24.815697,04/11 05:15,10.82,0.0,,,,18.0,28.0,0.0,0.0,0.0,0.0,0.0,0.0,0.0,0.0,0.0,0.34,low,0.0,0.0,0.0,0
2026-07-26T05:48:24.833697,04/11 06:23,10.55,0.0,,,,18.0,28.0,0.0,0.0,0.0,0.0,0.0,0.0,0.0,0.0,0.0,0.43,moderate,0.0,0.0,0.0,0
2026-07-26T05:48:42.237808,04/11 07:23,12.75,0.0,,,,18.0,29.0,0.3764,0.094094,0.124618,0.094094,0.020197,0.0,0.0,0.121235,0.094094,0.43,moderate,0.04046,0.0,0.04046,0
2026-07-26T05:48:42.260586,04/11 08:15,14.83,0.0,,,,18.0,29.0,0.3764,0.094094,0.157407,0.094094,0.024772,0.0,0.0,0.299248,0.094094,0.43,moderate,0.04046,0.0,0.04046,0
2026-07-26T05:48:42.284290,04/11 09:23,16.8,52.0,22.6,20.97,24.75,18.0,29.0,0.3764,0.094094,0.188934,0.094094,0.032223,0.0,0.0,0.459961,0.094094,0.43,moderate,0.04046,0.0,0.04046,0
2026-07-26T05:48:42.304012,04/11 10:23,19.17,52.0,24.36,22.52,26.79,18.0,29.0,0.3764,0.094094,0.240284,0.094094,0.067587,0.0,0.0,0.707375,0.094094,0.3,low,0.028228,0.0,0.028228,1
2026-07-26T05:48:42.322533,04/11 11:23,20.27,52.0,25.12,23.31,27.25,18.0,29.0,0.3764,0.094094,0.263288,0.094094,0.067163,0.0,0.0,0.819694,0.094094,0.3,low,0.028228,0.0,0.028228,1
2026-07-26T05:48:42.339893,04/11 12:23,21.1,41.6,25.31,23.72,26.64,18.0,29.0,0.3764,0.094094,0.286144,0.094094,0.070985,0.0,0.0,0.928544,0.094094,0.3,low,0.028228,0.0,0.028228,1
2026-07-26T05:49:01.060044,04/11 13:15,21.53,20.8,24.93,23.62,25.48,20.0,27.0,0.3764,0.094094,0.289832,0.094094,0.075479,0.0,0.0,0.941404,0.094094,0.3,low,0.028228,0.0,0.028228,0
2026-07-26T05:49:01.079050,04/11 14:15,23.08,41.6,25.41,24.49,25.99,20.0,27.0,0.3764,0.094094,0.320025,0.094094,0.078668,0.0,0.0,1.08813,0.094094,0.3,low,0.028228,0.0,0.028228,0
2026-07-26T05:49:01.099045,04/11 15:23,23.75,52.0,25.82,25.01,26.3,20.0,27.0,0.3764,0.094094,0.342006,0.094094,0.08026,0.0,0.0,1.187774,0.094094,0.3,low,0.028228,0.0,0.028228,1
2026-07-26T05:49:01.119622,04/11 16:15,23.3,52.0,25.96,24.68,26.58,20.0,27.0,0.3764,0.094094,0.333728,0.094094,0.079395,0.0,0.0,1.148732,0.094094,0.55,high,0.051752,0.0,0.051752,1
2026-07-26T05:49:01.138062,04/11 17:15,23.03,52.0,25.68,24.14,26.69,20.0,27.0,0.3764,0.094094,0.334243,0.094094,0.079382,0.0,0.0,1.152202,0.094094,0.55,high,0.051752,0.0,0.051752,1
2026-07-26T05:49:01.156060,04/11 18:15,21.92,52.0,25.23,23.68,26.04,20.0,27.0,0.3764,0.094094,0.315255,0.094094,0.077732,0.0,0.0,1.063045,0.094094,0.55,high,0.051752,0.0,0.051752,1
2026-07-26T05:49:20.008913,04/11 19:23,20.83,26.0,23.38,22.24,24.09,20.0,25.0,0.3764,0.094094,0.292237,0.094094,0.076125,0.0,0.0,0.952098,0.094094,0.55,high,0.051752,0.0,0.051752,0
2026-07-26T05:49:20.035910,04/11 20:23,19.73,0.0,,,,20.0,25.0,0.3764,0.094094,0.269572,0.094094,0.074518,0.0,0.0,0.840218,0.094094,0.55,high,0.051752,0.0,0.051752,0
2026-07-26T05:49:20.056909,04/11 21:15,18.9,0.0,,,,20.0,25.0,0.0,0.0,0.0,0.0,0.0,0.0,0.0,0.0,0.0,0.4,moderate,0.0,0.0,0.0,0
2026-07-26T05:49:20.077909,04/11 22:15,18.75,0.0,,,,20.0,25.0,0.0,0.0,0.0,0.0,0.0,0.0,0.0,0.0,0.0,0.4,moderate,0.0,0.0,0.0,0
2026-07-26T05:49:20.096909,04/11 23:15,18.3,0.0,,,,20.0,25.0,0.0,0.0,0.0,0.0,0.0,0.0,0.0,0.0,0.0,0.4,moderate,0.0,0.0,0.0,0
2026-07-26T05:49:20.119910,04/12 00:15,18.3,0.0,,,,20.0,25.0,0.0,0.0,0.0,0.0,0.0,0.0,0.0,0.0,0.0,0.34,low,0.0,0.0,0.0,0
2026-07-26T05:49:38.095040,04/12 01:15,18.45,0.0,,,,18.0,27.0,0.0,0.0,0.0,0.0,0.0,0.0,0.0,0.0,0.0,0.34,low,0.0,0.0,0.0,0
2026-07-26T05:49:38.118048,04/12 02:15,18.75,0.0,,,,18.0,27.0,0.0,0.0,0.0,0.0,0.0,0.0,0.0,0.0,0.0,0.34,low,0.0,0.0,0.0,0
2026-07-26T05:49:38.140040,04/12 03:15,18.03,0.0,,,,18.0,27.0,0.0,0.0,0.0,0.0,0.0,0.0,0.0,0.0,0.0,0.34,low,0.0,0.0,0.0,0
2026-07-26T05:49:38.161039,04/12 04:15,17.07,0.0,,,,18.0,27.0,0.0,0.0,0.0,0.0,0.0,0.0,0.0,0.0,0.0,0.34,low,0.0,0.0,0.0,0
2026-07-26T05:49:38.180125,04/12 05:15,16.42,0.0,,,,18.0,27.0,0.0,0.0,0.0,0.0,0.0,0.0,0.0,0.0,0.0,0.34,low,0.0,0.0,0.0,0
2026-07-26T05:49:38.202166,04/12 06:23,15.6,0.0,,,,18.0,27.0,0.0,0.0,0.0,0.0,0.0,0.0,0.0,0.0,0.0,0.43,moderate,0.0,0.0,0.0,0
2026-07-26T05:49:55.647829,04/12 07:15,15.72,0.0,,,,18.0,29.0,0.3764,0.094094,0.212016,0.094094,0.046177,0.0,0.0,0.573635,0.094094,0.43,moderate,0.04046,0.0,0.04046,0
2026-07-26T05:49:55.671826,04/12 08:15,16.25,0.0,,,,18.0,29.0,0.3764,0.094094,0.228407,0.094094,0.042181,0.0,0.0,0.671583,0.094094,0.43,moderate,0.04046,0.0,0.04046,0
2026-07-26T05:49:55.693831,04/12 09:23,16.55,52.0,21.81,20.91,22.53,18.0,29.0,0.3764,0.094094,0.244935,0.094094,0.046641,0.0,0.0,0.742266,0.094094,0.43,moderate,0.04046,0.0,0.04046,0
2026-07-26T05:49:55.714826,04/12 10:15,16.1,52.0,23.15,22.15,24.05,18.0,29.0,0.3764,0.094094,0.231704,0.094094,0.057242,0.0,0.0,0.659635,0.094094,0.3,low,0.028228,0.0,0.028228,0
2026-07-26T05:49:55.733833,04/12 11:15,15.98,52.0,23.73,22.73,24.66,18.0,29.0,0.3764,0.094094,0.234508,0.094094,0.065463,0.0,0.0,0.672904,0.094094,0.3,low,0.028228,0.0,0.028228,0
2026-07-26T05:49:55.752827,04/12 12:15,14.9,41.6,23.8,22.81,24.77,18.0,29.0,0.3764,0.094094,0.227106,0.094094,0.071954,0.0,0.0,0.627701,0.094094,0.3,low,0.028228,0.0,0.028228,0
2026-07-26T05:50:15.490460,04/12 13:15,12.53,20.8,23.32,22.36,24.39,20.0,27.0,0.3764,0.094094,0.158965,0.094094,0.063342,0.0,0.0,0.252995,0.094094,0.3,low,0.028228,0.0,0.028228,0
2026-07-26T05:50:15.510458,04/12 14:15,11.55,41.6,23.59,22.61,24.85,20.0,27.0,0.3764,0.094094,0.143041,0.094094,0.05925,0.0,0.0,0.170124,0.094094,0.3,low,0.028228,0.0,0.028228,0
2026-07-26T05:50:15.530457,04/12 15:15,10.97,52.0,23.67,22.67,25.06,20.0,27.0,0.3764,0.094094,0.13524,0.094094,0.059175,0.0,0.0,0.125809,0.094094,0.3,low,0.028228,0.0,0.028228,0
2026-07-26T05:50:15.549458,04/12 16:15,10.45,52.0,23.46,22.47,24.97,20.0,27.0,0.3764,0.094094,0.128442,0.094094,0.058833,0.0,0.0,0.086759,0.094094,0.55,high,0.051752,0.0,0.051752,0
2026-07-26T05:50:15.568466,04/12 17:15,9.85,52.0,22.91,21.87,24.61,20.0,27.0,0.3764,0.094094,0.119646,0.094094,0.056452,0.0,0.0,0.036656,0.094094,0.55,high,0.051752,0.0,0.051752,0
2026-07-26T05:50:15.588457,04/12 18:15,9.12,52.0,22.57,21.48,24.46,20.0,27.0,0.3764,0.094094,0.0,0.094094,2.4e-05,0.01876,0.015533,0.0,0.112854,0.55,high,0.051752,0.003396,0.055147,0
2026-07-26T05:50:33.972800,04/12 19:15,8.3,26.0,21.26,20.38,23.05,20.0,26.0,0.3764,0.094094,0.0,0.094094,0.000231,0.183032,0.116457,0.0,0.277126,0.55,high,0.051752,0.033129,0.08488,0
2026-07-26T05:50:33.996798,04/12 20:15,8.45,0.0,,,,20.0,26.0,0.3764,0.094094,0.0,0.094094,0.000488,0.394015,0.285416,0.0,0.488109,0.55,high,0.051752,0.071317,0.123068,0
2026-07-26T05:50:34.014799,04/12 21:15,8.75,0.0,,,,20.0,26.0,0.0,0.0,0.0,0.0,0.0,0.0,0.0,0.0,0.0,0.4,moderate,0.0,0.0,0.0,0
2026-07-26T05:50:34.033800,04/12 22:15,8.45,0.0,,,,20.0,26.0,0.0,0.0,0.0,0.0,0.0,0.0,0.0,0.0,0.0,0.4,moderate,0.0,0.0,0.0,0
2026-07-26T05:50:34.052798,04/12 23:15,8.75,0.0,,,,20.0,26.0,0.0,0.0,0.0,0.0,0.0,0.0,0.0,0.0,0.0,0.4,moderate,0.0,0.0,0.0,0
2026-07-26T05:50:34.069798,04/13 00:15,7.9,0.0,,,,20.0,26.0,0.0,0.0,0.0,0.0,0.0,0.0,0.0,0.0,0.0,0.34,low,0.0,0.0,0.0,0
2026-07-26T05:50:51.848223,04/13 01:15,6.7,0.0,,,,18.0,28.0,0.0,0.0,0.0,0.0,0.0,0.0,0.0,0.0,0.0,0.34,low,0.0,0.0,0.0,0
2026-07-26T05:50:51.869221,04/13 02:15,6.7,0.0,,,,18.0,28.0,0.0,0.0,0.0,0.0,0.0,0.0,0.0,0.0,0.0,0.34,low,0.0,0.0,0.0,0
2026-07-26T05:50:51.887222,04/13 03:15,6.43,0.0,,,,18.0,28.0,0.0,0.0,0.0,0.0,0.0,0.0,0.0,0.0,0.0,0.34,low,0.0,0.0,0.0,0
2026-07-26T05:50:51.907222,04/13 04:15,5.87,0.0,,,,18.0,28.0,0.0,0.0,0.0,0.0,0.0,0.0,0.0,0.0,0.0,0.34,low,0.0,0.0,0.0,0
2026-07-26T05:50:51.925221,04/13 05:15,6.83,0.0,,,,18.0,28.0,0.0,0.0,0.0,0.0,0.0,0.0,0.0,0.0,0.0,0.34,low,0.0,0.0,0.0,0
2026-07-26T05:50:51.942222,04/13 06:23,7.48,0.0,,,,18.0,28.0,0.0,0.0,0.0,0.0,0.0,0.0,0.0,0.0,0.0,0.43,moderate,0.0,0.0,0.0,0
2026-07-26T05:51:09.415165,04/13 07:20,8.73,0.0,,,,18.0,29.0,0.0,0.0,0.0,0.0,0.0,0.0,0.0,0.0,0.0,0.43,moderate,0.0,0.0,0.0,0
2026-07-26T05:51:09.439170,04/13 08:20,10.43,0.0,,,,18.0,29.0,0.0,0.0,0.0,0.0,0.0,0.0,0.0,0.0,0.0,0.43,moderate,0.0,0.0,0.0,0
2026-07-26T05:51:09.459165,04/13 09:23,12.1,0.0,,,,18.0,29.0,0.0,0.0,0.0,0.0,0.0,0.0,0.0,0.0,0.0,0.43,moderate,0.0,0.0,0.0,0
2026-07-26T05:51:09.479179,04/13 10:15,13.58,0.0,,,,18.0,29.0,0.0,0.0,0.0,0.0,0.0,0.0,0.0,0.0,0.0,0.3,low,0.0,0.0,0.0,0
2026-07-26T05:51:09.500174,04/13 11:15,14.7,0.0,,,,18.0,29.0,0.0,0.0,0.0,0.0,0.0,0.0,0.0,0.0,0.0,0.3,low,0.0,0.0,0.0,0
2026-07-26T05:51:09.518164,04/13 12:15,15.88,0.0,,,,18.0,29.0,0.0,0.0,0.0,0.0,0.0,0.0,0.0,0.0,0.0,0.3,low,0.0,0.0,0.0,0
2026-07-26T05:51:27.407991,04/13 13:23,16.55,0.0,,,,18.0,29.0,0.0,0.0,0.0,0.0,0.0,0.0,0.0,0.0,0.0,0.3,low,0.0,0.0,0.0,0
2026-07-26T05:51:27.428990,04/13 14:15,16.1,0.0,,,,18.0,29.0,0.0,0.0,0.0,0.0,0.0,0.0,0.0,0.0,0.0,0.3,low,0.0,0.0,0.0,0
2026-07-26T05:51:27.448990,04/13 15:15,16.1,0.0,,,,18.0,29.0,0.0,0.0,0.0,0.0,0.0,0.0,0.0,0.0,0.0,0.3,low,0.0,0.0,0.0,0
2026-07-26T05:51:27.467994,04/13 16:15,15.98,0.0,,,,18.0,29.0,0.0,0.0,0.0,0.0,0.0,0.0,0.0,0.0,0.0,0.55,high,0.0,0.0,0.0,0
2026-07-26T05:51:27.485996,04/13 17:15,14.9,0.0,,,,18.0,29.0,0.0,0.0,0.0,0.0,0.0,0.0,0.0,0.0,0.0,0.55,high,0.0,0.0,0.0,0
2026-07-26T05:51:27.505990,04/13 18:23,12.38,0.0,,,,18.0,29.0,0.0,0.0,0.0,0.0,0.0,0.0,0.0,0.0,0.0,0.55,high,0.0,0.0,0.0,0
2026-07-26T05:51:45.977612,04/13 19:15,10.82,0.0,,,,18.0,29.0,0.0,0.0,0.0,0.0,0.0,0.0,0.0,0.0,0.0,0.55,high,0.0,0.0,0.0,0
2026-07-26T05:51:45.998608,04/13 20:15,9.85,0.0,,,,18.0,29.0,0.0,0.0,0.0,0.0,0.0,0.0,0.0,0.0,0.0,0.55,high,0.0,0.0,0.0,0
2026-07-26T05:51:46.018611,04/13 21:15,9.28,0.0,,,,18.0,29.0,0.0,0.0,0.0,0.0,0.0,0.0,0.0,0.0,0.0,0.4,moderate,0.0,0.0,0.0,0
2026-07-26T05:51:46.037610,04/13 22:15,8.75,0.0,,,,18.0,29.0,0.0,0.0,0.0,0.0,0.0,0.0,0.0,0.0,0.0,0.4,moderate,0.0,0.0,0.0,0
2026-07-26T05:51:46.057608,04/13 23:15,8.18,0.0,,,,18.0,29.0,0.0,0.0,0.0,0.0,0.0,0.0,0.0,0.0,0.0,0.4,moderate,0.0,0.0,0.0,0
2026-07-26T05:51:46.074608,04/14 00:15,7.52,0.0,,,,18.0,29.0,0.0,0.0,0.0,0.0,0.0,0.0,0.0,0.0,0.0,0.34,low,0.0,0.0,0.0,0
2026-07-26T05:52:03.963051,04/14 01:15,6.55,0.0,,,,18.0,29.0,0.0,0.0,0.0,0.0,0.0,0.0,0.0,0.0,0.0,0.34,low,0.0,0.0,0.0,0
2026-07-26T05:52:03.985052,04/14 02:15,6.25,0.0,,,,18.0,29.0,0.0,0.0,0.0,0.0,0.0,0.0,0.0,0.0,0.0,0.34,low,0.0,0.0,0.0,0
2026-07-26T05:52:04.004047,04/14 03:15,6.98,0.0,,,,18.0,29.0,0.0,0.0,0.0,0.0,0.0,0.0,0.0,0.0,0.0,0.34,low,0.0,0.0,0.0,0
2026-07-26T05:52:04.022052,04/14 04:15,7.8,0.0,,,,18.0,29.0,0.0,0.0,0.0,0.0,0.0,0.0,0.0,0.0,0.0,0.34,low,0.0,0.0,0.0,0
2026-07-26T05:52:04.041048,04/14 05:15,7.52,0.0,,,,18.0,29.0,0.0,0.0,0.0,0.0,0.0,0.0,0.0,0.0,0.0,0.34,low,0.0,0.0,0.0,0
2026-07-26T05:52:04.059048,04/14 06:23,7.8,0.0,,,,18.0,29.0,0.0,0.0,0.0,0.0,0.0,0.0,0.0,0.0,0.0,0.43,moderate,0.0,0.0,0.0,0
2026-07-26T05:52:22.003148,04/14 07:20,12.07,0.0,,,,18.0,29.0,0.0,0.0,0.0,0.0,0.0,0.0,0.0,0.0,0.0,0.43,moderate,0.0,0.0,0.0,0
2026-07-26T05:52:22.026144,04/14 08:20,15.55,0.0,,,,18.0,29.0,0.0,0.0,0.0,0.0,0.0,0.0,0.0,0.0,0.0,0.43,moderate,0.0,0.0,0.0,0
2026-07-26T05:52:22.049143,04/14 09:23,17.62,0.0,,,,18.0,29.0,0.0,0.0,0.0,0.0,0.0,0.0,0.0,0.0,0.0,0.43,moderate,0.0,0.0,0.0,0
2026-07-26T05:52:22.070148,04/14 10:23,19.32,0.0,,,,18.0,29.0,0.0,0.0,0.0,0.0,0.0,0.0,0.0,0.0,0.0,0.3,low,0.0,0.0,0.0,0
2026-07-26T05:52:22.089145,04/14 11:23,21.0,0.0,,,,18.0,29.0,0.0,0.0,0.0,0.0,0.0,0.0,0.0,0.0,0.0,0.3,low,0.0,0.0,0.0,0
2026-07-26T05:52:22.107144,04/14 12:23,22.35,0.0,,,,18.0,29.0,0.0,0.0,0.0,0.0,0.0,0.0,0.0,0.0,0.0,0.3,low,0.0,0.0,0.0,0
2026-07-26T05:52:40.450737,04/14 13:23,23.08,0.0,,,,18.0,29.0,0.0,0.0,0.0,0.0,0.0,0.0,0.0,0.0,0.0,0.3,low,0.0,0.0,0.0,0
2026-07-26T05:52:40.473072,04/14 14:15,23.9,0.0,,,,18.0,29.0,0.0,0.0,0.0,0.0,0.0,0.0,0.0,0.0,0.0,0.3,low,0.0,0.0,0.0,0
2026-07-26T05:52:40.494062,04/14 15:23,23.9,0.0,,,,18.0,29.0,0.0,0.0,0.0,0.0,0.0,0.0,0.0,0.0,0.0,0.3,low,0.0,0.0,0.0,0
2026-07-26T05:52:40.511357,04/14 16:15,24.02,0.0,,,,18.0,29.0,0.0,0.0,0.0,0.0,0.0,0.0,0.0,0.0,0.0,0.55,high,0.0,0.0,0.0,0
2026-07-26T05:52:40.529498,04/14 17:15,24.12,0.0,,,,18.0,29.0,0.0,0.0,0.0,0.0,0.0,0.0,0.0,0.0,0.0,0.55,high,0.0,0.0,0.0,0
2026-07-26T05:52:40.547501,04/14 18:23,23.03,0.0,,,,18.0,29.0,0.0,0.0,0.0,0.0,0.0,0.0,0.0,0.0,0.0,0.55,high,0.0,0.0,0.0,0
2026-07-26T05:52:58.421959,04/14 19:23,22.2,0.0,,,,18.0,29.0,0.0,0.0,0.0,0.0,0.0,0.0,0.0,0.0,0.0,0.55,high,0.0,0.0,0.0,0
2026-07-26T05:52:58.442963,04/14 20:15,21.92,0.0,,,,18.0,29.0,0.0,0.0,0.0,0.0,0.0,0.0,0.0,0.0,0.0,0.55,high,0.0,0.0,0.0,0
2026-07-26T05:52:58.460955,04/14 21:15,20.98,0.0,,,,18.0,29.0,0.0,0.0,0.0,0.0,0.0,0.0,0.0,0.0,0.0,0.4,moderate,0.0,0.0,0.0,0
2026-07-26T05:52:58.478956,04/14 22:15,20.45,0.0,,,,18.0,29.0,0.0,0.0,0.0,0.0,0.0,0.0,0.0,0.0,0.0,0.4,moderate,0.0,0.0,0.0,0
2026-07-26T05:52:58.496544,04/14 23:15,20.0,0.0,,,,18.0,29.0,0.0,0.0,0.0,0.0,0.0,0.0,0.0,0.0,0.0,0.4,moderate,0.0,0.0,0.0,0
2026-07-26T05:52:58.513839,04/15 00:15,20.0,0.0,,,,18.0,29.0,0.0,0.0,0.0,0.0,0.0,0.0,0.0,0.0,0.0,0.34,low,0.0,0.0,0.0,0
2026-07-26T05:53:16.628402,04/15 01:15,19.85,0.0,,,,18.0,29.0,0.0,0.0,0.0,0.0,0.0,0.0,0.0,0.0,0.0,0.34,low,0.0,0.0,0.0,0
2026-07-26T05:53:16.650408,04/15 02:15,19.12,0.0,,,,18.0,29.0,0.0,0.0,0.0,0.0,0.0,0.0,0.0,0.0,0.0,0.34,low,0.0,0.0,0.0,0
2026-07-26T05:53:16.671400,04/15 03:15,18.18,0.0,,,,18.0,29.0,0.0,0.0,0.0,0.0,0.0,0.0,0.0,0.0,0.0,0.34,low,0.0,0.0,0.0,0
2026-07-26T05:53:16.689402,04/15 04:15,17.53,0.0,,,,18.0,29.0,0.0,0.0,0.0,0.0,0.0,0.0,0.0,0.0,0.0,0.34,low,0.0,0.0,0.0,0
2026-07-26T05:53:16.707402,04/15 05:15,16.97,0.0,,,,18.0,29.0,0.0,0.0,0.0,0.0,0.0,0.0,0.0,0.0,0.0,0.34,low,0.0,0.0,0.0,0
2026-07-26T05:53:16.725401,04/15 06:23,18.35,0.0,,,,18.0,29.0,0.0,0.0,0.0,0.0,0.0,0.0,0.0,0.0,0.0,0.43,moderate,0.0,0.0,0.0,0
2026-07-26T05:53:34.173387,04/15 07:23,20.27,0.0,,,,18.0,29.0,0.3764,0.094094,0.324055,0.094094,0.05407,0.0,0.0,1.150717,0.094094,0.43,moderate,0.04046,0.0,0.04046,0
2026-07-26T05:53:34.196372,04/15 08:23,21.65,0.0,,,,18.0,29.0,0.3764,0.094094,0.348576,0.094094,0.056065,0.0,0.0,1.264616,0.094094,0.43,moderate,0.04046,0.0,0.04046,0
2026-07-26T05:53:34.219372,04/15 09:23,23.88,52.0,23.42,21.76,25.66,18.0,29.0,0.3764,0.094094,0.429139,0.094094,0.076247,0.0,0.0,1.626259,0.094094,0.43,moderate,0.04046,0.0,0.04046,0
2026-07-26T05:53:34.242369,04/15 10:23,26.0,52.0,25.17,23.29,27.69,18.0,29.0,0.3764,0.094094,0.503271,0.094094,0.098609,0.0,0.0,1.925608,0.094094,0.3,low,0.028228,0.0,0.028228,1
2026-07-26T05:53:34.264369,04/15 11:23,27.47,52.0,25.92,24.07,28.13,18.0,29.0,0.3764,0.094094,0.564974,0.094094,0.111356,0.0,0.0,2.176993,0.094094,0.3,low,0.028228,0.0,0.028228,1
2026-07-26T05:53:34.287368,04/15 12:23,28.73,41.6,26.05,24.4,27.44,18.0,29.0,0.3764,0.094094,0.588272,0.094094,0.112673,0.0,0.0,2.256541,0.094094,0.3,low,0.028228,0.0,0.028228,1
2026-07-26T05:53:53.412250,04/15 13:15,30.15,20.8,25.73,24.34,26.39,20.0,27.0,0.3764,0.094094,0.602589,0.094094,0.112317,0.0,0.0,2.281893,0.094094,0.3,low,0.028228,0.0,0.028228,1
2026-07-26T05:53:53.434262,04/15 14:15,30.73,41.6,26.21,25.26,26.9,20.0,27.0,0.3764,0.094094,0.54891,0.094094,0.10451,0.0,0.0,2.037606,0.094094,0.3,low,0.028228,0.0,0.028228,1
2026-07-26T05:53:53.457260,04/15 15:23,30.98,52.0,26.55,25.86,27.0,20.0,27.0,0.3809,0.095226,0.584226,0.095226,0.103843,0.0,0.0,2.187873,0.095226,0.3,low,0.028568,0.0,0.028568,1
2026-07-26T05:53:53.477270,04/15 16:15,30.45,52.0,26.59,25.53,27.0,20.0,27.0,0.3823,0.095579,0.592436,0.095579,0.102948,0.0,0.0,2.234535,0.095579,0.55,high,0.052568,0.0,0.052568,1
2026-07-26T05:53:53.496559,04/15 17:15,29.73,52.0,26.31,24.98,27.0,20.0,27.0,0.3791,0.094781,0.550818,0.094781,0.10153,0.0,0.0,2.059298,0.094781,0.55,high,0.05213,0.0,0.05213,1
2026-07-26T05:53:53.517570,04/15 18:15,28.47,52.0,25.95,24.5,26.66,20.0,27.0,0.3764,0.094094,0.495665,0.094094,0.099026,0.0,0.0,1.837435,0.094094,0.55,high,0.051752,0.0,0.051752,1
2026-07-26T05:54:12.456433,04/15 19:23,26.92,26.0,24.09,23.03,24.64,20.0,25.0,0.3764,0.094094,0.494059,0.094094,0.100909,0.0,0.0,1.858158,0.094094,0.55,high,0.051752,0.0,0.051752,0
2026-07-26T05:54:12.479434,04/15 20:23,25.98,0.0,,,,20.0,25.0,0.3764,0.094094,0.501709,0.094094,0.10347,0.0,0.0,1.909521,0.094094,0.55,high,0.051752,0.0,0.051752,0
2026-07-26T05:54:12.497433,04/15 21:15,25.3,0.0,,,,20.0,25.0,0.0,0.0,0.0,0.0,0.0,0.0,0.0,0.0,0.0,0.4,moderate,0.0,0.0,0.0,0
2026-07-26T05:54:12.515432,04/15 22:15,24.27,0.0,,,,20.0,25.0,0.0,0.0,0.0,0.0,0.0,0.0,0.0,0.0,0.0,0.4,moderate,0.0,0.0,0.0,0
2026-07-26T05:54:12.532432,04/15 23:15,23.75,0.0,,,,20.0,25.0,0.0,0.0,0.0,0.0,0.0,0.0,0.0,0.0,0.0,0.4,moderate,0.0,0.0,0.0,0
2026-07-26T05:54:12.549433,04/16 00:15,23.18,0.0,,,,20.0,25.0,0.0,0.0,0.0,0.0,0.0,0.0,0.0,0.0,0.0,0.34,low,0.0,0.0,0.0,0
2026-07-26T05:54:30.141822,04/16 01:15,22.53,0.0,,,,18.0,27.0,0.0,0.0,0.0,0.0,0.0,0.0,0.0,0.0,0.0,0.34,low,0.0,0.0,0.0,0
2026-07-26T05:54:30.162965,04/16 02:15,21.55,0.0,,,,18.0,27.0,0.0,0.0,0.0,0.0,0.0,0.0,0.0,0.0,0.0,0.34,low,0.0,0.0,0.0,0
2026-07-26T05:54:30.183452,04/16 03:15,21.1,0.0,,,,18.0,27.0,0.0,0.0,0.0,0.0,0.0,0.0,0.0,0.0,0.0,0.34,low,0.0,0.0,0.0,0
2026-07-26T05:54:30.203746,04/16 04:15,20.98,0.0,,,,18.0,27.0,0.0,0.0,0.0,0.0,0.0,0.0,0.0,0.0,0.0,0.34,low,0.0,0.0,0.0,0
2026-07-26T05:54:30.223497,04/16 05:15,20.45,0.0,,,,18.0,27.0,0.0,0.0,0.0,0.0,0.0,0.0,0.0,0.0,0.0,0.34,low,0.0,0.0,0.0,0
2026-07-26T05:54:30.240502,04/16 06:23,20.43,0.0,,,,18.0,27.0,0.0,0.0,0.0,0.0,0.0,0.0,0.0,0.0,0.0,0.43,moderate,0.0,0.0,0.0,0
2026-07-26T05:54:47.871185,04/16 07:23,22.1,0.0,,,,18.0,29.0,0.3764,0.094094,0.42476,0.094094,0.079005,0.0,0.0,1.625407,0.094094,0.43,moderate,0.04046,0.0,0.04046,0
2026-07-26T05:54:47.896177,04/16 08:23,23.58,0.0,,,,18.0,29.0,0.3764,0.094094,0.477917,0.094094,0.081994,0.0,0.0,1.861014,0.094094,0.43,moderate,0.04046,0.0,0.04046,0
2026-07-26T05:54:47.919180,04/16 09:23,24.7,52.0,23.83,21.98,26.49,18.0,29.0,0.3764,0.094094,0.505002,0.094094,0.093197,0.0,0.0,1.958852,0.094094,0.43,moderate,0.04046,0.0,0.04046,1
2026-07-26T05:54:47.942178,04/16 10:23,26.0,52.0,25.44,23.45,28.21,18.0,29.0,0.3764,0.094094,0.561395,0.094094,0.111998,0.0,0.0,2.182593,0.094094,0.3,low,0.028228,0.0,0.028228,1
2026-07-26T05:54:47.963179,04/16 11:23,27.47,52.0,26.12,24.23,28.4,18.0,29.0,0.3764,0.094094,0.597834,0.094094,0.115364,0.0,0.0,2.320383,0.094094,0.3,low,0.028228,0.0,0.028228,1
2026-07-26T05:54:47.984181,04/16 12:15,28.73,41.6,26.23,24.59,27.63,18.0,29.0,0.3764,0.094094,0.589345,0.094094,0.112646,0.0,0.0,2.260025,0.094094,0.3,low,0.028228,0.0,0.028228,1
2026-07-26T05:55:06.238300,04/16 13:15,30.15,20.8,25.83,24.46,26.53,20.0,27.0,0.3764,0.094094,0.615255,0.094094,0.113861,0.0,0.0,2.336109,0.094094,0.3,low,0.028228,0.0,0.028228,1
2026-07-26T05:55:06.259839,04/16 14:15,30.6,41.6,26.27,25.33,26.99,20.0,27.0,0.3764,0.094094,0.600096,0.094094,0.110907,0.0,0.0,2.257411,0.094094,0.3,low,0.028228,0.0,0.028228,1
2026-07-26T05:55:06.279356,04/16 15:15,30.45,52.0,26.55,25.91,27.0,20.0,27.0,0.3807,0.095184,0.597955,0.095184,0.106079,0.0,0.0,2.253724,0.095184,0.3,low,0.028555,0.0,0.028555,1
2026-07-26T05:55:06.298354,04/16 16:15,30.0,52.0,26.47,25.57,27.0,20.0,27.0,0.3768,0.0942,0.538779,0.0942,0.103005,0.0,0.0,2.003361,0.0942,0.55,high,0.05181,0.0,0.05181,1
2026-07-26T05:55:06.317838,04/16 17:15,29.73,52.0,25.77,24.88,26.34,20.0,27.0,0.3764,0.094094,0.534737,0.094094,0.103005,0.0,0.0,1.990643,0.094094,0.55,high,0.051752,0.0,0.051752,1
2026-07-26T05:55:06.336829,04/16 18:15,28.62,52.0,25.26,24.37,25.83,20.0,27.0,0.3764,0.094094,0.493199,0.094094,0.099002,0.0,0.0,1.825471,0.094094,0.55,high,0.051752,0.0,0.051752,0
2026-07-26T05:55:25.864080,04/16 19:15,27.38,26.0,23.74,22.93,24.3,20.0,26.0,0.3764,0.094094,0.479895,0.094094,0.0989,0.0,0.0,1.78444,0.094094,0.55,high,0.051752,0.0,0.051752,0
2026-07-26T05:55:25.886647,04/16 20:23,25.83,0.0,,,,20.0,26.0,0.3764,0.094094,0.481344,0.094094,0.101031,0.0,0.0,1.815997,0.094094,0.55,high,0.051752,0.0,0.051752,0
2026-07-26T05:55:25.907110,04/16 21:15,24.85,0.0,,,,20.0,26.0,0.0,0.0,0.0,0.0,0.0,0.0,0.0,0.0,0.0,0.4,moderate,0.0,0.0,0.0,0
2026-07-26T05:55:25.925080,04/16 22:15,24.27,0.0,,,,20.0,26.0,0.0,0.0,0.0,0.0,0.0,0.0,0.0,0.0,0.0,0.4,moderate,0.0,0.0,0.0,0
2026-07-26T05:55:25.943655,04/16 23:15,23.62,0.0,,,,20.0,26.0,0.0,0.0,0.0,0.0,0.0,0.0,0.0,0.0,0.0,0.4,moderate,0.0,0.0,0.0,0
2026-07-26T05:55:25.960409,04/17 00:15,22.65,0.0,,,,20.0,26.0,0.0,0.0,0.0,0.0,0.0,0.0,0.0,0.0,0.0,0.34,low,0.0,0.0,0.0,0
2026-07-26T05:55:44.330605,04/17 01:15,22.2,0.0,,,,18.0,28.0,0.0,0.0,0.0,0.0,0.0,0.0,0.0,0.0,0.0,0.34,low,0.0,0.0,0.0,0
2026-07-26T05:55:44.350597,04/17 02:15,22.2,0.0,,,,18.0,28.0,0.0,0.0,0.0,0.0,0.0,0.0,0.0,0.0,0.0,0.34,low,0.0,0.0,0.0,0
2026-07-26T05:55:44.369595,04/17 03:15,21.38,0.0,,,,18.0,28.0,0.0,0.0,0.0,0.0,0.0,0.0,0.0,0.0,0.0,0.34,low,0.0,0.0,0.0,0
2026-07-26T05:55:44.387595,04/17 04:15,18.9,0.0,,,,18.0,28.0,0.0,0.0,0.0,0.0,0.0,0.0,0.0,0.0,0.0,0.34,low,0.0,0.0,0.0,0
2026-07-26T05:55:44.406594,04/17 05:15,19.02,0.0,,,,18.0,28.0,0.0,0.0,0.0,0.0,0.0,0.0,0.0,0.0,0.0,0.34,low,0.0,0.0,0.0,0
2026-07-26T05:55:44.426596,04/17 06:23,19.7,0.0,,,,18.0,28.0,0.0,0.0,0.0,0.0,0.0,0.0,0.0,0.0,0.0,0.43,moderate,0.0,0.0,0.0,0
2026-07-26T05:56:01.716507,04/17 07:23,20.73,0.0,,,,18.0,29.0,0.3764,0.094094,0.383818,0.094094,0.072851,0.0,0.0,1.436102,0.094094,0.43,moderate,0.04046,0.0,0.04046,0
2026-07-26T05:56:01.740504,04/17 08:15,21.53,0.0,,,,18.0,29.0,0.3764,0.094094,0.414297,0.094094,0.073898,0.0,0.0,1.580655,0.094094,0.43,moderate,0.04046,0.0,0.04046,0
2026-07-26T05:56:01.764504,04/17 09:23,23.08,52.0,23.42,21.97,24.99,18.0,29.0,0.3764,0.094094,0.487666,0.094094,0.090723,0.0,0.0,1.903556,0.094094,0.43,moderate,0.04046,0.0,0.04046,0
2026-07-26T05:56:01.785509,04/17 10:23,24.17,52.0,24.86,23.42,26.02,18.0,29.0,0.3764,0.094094,0.524245,0.094094,0.107091,0.0,0.0,2.041761,0.094094,0.3,low,0.028228,0.0,0.028228,1
2026-07-26T05:56:01.807504,04/17 11:23,25.43,52.0,25.71,24.18,27.07,18.0,29.0,0.3764,0.094094,0.529533,0.094094,0.108457,0.0,0.0,2.053005,0.094094,0.3,low,0.028228,0.0,0.028228,1
2026-07-26T05:56:01.826502,04/17 12:15,26.82,41.6,25.88,24.41,26.84,18.0,29.0,0.3764,0.094094,0.550595,0.094094,0.109415,0.0,0.0,2.120718,0.094094,0.3,low,0.028228,0.0,0.028228,1
2026-07-26T05:56:20.760888,04/17 13:15,27.47,20.8,25.52,24.24,26.23,20.0,27.0,0.3764,0.094094,0.530652,0.094094,0.105937,0.0,0.0,2.021684,0.094094,0.3,low,0.028228,0.0,0.028228,1
2026-07-26T05:56:20.782877,04/17 14:15,28.45,41.6,26.02,25.13,26.71,20.0,27.0,0.3764,0.094094,0.580732,0.094094,0.111057,0.0,0.0,2.225526,0.094094,0.3,low,0.028228,0.0,0.028228,1
2026-07-26T05:56:20.804877,04/17 15:23,28.9,52.0,26.46,25.62,27.0,20.0,27.0,0.3783,0.094577,0.541826,0.094577,0.103108,0.0,0.0,2.045743,0.094577,0.3,low,0.028373,0.0,0.028373,1
2026-07-26T05:56:20.823879,04/17 16:15,28.75,52.0,26.51,25.36,27.0,20.0,27.0,0.3815,0.095372,0.529127,0.095372,0.097565,0.0,0.0,1.99497,0.095372,0.55,high,0.052455,0.0,0.052455,1
2026-07-26T05:56:20.842877,04/17 17:15,28.03,52.0,26.24,24.84,27.0,20.0,27.0,0.3789,0.09473,0.461163,0.09473,0.091914,0.0,0.0,1.691987,0.09473,0.55,high,0.052102,0.0,0.052102,1
2026-07-26T05:56:20.861879,04/17 18:15,26.8,52.0,25.92,24.36,26.79,20.0,27.0,0.3764,0.094094,0.419049,0.094094,0.111138,0.0,0.0,1.486497,0.094094,0.55,high,0.051752,0.0,0.051752,1
2026-07-26T05:56:39.599962,04/17 19:23,25.03,26.0,24.02,22.89,24.56,20.0,25.0,0.3764,0.094094,0.37628,0.094094,0.082844,0.0,0.0,1.333363,0.094094,0.55,high,0.051752,0.0,0.051752,0
2026-07-26T05:56:39.626954,04/17 20:23,23.18,0.0,,,,20.0,25.0,0.3764,0.094094,0.33004,0.094094,0.083042,0.0,0.0,1.127693,0.094094,0.55,high,0.051752,0.0,0.051752,0
2026-07-26T05:56:39.649957,04/17 21:15,22.38,0.0,,,,20.0,25.0,0.0,0.0,0.0,0.0,0.0,0.0,0.0,0.0,0.0,0.4,moderate,0.0,0.0,0.0,0
2026-07-26T05:56:39.671955,04/17 22:15,20.98,0.0,,,,20.0,25.0,0.0,0.0,0.0,0.0,0.0,0.0,0.0,0.0,0.0,0.4,moderate,0.0,0.0,0.0,0
2026-07-26T05:56:39.693955,04/17 23:15,20.3,0.0,,,,20.0,25.0,0.0,0.0,0.0,0.0,0.0,0.0,0.0,0.0,0.0,0.4,moderate,0.0,0.0,0.0,0
2026-07-26T05:56:39.714954,04/18 00:15,19.27,0.0,,,,20.0,25.0,0.0,0.0,0.0,0.0,0.0,0.0,0.0,0.0,0.0,0.34,low,0.0,0.0,0.0,0
2026-07-26T05:56:57.994245,04/18 01:15,18.75,0.0,,,,18.0,27.0,0.0,0.0,0.0,0.0,0.0,0.0,0.0,0.0,0.0,0.34,low,0.0,0.0,0.0,0
2026-07-26T05:56:58.015026,04/18 02:15,19.0,0.0,,,,18.0,27.0,0.0,0.0,0.0,0.0,0.0,0.0,0.0,0.0,0.0,0.34,low,0.0,0.0,0.0,0
2026-07-26T05:56:58.034407,04/18 03:15,20.98,0.0,,,,18.0,27.0,0.0,0.0,0.0,0.0,0.0,0.0,0.0,0.0,0.0,0.34,low,0.0,0.0,0.0,0
2026-07-26T05:56:58.053905,04/18 04:15,20.73,0.0,,,,18.0,27.0,0.0,0.0,0.0,0.0,0.0,0.0,0.0,0.0,0.0,0.34,low,0.0,0.0,0.0,0
2026-07-26T05:56:58.071115,04/18 05:15,20.98,0.0,,,,18.0,27.0,0.0,0.0,0.0,0.0,0.0,0.0,0.0,0.0,0.0,0.34,low,0.0,0.0,0.0,0
2026-07-26T05:56:58.087978,04/18 06:15,21.0,0.0,,,,18.0,27.0,0.0,0.0,0.0,0.0,0.0,0.0,0.0,0.0,0.0,0.43,moderate,0.0,0.0,0.0,0
2026-07-26T05:57:15.315981,04/18 07:23,22.62,0.0,,,,18.0,29.0,0.3764,0.094094,0.446804,0.094094,0.074309,0.0,0.0,1.731002,0.094094,0.43,moderate,0.04046,0.0,0.04046,0
2026-07-26T05:57:15.336979,04/18 08:15,24.17,0.0,,,,18.0,29.0,0.3764,0.094094,0.507994,0.094094,0.081683,0.0,0.0,1.994835,0.094094,0.43,moderate,0.04046,0.0,0.04046,0
2026-07-26T05:57:15.360973,04/18 09:23,25.0,52.0,23.52,22.12,25.01,18.0,29.0,0.3764,0.094094,0.552726,0.094094,0.096607,0.0,0.0,2.169628,0.094094,0.43,moderate,0.04046,0.0,0.04046,0
2026-07-26T05:57:15.381972,04/18 10:23,25.55,52.0,25.04,23.59,26.32,18.0,29.0,0.3764,0.094094,0.561649,0.094094,0.10982,0.0,0.0,2.194216,0.094094,0.3,low,0.028228,0.0,0.028228,1
2026-07-26T05:57:15.402976,04/18 11:23,27.35,52.0,25.95,24.39,27.47,18.0,29.0,0.3764,0.094094,0.61691,0.094094,0.118116,0.0,0.0,2.403929,0.094094,0.3,low,0.028228,0.0,0.028228,1
2026-07-26T05:57:15.422469,04/18 12:15,28.5,41.6,26.15,24.71,27.13,18.0,29.0,0.3764,0.094094,0.625586,0.094094,0.118073,0.0,0.0,2.42755,0.094094,0.3,low,0.028228,0.0,0.028228,1
2026-07-26T05:57:34.729815,04/18 13:15,30.73,20.8,25.86,24.62,26.7,20.0,27.0,0.3764,0.094094,0.675515,0.094094,0.12095,0.0,0.0,2.574044,0.094094,0.3,low,0.028228,0.0,0.028228,1
2026-07-26T05:57:34.753811,04/18 14:15,30.98,41.6,26.31,25.49,27.0,20.0,27.0,0.3776,0.09439,0.648118,0.09439,0.115469,0.0,0.0,2.447112,0.09439,0.3,low,0.028317,0.0,0.028317,1
2026-07-26T05:57:34.776807,04/18 15:15,30.45,52.0,26.54,25.9,27.0,20.0,27.0,0.3804,0.09511,0.64971,0.09511,0.112593,0.0,0.0,2.467997,0.09511,0.3,low,0.028533,0.0,0.028533,1
2026-07-26T05:57:34.796808,04/18 16:15,30.15,52.0,26.23,25.41,26.87,20.0,27.0,0.3764,0.094094,0.548285,0.094094,0.104547,0.0,0.0,2.046672,0.094094,0.55,high,0.051752,0.0,0.051752,1
2026-07-26T05:57:34.815614,04/18 17:15,30.3,52.0,25.65,24.78,26.25,20.0,27.0,0.3764,0.094094,0.538667,0.094094,0.102961,0.0,0.0,1.995483,0.094094,0.55,high,0.051752,0.0,0.051752,1
2026-07-26T05:57:34.833621,04/18 18:15,29.12,52.0,25.54,24.41,26.12,20.0,27.0,0.3764,0.094094,0.540011,0.094094,0.104442,0.0,0.0,2.02482,0.094094,0.55,high,0.051752,0.0,0.051752,1
2026-07-26T05:57:54.440272,04/18 19:23,28.03,26.0,23.89,23.01,24.4,20.0,25.0,0.3764,0.094094,0.59119,0.094094,0.112729,0.0,0.0,2.270088,0.094094,0.55,high,0.051752,0.0,0.051752,0
2026-07-26T05:57:54.464273,04/18 20:23,27.07,0.0,,,,20.0,25.0,0.3764,0.094094,0.578815,0.094094,0.112817,0.0,0.0,2.234574,0.094094,0.55,high,0.051752,0.0,0.051752,0
2026-07-26T05:57:54.486278,04/18 21:15,26.55,0.0,,,,20.0,25.0,0.0,0.0,0.0,0.0,0.0,0.0,0.0,0.0,0.0,0.4,moderate,0.0,0.0,0.0,0
2026-07-26T05:57:54.504278,04/18 22:15,25.55,0.0,,,,20.0,25.0,0.0,0.0,0.0,0.0,0.0,0.0,0.0,0.0,0.0,0.4,moderate,0.0,0.0,0.0,0
2026-07-26T05:57:54.520477,04/18 23:15,22.77,0.0,,,,20.0,25.0,0.0,0.0,0.0,0.0,0.0,0.0,0.0,0.0,0.0,0.4,moderate,0.0,0.0,0.0,0
2026-07-26T05:57:54.538489,04/19 00:15,19.27,0.0,,,,20.0,25.0,0.0,0.0,0.0,0.0,0.0,0.0,0.0,0.0,0.0,0.34,low,0.0,0.0,0.0,0
2026-07-26T05:58:12.240220,04/19 01:15,19.02,0.0,,,,18.0,27.0,0.0,0.0,0.0,0.0,0.0,0.0,0.0,0.0,0.0,0.34,low,0.0,0.0,0.0,0
2026-07-26T05:58:12.261215,04/19 02:15,19.27,0.0,,,,18.0,27.0,0.0,0.0,0.0,0.0,0.0,0.0,0.0,0.0,0.0,0.34,low,0.0,0.0,0.0,0
2026-07-26T05:58:12.279215,04/19 03:15,18.62,0.0,,,,18.0,27.0,0.0,0.0,0.0,0.0,0.0,0.0,0.0,0.0,0.0,0.34,low,0.0,0.0,0.0,0
2026-07-26T05:58:12.297215,04/19 04:15,17.65,0.0,,,,18.0,27.0,0.0,0.0,0.0,0.0,0.0,0.0,0.0,0.0,0.0,0.34,low,0.0,0.0,0.0,0
2026-07-26T05:58:12.315215,04/19 05:15,17.35,0.0,,,,18.0,27.0,0.0,0.0,0.0,0.0,0.0,0.0,0.0,0.0,0.0,0.34,low,0.0,0.0,0.0,0
2026-07-26T05:58:12.335221,04/19 06:15,17.65,0.0,,,,18.0,27.0,0.0,0.0,0.0,0.0,0.0,0.0,0.0,0.0,0.0,0.43,moderate,0.0,0.0,0.0,0
2026-07-26T05:58:29.445029,04/19 07:15,17.2,0.0,,,,18.0,29.0,0.3764,0.094094,0.208861,0.094094,0.049125,0.0,0.0,0.548876,0.094094,0.43,moderate,0.04046,0.0,0.04046,0
2026-07-26T05:58:29.466036,04/19 08:15,17.35,0.0,,,,18.0,29.0,0.3764,0.094094,0.20706,0.094094,0.04423,0.0,0.0,0.546216,0.094094,0.43,moderate,0.04046,0.0,0.04046,0
2026-07-26T05:58:29.487033,04/19 09:20,17.25,52.0,22.35,21.3,22.83,18.0,29.0,0.3764,0.094094,0.221818,0.094094,0.049853,0.0,0.0,0.613572,0.094094,0.43,moderate,0.04046,0.0,0.04046,0
2026-07-26T05:58:29.508031,04/19 10:23,15.45,52.0,24.18,22.73,25.56,18.0,29.0,0.3764,0.094094,0.194532,0.094094,0.055112,0.0,0.0,0.459567,0.094094,0.3,low,0.028228,0.0,0.028228,0
2026-07-26T05:58:29.529030,04/19 11:23,15.15,52.0,24.89,23.3,26.45,18.0,29.0,0.3764,0.094094,0.190462,0.094094,0.063945,0.0,0.0,0.433027,0.094094,0.3,low,0.028228,0.0,0.028228,1
2026-07-26T05:58:29.550030,04/19 12:15,14.9,41.6,24.97,23.49,25.98,18.0,29.0,0.3764,0.094094,0.202383,0.094094,0.071602,0.0,0.0,0.495225,0.094094,0.3,low,0.028228,0.0,0.028228,0
2026-07-26T05:58:47.507077,04/19 13:15,13.08,20.8,24.38,23.1,24.96,20.0,27.0,0.3764,0.094094,0.163572,0.094094,0.058889,0.0,0.0,0.284326,0.094094,0.3,low,0.028228,0.0,0.028228,0
2026-07-26T05:58:47.528077,04/19 14:15,13.75,41.6,24.76,23.87,25.45,20.0,27.0,0.3764,0.094094,0.178077,0.094094,0.056287,0.0,0.0,0.3794,0.094094,0.3,low,0.028228,0.0,0.028228,0
2026-07-26T05:58:47.548073,04/19 15:15,13.03,52.0,25.04,24.28,25.72,20.0,27.0,0.3764,0.094094,0.171953,0.094094,0.055837,0.0,0.0,0.339074,0.094094,0.3,low,0.028228,0.0,0.028228,0
2026-07-26T05:58:47.564074,04/19 16:15,11.92,52.0,24.94,23.82,25.69,20.0,27.0,0.3764,0.094094,0.157093,0.094094,0.053868,0.0,0.0,0.254899,0.094094,0.55,high,0.051752,0.0,0.051752,0
2026-07-26T05:58:47.580073,04/19 17:15,10.82,52.0,24.38,23.13,25.35,20.0,27.0,0.3764,0.094094,0.14157,0.094094,0.053187,0.0,0.0,0.165472,0.094094,0.55,high,0.051752,0.0,0.051752,0
2026-07-26T05:58:47.597073,04/19 18:15,9.72,52.0,23.94,22.56,25.18,20.0,27.0,0.3764,0.094094,0.12547,0.094094,0.052771,0.0,0.0,0.07161,0.094094,0.55,high,0.051752,0.0,0.051752,0
2026-07-26T05:59:07.400732,04/19 19:23,8.75,26.0,22.09,21.05,23.63,20.0,26.0,0.3764,0.094094,0.0,0.094094,6.2e-05,0.050307,0.040114,0.0,0.144401,0.55,high,0.051752,0.009106,0.060857,0
2026-07-26T05:59:07.426731,04/19 20:23,8.18,0.0,,,,20.0,26.0,0.3764,0.094094,0.0,0.094094,0.000251,0.103682,0.142735,0.0,0.197776,0.55,high,0.051752,0.018766,0.070518,0
2026-07-26T05:59:07.449734,04/19 21:15,7.8,0.0,,,,20.0,26.0,0.0,0.0,0.0,0.0,0.0,0.0,0.0,0.0,0.0,0.4,moderate,0.0,0.0,0.0,0
2026-07-26T05:59:07.469738,04/19 22:15,7.65,0.0,,,,20.0,26.0,0.0,0.0,0.0,0.0,0.0,0.0,0.0,0.0,0.0,0.4,moderate,0.0,0.0,0.0,0
2026-07-26T05:59:07.486730,04/19 23:15,7.08,0.0,,,,20.0,26.0,0.0,0.0,0.0,0.0,0.0,0.0,0.0,0.0,0.0,0.4,moderate,0.0,0.0,0.0,0
2026-07-26T05:59:07.505730,04/20 00:15,6.7,0.0,,,,20.0,26.0,0.0,0.0,0.0,0.0,0.0,0.0,0.0,0.0,0.0,0.34,low,0.0,0.0,0.0,0
2026-07-26T05:59:25.452419,04/20 01:15,6.43,0.0,,,,18.0,28.0,0.0,0.0,0.0,0.0,0.0,0.0,0.0,0.0,0.0,0.34,low,0.0,0.0,0.0,0
2026-07-26T05:59:25.471414,04/20 02:15,5.6,0.0,,,,18.0,28.0,0.0,0.0,0.0,0.0,0.0,0.0,0.0,0.0,0.0,0.34,low,0.0,0.0,0.0,0
2026-07-26T05:59:25.489416,04/20 03:15,5.6,0.0,,,,18.0,28.0,0.0,0.0,0.0,0.0,0.0,0.0,0.0,0.0,0.0,0.34,low,0.0,0.0,0.0,0
2026-07-26T05:59:25.508414,04/20 04:15,5.45,0.0,,,,18.0,28.0,0.0,0.0,0.0,0.0,0.0,0.0,0.0,0.0,0.0,0.34,low,0.0,0.0,0.0,0
2026-07-26T05:59:25.525416,04/20 05:15,5.0,0.0,,,,18.0,28.0,0.0,0.0,0.0,0.0,0.0,0.0,0.0,0.0,0.0,0.34,low,0.0,0.0,0.0,0
2026-07-26T05:59:25.541414,04/20 06:15,5.15,0.0,,,,18.0,28.0,0.0,0.0,0.0,0.0,0.0,0.0,0.0,0.0,0.0,0.43,moderate,0.0,0.0,0.0,0
2026-07-26T05:59:42.818685,04/20 07:15,5.87,0.0,,,,18.0,29.0,0.0,0.0,0.0,0.0,0.0,0.0,0.0,0.0,0.0,0.43,moderate,0.0,0.0,0.0,0
2026-07-26T05:59:42.838686,04/20 08:23,6.83,0.0,,,,18.0,29.0,0.0,0.0,0.0,0.0,0.0,0.0,0.0,0.0,0.0,0.43,moderate,0.0,0.0,0.0,0
2026-07-26T05:59:42.858686,04/20 09:20,7.35,0.0,,,,18.0,29.0,0.0,0.0,0.0,0.0,0.0,0.0,0.0,0.0,0.0,0.43,moderate,0.0,0.0,0.0,0
2026-07-26T05:59:42.875687,04/20 10:15,7.92,0.0,,,,18.0,29.0,0.0,0.0,0.0,0.0,0.0,0.0,0.0,0.0,0.0,0.3,low,0.0,0.0,0.0,0
2026-07-26T05:59:42.891684,04/20 11:15,8.18,0.0,,,,18.0,29.0,0.0,0.0,0.0,0.0,0.0,0.0,0.0,0.0,0.0,0.3,low,0.0,0.0,0.0,0
2026-07-26T05:59:42.911686,04/20 12:23,7.8,0.0,,,,18.0,29.0,0.0,0.0,0.0,0.0,0.0,0.0,0.0,0.0,0.0,0.3,low,0.0,0.0,0.0,0
2026-07-26T06:00:01.074360,04/20 13:23,7.8,0.0,,,,18.0,29.0,0.0,0.0,0.0,0.0,0.0,0.0,0.0,0.0,0.0,0.3,low,0.0,0.0,0.0,0
2026-07-26T06:00:01.095361,04/20 14:15,7.65,0.0,,,,18.0,29.0,0.0,0.0,0.0,0.0,0.0,0.0,0.0,0.0,0.0,0.3,low,0.0,0.0,0.0,0
2026-07-26T06:00:01.114360,04/20 15:15,7.2,0.0,,,,18.0,29.0,0.0,0.0,0.0,0.0,0.0,0.0,0.0,0.0,0.0,0.3,low,0.0,0.0,0.0,0
2026-07-26T06:00:01.131364,04/20 16:15,6.93,0.0,,,,18.0,29.0,0.0,0.0,0.0,0.0,0.0,0.0,0.0,0.0,0.0,0.55,high,0.0,0.0,0.0,0
2026-07-26T06:00:01.150362,04/20 17:15,5.97,0.0,,,,18.0,29.0,0.0,0.0,0.0,0.0,0.0,0.0,0.0,0.0,0.0,0.55,high,0.0,0.0,0.0,0
2026-07-26T06:00:01.166360,04/20 18:15,5.6,0.0,,,,18.0,29.0,0.0,0.0,0.0,0.0,0.0,0.0,0.0,0.0,0.0,0.55,high,0.0,0.0,0.0,0
2026-07-26T06:00:21.290696,04/20 19:15,5.6,0.0,,,,18.0,29.0,0.0,0.0,0.0,0.0,0.0,0.0,0.0,0.0,0.0,0.55,high,0.0,0.0,0.0,0
2026-07-26T06:00:21.315697,04/20 20:15,5.6,0.0,,,,18.0,29.0,0.0,0.0,0.0,0.0,0.0,0.0,0.0,0.0,0.0,0.55,high,0.0,0.0,0.0,0
2026-07-26T06:00:21.335698,04/20 21:15,5.72,0.0,,,,18.0,29.0,0.0,0.0,0.0,0.0,0.0,0.0,0.0,0.0,0.0,0.4,moderate,0.0,0.0,0.0,0
2026-07-26T06:00:21.358702,04/20 22:15,6.1,0.0,,,,18.0,29.0,0.0,0.0,0.0,0.0,0.0,0.0,0.0,0.0,0.0,0.4,moderate,0.0,0.0,0.0,0
2026-07-26T06:00:21.378692,04/20 23:15,5.82,0.0,,,,18.0,29.0,0.0,0.0,0.0,0.0,0.0,0.0,0.0,0.0,0.0,0.4,moderate,0.0,0.0,0.0,0
2026-07-26T06:00:21.400860,04/21 00:15,5.0,0.0,,,,18.0,29.0,0.0,0.0,0.0,0.0,0.0,0.0,0.0,0.0,0.0,0.34,low,0.0,0.0,0.0,0
2026-07-26T06:00:41.060209,04/21 01:15,5.0,0.0,,,,18.0,29.0,0.0,0.0,0.0,0.0,0.0,0.0,0.0,0.0,0.0,0.34,low,0.0,0.0,0.0,0
2026-07-26T06:00:41.081206,04/21 02:15,4.72,0.0,,,,18.0,29.0,0.0,0.0,0.0,0.0,0.0,0.0,0.0,0.0,0.0,0.34,low,0.0,0.0,0.0,0
2026-07-26T06:00:41.098579,04/21 03:15,3.9,0.0,,,,18.0,29.0,0.0,0.0,0.0,0.0,0.0,0.0,0.0,0.0,0.0,0.34,low,0.0,0.0,0.0,0
2026-07-26T06:00:41.116570,04/21 04:15,3.9,0.0,,,,18.0,29.0,0.0,0.0,0.0,0.0,0.0,0.0,0.0,0.0,0.0,0.34,low,0.0,0.0,0.0,0
2026-07-26T06:00:41.134571,04/21 05:15,3.9,0.0,,,,18.0,29.0,0.0,0.0,0.0,0.0,0.0,0.0,0.0,0.0,0.0,0.34,low,0.0,0.0,0.0,0
2026-07-26T06:00:41.153573,04/21 06:15,4.03,0.0,,,,18.0,29.0,0.0,0.0,0.0,0.0,0.0,0.0,0.0,0.0,0.0,0.43,moderate,0.0,0.0,0.0,0
2026-07-26T06:00:59.169691,04/21 07:15,4.4,0.0,,,,18.0,29.0,0.0,0.0,0.0,0.0,0.0,0.0,0.0,0.0,0.0,0.43,moderate,0.0,0.0,0.0,0
2026-07-26T06:00:59.190691,04/21 08:15,4.28,0.0,,,,18.0,29.0,0.0,0.0,0.0,0.0,0.0,0.0,0.0,0.0,0.0,0.43,moderate,0.0,0.0,0.0,0
2026-07-26T06:00:59.210274,04/21 09:15,4.17,0.0,,,,18.0,29.0,0.0,0.0,0.0,0.0,0.0,0.0,0.0,0.0,0.0,0.43,moderate,0.0,0.0,0.0,0
2026-07-26T06:00:59.229140,04/21 10:15,5.0,0.0,,,,18.0,29.0,0.0,0.0,0.0,0.0,0.0,0.0,0.0,0.0,0.0,0.3,low,0.0,0.0,0.0,0
2026-07-26T06:00:59.245139,04/21 11:15,5.15,0.0,,,,18.0,29.0,0.0,0.0,0.0,0.0,0.0,0.0,0.0,0.0,0.0,0.3,low,0.0,0.0,0.0,0
2026-07-26T06:00:59.261140,04/21 12:15,5.45,0.0,,,,18.0,29.0,0.0,0.0,0.0,0.0,0.0,0.0,0.0,0.0,0.0,0.3,low,0.0,0.0,0.0,0
2026-07-26T06:01:18.412035,04/21 13:15,5.0,0.0,,,,18.0,29.0,0.0,0.0,0.0,0.0,0.0,0.0,0.0,0.0,0.0,0.3,low,0.0,0.0,0.0,0
2026-07-26T06:01:18.433037,04/21 14:15,4.85,0.0,,,,18.0,29.0,0.0,0.0,0.0,0.0,0.0,0.0,0.0,0.0,0.0,0.3,low,0.0,0.0,0.0,0
2026-07-26T06:01:18.454034,04/21 15:15,4.55,0.0,,,,18.0,29.0,0.0,0.0,0.0,0.0,0.0,0.0,0.0,0.0,0.0,0.3,low,0.0,0.0,0.0,0
2026-07-26T06:01:18.471041,04/21 16:15,4.85,0.0,,,,18.0,29.0,0.0,0.0,0.0,0.0,0.0,0.0,0.0,0.0,0.0,0.55,high,0.0,0.0,0.0,0
2026-07-26T06:01:18.488037,04/21 17:15,4.4,0.0,,,,18.0,29.0,0.0,0.0,0.0,0.0,0.0,0.0,0.0,0.0,0.0,0.55,high,0.0,0.0,0.0,0
2026-07-26T06:01:18.505034,04/21 18:15,4.28,0.0,,,,18.0,29.0,0.0,0.0,0.0,0.0,0.0,0.0,0.0,0.0,0.0,0.55,high,0.0,0.0,0.0,0
2026-07-26T06:01:36.710790,04/21 19:15,3.9,0.0,,,,18.0,29.0,0.0,0.0,0.0,0.0,0.0,0.0,0.0,0.0,0.0,0.55,high,0.0,0.0,0.0,0
2026-07-26T06:01:36.731796,04/21 20:15,3.9,0.0,,,,18.0,29.0,0.0,0.0,0.0,0.0,0.0,0.0,0.0,0.0,0.0,0.55,high,0.0,0.0,0.0,0
2026-07-26T06:01:36.750793,04/21 21:15,3.9,0.0,,,,18.0,29.0,0.0,0.0,0.0,0.0,0.0,0.0,0.0,0.0,0.0,0.4,moderate,0.0,0.0,0.0,0
2026-07-26T06:01:36.766790,04/21 22:15,3.9,0.0,,,,18.0,29.0,0.0,0.0,0.0,0.0,0.0,0.0,0.0,0.0,0.0,0.4,moderate,0.0,0.0,0.0,0
2026-07-26T06:01:36.783793,04/21 23:15,3.9,0.0,,,,18.0,29.0,0.0,0.0,0.0,0.0,0.0,0.0,0.0,0.0,0.0,0.4,moderate,0.0,0.0,0.0,0
2026-07-26T06:01:36.799795,04/22 00:15,3.9,0.0,,,,18.0,29.0,0.0,0.0,0.0,0.0,0.0,0.0,0.0,0.0,0.0,0.34,low,0.0,0.0,0.0,0
2026-07-26T06:01:54.740495,04/22 01:15,3.9,0.0,,,,18.0,29.0,0.0,0.0,0.0,0.0,0.0,0.0,0.0,0.0,0.0,0.34,low,0.0,0.0,0.0,0
2026-07-26T06:01:54.762338,04/22 02:15,3.75,0.0,,,,18.0,29.0,0.0,0.0,0.0,0.0,0.0,0.0,0.0,0.0,0.0,0.34,low,0.0,0.0,0.0,0
2026-07-26T06:01:54.780721,04/22 03:15,3.17,0.0,,,,18.0,29.0,0.0,0.0,0.0,0.0,0.0,0.0,0.0,0.0,0.0,0.34,low,0.0,0.0,0.0,0
2026-07-26T06:01:54.801843,04/22 04:15,2.65,0.0,,,,18.0,29.0,0.0,0.0,0.0,0.0,0.0,0.0,0.0,0.0,0.0,0.34,low,0.0,0.0,0.0,0
2026-07-26T06:01:54.820740,04/22 05:15,2.2,0.0,,,,18.0,29.0,0.0,0.0,0.0,0.0,0.0,0.0,0.0,0.0,0.0,0.34,low,0.0,0.0,0.0,0
2026-07-26T06:01:54.838739,04/22 06:15,2.35,0.0,,,,18.0,29.0,0.0,0.0,0.0,0.0,0.0,0.0,0.0,0.0,0.0,0.43,moderate,0.0,0.0,0.0,0
2026-07-26T06:02:12.375533,04/22 07:15,2.92,0.0,,,,18.0,29.0,0.3764,0.094094,0.0,0.094094,0.001978,0.91675,0.726622,0.0,1.010844,0.43,moderate,0.04046,0.165932,0.206392,0
2026-07-26T06:02:12.396535,04/22 08:15,3.45,0.0,,,,18.0,29.0,0.3764,0.094094,0.0,0.094094,0.002185,0.608295,0.647607,0.0,0.702389,0.43,moderate,0.04046,0.110101,0.150562,0
2026-07-26T06:02:12.419531,04/22 09:15,3.9,52.0,20.23,19.46,21.57,18.0,29.0,0.3764,0.094094,0.0,0.094094,0.003492,0.273388,0.548729,0.0,0.367482,0.43,moderate,0.04046,0.049483,0.089944,1
2026-07-26T06:02:12.440533,04/22 10:15,4.03,52.0,21.36,20.38,23.08,18.0,29.0,0.3764,0.094094,0.0,0.094094,0.005084,0.36843,0.503566,0.0,0.462524,0.3,low,0.028228,0.066686,0.094914,0
2026-07-26T06:02:12.460532,04/22 11:15,4.4,52.0,21.88,20.82,23.64,18.0,29.0,0.3764,0.094094,0.0,0.094094,0.004953,0.059861,0.379388,0.0,0.153955,0.3,low,0.028228,0.010835,0.039063,0
2026-07-26T06:02:12.479532,04/22 12:15,4.83,41.6,21.81,20.72,23.67,18.0,29.0,0.3764,0.094094,0.0,0.094094,0.00495,0.083375,0.289637,0.0,0.177469,0.3,low,0.028228,0.015091,0.043319,0
2026-07-26T06:02:31.272861,04/22 13:15,5.97,20.8,21.89,20.95,23.39,20.0,27.0,0.3764,0.094094,0.0,0.094094,0.00079,0.589751,0.329676,0.0,0.683845,0.3,low,0.028228,0.106745,0.134973,0
2026-07-26T06:02:31.296487,04/22 14:15,5.6,41.6,22.94,22.13,24.08,20.0,27.0,0.3764,0.094094,0.0,0.094094,0.000834,0.509966,0.355648,0.0,0.60406,0.3,low,0.028228,0.092304,0.120532,0
2026-07-26T06:02:31.318482,04/22 15:23,5.45,52.0,23.62,22.44,24.59,20.0,27.0,0.3764,0.094094,0.0,0.094094,0.000752,0.428355,0.334709,0.0,0.522449,0.3,low,0.028228,0.077532,0.10576,0
2026-07-26T06:02:31.340028,04/22 16:23,4.85,52.0,24.0,22.38,25.04,20.0,27.0,0.3764,0.094094,0.0,0.094094,0.000844,0.466015,0.363574,0.0,0.560109,0.55,high,0.051752,0.084349,0.1361,0
2026-07-26T06:02:31.357642,04/22 17:15,4.28,52.0,23.95,22.05,25.58,20.0,27.0,0.3764,0.094094,0.0,0.094094,0.000954,0.023437,0.400055,0.0,0.117531,0.55,high,0.051752,0.004242,0.055994,0
2026-07-26T06:02:31.374636,04/22 18:15,3.75,52.0,23.63,21.71,25.12,20.0,27.0,0.3764,0.094094,0.0,0.094094,0.002006,0.260018,0.435252,0.0,0.354112,0.55,high,0.051752,0.047063,0.098815,0
2026-07-26T06:02:49.407992,04/22 19:23,3.45,26.0,21.8,20.45,23.34,20.0,26.0,0.3764,0.094094,0.0,0.094094,0.002622,0.671733,0.497367,0.0,0.765827,0.55,high,0.051752,0.121584,0.173335,0
2026-07-26T06:02:49.429996,04/22 20:23,3.75,0.0,,,,20.0,26.0,0.3764,0.094094,0.0,0.094094,0.00243,0.9856,0.60091,0.0,1.079694,0.55,high,0.051752,0.178394,0.230145,0
2026-07-26T06:02:49.447993,04/22 21:15,3.45,0.0,,,,20.0,26.0,0.0,0.0,0.0,0.0,0.0,0.0,0.0,0.0,0.0,0.4,moderate,0.0,0.0,0.0,0
2026-07-26T06:02:49.464994,04/22 22:15,3.47,0.0,,,,20.0,26.0,0.0,0.0,0.0,0.0,0.0,0.0,0.0,0.0,0.0,0.4,moderate,0.0,0.0,0.0,0
2026-07-26T06:02:49.480993,04/22 23:15,2.48,0.0,,,,20.0,26.0,0.0,0.0,0.0,0.0,0.0,0.0,0.0,0.0,0.0,0.4,moderate,0.0,0.0,0.0,0
2026-07-26T06:02:49.497992,04/23 00:15,3.17,0.0,,,,20.0,26.0,0.0,0.0,0.0,0.0,0.0,0.0,0.0,0.0,0.0,0.34,low,0.0,0.0,0.0,0
2026-07-26T06:03:05.748254,04/23 01:15,2.25,0.0,,,,18.0,28.0,0.0,0.0,0.0,0.0,0.0,0.0,0.0,0.0,0.0,0.34,low,0.0,0.0,0.0,0
2026-07-26T06:03:05.768255,04/23 02:15,0.72,0.0,,,,18.0,28.0,0.0,0.0,0.0,0.0,0.0,0.0,0.0,0.0,0.0,0.34,low,0.0,0.0,0.0,0
2026-07-26T06:03:05.787254,04/23 03:15,0.98,0.0,,,,18.0,28.0,0.0,0.0,0.0,0.0,0.0,0.0,0.0,0.0,0.0,0.34,low,0.0,0.0,0.0,0
2026-07-26T06:03:05.806107,04/23 04:15,0.6,0.0,,,,18.0,28.0,0.0,0.0,0.0,0.0,0.0,0.0,0.0,0.0,0.0,0.34,low,0.0,0.0,0.0,0
2026-07-26T06:03:05.823106,04/23 05:15,0.88,0.0,,,,18.0,28.0,0.0,0.0,0.0,0.0,0.0,0.0,0.0,0.0,0.0,0.34,low,0.0,0.0,0.0,0
2026-07-26T06:03:05.839107,04/23 06:23,2.25,0.0,,,,18.0,28.0,0.0,0.0,0.0,0.0,0.0,0.0,0.0,0.0,0.0,0.43,moderate,0.0,0.0,0.0,0
2026-07-26T06:03:22.273835,04/23 07:23,4.45,0.0,,,,18.0,29.0,0.3764,0.094094,0.0,0.094094,0.002562,0.375658,0.592496,0.0,0.469752,0.43,moderate,0.04046,0.067994,0.108455,0
2026-07-26T06:03:22.297833,04/23 08:23,6.52,0.0,,,,18.0,29.0,0.3764,0.094094,0.0,0.094094,0.001322,0.945147,0.384179,0.0,1.039241,0.43,moderate,0.04046,0.171072,0.211532,0
2026-07-26T06:03:22.319002,04/23 09:23,7.92,52.0,22.04,20.08,25.19,18.0,29.0,0.3764,0.094094,0.0,0.094094,0.000461,0.298139,0.221275,0.0,0.392233,0.43,moderate,0.04046,0.053963,0.094424,0
2026-07-26T06:03:22.339971,04/23 10:23,8.58,52.0,23.63,21.51,26.77,18.0,29.0,0.3764,0.094094,0.0,0.094094,0.000277,0.184633,0.152356,0.0,0.278727,0.3,low,0.028228,0.033419,0.061647,1
2026-07-26T06:03:22.358979,04/23 11:23,9.83,52.0,24.3,22.29,26.89,18.0,29.0,0.3764,0.094094,0.0,0.094094,5.5e-05,0.038017,0.038263,0.0,0.132111,0.3,low,0.028228,0.006881,0.035109,1
2026-07-26T06:03:22.377928,04/23 12:23,11.52,41.6,24.38,22.63,26.0,18.0,29.0,0.3764,0.094094,0.128057,0.094094,0.034908,0.0,0.0,0.117992,0.094094,0.3,low,0.028228,0.0,0.028228,0
2026-07-26T06:03:41.643409,04/23 13:15,13.08,20.8,23.97,22.52,24.61,20.0,27.0,0.3764,0.094094,0.155155,0.094094,0.040688,0.0,0.0,0.26595,0.094094,0.3,low,0.028228,0.0,0.028228,0
2026-07-26T06:03:41.664417,04/23 14:15,14.03,41.6,24.48,23.5,25.2,20.0,27.0,0.3764,0.094094,0.174332,0.094094,0.04517,0.0,0.0,0.367062,0.094094,0.3,low,0.028228,0.0,0.028228,0
2026-07-26T06:03:41.685409,04/23 15:23,14.7,52.0,24.99,24.14,25.59,20.0,27.0,0.3764,0.094094,0.187845,0.094094,0.065912,0.0,0.0,0.42235,0.094094,0.3,low,0.028228,0.0,0.028228,0
2026-07-26T06:03:41.703412,04/23 16:15,15.3,52.0,25.22,23.89,25.88,20.0,27.0,0.3764,0.094094,0.206686,0.094094,0.067795,0.0,0.0,0.525459,0.094094,0.55,high,0.051752,0.0,0.051752,0
2026-07-26T06:03:41.720609,04/23 17:15,14.0,52.0,24.97,23.35,26.12,20.0,27.0,0.3764,0.094094,0.190619,0.094094,0.065122,0.0,0.0,0.434628,0.094094,0.55,high,0.051752,0.0,0.051752,1
2026-07-26T06:03:41.738609,04/23 18:15,12.53,52.0,24.53,22.85,25.58,20.0,27.0,0.3764,0.094094,0.167158,0.094094,0.059926,0.0,0.0,0.305747,0.094094,0.55,high,0.051752,0.0,0.051752,0
2026-07-26T06:04:00.437340,04/23 19:23,11.12,26.0,22.63,21.34,23.86,20.0,26.0,0.3764,0.094094,0.147272,0.094094,0.057273,0.0,0.0,0.19447,0.094094,0.55,high,0.051752,0.0,0.051752,0
2026-07-26T06:04:00.457317,04/23 20:23,9.0,0.0,,,,20.0,26.0,0.3764,0.094094,0.0,0.094094,2.2e-05,0.014966,0.016406,0.0,0.10906,0.55,high,0.051752,0.002709,0.054461,0
2026-07-26T06:04:00.478316,04/23 21:23,7.92,0.0,,,,20.0,26.0,0.0,0.0,0.0,0.0,0.0,0.0,0.0,0.0,0.0,0.4,moderate,0.0,0.0,0.0,0
2026-07-26T06:04:00.496316,04/23 22:15,8.45,0.0,,,,20.0,26.0,0.0,0.0,0.0,0.0,0.0,0.0,0.0,0.0,0.0,0.4,moderate,0.0,0.0,0.0,0
2026-07-26T06:04:00.513315,04/23 23:15,9.03,0.0,,,,20.0,26.0,0.0,0.0,0.0,0.0,0.0,0.0,0.0,0.0,0.0,0.4,moderate,0.0,0.0,0.0,0
2026-07-26T06:04:00.533317,04/24 00:15,9.28,0.0,,,,20.0,26.0,0.0,0.0,0.0,0.0,0.0,0.0,0.0,0.0,0.0,0.34,low,0.0,0.0,0.0,0
2026-07-26T06:04:18.320128,04/24 01:15,8.62,0.0,,,,18.0,28.0,0.0,0.0,0.0,0.0,0.0,0.0,0.0,0.0,0.0,0.34,low,0.0,0.0,0.0,0
2026-07-26T06:04:18.341128,04/24 02:15,8.2,0.0,,,,18.0,28.0,0.0,0.0,0.0,0.0,0.0,0.0,0.0,0.0,0.0,0.34,low,0.0,0.0,0.0,0
2026-07-26T06:04:18.361126,04/24 03:15,9.4,0.0,,,,18.0,28.0,0.0,0.0,0.0,0.0,0.0,0.0,0.0,0.0,0.0,0.34,low,0.0,0.0,0.0,0
2026-07-26T06:04:18.380128,04/24 04:15,9.4,0.0,,,,18.0,28.0,0.0,0.0,0.0,0.0,0.0,0.0,0.0,0.0,0.0,0.34,low,0.0,0.0,0.0,0
2026-07-26T06:04:18.399127,04/24 05:15,9.83,0.0,,,,18.0,28.0,0.0,0.0,0.0,0.0,0.0,0.0,0.0,0.0,0.0,0.34,low,0.0,0.0,0.0,0
2026-07-26T06:04:18.418126,04/24 06:23,11.65,0.0,,,,18.0,28.0,0.0,0.0,0.0,0.0,0.0,0.0,0.0,0.0,0.0,0.43,moderate,0.0,0.0,0.0,0
2026-07-26T06:04:35.524241,04/24 07:23,13.88,0.0,,,,18.0,29.0,0.3764,0.094094,0.143482,0.094094,0.040918,0.0,0.0,0.200899,0.094094,0.43,moderate,0.04046,0.0,0.04046,0
2026-07-26T06:04:35.546195,04/24 08:23,16.15,0.0,,,,18.0,29.0,0.3764,0.094094,0.174115,0.094094,0.025927,0.0,0.0,0.390296,0.094094,0.43,moderate,0.04046,0.0,0.04046,0
2026-07-26T06:04:35.566204,04/24 09:23,18.2,52.0,22.85,20.99,25.63,18.0,29.0,0.3764,0.094094,0.21911,0.094094,0.061029,0.0,0.0,0.594074,0.094094,0.43,moderate,0.04046,0.0,0.04046,0
2026-07-26T06:04:35.586008,04/24 10:23,19.97,52.0,24.55,22.55,27.41,18.0,29.0,0.3764,0.094094,0.247558,0.094094,0.059977,0.0,0.0,0.749915,0.094094,0.3,low,0.028228,0.0,0.028228,1
2026-07-26T06:04:35.606005,04/24 11:23,21.97,52.0,25.32,23.43,27.68,18.0,29.0,0.3764,0.094094,0.290256,0.094094,0.067826,0.0,0.0,0.959789,0.094094,0.3,low,0.028228,0.0,0.028228,1
2026-07-26T06:04:35.625285,04/24 12:23,22.53,41.6,25.52,23.92,26.93,18.0,29.0,0.3764,0.094094,0.317744,0.094094,0.080984,0.0,0.0,1.069556,0.094094,0.3,low,0.028228,0.0,0.028228,1
2026-07-26T06:04:53.476252,04/24 13:23,21.55,20.8,25.04,23.76,25.67,20.0,27.0,0.3764,0.094094,0.302177,0.094094,0.081595,0.0,0.0,0.996899,0.094094,0.3,low,0.028228,0.0,0.028228,0
2026-07-26T06:04:53.496403,04/24 14:15,20.68,41.6,25.0,23.82,25.63,20.0,27.0,0.3764,0.094094,0.293429,0.094094,0.078938,0.0,0.0,0.958099,0.094094,0.3,low,0.028228,0.0,0.028228,0
2026-07-26T06:04:53.515402,04/24 15:15,18.57,52.0,24.74,23.57,25.74,20.0,27.0,0.3764,0.094094,0.314725,0.094094,0.082217,0.0,0.0,1.077154,0.094094,0.3,low,0.028228,0.0,0.028228,0
2026-07-26T06:04:53.535403,04/24 16:15,16.25,52.0,24.09,22.96,25.54,20.0,27.0,0.3764,0.094094,0.324532,0.094094,0.083246,0.0,0.0,1.143109,0.094094,0.55,high,0.051752,0.0,0.051752,0
2026-07-26T06:04:53.554409,04/24 17:15,15.3,52.0,23.51,22.39,25.07,20.0,27.0,0.3764,0.094094,0.331875,0.094094,0.084266,0.0,0.0,1.178595,0.094094,0.55,high,0.051752,0.0,0.051752,0
2026-07-26T06:04:53.571403,04/24 18:15,10.82,52.0,23.05,21.91,24.84,20.0,27.0,0.3764,0.094094,0.142184,0.094094,0.06107,0.0,0.0,0.14224,0.094094,0.55,high,0.051752,0.0,0.051752,0
2026-07-26T06:05:11.917466,04/24 19:15,10.0,26.0,21.63,20.7,23.34,20.0,26.0,0.3764,0.094094,0.119558,0.094094,0.057145,0.0,0.0,0.034133,0.094094,0.55,high,0.051752,0.0,0.051752,0
2026-07-26T06:05:11.940466,04/24 20:15,9.72,0.0,,,,20.0,26.0,0.3764,0.094094,0.111345,0.094094,0.035184,0.086946,0.08394,0.009274,0.18104,0.55,high,0.051752,0.015737,0.067489,0
2026-07-26T06:05:11.959467,04/24 21:15,8.62,0.0,,,,20.0,26.0,0.0,0.0,0.0,0.0,0.0,0.0,0.0,0.0,0.0,0.4,moderate,0.0,0.0,0.0,0
2026-07-26T06:05:11.977962,04/24 22:15,7.52,0.0,,,,20.0,26.0,0.0,0.0,0.0,0.0,0.0,0.0,0.0,0.0,0.0,0.4,moderate,0.0,0.0,0.0,0
2026-07-26T06:05:11.994083,04/24 23:15,6.55,0.0,,,,20.0,26.0,0.0,0.0,0.0,0.0,0.0,0.0,0.0,0.0,0.0,0.4,moderate,0.0,0.0,0.0,0
2026-07-26T06:05:12.014330,04/25 00:15,5.82,0.0,,,,20.0,26.0,0.0,0.0,0.0,0.0,0.0,0.0,0.0,0.0,0.0,0.34,low,0.0,0.0,0.0,0
2026-07-26T06:05:29.724490,04/25 01:15,4.85,0.0,,,,18.0,28.0,0.0,0.0,0.0,0.0,0.0,0.0,0.0,0.0,0.0,0.34,low,0.0,0.0,0.0,0
2026-07-26T06:05:29.745146,04/25 02:15,4.12,0.0,,,,18.0,28.0,0.0,0.0,0.0,0.0,0.0,0.0,0.0,0.0,0.0,0.34,low,0.0,0.0,0.0,0
2026-07-26T06:05:29.763141,04/25 03:15,3.3,0.0,,,,18.0,28.0,0.0,0.0,0.0,0.0,0.0,0.0,0.0,0.0,0.0,0.34,low,0.0,0.0,0.0,0
2026-07-26T06:05:29.782144,04/25 04:15,3.17,0.0,,,,18.0,28.0,0.0,0.0,0.0,0.0,0.0,0.0,0.0,0.0,0.0,0.34,low,0.0,0.0,0.0,0
2026-07-26T06:05:29.800142,04/25 05:15,3.07,0.0,,,,18.0,28.0,0.0,0.0,0.0,0.0,0.0,0.0,0.0,0.0,0.0,0.34,low,0.0,0.0,0.0,0
2026-07-26T06:05:29.818143,04/25 06:23,4.32,0.0,,,,18.0,28.0,0.0,0.0,0.0,0.0,0.0,0.0,0.0,0.0,0.0,0.43,moderate,0.0,0.0,0.0,0
2026-07-26T06:05:47.341152,04/25 07:23,6.15,0.0,,,,18.0,29.0,0.3764,0.094094,0.0,0.094094,0.003137,0.048025,0.425332,0.0,0.142119,0.43,moderate,0.04046,0.008693,0.049153,0
2026-07-26T06:05:47.364150,04/25 08:23,8.07,0.0,,,,18.0,29.0,0.3764,0.094094,0.0,0.094094,0.00058,0.410723,0.242302,0.0,0.504817,0.43,moderate,0.04046,0.074341,0.114801,0
2026-07-26T06:05:47.386813,04/25 09:23,9.03,52.0,22.04,20.24,24.75,18.0,29.0,0.3764,0.094094,0.0,0.094094,0.000238,0.168269,0.129206,0.0,0.262363,0.43,moderate,0.04046,0.030457,0.070917,0
2026-07-26T06:05:47.406800,04/25 10:23,9.7,52.0,23.58,21.6,26.35,18.0,29.0,0.3764,0.094094,0.0,0.094094,0.000101,0.073637,0.063682,0.0,0.167731,0.3,low,0.028228,0.013328,0.041556,1
2026-07-26T06:05:47.425796,04/25 11:23,10.72,52.0,24.21,22.33,26.46,18.0,29.0,0.3764,0.094094,0.116255,0.094094,0.029034,0.0,0.0,0.053569,0.094094,0.3,low,0.028228,0.0,0.028228,1
2026-07-26T06:05:47.442798,04/25 12:15,11.25,41.6,24.23,22.59,25.58,18.0,29.0,0.3764,0.094094,0.127158,0.094094,0.032341,0.0,0.0,0.108593,0.094094,0.3,low,0.028228,0.0,0.028228,0
2026-07-26T06:06:05.801567,04/25 13:15,11.82,20.8,23.74,22.39,24.48,20.0,27.0,0.3764,0.094094,0.137927,0.094094,0.036181,0.0,0.0,0.167063,0.094094,0.3,low,0.028228,0.0,0.028228,0
2026-07-26T06:06:05.821570,04/25 14:15,12.2,41.6,24.18,23.28,25.02,20.0,27.0,0.3764,0.094094,0.147069,0.094094,0.038766,0.0,0.0,0.216827,0.094094,0.3,low,0.028228,0.0,0.028228,0
2026-07-26T06:06:05.841569,04/25 15:23,12.2,52.0,24.61,23.73,25.35,20.0,27.0,0.3764,0.094094,0.150025,0.094094,0.041856,0.0,0.0,0.228722,0.094094,0.3,low,0.028228,0.0,0.028228,0
2026-07-26T06:06:05.860569,04/25 16:15,12.07,52.0,24.79,23.45,25.5,20.0,27.0,0.3764,0.094094,0.151365,0.094094,0.043185,0.0,0.0,0.235224,0.094094,0.55,high,0.051752,0.0,0.051752,0
2026-07-26T06:06:05.878573,04/25 17:15,11.42,52.0,24.56,22.92,25.79,20.0,27.0,0.3764,0.094094,0.145537,0.094094,0.043484,0.0,0.0,0.199426,0.094094,0.55,high,0.051752,0.0,0.051752,0
2026-07-26T06:06:05.895571,04/25 18:15,10.45,52.0,24.14,22.45,25.24,20.0,27.0,0.3764,0.094094,0.130722,0.094094,0.042079,0.0,0.0,0.111729,0.094094,0.55,high,0.051752,0.0,0.051752,0
2026-07-26T06:06:23.371132,04/25 19:23,9.57,26.0,22.29,21.04,23.63,20.0,26.0,0.3764,0.094094,0.118308,0.094094,0.036974,0.0,0.0,0.044783,0.094094,0.55,high,0.051752,0.0,0.051752,0
2026-07-26T06:06:23.394131,04/25 20:23,8.18,0.0,,,,20.0,26.0,0.3764,0.094094,0.0,0.094094,0.000244,0.106651,0.144377,0.0,0.200745,0.55,high,0.051752,0.019304,0.071056,0
2026-07-26T06:06:23.414132,04/25 21:15,7.38,0.0,,,,20.0,26.0,0.0,0.0,0.0,0.0,0.0,0.0,0.0,0.0,0.0,0.4,moderate,0.0,0.0,0.0,0
2026-07-26T06:06:23.432132,04/25 22:15,5.97,0.0,,,,20.0,26.0,0.0,0.0,0.0,0.0,0.0,0.0,0.0,0.0,0.0,0.4,moderate,0.0,0.0,0.0,0
2026-07-26T06:06:23.448130,04/25 23:15,5.6,0.0,,,,20.0,26.0,0.0,0.0,0.0,0.0,0.0,0.0,0.0,0.0,0.0,0.4,moderate,0.0,0.0,0.0,0
2026-07-26T06:06:23.464131,04/26 00:15,5.45,0.0,,,,20.0,26.0,0.0,0.0,0.0,0.0,0.0,0.0,0.0,0.0,0.0,0.34,low,0.0,0.0,0.0,0
2026-07-26T06:06:40.879207,04/26 01:15,5.0,0.0,,,,18.0,28.0,0.0,0.0,0.0,0.0,0.0,0.0,0.0,0.0,0.0,0.34,low,0.0,0.0,0.0,0
2026-07-26T06:06:40.899216,04/26 02:15,4.72,0.0,,,,18.0,28.0,0.0,0.0,0.0,0.0,0.0,0.0,0.0,0.0,0.0,0.34,low,0.0,0.0,0.0,0
2026-07-26T06:06:40.920213,04/26 03:15,3.62,0.0,,,,18.0,28.0,0.0,0.0,0.0,0.0,0.0,0.0,0.0,0.0,0.0,0.34,low,0.0,0.0,0.0,0
2026-07-26T06:06:40.939217,04/26 04:15,2.65,0.0,,,,18.0,28.0,0.0,0.0,0.0,0.0,0.0,0.0,0.0,0.0,0.0,0.34,low,0.0,0.0,0.0,0
2026-07-26T06:06:40.957205,04/26 05:15,2.35,0.0,,,,18.0,28.0,0.0,0.0,0.0,0.0,0.0,0.0,0.0,0.0,0.0,0.34,low,0.0,0.0,0.0,0
2026-07-26T06:06:40.975205,04/26 06:23,3.07,0.0,,,,18.0,28.0,0.0,0.0,0.0,0.0,0.0,0.0,0.0,0.0,0.0,0.43,moderate,0.0,0.0,0.0,0
2026-07-26T06:06:58.886402,04/26 07:23,4.32,0.0,,,,18.0,29.0,0.3764,0.094094,0.0,0.094094,0.00324,0.342949,0.565358,0.0,0.437043,0.43,moderate,0.04046,0.062074,0.102534,0
2026-07-26T06:06:58.910403,04/26 08:23,5.72,0.0,,,,18.0,29.0,0.3764,0.094094,0.0,0.094094,0.001213,0.760121,0.414897,0.0,0.854215,0.43,moderate,0.04046,0.137582,0.178042,0
2026-07-26T06:06:58.933401,04/26 09:23,6.37,52.0,21.99,20.16,24.77,18.0,29.0,0.3764,0.094094,0.0,0.094094,0.000819,0.459161,0.348889,0.0,0.553255,0.43,moderate,0.04046,0.083108,0.123569,0
2026-07-26T06:06:58.958403,04/26 10:23,7.48,52.0,23.62,21.59,26.53,18.0,29.0,0.3764,0.094094,0.0,0.094094,0.000464,0.270539,0.234518,0.0,0.364633,0.3,low,0.028228,0.048968,0.077196,1
2026-07-26T06:06:58.979401,04/26 11:23,8.45,52.0,24.35,22.37,26.88,18.0,29.0,0.3764,0.094094,0.0,0.094094,0.0002,0.12466,0.119574,0.0,0.218754,0.3,low,0.028228,0.022563,0.050792,1
2026-07-26T06:06:58.998402,04/26 12:23,9.18,41.6,24.42,22.64,26.08,18.0,29.0,0.3764,0.094094,0.0,0.094094,7e-05,0.045672,0.048157,0.0,0.139766,0.3,low,0.028228,0.008267,0.036495,1
2026-07-26T06:07:18.760980,04/26 13:15,10.15,20.8,23.99,22.5,24.71,20.0,27.0,0.3764,0.094094,0.118715,0.094094,0.038667,0.0,0.0,0.055096,0.094094,0.3,low,0.028228,0.0,0.028228,0
2026-07-26T06:07:18.782976,04/26 14:15,10.45,41.6,24.48,23.48,25.32,20.0,27.0,0.3764,0.094094,0.130477,0.094094,0.042363,0.0,0.0,0.117935,0.094094,0.3,low,0.028228,0.0,0.028228,0
2026-07-26T06:07:18.804986,04/26 15:23,10.0,52.0,24.89,24.06,25.69,20.0,27.0,0.3764,0.094094,0.126246,0.094094,0.045691,0.0,0.0,0.084635,0.094094,0.3,low,0.028228,0.0,0.028228,0
2026-07-26T06:07:18.824975,04/26 16:15,9.72,52.0,25.02,23.67,25.72,20.0,27.0,0.3764,0.094094,0.126949,0.094094,0.04693,0.0,0.0,0.089952,0.094094,0.55,high,0.051752,0.0,0.051752,0
2026-07-26T06:07:18.844976,04/26 17:15,8.62,52.0,24.69,23.03,25.87,20.0,27.0,0.3764,0.094094,0.112946,0.094094,0.045933,0.0,0.0,0.003119,0.094094,0.55,high,0.051752,0.0,0.051752,0
2026-07-26T06:07:18.863977,04/26 18:15,7.52,52.0,24.2,22.49,25.33,20.0,27.0,0.3764,0.094094,0.0,0.094094,0.000142,0.096213,0.089602,0.0,0.190307,0.55,high,0.051752,0.017415,0.069166,0
2026-07-26T06:07:37.676307,04/26 19:23,6.55,26.0,22.24,20.99,23.77,20.0,26.0,0.3764,0.094094,0.0,0.094094,0.000384,0.264389,0.204198,0.0,0.358483,0.55,high,0.051752,0.047854,0.099606,0
2026-07-26T06:07:37.701309,04/26 20:23,6.1,0.0,,,,20.0,26.0,0.3764,0.094094,0.0,0.094094,0.000758,0.147411,0.319113,0.0,0.241505,0.55,high,0.051752,0.026681,0.078433,0
2026-07-26T06:07:37.725300,04/26 21:23,5.97,0.0,,,,20.0,26.0,0.0,0.0,0.0,0.0,0.0,0.0,0.0,0.0,0.0,0.4,moderate,0.0,0.0,0.0,0
2026-07-26T06:07:37.747313,04/26 22:15,5.6,0.0,,,,20.0,26.0,0.0,0.0,0.0,0.0,0.0,0.0,0.0,0.0,0.0,0.4,moderate,0.0,0.0,0.0,0
2026-07-26T06:07:37.767312,04/26 23:15,5.6,0.0,,,,20.0,26.0,0.0,0.0,0.0,0.0,0.0,0.0,0.0,0.0,0.0,0.4,moderate,0.0,0.0,0.0,0
2026-07-26T06:07:37.792305,04/27 00:15,5.6,0.0,,,,20.0,26.0,0.0,0.0,0.0,0.0,0.0,0.0,0.0,0.0,0.0,0.34,low,0.0,0.0,0.0,0
2026-07-26T06:07:55.249058,04/27 01:15,5.72,0.0,,,,18.0,28.0,0.0,0.0,0.0,0.0,0.0,0.0,0.0,0.0,0.0,0.34,low,0.0,0.0,0.0,0
2026-07-26T06:07:55.271064,04/27 02:15,6.1,0.0,,,,18.0,28.0,0.0,0.0,0.0,0.0,0.0,0.0,0.0,0.0,0.0,0.34,low,0.0,0.0,0.0,0
2026-07-26T06:07:55.291056,04/27 03:15,6.25,0.0,,,,18.0,28.0,0.0,0.0,0.0,0.0,0.0,0.0,0.0,0.0,0.0,0.34,low,0.0,0.0,0.0,0
2026-07-26T06:07:55.309057,04/27 04:15,6.7,0.0,,,,18.0,28.0,0.0,0.0,0.0,0.0,0.0,0.0,0.0,0.0,0.0,0.34,low,0.0,0.0,0.0,0
2026-07-26T06:07:55.325055,04/27 05:15,6.55,0.0,,,,18.0,28.0,0.0,0.0,0.0,0.0,0.0,0.0,0.0,0.0,0.0,0.34,low,0.0,0.0,0.0,0
2026-07-26T06:07:55.343055,04/27 06:15,6.25,0.0,,,,18.0,28.0,0.0,0.0,0.0,0.0,0.0,0.0,0.0,0.0,0.0,0.43,moderate,0.0,0.0,0.0,0
2026-07-26T06:08:12.855862,04/27 07:15,6.7,0.0,,,,18.0,29.0,0.0,0.0,0.0,0.0,0.0,0.0,0.0,0.0,0.0,0.43,moderate,0.0,0.0,0.0,0
2026-07-26T06:08:12.877862,04/27 08:15,6.98,0.0,,,,18.0,29.0,0.0,0.0,0.0,0.0,0.0,0.0,0.0,0.0,0.0,0.43,moderate,0.0,0.0,0.0,0
2026-07-26T06:08:12.898853,04/27 09:15,7.8,0.0,,,,18.0,29.0,0.0,0.0,0.0,0.0,0.0,0.0,0.0,0.0,0.0,0.43,moderate,0.0,0.0,0.0,0
2026-07-26T06:08:12.916851,04/27 10:15,7.8,0.0,,,,18.0,29.0,0.0,0.0,0.0,0.0,0.0,0.0,0.0,0.0,0.0,0.3,low,0.0,0.0,0.0,0
2026-07-26T06:08:12.936852,04/27 11:15,7.8,0.0,,,,18.0,29.0,0.0,0.0,0.0,0.0,0.0,0.0,0.0,0.0,0.0,0.3,low,0.0,0.0,0.0,0
2026-07-26T06:08:12.954855,04/27 12:15,7.65,0.0,,,,18.0,29.0,0.0,0.0,0.0,0.0,0.0,0.0,0.0,0.0,0.0,0.3,low,0.0,0.0,0.0,0
2026-07-26T06:08:31.764390,04/27 13:15,7.2,0.0,,,,18.0,29.0,0.0,0.0,0.0,0.0,0.0,0.0,0.0,0.0,0.0,0.3,low,0.0,0.0,0.0,0
2026-07-26T06:08:31.785395,04/27 14:15,7.2,0.0,,,,18.0,29.0,0.0,0.0,0.0,0.0,0.0,0.0,0.0,0.0,0.0,0.3,low,0.0,0.0,0.0,0
2026-07-26T06:08:31.805385,04/27 15:15,7.2,0.0,,,,18.0,29.0,0.0,0.0,0.0,0.0,0.0,0.0,0.0,0.0,0.0,0.3,low,0.0,0.0,0.0,0
2026-07-26T06:08:31.823383,04/27 16:15,7.35,0.0,,,,18.0,29.0,0.0,0.0,0.0,0.0,0.0,0.0,0.0,0.0,0.0,0.55,high,0.0,0.0,0.0,0
2026-07-26T06:08:31.840382,04/27 17:15,7.92,0.0,,,,18.0,29.0,0.0,0.0,0.0,0.0,0.0,0.0,0.0,0.0,0.0,0.55,high,0.0,0.0,0.0,0
2026-07-26T06:08:31.858383,04/27 18:15,8.3,0.0,,,,18.0,29.0,0.0,0.0,0.0,0.0,0.0,0.0,0.0,0.0,0.0,0.55,high,0.0,0.0,0.0,0
2026-07-26T06:08:49.356765,04/27 19:15,8.45,0.0,,,,18.0,29.0,0.0,0.0,0.0,0.0,0.0,0.0,0.0,0.0,0.0,0.55,high,0.0,0.0,0.0,0
2026-07-26T06:08:49.378775,04/27 20:15,8.9,0.0,,,,18.0,29.0,0.0,0.0,0.0,0.0,0.0,0.0,0.0,0.0,0.0,0.55,high,0.0,0.0,0.0,0
2026-07-26T06:08:49.400762,04/27 21:15,9.03,0.0,,,,18.0,29.0,0.0,0.0,0.0,0.0,0.0,0.0,0.0,0.0,0.0,0.4,moderate,0.0,0.0,0.0,0
2026-07-26T06:08:49.421769,04/27 22:15,9.7,0.0,,,,18.0,29.0,0.0,0.0,0.0,0.0,0.0,0.0,0.0,0.0,0.0,0.4,moderate,0.0,0.0,0.0,0
2026-07-26T06:08:49.442763,04/27 23:15,10.88,0.0,,,,18.0,29.0,0.0,0.0,0.0,0.0,0.0,0.0,0.0,0.0,0.0,0.4,moderate,0.0,0.0,0.0,0
2026-07-26T06:08:49.462771,04/28 00:15,11.82,0.0,,,,18.0,29.0,0.0,0.0,0.0,0.0,0.0,0.0,0.0,0.0,0.0,0.34,low,0.0,0.0,0.0,0
2026-07-26T06:09:07.190813,04/28 01:15,12.62,0.0,,,,18.0,29.0,0.0,0.0,0.0,0.0,0.0,0.0,0.0,0.0,0.0,0.34,low,0.0,0.0,0.0,0
2026-07-26T06:09:07.210813,04/28 02:15,14.18,0.0,,,,18.0,29.0,0.0,0.0,0.0,0.0,0.0,0.0,0.0,0.0,0.0,0.34,low,0.0,0.0,0.0,0
2026-07-26T06:09:07.230814,04/28 03:15,14.45,0.0,,,,18.0,29.0,0.0,0.0,0.0,0.0,0.0,0.0,0.0,0.0,0.0,0.34,low,0.0,0.0,0.0,0
2026-07-26T06:09:07.248996,04/28 04:15,12.53,0.0,,,,18.0,29.0,0.0,0.0,0.0,0.0,0.0,0.0,0.0,0.0,0.0,0.34,low,0.0,0.0,0.0,0
2026-07-26T06:09:07.266990,04/28 05:15,11.27,0.0,,,,18.0,29.0,0.0,0.0,0.0,0.0,0.0,0.0,0.0,0.0,0.0,0.34,low,0.0,0.0,0.0,0
2026-07-26T06:09:07.284992,04/28 06:15,9.57,0.0,,,,18.0,29.0,0.0,0.0,0.0,0.0,0.0,0.0,0.0,0.0,0.0,0.43,moderate,0.0,0.0,0.0,0
2026-07-26T06:09:24.433425,04/28 07:15,8.3,0.0,,,,18.0,29.0,0.0,0.0,0.0,0.0,0.0,0.0,0.0,0.0,0.0,0.43,moderate,0.0,0.0,0.0,0
2026-07-26T06:09:24.454442,04/28 08:15,7.9,0.0,,,,18.0,29.0,0.0,0.0,0.0,0.0,0.0,0.0,0.0,0.0,0.0,0.43,moderate,0.0,0.0,0.0,0
2026-07-26T06:09:24.473368,04/28 09:15,6.7,0.0,,,,18.0,29.0,0.0,0.0,0.0,0.0,0.0,0.0,0.0,0.0,0.0,0.43,moderate,0.0,0.0,0.0,0
2026-07-26T06:09:24.491786,04/28 10:15,6.55,0.0,,,,18.0,29.0,0.0,0.0,0.0,0.0,0.0,0.0,0.0,0.0,0.0,0.3,low,0.0,0.0,0.0,0
2026-07-26T06:09:24.510765,04/28 11:15,5.97,0.0,,,,18.0,29.0,0.0,0.0,0.0,0.0,0.0,0.0,0.0,0.0,0.0,0.3,low,0.0,0.0,0.0,0
2026-07-26T06:09:24.529762,04/28 12:15,5.6,0.0,,,,18.0,29.0,0.0,0.0,0.0,0.0,0.0,0.0,0.0,0.0,0.0,0.3,low,0.0,0.0,0.0,0
2026-07-26T06:09:42.908391,04/28 13:15,5.6,0.0,,,,18.0,29.0,0.0,0.0,0.0,0.0,0.0,0.0,0.0,0.0,0.0,0.3,low,0.0,0.0,0.0,0
2026-07-26T06:09:42.930391,04/28 14:15,5.6,0.0,,,,18.0,29.0,0.0,0.0,0.0,0.0,0.0,0.0,0.0,0.0,0.0,0.3,low,0.0,0.0,0.0,0
2026-07-26T06:09:42.949391,04/28 15:15,5.72,0.0,,,,18.0,29.0,0.0,0.0,0.0,0.0,0.0,0.0,0.0,0.0,0.0,0.3,low,0.0,0.0,0.0,0
2026-07-26T06:09:42.967395,04/28 16:15,6.1,0.0,,,,18.0,29.0,0.0,0.0,0.0,0.0,0.0,0.0,0.0,0.0,0.0,0.55,high,0.0,0.0,0.0,0
2026-07-26T06:09:42.983392,04/28 17:15,6.1,0.0,,,,18.0,29.0,0.0,0.0,0.0,0.0,0.0,0.0,0.0,0.0,0.0,0.55,high,0.0,0.0,0.0,0
2026-07-26T06:09:42.999469,04/28 18:15,6.1,0.0,,,,18.0,29.0,0.0,0.0,0.0,0.0,0.0,0.0,0.0,0.0,0.0,0.55,high,0.0,0.0,0.0,0
2026-07-26T06:10:00.946332,04/28 19:15,6.1,0.0,,,,18.0,29.0,0.0,0.0,0.0,0.0,0.0,0.0,0.0,0.0,0.0,0.55,high,0.0,0.0,0.0,0
2026-07-26T06:10:00.967330,04/28 20:15,6.1,0.0,,,,18.0,29.0,0.0,0.0,0.0,0.0,0.0,0.0,0.0,0.0,0.0,0.55,high,0.0,0.0,0.0,0
2026-07-26T06:10:00.988333,04/28 21:15,5.97,0.0,,,,18.0,29.0,0.0,0.0,0.0,0.0,0.0,0.0,0.0,0.0,0.0,0.4,moderate,0.0,0.0,0.0,0
2026-07-26T06:10:01.007529,04/28 22:15,5.6,0.0,,,,18.0,29.0,0.0,0.0,0.0,0.0,0.0,0.0,0.0,0.0,0.0,0.4,moderate,0.0,0.0,0.0,0
2026-07-26T06:10:01.025527,04/28 23:15,5.45,0.0,,,,18.0,29.0,0.0,0.0,0.0,0.0,0.0,0.0,0.0,0.0,0.0,0.4,moderate,0.0,0.0,0.0,0
2026-07-26T06:10:01.043529,04/29 00:15,4.85,0.0,,,,18.0,29.0,0.0,0.0,0.0,0.0,0.0,0.0,0.0,0.0,0.0,0.34,low,0.0,0.0,0.0,0
2026-07-26T06:10:19.354273,04/29 01:15,4.55,0.0,,,,18.0,29.0,0.0,0.0,0.0,0.0,0.0,0.0,0.0,0.0,0.0,0.34,low,0.0,0.0,0.0,0
2026-07-26T06:10:19.377275,04/29 02:15,5.15,0.0,,,,18.0,29.0,0.0,0.0,0.0,0.0,0.0,0.0,0.0,0.0,0.0,0.34,low,0.0,0.0,0.0,0
2026-07-26T06:10:19.395722,04/29 03:15,5.6,0.0,,,,18.0,29.0,0.0,0.0,0.0,0.0,0.0,0.0,0.0,0.0,0.0,0.34,low,0.0,0.0,0.0,0
2026-07-26T06:10:19.411720,04/29 04:15,5.6,0.0,,,,18.0,29.0,0.0,0.0,0.0,0.0,0.0,0.0,0.0,0.0,0.0,0.34,low,0.0,0.0,0.0,0
2026-07-26T06:10:19.429723,04/29 05:15,5.72,0.0,,,,18.0,29.0,0.0,0.0,0.0,0.0,0.0,0.0,0.0,0.0,0.0,0.34,low,0.0,0.0,0.0,0
2026-07-26T06:10:19.447720,04/29 06:15,6.25,0.0,,,,18.0,29.0,0.0,0.0,0.0,0.0,0.0,0.0,0.0,0.0,0.0,0.43,moderate,0.0,0.0,0.0,0
2026-07-26T06:10:36.995674,04/29 07:15,6.83,0.0,,,,18.0,29.0,0.3764,0.094094,0.0,0.094094,0.001444,0.022374,0.346203,0.0,0.116468,0.43,moderate,0.04046,0.00405,0.04451,0
2026-07-26T06:10:37.016675,04/29 08:15,7.48,0.0,,,,18.0,29.0,0.3764,0.094094,0.0,0.094094,0.000824,0.582074,0.30156,0.0,0.676168,0.43,moderate,0.04046,0.105355,0.145816,0
2026-07-26T06:10:37.037675,04/29 09:23,8.58,52.0,20.93,20.14,21.77,18.0,29.0,0.3764,0.094094,0.0,0.094094,0.000382,0.258299,0.1912,0.0,0.352393,0.43,moderate,0.04046,0.046752,0.087213,0
2026-07-26T06:10:37.057676,04/29 10:23,9.55,52.0,22.81,21.7,23.49,18.0,29.0,0.3764,0.094094,0.0,0.094094,0.00013,0.090719,0.080289,0.0,0.184813,0.3,low,0.028228,0.01642,0.044648,0
2026-07-26T06:10:37.076675,04/29 11:23,10.0,52.0,23.65,22.52,24.29,18.0,29.0,0.3764,0.094094,0.0,0.094094,1.1e-05,0.008132,0.009032,0.0,0.102226,0.3,low,0.028228,0.001472,0.0297,0
2026-07-26T06:10:37.095673,04/29 12:15,10.28,41.6,23.8,22.69,24.54,18.0,29.0,0.3764,0.094094,0.113883,0.094094,0.053806,0.0,0.0,0.008146,0.094094,0.3,low,0.028228,0.0,0.028228,0
2026-07-26T06:10:54.874594,04/29 13:15,11.8,20.8,23.18,22.15,24.2,20.0,27.0,0.3764,0.094094,0.129941,0.094094,0.0551,0.0,0.0,0.104873,0.094094,0.3,low,0.028228,0.0,0.028228,0
2026-07-26T06:10:54.897692,04/29 14:15,14.18,41.6,24.07,23.4,24.79,20.0,27.0,0.3764,0.094094,0.171168,0.094094,0.065007,0.0,0.0,0.336042,0.094094,0.3,low,0.028228,0.0,0.028228,0
2026-07-26T06:10:54.919017,04/29 15:23,15.15,52.0,24.63,23.61,25.19,20.0,27.0,0.3764,0.094094,0.190711,0.094094,0.066848,0.0,0.0,0.438609,0.094094,0.3,low,0.028228,0.0,0.028228,0
2026-07-26T06:10:54.939314,04/29 16:15,15.72,52.0,24.94,23.53,25.74,20.0,27.0,0.3764,0.094094,0.201894,0.094094,0.067274,0.0,0.0,0.498189,0.094094,0.55,high,0.051752,0.0,0.051752,0
2026-07-26T06:10:54.958324,04/29 17:15,15.98,52.0,24.82,23.18,26.05,20.0,27.0,0.3764,0.094094,0.2111,0.094094,0.06837,0.0,0.0,0.546818,0.094094,0.55,high,0.051752,0.0,0.051752,1
2026-07-26T06:10:54.977319,04/29 18:15,15.3,52.0,24.51,22.86,25.56,20.0,27.0,0.3764,0.094094,0.204751,0.094094,0.067779,0.0,0.0,0.510411,0.094094,0.55,high,0.051752,0.0,0.051752,0
2026-07-26T06:11:14.856046,04/29 19:23,14.12,26.0,22.69,21.42,23.75,20.0,26.0,0.3764,0.094094,0.184719,0.094094,0.065892,0.0,0.0,0.399658,0.094094,0.55,high,0.051752,0.0,0.051752,0
2026-07-26T06:11:14.879042,04/29 20:23,13.03,0.0,,,,20.0,26.0,0.3764,0.094094,0.160242,0.094094,0.038216,0.0,0.0,0.28746,0.094094,0.55,high,0.051752,0.0,0.051752,0
2026-07-26T06:11:14.899041,04/29 21:15,12.07,0.0,,,,20.0,26.0,0.0,0.0,0.0,0.0,0.0,0.0,0.0,0.0,0.0,0.4,moderate,0.0,0.0,0.0,0
2026-07-26T06:11:14.917041,04/29 22:15,11.7,0.0,,,,20.0,26.0,0.0,0.0,0.0,0.0,0.0,0.0,0.0,0.0,0.0,0.4,moderate,0.0,0.0,0.0,0
2026-07-26T06:11:14.936045,04/29 23:15,11.7,0.0,,,,20.0,26.0,0.0,0.0,0.0,0.0,0.0,0.0,0.0,0.0,0.0,0.4,moderate,0.0,0.0,0.0,0
2026-07-26T06:11:14.955041,04/30 00:15,11.7,0.0,,,,20.0,26.0,0.0,0.0,0.0,0.0,0.0,0.0,0.0,0.0,0.0,0.34,low,0.0,0.0,0.0,0
2026-07-26T06:11:33.418181,04/30 01:15,11.55,0.0,,,,18.0,28.0,0.0,0.0,0.0,0.0,0.0,0.0,0.0,0.0,0.0,0.34,low,0.0,0.0,0.0,0
2026-07-26T06:11:33.441178,04/30 02:15,11.1,0.0,,,,18.0,28.0,0.0,0.0,0.0,0.0,0.0,0.0,0.0,0.0,0.0,0.34,low,0.0,0.0,0.0,0
2026-07-26T06:11:33.460177,04/30 03:15,11.1,0.0,,,,18.0,28.0,0.0,0.0,0.0,0.0,0.0,0.0,0.0,0.0,0.0,0.34,low,0.0,0.0,0.0,0
2026-07-26T06:11:33.479178,04/30 04:15,11.1,0.0,,,,18.0,28.0,0.0,0.0,0.0,0.0,0.0,0.0,0.0,0.0,0.0,0.34,low,0.0,0.0,0.0,0
2026-07-26T06:11:33.498178,04/30 05:15,10.97,0.0,,,,18.0,28.0,0.0,0.0,0.0,0.0,0.0,0.0,0.0,0.0,0.0,0.34,low,0.0,0.0,0.0,0
2026-07-26T06:11:33.518181,04/30 06:23,10.72,0.0,,,,18.0,28.0,0.0,0.0,0.0,0.0,0.0,0.0,0.0,0.0,0.0,0.43,moderate,0.0,0.0,0.0,0
2026-07-26T06:11:51.166149,04/30 07:15,11.25,0.0,,,,18.0,29.0,0.3764,0.094094,0.11231,0.094094,0.018928,0.0,0.0,0.036031,0.094094,0.43,moderate,0.04046,0.0,0.04046,0
2026-07-26T06:11:51.189145,04/30 08:15,11.82,0.0,,,,18.0,29.0,0.3764,0.094094,0.120856,0.094094,0.020025,0.0,0.0,0.085903,0.094094,0.43,moderate,0.04046,0.0,0.04046,0
2026-07-26T06:11:51.212143,04/30 09:23,12.2,52.0,21.77,20.74,22.35,18.0,29.0,0.3764,0.094094,0.132516,0.094094,0.024794,0.0,0.0,0.147073,0.094094,0.43,moderate,0.04046,0.0,0.04046,0
2026-07-26T06:11:51.231144,04/30 10:15,12.35,52.0,22.97,21.9,23.91,18.0,29.0,0.3764,0.094094,0.136816,0.094094,0.028232,0.0,0.0,0.164671,0.094094,0.3,low,0.028228,0.0,0.028228,0
2026-07-26T06:11:51.250144,04/30 11:15,12.93,52.0,23.61,22.59,24.53,18.0,29.0,0.3764,0.094094,0.147534,0.094094,0.031754,0.0,0.0,0.226499,0.094094,0.3,low,0.028228,0.0,0.028228,0
2026-07-26T06:11:51.270147,04/30 12:15,13.3,41.6,23.77,22.8,24.67,18.0,29.0,0.3764,0.094094,0.157215,0.094094,0.035232,0.0,0.0,0.277877,0.094094,0.3,low,0.028228,0.0,0.028228,0
2026-07-26T06:12:10.385803,04/30 13:15,13.58,20.8,23.63,22.75,24.36,20.0,27.0,0.3764,0.094094,0.159301,0.094094,0.03711,0.0,0.0,0.285975,0.094094,0.3,low,0.028228,0.0,0.028228,0
2026-07-26T06:12:10.407805,04/30 14:15,14.4,41.6,24.19,23.35,24.94,20.0,27.0,0.3764,0.094094,0.176562,0.094094,0.0411,0.0,0.0,0.383239,0.094094,0.3,low,0.028228,0.0,0.028228,0
2026-07-26T06:12:10.428802,04/30 15:15,14.55,52.0,24.4,23.59,25.27,20.0,27.0,0.3764,0.094094,0.179757,0.094094,0.043721,0.0,0.0,0.394612,0.094094,0.3,low,0.028228,0.0,0.028228,0
2026-07-26T06:12:10.446800,04/30 16:15,15.0,52.0,24.41,23.55,25.27,20.0,27.0,0.3764,0.094094,0.189503,0.094094,0.046461,0.0,0.0,0.448528,0.094094,0.55,high,0.051752,0.0,0.051752,0
2026-07-26T06:12:10.467799,04/30 17:15,14.45,52.0,24.42,23.22,25.06,20.0,27.0,0.3764,0.094094,0.190785,0.094094,0.047638,0.0,0.0,0.45297,0.094094,0.55,high,0.051752,0.0,0.051752,0
2026-07-26T06:12:10.484800,04/30 18:15,12.53,52.0,23.97,22.75,25.03,20.0,27.0,0.3764,0.094094,0.16124,0.094094,0.044544,0.0,0.0,0.282346,0.094094,0.55,high,0.051752,0.0,0.051752,0
2026-07-26T06:12:29.590006,04/30 19:23,11.55,26.0,22.28,21.25,23.6,20.0,26.0,0.3764,0.094094,0.141886,0.094094,0.03948,0.0,0.0,0.179567,0.094094,0.55,high,0.051752,0.0,0.051752,0
2026-07-26T06:12:29.611012,04/30 20:23,10.97,0.0,,,,20.0,26.0,0.3764,0.094094,0.128224,0.094094,0.033336,0.0,0.0,0.10678,0.094094,0.55,high,0.051752,0.0,0.051752,0
2026-07-26T06:12:29.628010,04/30 21:15,10.4,0.0,,,,20.0,26.0,0.0,0.0,0.0,0.0,0.0,0.0,0.0,0.0,0.0,0.4,moderate,0.0,0.0,0.0,0
2026-07-26T06:12:29.646396,04/30 22:15,9.6,0.0,,,,20.0,26.0,0.0,0.0,0.0,0.0,0.0,0.0,0.0,0.0,0.0,0.4,moderate,0.0,0.0,0.0,0
2026-07-26T06:12:29.664403,04/30 23:15,8.8,0.0,,,,20.0,26.0,0.0,0.0,0.0,0.0,0.0,0.0,0.0,0.0,0.0,0.4,moderate,0.0,0.0,0.0,0
2026-07-26T06:12:29.691396,05/01 00:15,8.0,0.0,,,,20.0,26.0,0.0,0.0,0.0,0.0,0.0,0.0,0.0,0.0,0.0,0.34,low,0.0,0.0,0.0,0
2026-07-26T06:12:47.782931,05/01 01:15,7.2,0.0,,,,18.0,28.0,0.0,0.0,0.0,0.0,0.0,0.0,0.0,0.0,0.0,0.34,low,0.0,0.0,0.0,0
2026-07-26T06:12:47.804935,05/01 02:15,6.4,0.0,,,,18.0,28.0,0.0,0.0,0.0,0.0,0.0,0.0,0.0,0.0,0.0,0.34,low,0.0,0.0,0.0,0
2026-07-26T06:12:47.823934,05/01 03:15,5.6,0.0,,,,18.0,28.0,0.0,0.0,0.0,0.0,0.0,0.0,0.0,0.0,0.0,0.34,low,0.0,0.0,0.0,0
2026-07-26T06:12:47.844931,05/01 04:15,5.42,0.0,,,,18.0,28.0,0.0,0.0,0.0,0.0,0.0,0.0,0.0,0.0,0.0,0.34,low,0.0,0.0,0.0,0
2026-07-26T06:12:47.861930,05/01 05:15,6.98,0.0,,,,18.0,28.0,0.0,0.0,0.0,0.0,0.0,0.0,0.0,0.0,0.0,0.34,low,0.0,0.0,0.0,0
2026-07-26T06:12:47.878931,05/01 06:23,8.9,0.0,,,,18.0,28.0,0.0,0.0,0.0,0.0,0.0,0.0,0.0,0.0,0.0,0.43,moderate,0.0,0.0,0.0,0
2026-07-26T06:13:05.186590,05/01 07:15,12.47,0.0,,,,18.0,29.0,0.3764,0.094094,0.123393,0.094094,0.03346,0.0,0.0,0.107039,0.094094,0.43,moderate,0.04046,0.0,0.04046,0
2026-07-26T06:13:05.208585,05/01 08:15,13.58,0.0,,,,18.0,29.0,0.3764,0.094094,0.142491,0.094094,0.03451,0.0,0.0,0.199396,0.094094,0.43,moderate,0.04046,0.0,0.04046,0
2026-07-26T06:13:05.229585,05/01 09:23,14.55,52.0,21.76,20.78,22.46,18.0,29.0,0.3764,0.094094,0.16348,0.094094,0.039374,0.0,0.0,0.312797,0.094094,0.43,moderate,0.04046,0.0,0.04046,0
2026-07-26T06:13:05.250585,05/01 10:23,15.15,52.0,23.3,22.26,24.03,18.0,29.0,0.3764,0.094094,0.176125,0.094094,0.038295,0.0,0.0,0.384206,0.094094,0.3,low,0.028228,0.0,0.028228,0
2026-07-26T06:13:05.272589,05/01 11:23,15.72,52.0,24.11,23.14,24.91,18.0,29.0,0.3764,0.094094,0.192345,0.094094,0.052465,0.0,0.0,0.453717,0.094094,0.3,low,0.028228,0.0,0.028228,0
2026-07-26T06:13:05.290590,05/01 12:15,15.98,41.6,24.48,23.58,25.37,18.0,29.0,0.3764,0.094094,0.203277,0.094094,0.060027,0.0,0.0,0.509202,0.094094,0.3,low,0.028228,0.0,0.028228,0
2026-07-26T06:13:23.877052,05/01 13:15,15.45,20.8,24.24,23.41,25.14,20.0,27.0,0.3764,0.094094,0.199056,0.094094,0.063435,0.0,0.0,0.482433,0.094094,0.3,low,0.028228,0.0,0.028228,0
2026-07-26T06:13:23.898048,05/01 14:15,15.28,41.6,24.56,23.71,25.37,20.0,27.0,0.3764,0.094094,0.192253,0.094094,0.062107,0.0,0.0,0.446636,0.094094,0.3,low,0.028228,0.0,0.028228,0
2026-07-26T06:13:23.918052,05/01 15:15,16.1,52.0,24.66,23.81,25.51,20.0,27.0,0.3764,0.094094,0.210481,0.094094,0.069809,0.0,0.0,0.542609,0.094094,0.3,low,0.028228,0.0,0.028228,0
2026-07-26T06:13:23.939053,05/01 16:15,16.25,52.0,24.53,23.77,25.46,20.0,27.0,0.3764,0.094094,0.211839,0.094094,0.071432,0.0,0.0,0.546157,0.094094,0.55,high,0.051752,0.0,0.051752,0
2026-07-26T06:13:23.957053,05/01 17:15,16.55,52.0,24.25,23.31,25.17,20.0,27.0,0.3764,0.094094,0.22079,0.094094,0.072563,0.0,0.0,0.594804,0.094094,0.55,high,0.051752,0.0,0.051752,0
2026-07-26T06:13:23.975049,05/01 18:15,15.55,52.0,23.91,22.9,25.09,20.0,27.0,0.3764,0.094094,0.212015,0.094094,0.071443,0.0,0.0,0.546174,0.094094,0.55,high,0.051752,0.0,0.051752,0
2026-07-26T06:13:43.361708,05/01 19:15,13.48,26.0,22.34,21.46,23.65,20.0,26.0,0.3764,0.094094,0.17736,0.094094,0.066583,0.0,0.0,0.35589,0.094094,0.55,high,0.051752,0.0,0.051752,0
2026-07-26T06:13:43.381710,05/01 20:15,11.92,0.0,,,,20.0,26.0,0.3764,0.094094,0.146434,0.094094,0.049709,0.0,0.0,0.198061,0.094094,0.55,high,0.051752,0.0,0.051752,0
2026-07-26T06:13:43.401709,05/01 21:15,10.82,0.0,,,,20.0,26.0,0.0,0.0,0.0,0.0,0.0,0.0,0.0,0.0,0.0,0.4,moderate,0.0,0.0,0.0,0
2026-07-26T06:13:43.420712,05/01 22:15,9.57,0.0,,,,20.0,26.0,0.0,0.0,0.0,0.0,0.0,0.0,0.0,0.0,0.0,0.4,moderate,0.0,0.0,0.0,0
2026-07-26T06:13:43.438713,05/01 23:15,8.18,0.0,,,,20.0,26.0,0.0,0.0,0.0,0.0,0.0,0.0,0.0,0.0,0.0,0.4,moderate,0.0,0.0,0.0,0
2026-07-26T06:13:43.456711,05/02 00:15,7.8,0.0,,,,20.0,26.0,0.0,0.0,0.0,0.0,0.0,0.0,0.0,0.0,0.0,0.34,low,0.0,0.0,0.0,0
2026-07-26T06:14:01.715520,05/02 01:15,7.65,0.0,,,,18.0,28.0,0.0,0.0,0.0,0.0,0.0,0.0,0.0,0.0,0.0,0.34,low,0.0,0.0,0.0,0
2026-07-26T06:14:01.736521,05/02 02:15,7.08,0.0,,,,18.0,28.0,0.0,0.0,0.0,0.0,0.0,0.0,0.0,0.0,0.0,0.34,low,0.0,0.0,0.0,0
2026-07-26T06:14:01.754519,05/02 03:15,6.83,0.0,,,,18.0,28.0,0.0,0.0,0.0,0.0,0.0,0.0,0.0,0.0,0.0,0.34,low,0.0,0.0,0.0,0
2026-07-26T06:14:01.771517,05/02 04:15,7.08,0.0,,,,18.0,28.0,0.0,0.0,0.0,0.0,0.0,0.0,0.0,0.0,0.0,0.34,low,0.0,0.0,0.0,0
2026-07-26T06:14:01.789215,05/02 05:15,6.83,0.0,,,,18.0,28.0,0.0,0.0,0.0,0.0,0.0,0.0,0.0,0.0,0.0,0.34,low,0.0,0.0,0.0,0
2026-07-26T06:14:01.807215,05/02 06:15,7.48,0.0,,,,18.0,28.0,0.0,0.0,0.0,0.0,0.0,0.0,0.0,0.0,0.0,0.43,moderate,0.0,0.0,0.0,0
2026-07-26T06:14:19.604552,05/02 07:15,9.15,0.0,,,,18.0,29.0,0.3764,0.094094,0.0,0.094094,0.000383,0.260942,0.200598,0.0,0.355036,0.43,moderate,0.04046,0.047231,0.087691,0
2026-07-26T06:14:19.626553,05/02 08:23,12.67,0.0,,,,18.0,29.0,0.3764,0.094094,0.115662,0.094094,0.023442,0.0,0.0,0.068938,0.094094,0.43,moderate,0.04046,0.0,0.04046,0
2026-07-26T06:14:19.650546,05/02 09:20,16.42,52.0,21.99,20.71,23.21,18.0,29.0,0.3764,0.094094,0.176572,0.094094,0.034709,0.0,0.0,0.404085,0.094094,0.43,moderate,0.04046,0.0,0.04046,0
2026-07-26T06:14:19.673546,05/02 10:23,19.32,52.0,23.99,22.38,25.76,18.0,29.0,0.3764,0.094094,0.237077,0.094094,0.049845,0.0,0.0,0.694858,0.094094,0.3,low,0.028228,0.0,0.028228,0
2026-07-26T06:14:19.694547,05/02 11:23,21.0,52.0,24.93,23.31,26.55,18.0,29.0,0.3764,0.094094,0.274559,0.094094,0.075259,0.0,0.0,0.86053,0.094094,0.3,low,0.028228,0.0,0.028228,1
2026-07-26T06:14:19.714547,05/02 12:23,22.35,41.6,25.3,23.87,26.26,18.0,29.0,0.3764,0.094094,0.30703,0.094094,0.087618,0.0,0.0,1.015225,0.094094,0.3,low,0.028228,0.0,0.028228,1
2026-07-26T06:14:40.811293,05/02 13:15,23.08,20.8,25.13,23.94,25.81,20.0,27.0,0.3764,0.094094,0.321047,0.094094,0.089546,0.0,0.0,1.081604,0.094094,0.3,low,0.028228,0.0,0.028228,0
2026-07-26T06:14:40.835290,05/02 14:15,23.75,41.6,25.74,25.02,26.39,20.0,27.0,0.3764,0.094094,0.334577,0.094094,0.077747,0.0,0.0,1.185151,0.094094,0.3,low,0.028228,0.0,0.028228,1
2026-07-26T06:14:40.856294,05/02 15:15,23.18,52.0,26.03,25.21,26.46,20.0,27.0,0.3764,0.094094,0.335432,0.094094,0.086264,0.0,0.0,1.155451,0.094094,0.3,low,0.028228,0.0,0.028228,1
2026-07-26T06:14:40.875287,05/02 16:15,22.38,52.0,25.89,24.78,26.21,20.0,27.0,0.3764,0.094094,0.330041,0.094094,0.090069,0.0,0.0,1.122555,0.094094,0.55,high,0.051752,0.0,0.051752,1
2026-07-26T06:14:40.894289,05/02 17:15,20.55,52.0,25.55,24.18,26.47,20.0,27.0,0.3764,0.094094,0.302683,0.094094,0.094611,0.0,0.0,0.98704,0.094094,0.55,high,0.051752,0.0,0.051752,1
2026-07-26T06:14:40.911287,05/02 18:15,18.35,52.0,25.03,23.63,25.72,20.0,27.0,0.3764,0.094094,0.262597,0.094094,0.07286,0.0,0.0,0.80735,0.094094,0.55,high,0.051752,0.0,0.051752,0
2026-07-26T06:14:59.853402,05/02 19:23,16.27,26.0,23.22,22.09,24.17,20.0,26.0,0.3764,0.094094,0.223577,0.094094,0.068196,0.0,0.0,0.6078,0.094094,0.55,high,0.051752,0.0,0.051752,0
2026-07-26T06:14:59.876257,05/02 20:23,14.3,0.0,,,,20.0,26.0,0.3764,0.094094,0.192641,0.094094,0.058006,0.0,0.0,0.444814,0.094094,0.55,high,0.051752,0.0,0.051752,0
2026-07-26T06:14:59.898064,05/02 21:15,11.65,0.0,,,,20.0,26.0,0.0,0.0,0.0,0.0,0.0,0.0,0.0,0.0,0.0,0.4,moderate,0.0,0.0,0.0,0
2026-07-26T06:14:59.917548,05/02 22:15,10.0,0.0,,,,20.0,26.0,0.0,0.0,0.0,0.0,0.0,0.0,0.0,0.0,0.0,0.4,moderate,0.0,0.0,0.0,0
2026-07-26T06:14:59.936277,05/02 23:15,9.72,0.0,,,,20.0,26.0,0.0,0.0,0.0,0.0,0.0,0.0,0.0,0.0,0.0,0.4,moderate,0.0,0.0,0.0,0
2026-07-26T06:14:59.954277,05/03 00:15,8.62,0.0,,,,20.0,26.0,0.0,0.0,0.0,0.0,0.0,0.0,0.0,0.0,0.0,0.34,low,0.0,0.0,0.0,0
2026-07-26T06:15:18.136910,05/03 01:15,8.07,0.0,,,,18.0,28.0,0.0,0.0,0.0,0.0,0.0,0.0,0.0,0.0,0.0,0.34,low,0.0,0.0,0.0,0
2026-07-26T06:15:18.157561,05/03 02:15,8.48,0.0,,,,18.0,28.0,0.0,0.0,0.0,0.0,0.0,0.0,0.0,0.0,0.0,0.34,low,0.0,0.0,0.0,0
2026-07-26T06:15:18.176560,05/03 03:15,7.35,0.0,,,,18.0,28.0,0.0,0.0,0.0,0.0,0.0,0.0,0.0,0.0,0.0,0.34,low,0.0,0.0,0.0,0
2026-07-26T06:15:18.195561,05/03 04:15,7.38,0.0,,,,18.0,28.0,0.0,0.0,0.0,0.0,0.0,0.0,0.0,0.0,0.0,0.34,low,0.0,0.0,0.0,0
2026-07-26T06:15:18.213560,05/03 05:15,6.92,0.0,,,,18.0,28.0,0.0,0.0,0.0,0.0,0.0,0.0,0.0,0.0,0.0,0.34,low,0.0,0.0,0.0,0
2026-07-26T06:15:18.232562,05/03 06:23,10.38,0.0,,,,18.0,28.0,0.0,0.0,0.0,0.0,0.0,0.0,0.0,0.0,0.0,0.43,moderate,0.0,0.0,0.0,0
2026-07-26T06:15:35.645925,05/03 07:23,14.28,0.0,,,,18.0,29.0,0.3764,0.094094,0.140626,0.094094,0.03054,0.0,0.0,0.207737,0.094094,0.43,moderate,0.04046,0.0,0.04046,0
2026-07-26T06:15:35.669928,05/03 08:23,17.75,0.0,,,,18.0,29.0,0.3764,0.094094,0.19827,0.094094,0.042775,0.0,0.0,0.525269,0.094094,0.43,moderate,0.04046,0.0,0.04046,0
2026-07-26T06:15:35.693926,05/03 09:23,19.82,52.0,23.3,21.11,26.31,18.0,29.0,0.3764,0.094094,0.244505,0.094094,0.057957,0.0,0.0,0.730936,0.094094,0.43,moderate,0.04046,0.0,0.04046,1
2026-07-26T06:15:35.715926,05/03 10:23,21.8,52.0,24.87,22.69,27.76,18.0,29.0,0.3764,0.094094,0.28709,0.094094,0.079061,0.0,0.0,0.897605,0.094094,0.3,low,0.028228,0.0,0.028228,1
2026-07-26T06:15:35.736928,05/03 11:23,24.02,52.0,25.56,23.58,27.81,18.0,29.0,0.3764,0.094094,0.335147,0.094094,0.084708,0.0,0.0,1.14953,0.094094,0.3,low,0.028228,0.0,0.028228,1
2026-07-26T06:15:35.756926,05/03 12:23,24.27,41.6,25.63,23.94,26.87,18.0,29.0,0.3764,0.094094,0.35138,0.094094,0.095234,0.0,0.0,1.213304,0.094094,0.3,low,0.028228,0.0,0.028228,1
2026-07-26T06:15:54.698548,05/03 13:15,24.02,20.8,25.21,23.81,25.78,20.0,27.0,0.3764,0.094094,0.335874,0.094094,0.080354,0.0,0.0,1.186504,0.094094,0.3,low,0.028228,0.0,0.028228,0
2026-07-26T06:15:54.720549,05/03 14:15,24.4,41.6,25.69,24.82,26.21,20.0,27.0,0.3764,0.094094,0.353375,0.094094,0.080276,0.0,0.0,1.239097,0.094094,0.3,low,0.028228,0.0,0.028228,1
2026-07-26T06:15:54.743542,05/03 15:23,24.27,52.0,26.13,25.19,26.52,20.0,27.0,0.3764,0.094094,0.356556,0.094094,0.081091,0.0,0.0,1.253138,0.094094,0.3,low,0.028228,0.0,0.028228,1
2026-07-26T06:15:54.761541,05/03 16:15,23.62,52.0,26.19,24.84,27.0,20.0,27.0,0.3787,0.094682,0.361616,0.094682,0.080317,0.0,0.0,1.286288,0.094682,0.55,high,0.052075,0.0,0.052075,1
2026-07-26T06:15:54.781542,05/03 17:15,22.38,52.0,25.85,24.3,27.0,20.0,27.0,0.3798,0.094952,0.348716,0.094952,0.078679,0.0,0.0,1.22785,0.094952,0.55,high,0.052224,0.0,0.052224,1
2026-07-26T06:15:54.800543,05/03 18:15,20.4,52.0,25.55,23.84,27.0,20.0,27.0,0.3774,0.094345,0.306305,0.094345,0.07611,0.0,0.0,1.019906,0.094345,0.55,high,0.05189,0.0,0.05189,1
2026-07-26T06:16:14.639269,05/03 19:23,17.62,26.0,23.73,22.34,24.48,20.0,25.0,0.3764,0.094094,0.251586,0.094094,0.071913,0.0,0.0,0.748203,0.094094,0.55,high,0.051752,0.0,0.051752,0
2026-07-26T06:16:14.662704,05/03 20:23,15.02,0.0,,,,20.0,25.0,0.3764,0.094094,0.205223,0.094094,0.067786,0.0,0.0,0.506766,0.094094,0.55,high,0.051752,0.0,0.051752,0
2026-07-26T06:16:14.682748,05/03 21:15,13.03,0.0,,,,20.0,25.0,0.0,0.0,0.0,0.0,0.0,0.0,0.0,0.0,0.0,0.4,moderate,0.0,0.0,0.0,0
2026-07-26T06:16:14.702756,05/03 22:23,11.92,0.0,,,,20.0,25.0,0.0,0.0,0.0,0.0,0.0,0.0,0.0,0.0,0.0,0.4,moderate,0.0,0.0,0.0,0
2026-07-26T06:16:14.721757,05/03 23:15,10.97,0.0,,,,20.0,25.0,0.0,0.0,0.0,0.0,0.0,0.0,0.0,0.0,0.0,0.4,moderate,0.0,0.0,0.0,0
2026-07-26T06:16:14.739315,05/04 00:15,11.0,0.0,,,,20.0,25.0,0.0,0.0,0.0,0.0,0.0,0.0,0.0,0.0,0.0,0.34,low,0.0,0.0,0.0,0
2026-07-26T06:16:32.930756,05/04 01:15,12.35,0.0,,,,18.0,27.0,0.0,0.0,0.0,0.0,0.0,0.0,0.0,0.0,0.0,0.34,low,0.0,0.0,0.0,0
2026-07-26T06:16:32.951748,05/04 02:15,12.8,0.0,,,,18.0,27.0,0.0,0.0,0.0,0.0,0.0,0.0,0.0,0.0,0.0,0.34,low,0.0,0.0,0.0,0
2026-07-26T06:16:32.971750,05/04 03:15,12.1,0.0,,,,18.0,27.0,0.0,0.0,0.0,0.0,0.0,0.0,0.0,0.0,0.0,0.34,low,0.0,0.0,0.0,0
2026-07-26T06:16:32.989747,05/04 04:15,9.85,0.0,,,,18.0,27.0,0.0,0.0,0.0,0.0,0.0,0.0,0.0,0.0,0.0,0.34,low,0.0,0.0,0.0,0
2026-07-26T06:16:33.008747,05/04 05:15,9.7,0.0,,,,18.0,27.0,0.0,0.0,0.0,0.0,0.0,0.0,0.0,0.0,0.0,0.34,low,0.0,0.0,0.0,0
2026-07-26T06:16:33.028746,05/04 06:23,12.12,0.0,,,,18.0,27.0,0.0,0.0,0.0,0.0,0.0,0.0,0.0,0.0,0.0,0.43,moderate,0.0,0.0,0.0,0
2026-07-26T06:16:50.853187,05/04 07:20,17.52,0.0,,,,18.0,29.0,0.0,0.0,0.0,0.0,0.0,0.0,0.0,0.0,0.0,0.43,moderate,0.0,0.0,0.0,0
2026-07-26T06:16:50.877186,05/04 08:20,21.1,0.0,,,,18.0,29.0,0.0,0.0,0.0,0.0,0.0,0.0,0.0,0.0,0.0,0.43,moderate,0.0,0.0,0.0,0
2026-07-26T06:16:50.897185,05/04 09:23,25.1,0.0,,,,18.0,29.0,0.0,0.0,0.0,0.0,0.0,0.0,0.0,0.0,0.0,0.43,moderate,0.0,0.0,0.0,0
2026-07-26T06:16:50.916185,05/04 10:23,27.35,0.0,,,,18.0,29.0,0.0,0.0,0.0,0.0,0.0,0.0,0.0,0.0,0.0,0.3,low,0.0,0.0,0.0,0
2026-07-26T06:16:50.936186,05/04 11:23,28.08,0.0,,,,18.0,29.0,0.0,0.0,0.0,0.0,0.0,0.0,0.0,0.0,0.0,0.3,low,0.0,0.0,0.0,0
2026-07-26T06:16:50.955192,05/04 12:23,29.02,0.0,,,,18.0,29.0,0.0,0.0,0.0,0.0,0.0,0.0,0.0,0.0,0.0,0.3,low,0.0,0.0,0.0,0
2026-07-26T06:17:08.763918,05/04 13:23,29.27,0.0,,,,18.0,29.0,0.0,0.0,0.0,0.0,0.0,0.0,0.0,0.0,0.0,0.3,low,0.0,0.0,0.0,0
2026-07-26T06:17:08.788920,05/04 14:23,29.17,0.0,,,,18.0,29.0,0.0,0.0,0.0,0.0,0.0,0.0,0.0,0.0,0.0,0.3,low,0.0,0.0,0.0,0
2026-07-26T06:17:08.814906,05/04 15:23,30.0,0.0,,,,18.0,29.0,0.0,0.0,0.0,0.0,0.0,0.0,0.0,0.0,0.0,0.3,low,0.0,0.0,0.0,0
2026-07-26T06:17:08.838909,05/04 16:15,29.85,0.0,,,,18.0,29.0,0.0,0.0,0.0,0.0,0.0,0.0,0.0,0.0,0.0,0.55,high,0.0,0.0,0.0,0
2026-07-26T06:17:08.860907,05/04 17:15,28.72,0.0,,,,18.0,29.0,0.0,0.0,0.0,0.0,0.0,0.0,0.0,0.0,0.0,0.55,high,0.0,0.0,0.0,0
2026-07-26T06:17:08.884919,05/04 18:23,26.27,0.0,,,,18.0,29.0,0.0,0.0,0.0,0.0,0.0,0.0,0.0,0.0,0.0,0.55,high,0.0,0.0,0.0,0
2026-07-26T06:17:26.365707,05/04 19:20,24.3,0.0,,,,18.0,29.0,0.0,0.0,0.0,0.0,0.0,0.0,0.0,0.0,0.0,0.55,high,0.0,0.0,0.0,0
2026-07-26T06:17:26.387711,05/04 20:23,21.5,0.0,,,,18.0,29.0,0.0,0.0,0.0,0.0,0.0,0.0,0.0,0.0,0.0,0.55,high,0.0,0.0,0.0,0
2026-07-26T06:17:26.407710,05/04 21:15,19.27,0.0,,,,18.0,29.0,0.0,0.0,0.0,0.0,0.0,0.0,0.0,0.0,0.0,0.4,moderate,0.0,0.0,0.0,0
2026-07-26T06:17:26.426705,05/04 22:15,18.35,0.0,,,,18.0,29.0,0.0,0.0,0.0,0.0,0.0,0.0,0.0,0.0,0.0,0.4,moderate,0.0,0.0,0.0,0
2026-07-26T06:17:26.443705,05/04 23:15,16.27,0.0,,,,18.0,29.0,0.0,0.0,0.0,0.0,0.0,0.0,0.0,0.0,0.0,0.4,moderate,0.0,0.0,0.0,0
2026-07-26T06:17:26.461705,05/05 00:15,15.43,0.0,,,,18.0,29.0,0.0,0.0,0.0,0.0,0.0,0.0,0.0,0.0,0.0,0.34,low,0.0,0.0,0.0,0
2026-07-26T06:17:44.792139,05/05 01:15,16.55,0.0,,,,18.0,29.0,0.0,0.0,0.0,0.0,0.0,0.0,0.0,0.0,0.0,0.34,low,0.0,0.0,0.0,0
2026-07-26T06:17:44.811132,05/05 02:15,15.83,0.0,,,,18.0,29.0,0.0,0.0,0.0,0.0,0.0,0.0,0.0,0.0,0.0,0.34,low,0.0,0.0,0.0,0
2026-07-26T06:17:44.831127,05/05 03:15,14.57,0.0,,,,18.0,29.0,0.0,0.0,0.0,0.0,0.0,0.0,0.0,0.0,0.0,0.34,low,0.0,0.0,0.0,0
2026-07-26T06:17:44.848097,05/05 04:15,13.3,0.0,,,,18.0,29.0,0.0,0.0,0.0,0.0,0.0,0.0,0.0,0.0,0.0,0.34,low,0.0,0.0,0.0,0
2026-07-26T06:17:44.866593,05/05 05:15,14.15,0.0,,,,18.0,29.0,0.0,0.0,0.0,0.0,0.0,0.0,0.0,0.0,0.0,0.34,low,0.0,0.0,0.0,0
2026-07-26T06:17:44.883593,05/05 06:23,17.25,0.0,,,,18.0,29.0,0.0,0.0,0.0,0.0,0.0,0.0,0.0,0.0,0.0,0.43,moderate,0.0,0.0,0.0,0
2026-07-26T06:18:02.273708,05/05 07:20,19.45,0.0,,,,18.0,29.0,0.0,0.0,0.0,0.0,0.0,0.0,0.0,0.0,0.0,0.43,moderate,0.0,0.0,0.0,0
2026-07-26T06:18:02.297707,05/05 08:23,21.8,0.0,,,,18.0,29.0,0.0,0.0,0.0,0.0,0.0,0.0,0.0,0.0,0.0,0.43,moderate,0.0,0.0,0.0,0
2026-07-26T06:18:02.320710,05/05 09:23,24.17,0.0,,,,18.0,29.0,0.0,0.0,0.0,0.0,0.0,0.0,0.0,0.0,0.0,0.43,moderate,0.0,0.0,0.0,0
2026-07-26T06:18:02.341708,05/05 10:15,25.7,0.0,,,,18.0,29.0,0.0,0.0,0.0,0.0,0.0,0.0,0.0,0.0,0.0,0.3,low,0.0,0.0,0.0,0
2026-07-26T06:18:02.359706,05/05 11:23,28.08,0.0,,,,18.0,29.0,0.0,0.0,0.0,0.0,0.0,0.0,0.0,0.0,0.0,0.3,low,0.0,0.0,0.0,0
2026-07-26T06:18:02.378708,05/05 12:23,29.32,0.0,,,,18.0,29.0,0.0,0.0,0.0,0.0,0.0,0.0,0.0,0.0,0.0,0.3,low,0.0,0.0,0.0,0
2026-07-26T06:18:20.266275,05/05 13:23,30.6,0.0,,,,18.0,29.0,0.0,0.0,0.0,0.0,0.0,0.0,0.0,0.0,0.0,0.3,low,0.0,0.0,0.0,0
2026-07-26T06:18:20.286289,05/05 14:23,29.9,0.0,,,,18.0,29.0,0.0,0.0,0.0,0.0,0.0,0.0,0.0,0.0,0.0,0.3,low,0.0,0.0,0.0,0
2026-07-26T06:18:20.308277,05/05 15:15,27.65,0.0,,,,18.0,29.0,0.0,0.0,0.0,0.0,0.0,0.0,0.0,0.0,0.0,0.3,low,0.0,0.0,0.0,0
2026-07-26T06:18:20.325277,05/05 16:15,27.2,0.0,,,,18.0,29.0,0.0,0.0,0.0,0.0,0.0,0.0,0.0,0.0,0.0,0.55,high,0.0,0.0,0.0,0
2026-07-26T06:18:20.344277,05/05 17:15,27.07,0.0,,,,18.0,29.0,0.0,0.0,0.0,0.0,0.0,0.0,0.0,0.0,0.0,0.55,high,0.0,0.0,0.0,0
2026-07-26T06:18:20.362276,05/05 18:15,23.92,0.0,,,,18.0,29.0,0.0,0.0,0.0,0.0,0.0,0.0,0.0,0.0,0.0,0.55,high,0.0,0.0,0.0,0
2026-07-26T06:18:38.280523,05/05 19:20,14.9,0.0,,,,18.0,29.0,0.0,0.0,0.0,0.0,0.0,0.0,0.0,0.0,0.0,0.55,high,0.0,0.0,0.0,0
2026-07-26T06:18:38.304523,05/05 20:23,12.53,0.0,,,,18.0,29.0,0.0,0.0,0.0,0.0,0.0,0.0,0.0,0.0,0.0,0.55,high,0.0,0.0,0.0,0
2026-07-26T06:18:38.328519,05/05 21:23,11.97,0.0,,,,18.0,29.0,0.0,0.0,0.0,0.0,0.0,0.0,0.0,0.0,0.0,0.4,moderate,0.0,0.0,0.0,0
2026-07-26T06:18:38.348517,05/05 22:23,12.65,0.0,,,,18.0,29.0,0.0,0.0,0.0,0.0,0.0,0.0,0.0,0.0,0.0,0.4,moderate,0.0,0.0,0.0,0
2026-07-26T06:18:38.369523,05/05 23:15,11.92,0.0,,,,18.0,29.0,0.0,0.0,0.0,0.0,0.0,0.0,0.0,0.0,0.0,0.4,moderate,0.0,0.0,0.0,0
2026-07-26T06:18:38.390524,05/06 00:15,10.97,0.0,,,,18.0,29.0,0.0,0.0,0.0,0.0,0.0,0.0,0.0,0.0,0.0,0.34,low,0.0,0.0,0.0,0
2026-07-26T06:18:56.294107,05/06 01:15,10.3,0.0,,,,18.0,29.0,0.0,0.0,0.0,0.0,0.0,0.0,0.0,0.0,0.0,0.34,low,0.0,0.0,0.0,0
2026-07-26T06:18:56.314102,05/06 02:15,9.12,0.0,,,,18.0,29.0,0.0,0.0,0.0,0.0,0.0,0.0,0.0,0.0,0.0,0.34,low,0.0,0.0,0.0,0
2026-07-26T06:18:56.335773,05/06 03:15,8.3,0.0,,,,18.0,29.0,0.0,0.0,0.0,0.0,0.0,0.0,0.0,0.0,0.0,0.34,low,0.0,0.0,0.0,0
2026-07-26T06:18:56.355775,05/06 04:15,8.18,0.0,,,,18.0,29.0,0.0,0.0,0.0,0.0,0.0,0.0,0.0,0.0,0.0,0.34,low,0.0,0.0,0.0,0
2026-07-26T06:18:56.372776,05/06 05:15,8.07,0.0,,,,18.0,29.0,0.0,0.0,0.0,0.0,0.0,0.0,0.0,0.0,0.0,0.34,low,0.0,0.0,0.0,0
2026-07-26T06:18:56.391773,05/06 06:23,9.88,0.0,,,,18.0,29.0,0.0,0.0,0.0,0.0,0.0,0.0,0.0,0.0,0.0,0.43,moderate,0.0,0.0,0.0,0
2026-07-26T06:19:14.587693,05/06 07:23,13.63,0.0,,,,18.0,29.0,0.3764,0.094094,0.131581,0.094094,0.02191,0.0,0.0,0.17255,0.094094,0.43,moderate,0.04046,0.0,0.04046,0
2026-07-26T06:19:14.608683,05/06 08:23,16.38,0.0,,,,18.0,29.0,0.3764,0.094094,0.182782,0.094094,0.028701,0.0,0.0,0.439916,0.094094,0.43,moderate,0.04046,0.0,0.04046,0
2026-07-26T06:19:14.631168,05/06 09:23,17.62,52.0,23.19,21.07,26.07,18.0,29.0,0.3764,0.094094,0.207999,0.094094,0.035828,0.0,0.0,0.556145,0.094094,0.43,moderate,0.04046,0.0,0.04046,1
2026-07-26T06:19:14.650174,05/06 10:23,19.32,52.0,24.7,22.58,27.47,18.0,29.0,0.3764,0.094094,0.239987,0.094094,0.044247,0.0,0.0,0.718639,0.094094,0.3,low,0.028228,0.0,0.028228,1
2026-07-26T06:19:14.668182,05/06 11:23,21.0,52.0,25.32,23.39,27.44,18.0,29.0,0.3764,0.094094,0.272679,0.094094,0.052509,0.0,0.0,0.877796,0.094094,0.3,low,0.028228,0.0,0.028228,1
2026-07-26T06:19:14.686550,05/06 12:23,22.07,41.6,25.41,23.77,26.59,18.0,29.0,0.3764,0.094094,0.303851,0.094094,0.059669,0.0,0.0,1.024367,0.094094,0.3,low,0.028228,0.0,0.028228,1
2026-07-26T06:19:34.698556,05/06 13:15,21.97,20.8,25.04,23.7,25.6,20.0,27.0,0.3764,0.094094,0.298823,0.094094,0.061557,0.0,0.0,0.997486,0.094094,0.3,low,0.028228,0.0,0.028228,0
2026-07-26T06:19:34.720558,05/06 14:15,22.53,41.6,25.54,24.68,26.11,20.0,27.0,0.3764,0.094094,0.320026,0.094094,0.066062,0.0,0.0,1.096666,0.094094,0.3,low,0.028228,0.0,0.028228,1
2026-07-26T06:19:34.740552,05/06 15:15,21.55,52.0,25.7,25.02,26.19,20.0,27.0,0.3764,0.094094,0.304644,0.094094,0.067218,0.0,0.0,1.020094,0.094094,0.3,low,0.028228,0.0,0.028228,1
2026-07-26T06:19:34.761552,05/06 16:15,20.68,52.0,25.64,24.68,26.09,20.0,27.0,0.3764,0.094094,0.294881,0.094094,0.067354,0.0,0.0,0.974944,0.094094,0.55,high,0.051752,0.0,0.051752,1
2026-07-26T06:19:34.780555,05/06 17:15,19.4,52.0,25.16,24.02,25.72,20.0,27.0,0.3764,0.094094,0.267325,0.094094,0.064554,0.0,0.0,0.839246,0.094094,0.55,high,0.051752,0.0,0.051752,0
2026-07-26T06:19:34.799551,05/06 18:15,18.85,52.0,24.72,23.53,25.58,20.0,27.0,0.3764,0.094094,0.265064,0.094094,0.063158,0.0,0.0,0.832591,0.094094,0.55,high,0.051752,0.0,0.051752,0
2026-07-26T06:19:53.433538,05/06 19:23,16.8,26.0,23.06,22.02,24.06,20.0,26.0,0.3764,0.094094,0.226363,0.094094,0.053839,0.0,0.0,0.635532,0.094094,0.55,high,0.051752,0.0,0.051752,0
2026-07-26T06:19:53.456537,05/06 20:23,14.2,0.0,,,,20.0,26.0,0.3764,0.094094,0.196467,0.094094,0.045205,0.0,0.0,0.482531,0.094094,0.55,high,0.051752,0.0,0.051752,0
2026-07-26T06:19:53.477538,05/06 21:15,9.72,0.0,,,,20.0,26.0,0.0,0.0,0.0,0.0,0.0,0.0,0.0,0.0,0.0,0.4,moderate,0.0,0.0,0.0,0
2026-07-26T06:19:53.496536,05/06 22:15,8.62,0.0,,,,20.0,26.0,0.0,0.0,0.0,0.0,0.0,0.0,0.0,0.0,0.0,0.4,moderate,0.0,0.0,0.0,0
2026-07-26T06:19:53.515536,05/06 23:15,7.1,0.0,,,,20.0,26.0,0.0,0.0,0.0,0.0,0.0,0.0,0.0,0.0,0.0,0.4,moderate,0.0,0.0,0.0,0
2026-07-26T06:19:53.533541,05/07 00:15,5.15,0.0,,,,20.0,26.0,0.0,0.0,0.0,0.0,0.0,0.0,0.0,0.0,0.0,0.34,low,0.0,0.0,0.0,0
2026-07-26T06:20:11.329932,05/07 01:15,5.3,0.0,,,,18.0,28.0,0.0,0.0,0.0,0.0,0.0,0.0,0.0,0.0,0.0,0.34,low,0.0,0.0,0.0,0
2026-07-26T06:20:11.350930,05/07 02:15,4.12,0.0,,,,18.0,28.0,0.0,0.0,0.0,0.0,0.0,0.0,0.0,0.0,0.0,0.34,low,0.0,0.0,0.0,0
2026-07-26T06:20:11.371932,05/07 03:15,3.3,0.0,,,,18.0,28.0,0.0,0.0,0.0,0.0,0.0,0.0,0.0,0.0,0.0,0.34,low,0.0,0.0,0.0,0
2026-07-26T06:20:11.388934,05/07 04:15,3.3,0.0,,,,18.0,28.0,0.0,0.0,0.0,0.0,0.0,0.0,0.0,0.0,0.0,0.34,low,0.0,0.0,0.0,0
2026-07-26T06:20:11.405937,05/07 05:15,3.72,0.0,,,,18.0,28.0,0.0,0.0,0.0,0.0,0.0,0.0,0.0,0.0,0.0,0.34,low,0.0,0.0,0.0,0
2026-07-26T06:20:11.421933,05/07 06:23,5.55,0.0,,,,18.0,28.0,0.0,0.0,0.0,0.0,0.0,0.0,0.0,0.0,0.0,0.43,moderate,0.0,0.0,0.0,0
2026-07-26T06:20:28.510652,05/07 07:23,7.62,0.0,,,,18.0,29.0,0.3764,0.094094,0.0,0.094094,0.000602,0.356395,0.285694,0.0,0.450489,0.43,moderate,0.04046,0.064507,0.104968,0
2026-07-26T06:20:28.535652,05/07 08:15,9.18,0.0,,,,18.0,29.0,0.3764,0.094094,0.0,0.094094,0.000252,0.15607,0.145158,0.0,0.250164,0.43,moderate,0.04046,0.028249,0.068709,0
2026-07-26T06:20:28.559651,05/07 09:23,10.15,52.0,22.42,20.56,24.77,18.0,29.0,0.3764,0.094094,0.0,0.094094,4.2e-05,0.027219,0.030566,0.0,0.121313,0.43,moderate,0.04046,0.004927,0.045387,0
2026-07-26T06:20:28.579652,05/07 10:23,10.45,52.0,23.75,22.01,25.45,18.0,29.0,0.3764,0.094094,0.11463,0.094094,0.026791,0.0,0.0,0.042357,0.094094,0.3,low,0.028228,0.0,0.028228,0
2026-07-26T06:20:28.598650,05/07 11:15,10.15,52.0,23.94,22.55,24.77,18.0,29.0,0.3764,0.094094,0.111657,0.094094,0.029487,0.0,0.0,0.013553,0.094094,0.3,low,0.028228,0.0,0.028228,0
2026-07-26T06:20:28.617652,05/07 12:15,11.0,41.6,24.01,22.81,24.87,18.0,29.0,0.3764,0.094094,0.120955,0.094094,0.032764,0.0,0.0,0.072192,0.094094,0.3,low,0.028228,0.0,0.028228,0
2026-07-26T06:20:47.949945,05/07 13:15,12.47,20.8,23.77,22.74,24.53,20.0,27.0,0.3764,0.094094,0.143379,0.094094,0.036275,0.0,0.0,0.203568,0.094094,0.3,low,0.028228,0.0,0.028228,0
2026-07-26T06:20:47.971934,05/07 14:15,13.03,41.6,24.3,23.56,25.08,20.0,27.0,0.3764,0.094094,0.161418,0.094094,0.039873,0.0,0.0,0.299894,0.094094,0.3,low,0.028228,0.0,0.028228,0
2026-07-26T06:20:47.994941,05/07 15:15,12.07,52.0,24.45,23.69,25.39,20.0,27.0,0.3764,0.094094,0.14982,0.094094,0.040509,0.0,0.0,0.224018,0.094094,0.3,low,0.028228,0.0,0.028228,0
2026-07-26T06:20:48.016943,05/07 16:15,11.55,52.0,24.42,23.41,25.37,20.0,27.0,0.3764,0.094094,0.14359,0.094094,0.041261,0.0,0.0,0.190138,0.094094,0.55,high,0.051752,0.0,0.051752,0
2026-07-26T06:20:48.037934,05/07 17:15,10.82,52.0,24.03,22.91,25.09,20.0,27.0,0.3764,0.094094,0.135827,0.094094,0.041103,0.0,0.0,0.144715,0.094094,0.55,high,0.051752,0.0,0.051752,0
2026-07-26T06:20:48.058938,05/07 18:15,9.57,52.0,23.55,22.41,24.97,20.0,27.0,0.3764,0.094094,0.120808,0.094094,0.039411,0.0,0.0,0.055471,0.094094,0.55,high,0.051752,0.0,0.051752,0
2026-07-26T06:21:06.382834,05/07 19:23,8.18,26.0,21.95,21.01,23.51,20.0,26.0,0.3764,0.094094,0.0,0.094094,0.000155,0.1033,0.096694,0.0,0.197394,0.55,high,0.051752,0.018697,0.070449,0
2026-07-26T06:21:06.405837,05/07 20:23,7.8,0.0,,,,20.0,26.0,0.3764,0.094094,0.0,0.094094,0.000339,0.111796,0.19327,0.0,0.20589,0.55,high,0.051752,0.020235,0.071987,0
2026-07-26T06:21:06.425829,05/07 21:15,7.38,0.0,,,,20.0,26.0,0.0,0.0,0.0,0.0,0.0,0.0,0.0,0.0,0.0,0.4,moderate,0.0,0.0,0.0,0
2026-07-26T06:21:06.443828,05/07 22:15,6.1,0.0,,,,20.0,26.0,0.0,0.0,0.0,0.0,0.0,0.0,0.0,0.0,0.0,0.4,moderate,0.0,0.0,0.0,0
2026-07-26T06:21:06.460829,05/07 23:15,6.25,0.0,,,,20.0,26.0,0.0,0.0,0.0,0.0,0.0,0.0,0.0,0.0,0.0,0.4,moderate,0.0,0.0,0.0,0
2026-07-26T06:21:06.477829,05/08 00:15,6.7,0.0,,,,20.0,26.0,0.0,0.0,0.0,0.0,0.0,0.0,0.0,0.0,0.0,0.34,low,0.0,0.0,0.0,0
2026-07-26T06:21:23.676570,05/08 01:15,6.7,0.0,,,,18.0,28.0,0.0,0.0,0.0,0.0,0.0,0.0,0.0,0.0,0.0,0.34,low,0.0,0.0,0.0,0
2026-07-26T06:21:23.694910,05/08 02:15,6.7,0.0,,,,18.0,28.0,0.0,0.0,0.0,0.0,0.0,0.0,0.0,0.0,0.0,0.34,low,0.0,0.0,0.0,0
2026-07-26T06:21:23.712910,05/08 03:15,6.7,0.0,,,,18.0,28.0,0.0,0.0,0.0,0.0,0.0,0.0,0.0,0.0,0.0,0.34,low,0.0,0.0,0.0,0
2026-07-26T06:21:23.730909,05/08 04:15,6.55,0.0,,,,18.0,28.0,0.0,0.0,0.0,0.0,0.0,0.0,0.0,0.0,0.0,0.34,low,0.0,0.0,0.0,0
2026-07-26T06:21:23.748911,05/08 05:15,5.97,0.0,,,,18.0,28.0,0.0,0.0,0.0,0.0,0.0,0.0,0.0,0.0,0.0,0.34,low,0.0,0.0,0.0,0
2026-07-26T06:21:23.764913,05/08 06:15,5.87,0.0,,,,18.0,28.0,0.0,0.0,0.0,0.0,0.0,0.0,0.0,0.0,0.0,0.43,moderate,0.0,0.0,0.0,0
2026-07-26T06:21:40.417919,05/08 07:15,7.25,0.0,,,,18.0,29.0,0.3764,0.094094,0.0,0.094094,0.00075,0.4438,0.328795,0.0,0.537894,0.43,moderate,0.04046,0.080328,0.120788,0
2026-07-26T06:21:40.435909,05/08 08:15,9.33,0.0,,,,18.0,29.0,0.3764,0.094094,0.0,0.094094,0.000271,0.166286,0.153308,0.0,0.26038,0.43,moderate,0.04046,0.030098,0.070558,0
2026-07-26T06:21:40.456909,05/08 09:23,10.45,52.0,21.78,20.51,22.83,18.0,29.0,0.3764,0.094094,0.108332,0.094094,0.019719,0.0,0.0,0.005132,0.094094,0.43,moderate,0.04046,0.0,0.04046,0
2026-07-26T06:21:40.475909,05/08 10:23,10.15,52.0,23.37,21.89,24.57,18.0,29.0,0.3764,0.094094,0.0,0.094094,2e-05,0.012966,0.015634,0.0,0.10706,0.3,low,0.028228,0.002347,0.030575,0
2026-07-26T06:21:40.494909,05/08 11:23,10.45,52.0,23.77,22.53,24.6,18.0,29.0,0.3764,0.094094,0.11711,0.094094,0.029286,0.0,0.0,0.054178,0.094094,0.3,low,0.028228,0.0,0.028228,0
2026-07-26T06:21:40.510908,05/08 12:15,10.28,41.6,23.85,22.77,24.76,18.0,29.0,0.3764,0.094094,0.112996,0.094094,0.030955,0.0,0.0,0.019908,0.094094,0.3,low,0.028228,0.0,0.028228,0
2026-07-26T06:21:58.573099,05/08 13:15,10.97,20.8,23.57,22.63,24.43,20.0,27.0,0.3764,0.094094,0.127666,0.094094,0.03388,0.0,0.0,0.112945,0.094094,0.3,low,0.028228,0.0,0.028228,0
2026-07-26T06:21:58.592100,05/08 14:15,11.0,41.6,24.04,23.23,24.96,20.0,27.0,0.3764,0.094094,0.123921,0.094094,0.034774,0.0,0.0,0.081343,0.094094,0.3,low,0.028228,0.0,0.028228,0
2026-07-26T06:21:58.610106,05/08 15:15,12.07,52.0,24.44,23.63,25.27,20.0,27.0,0.3764,0.094094,0.146056,0.094094,0.038759,0.0,0.0,0.216129,0.094094,0.3,low,0.028228,0.0,0.028228,0
2026-07-26T06:21:58.625491,05/08 16:15,11.7,52.0,24.4,23.43,25.29,20.0,27.0,0.3764,0.094094,0.142554,0.094094,0.03996,0.0,0.0,0.185261,0.094094,0.55,high,0.051752,0.0,0.051752,0
2026-07-26T06:21:58.645493,05/08 17:15,11.55,52.0,23.96,22.94,25.04,20.0,27.0,0.3764,0.094094,0.143036,0.094094,0.041184,0.0,0.0,0.189123,0.094094,0.55,high,0.051752,0.0,0.051752,0
2026-07-26T06:21:58.664499,05/08 18:15,10.97,52.0,23.58,22.52,24.94,20.0,27.0,0.3764,0.094094,0.134993,0.094094,0.04034,0.0,0.0,0.1405,0.094094,0.55,high,0.051752,0.0,0.051752,0
2026-07-26T06:22:17.221047,05/08 19:15,10.17,26.0,22.04,21.15,23.51,20.0,26.0,0.3764,0.094094,0.124832,0.094094,0.036403,0.0,0.0,0.084954,0.094094,0.55,high,0.051752,0.0,0.051752,0
2026-07-26T06:22:17.242046,05/08 20:15,8.9,0.0,,,,20.0,26.0,0.3764,0.094094,0.0,0.094094,0.000123,0.042144,0.083219,0.0,0.136238,0.55,high,0.051752,0.007628,0.05938,0
2026-07-26T06:22:17.268047,05/08 21:15,8.48,0.0,,,,20.0,26.0,0.0,0.0,0.0,0.0,0.0,0.0,0.0,0.0,0.0,0.4,moderate,0.0,0.0,0.0,0
2026-07-26T06:22:17.284785,05/08 22:15,7.35,0.0,,,,20.0,26.0,0.0,0.0,0.0,0.0,0.0,0.0,0.0,0.0,0.0,0.4,moderate,0.0,0.0,0.0,0
2026-07-26T06:22:17.301177,05/08 23:15,7.52,0.0,,,,20.0,26.0,0.0,0.0,0.0,0.0,0.0,0.0,0.0,0.0,0.0,0.4,moderate,0.0,0.0,0.0,0
2026-07-26T06:22:17.319182,05/09 00:15,6.12,0.0,,,,20.0,26.0,0.0,0.0,0.0,0.0,0.0,0.0,0.0,0.0,0.0,0.34,low,0.0,0.0,0.0,0
2026-07-26T06:22:34.386078,05/09 01:15,3.85,0.0,,,,18.0,28.0,0.0,0.0,0.0,0.0,0.0,0.0,0.0,0.0,0.0,0.34,low,0.0,0.0,0.0,0
2026-07-26T06:22:34.406074,05/09 02:15,2.35,0.0,,,,18.0,28.0,0.0,0.0,0.0,0.0,0.0,0.0,0.0,0.0,0.0,0.34,low,0.0,0.0,0.0,0
2026-07-26T06:22:34.423091,05/09 03:15,2.8,0.0,,,,18.0,28.0,0.0,0.0,0.0,0.0,0.0,0.0,0.0,0.0,0.0,0.34,low,0.0,0.0,0.0,0
2026-07-26T06:22:34.442072,05/09 04:15,2.52,0.0,,,,18.0,28.0,0.0,0.0,0.0,0.0,0.0,0.0,0.0,0.0,0.0,0.34,low,0.0,0.0,0.0,0
2026-07-26T06:22:34.461073,05/09 05:23,2.25,0.0,,,,18.0,28.0,0.0,0.0,0.0,0.0,0.0,0.0,0.0,0.0,0.0,0.34,low,0.0,0.0,0.0,0
2026-07-26T06:22:34.479071,05/09 06:23,5.0,0.0,,,,18.0,28.0,0.0,0.0,0.0,0.0,0.0,0.0,0.0,0.0,0.0,0.43,moderate,0.0,0.0,0.0,0
2026-07-26T06:22:52.371440,05/09 07:23,8.88,0.0,,,,18.0,29.0,0.3764,0.094094,0.0,0.094094,0.000386,0.212453,0.203688,0.0,0.306547,0.43,moderate,0.04046,0.038454,0.078914,0
2026-07-26T06:22:52.394624,05/09 08:23,10.88,0.0,,,,18.0,29.0,0.3764,0.094094,0.0,0.094094,1.5e-05,0.008944,0.011987,0.0,0.103038,0.43,moderate,0.04046,0.001619,0.042079,0
2026-07-26T06:22:52.418624,05/09 09:23,12.1,52.0,22.63,20.46,25.55,18.0,29.0,0.3764,0.094094,0.124087,0.094094,0.023469,0.0,0.0,0.10582,0.094094,0.43,moderate,0.04046,0.0,0.04046,0
2026-07-26T06:22:52.439954,05/09 10:23,13.58,52.0,24.2,22.11,26.86,18.0,29.0,0.3764,0.094094,0.152916,0.094094,0.031955,0.0,0.0,0.261624,0.094094,0.3,low,0.028228,0.0,0.028228,1
2026-07-26T06:22:52.459945,05/09 11:23,14.7,52.0,24.81,23.13,26.42,18.0,29.0,0.3764,0.094094,0.175032,0.094094,0.039642,0.0,0.0,0.375184,0.094094,0.3,low,0.028228,0.0,0.028228,1
2026-07-26T06:22:52.477948,05/09 12:15,15.88,41.6,24.71,23.29,25.4,18.0,29.0,0.3764,0.094094,0.195418,0.094094,0.044678,0.0,0.0,0.484984,0.094094,0.3,low,0.028228,0.0,0.028228,0
2026-07-26T06:23:11.666568,05/09 13:15,16.7,20.8,24.4,23.21,25.01,20.0,27.0,0.3764,0.094094,0.213897,0.094094,0.048546,0.0,0.0,0.58044,0.094094,0.3,low,0.028228,0.0,0.028228,0
2026-07-26T06:23:11.687572,05/09 14:15,16.97,41.6,24.89,24.15,25.43,20.0,27.0,0.3764,0.094094,0.217031,0.094094,0.050766,0.0,0.0,0.591607,0.094094,0.3,low,0.028228,0.0,0.028228,0
2026-07-26T06:23:11.709137,05/09 15:23,17.8,52.0,25.32,24.34,25.78,20.0,27.0,0.3764,0.094094,0.236639,0.094094,0.056489,0.0,0.0,0.693134,0.094094,0.3,low,0.028228,0.0,0.028228,0
2026-07-26T06:23:11.727139,05/09 16:15,17.65,52.0,25.49,24.06,26.6,20.0,27.0,0.3764,0.094094,0.239098,0.094094,0.058472,0.0,0.0,0.70208,0.094094,0.55,high,0.051752,0.0,0.051752,1
2026-07-26T06:23:11.746138,05/09 17:15,16.92,52.0,25.26,23.54,27.0,20.0,27.0,0.3777,0.094421,0.23709,0.094421,0.058918,0.0,0.0,0.692448,0.094421,0.55,high,0.051932,0.0,0.051932,1
2026-07-26T06:23:11.765138,05/09 18:15,15.68,52.0,25.02,23.15,26.98,20.0,27.0,0.3764,0.094094,0.215359,0.094094,0.057436,0.0,0.0,0.571778,0.094094,0.55,high,0.051752,0.0,0.051752,1
2026-07-26T06:23:30.324185,05/09 19:23,14.0,26.0,23.23,21.71,24.33,20.0,25.0,0.3764,0.094094,0.185551,0.094094,0.050012,0.0,0.0,0.418041,0.094094,0.55,high,0.051752,0.0,0.051752,0
2026-07-26T06:23:30.347181,05/09 20:23,12.38,0.0,,,,20.0,25.0,0.3764,0.094094,0.156987,0.094094,0.040813,0.0,0.0,0.264077,0.094094,0.55,high,0.051752,0.0,0.051752,0
2026-07-26T06:23:30.366182,05/09 21:15,10.55,0.0,,,,20.0,25.0,0.0,0.0,0.0,0.0,0.0,0.0,0.0,0.0,0.0,0.4,moderate,0.0,0.0,0.0,0
2026-07-26T06:23:30.384184,05/09 22:15,9.03,0.0,,,,20.0,25.0,0.0,0.0,0.0,0.0,0.0,0.0,0.0,0.0,0.0,0.4,moderate,0.0,0.0,0.0,0
2026-07-26T06:23:30.404183,05/09 23:15,9.12,0.0,,,,20.0,25.0,0.0,0.0,0.0,0.0,0.0,0.0,0.0,0.0,0.0,0.4,moderate,0.0,0.0,0.0,0
2026-07-26T06:23:30.422182,05/10 00:15,8.45,0.0,,,,20.0,25.0,0.0,0.0,0.0,0.0,0.0,0.0,0.0,0.0,0.0,0.34,low,0.0,0.0,0.0,0
2026-07-26T06:23:48.348141,05/10 01:15,8.9,0.0,,,,18.0,27.0,0.0,0.0,0.0,0.0,0.0,0.0,0.0,0.0,0.0,0.34,low,0.0,0.0,0.0,0
2026-07-26T06:23:48.369134,05/10 02:15,9.33,0.0,,,,18.0,27.0,0.0,0.0,0.0,0.0,0.0,0.0,0.0,0.0,0.0,0.34,low,0.0,0.0,0.0,0
2026-07-26T06:23:48.387238,05/10 03:15,10.6,0.0,,,,18.0,27.0,0.0,0.0,0.0,0.0,0.0,0.0,0.0,0.0,0.0,0.34,low,0.0,0.0,0.0,0
2026-07-26T06:23:48.407239,05/10 04:15,10.72,0.0,,,,18.0,27.0,0.0,0.0,0.0,0.0,0.0,0.0,0.0,0.0,0.0,0.34,low,0.0,0.0,0.0,0
2026-07-26T06:23:48.425235,05/10 05:15,11.25,0.0,,,,18.0,27.0,0.0,0.0,0.0,0.0,0.0,0.0,0.0,0.0,0.0,0.34,low,0.0,0.0,0.0,0
2026-07-26T06:23:48.441238,05/10 06:15,11.7,0.0,,,,18.0,27.0,0.0,0.0,0.0,0.0,0.0,0.0,0.0,0.0,0.0,0.43,moderate,0.0,0.0,0.0,0
2026-07-26T06:24:05.784044,05/10 07:15,12.1,0.0,,,,18.0,29.0,0.3764,0.094094,0.120223,0.094094,0.018605,0.0,0.0,0.077832,0.094094,0.43,moderate,0.04046,0.0,0.04046,0
2026-07-26T06:24:05.803050,05/10 08:15,13.58,0.0,,,,18.0,29.0,0.3764,0.094094,0.140445,0.094094,0.021341,0.0,0.0,0.205136,0.094094,0.43,moderate,0.04046,0.0,0.04046,0
2026-07-26T06:24:05.828042,05/10 09:23,14.7,52.0,21.68,20.85,22.29,18.0,29.0,0.3764,0.094094,0.162036,0.094094,0.027359,0.0,0.0,0.31413,0.094094,0.43,moderate,0.04046,0.0,0.04046,0
2026-07-26T06:24:05.850041,05/10 10:23,16.42,52.0,23.46,22.44,24.03,18.0,29.0,0.3764,0.094094,0.200608,0.094094,0.065203,0.0,0.0,0.43208,0.094094,0.3,low,0.028228,0.0,0.028228,0
2026-07-26T06:24:05.870043,05/10 11:23,19.32,52.0,24.31,23.25,24.95,18.0,29.0,0.3764,0.094094,0.241325,0.094094,0.065631,0.0,0.0,0.713666,0.094094,0.3,low,0.028228,0.0,0.028228,0
2026-07-26T06:24:05.889045,05/10 12:15,21.0,41.6,24.62,23.54,25.28,18.0,29.0,0.3764,0.094094,0.271897,0.094094,0.06702,0.0,0.0,0.863405,0.094094,0.3,low,0.028228,0.0,0.028228,0
2026-07-26T06:24:24.547668,05/10 13:15,21.92,20.8,24.41,23.41,25.13,20.0,27.0,0.3764,0.094094,0.302374,0.094094,0.075091,0.0,0.0,1.002422,0.094094,0.3,low,0.028228,0.0,0.028228,0
2026-07-26T06:24:24.567668,05/10 14:15,20.68,41.6,24.81,23.86,25.57,20.0,27.0,0.3764,0.094094,0.287991,0.094094,0.076145,0.0,0.0,0.931076,0.094094,0.3,low,0.028228,0.0,0.028228,0
2026-07-26T06:24:24.586665,05/10 15:15,19.27,52.0,24.85,23.92,25.61,20.0,27.0,0.3764,0.094094,0.262837,0.094094,0.07361,0.0,0.0,0.807553,0.094094,0.3,low,0.028228,0.0,0.028228,0
2026-07-26T06:24:24.605664,05/10 16:15,18.9,52.0,24.64,23.73,25.55,20.0,27.0,0.3764,0.094094,0.253843,0.094094,0.069151,0.0,0.0,0.771253,0.094094,0.55,high,0.051752,0.0,0.051752,0
2026-07-26T06:24:24.623667,05/10 17:15,17.65,52.0,24.12,23.19,25.22,20.0,27.0,0.3764,0.094094,0.252622,0.094094,0.062906,0.0,0.0,0.770418,0.094094,0.55,high,0.051752,0.0,0.051752,0
2026-07-26T06:24:24.641664,05/10 18:15,13.75,52.0,23.59,22.54,25.08,20.0,27.0,0.3764,0.094094,0.180857,0.094094,0.062168,0.0,0.0,0.371751,0.094094,0.55,high,0.051752,0.0,0.051752,0
2026-07-26T06:24:42.479682,05/10 19:15,13.45,26.0,22.13,21.21,23.59,20.0,26.0,0.3764,0.094094,0.166759,0.094094,0.061868,0.0,0.0,0.305138,0.094094,0.55,high,0.051752,0.0,0.051752,0
2026-07-26T06:24:42.500680,05/10 20:15,13.62,0.0,,,,20.0,26.0,0.3764,0.094094,0.168788,0.094094,0.053493,0.0,0.0,0.328724,0.094094,0.55,high,0.051752,0.0,0.051752,0
2026-07-26T06:24:42.518683,05/10 21:15,12.8,0.0,,,,20.0,26.0,0.0,0.0,0.0,0.0,0.0,0.0,0.0,0.0,0.0,0.4,moderate,0.0,0.0,0.0,0
2026-07-26T06:24:42.536682,05/10 22:15,12.38,0.0,,,,20.0,26.0,0.0,0.0,0.0,0.0,0.0,0.0,0.0,0.0,0.0,0.4,moderate,0.0,0.0,0.0,0
2026-07-26T06:24:42.555680,05/10 23:15,10.82,0.0,,,,20.0,26.0,0.0,0.0,0.0,0.0,0.0,0.0,0.0,0.0,0.0,0.4,moderate,0.0,0.0,0.0,0
2026-07-26T06:24:42.575686,05/11 00:15,9.72,0.0,,,,20.0,26.0,0.0,0.0,0.0,0.0,0.0,0.0,0.0,0.0,0.0,0.34,low,0.0,0.0,0.0,0
2026-07-26T06:24:59.144859,05/11 01:15,9.33,0.0,,,,18.0,28.0,0.0,0.0,0.0,0.0,0.0,0.0,0.0,0.0,0.0,0.34,low,0.0,0.0,0.0,0
2026-07-26T06:24:59.164856,05/11 02:15,11.0,0.0,,,,18.0,28.0,0.0,0.0,0.0,0.0,0.0,0.0,0.0,0.0,0.0,0.34,low,0.0,0.0,0.0,0
2026-07-26T06:24:59.182857,05/11 03:15,12.2,0.0,,,,18.0,28.0,0.0,0.0,0.0,0.0,0.0,0.0,0.0,0.0,0.0,0.34,low,0.0,0.0,0.0,0
2026-07-26T06:24:59.199856,05/11 04:15,11.8,0.0,,,,18.0,28.0,0.0,0.0,0.0,0.0,0.0,0.0,0.0,0.0,0.0,0.34,low,0.0,0.0,0.0,0
2026-07-26T06:24:59.217856,05/11 05:15,10.17,0.0,,,,18.0,28.0,0.0,0.0,0.0,0.0,0.0,0.0,0.0,0.0,0.0,0.34,low,0.0,0.0,0.0,0
2026-07-26T06:24:59.235856,05/11 06:23,9.33,0.0,,,,18.0,28.0,0.0,0.0,0.0,0.0,0.0,0.0,0.0,0.0,0.0,0.43,moderate,0.0,0.0,0.0,0
2026-07-26T06:25:15.244672,05/11 07:20,10.88,0.0,,,,18.0,29.0,0.0,0.0,0.0,0.0,0.0,0.0,0.0,0.0,0.0,0.43,moderate,0.0,0.0,0.0,0
2026-07-26T06:25:15.263417,05/11 08:23,11.97,0.0,,,,18.0,29.0,0.0,0.0,0.0,0.0,0.0,0.0,0.0,0.0,0.0,0.43,moderate,0.0,0.0,0.0,0
2026-07-26T06:25:15.282575,05/11 09:15,13.08,0.0,,,,18.0,29.0,0.0,0.0,0.0,0.0,0.0,0.0,0.0,0.0,0.0,0.43,moderate,0.0,0.0,0.0,0
2026-07-26T06:25:15.299577,05/11 10:15,14.03,0.0,,,,18.0,29.0,0.0,0.0,0.0,0.0,0.0,0.0,0.0,0.0,0.0,0.3,low,0.0,0.0,0.0,0
2026-07-26T06:25:15.316096,05/11 11:15,14.7,0.0,,,,18.0,29.0,0.0,0.0,0.0,0.0,0.0,0.0,0.0,0.0,0.0,0.3,low,0.0,0.0,0.0,0
2026-07-26T06:25:15.333095,05/11 12:15,16.0,0.0,,,,18.0,29.0,0.0,0.0,0.0,0.0,0.0,0.0,0.0,0.0,0.0,0.3,low,0.0,0.0,0.0,0
2026-07-26T06:25:31.711644,05/11 13:23,17.47,0.0,,,,18.0,29.0,0.0,0.0,0.0,0.0,0.0,0.0,0.0,0.0,0.0,0.3,low,0.0,0.0,0.0,0
2026-07-26T06:25:31.731640,05/11 14:23,17.9,0.0,,,,18.0,29.0,0.0,0.0,0.0,0.0,0.0,0.0,0.0,0.0,0.0,0.3,low,0.0,0.0,0.0,0
2026-07-26T06:25:31.750649,05/11 15:15,16.55,0.0,,,,18.0,29.0,0.0,0.0,0.0,0.0,0.0,0.0,0.0,0.0,0.0,0.3,low,0.0,0.0,0.0,0
2026-07-26T06:25:31.768648,05/11 16:15,15.98,0.0,,,,18.0,29.0,0.0,0.0,0.0,0.0,0.0,0.0,0.0,0.0,0.0,0.55,high,0.0,0.0,0.0,0
2026-07-26T06:25:31.786646,05/11 17:15,15.3,0.0,,,,18.0,29.0,0.0,0.0,0.0,0.0,0.0,0.0,0.0,0.0,0.0,0.55,high,0.0,0.0,0.0,0
2026-07-26T06:25:31.804650,05/11 18:23,14.0,0.0,,,,18.0,29.0,0.0,0.0,0.0,0.0,0.0,0.0,0.0,0.0,0.0,0.55,high,0.0,0.0,0.0,0
2026-07-26T06:25:48.989348,05/11 19:23,12.65,0.0,,,,18.0,29.0,0.0,0.0,0.0,0.0,0.0,0.0,0.0,0.0,0.0,0.55,high,0.0,0.0,0.0,0
2026-07-26T06:25:49.009594,05/11 20:15,11.92,0.0,,,,18.0,29.0,0.0,0.0,0.0,0.0,0.0,0.0,0.0,0.0,0.0,0.55,high,0.0,0.0,0.0,0
2026-07-26T06:25:49.027584,05/11 21:15,11.1,0.0,,,,18.0,29.0,0.0,0.0,0.0,0.0,0.0,0.0,0.0,0.0,0.0,0.4,moderate,0.0,0.0,0.0,0
2026-07-26T06:25:49.046584,05/11 22:15,11.25,0.0,,,,18.0,29.0,0.0,0.0,0.0,0.0,0.0,0.0,0.0,0.0,0.0,0.4,moderate,0.0,0.0,0.0,0
2026-07-26T06:25:49.062592,05/11 23:15,11.55,0.0,,,,18.0,29.0,0.0,0.0,0.0,0.0,0.0,0.0,0.0,0.0,0.0,0.4,moderate,0.0,0.0,0.0,0
2026-07-26T06:25:49.079584,05/12 00:15,11.25,0.0,,,,18.0,29.0,0.0,0.0,0.0,0.0,0.0,0.0,0.0,0.0,0.0,0.34,low,0.0,0.0,0.0,0
2026-07-26T06:26:06.461030,05/12 01:15,11.55,0.0,,,,18.0,29.0,0.0,0.0,0.0,0.0,0.0,0.0,0.0,0.0,0.0,0.34,low,0.0,0.0,0.0,0
2026-07-26T06:26:06.479033,05/12 02:15,10.97,0.0,,,,18.0,29.0,0.0,0.0,0.0,0.0,0.0,0.0,0.0,0.0,0.0,0.34,low,0.0,0.0,0.0,0
2026-07-26T06:26:06.499030,05/12 03:15,10.6,0.0,,,,18.0,29.0,0.0,0.0,0.0,0.0,0.0,0.0,0.0,0.0,0.0,0.34,low,0.0,0.0,0.0,0
2026-07-26T06:26:06.516028,05/12 04:15,10.45,0.0,,,,18.0,29.0,0.0,0.0,0.0,0.0,0.0,0.0,0.0,0.0,0.0,0.34,low,0.0,0.0,0.0,0
2026-07-26T06:26:06.535029,05/12 05:15,10.28,0.0,,,,18.0,29.0,0.0,0.0,0.0,0.0,0.0,0.0,0.0,0.0,0.0,0.34,low,0.0,0.0,0.0,0
2026-07-26T06:26:06.553028,05/12 06:15,11.25,0.0,,,,18.0,29.0,0.0,0.0,0.0,0.0,0.0,0.0,0.0,0.0,0.0,0.43,moderate,0.0,0.0,0.0,0
2026-07-26T06:26:23.945883,05/12 07:15,11.97,0.0,,,,18.0,29.0,0.0,0.0,0.0,0.0,0.0,0.0,0.0,0.0,0.0,0.43,moderate,0.0,0.0,0.0,0
2026-07-26T06:26:23.965879,05/12 08:15,13.2,0.0,,,,18.0,29.0,0.0,0.0,0.0,0.0,0.0,0.0,0.0,0.0,0.0,0.43,moderate,0.0,0.0,0.0,0
2026-07-26T06:26:23.987882,05/12 09:15,14.55,0.0,,,,18.0,29.0,0.0,0.0,0.0,0.0,0.0,0.0,0.0,0.0,0.0,0.43,moderate,0.0,0.0,0.0,0
2026-07-26T06:26:24.007878,05/12 10:15,15.15,0.0,,,,18.0,29.0,0.0,0.0,0.0,0.0,0.0,0.0,0.0,0.0,0.0,0.3,low,0.0,0.0,0.0,0
2026-07-26T06:26:24.024875,05/12 11:15,15.6,0.0,,,,18.0,29.0,0.0,0.0,0.0,0.0,0.0,0.0,0.0,0.0,0.0,0.3,low,0.0,0.0,0.0,0
2026-07-26T06:26:24.042876,05/12 12:15,15.72,0.0,,,,18.0,29.0,0.0,0.0,0.0,0.0,0.0,0.0,0.0,0.0,0.0,0.3,low,0.0,0.0,0.0,0
2026-07-26T06:26:41.733469,05/12 13:15,16.38,0.0,,,,18.0,29.0,0.0,0.0,0.0,0.0,0.0,0.0,0.0,0.0,0.0,0.3,low,0.0,0.0,0.0,0
2026-07-26T06:26:41.753475,05/12 14:15,16.8,0.0,,,,18.0,29.0,0.0,0.0,0.0,0.0,0.0,0.0,0.0,0.0,0.0,0.3,low,0.0,0.0,0.0,0
2026-07-26T06:26:41.772469,05/12 15:15,15.6,0.0,,,,18.0,29.0,0.0,0.0,0.0,0.0,0.0,0.0,0.0,0.0,0.0,0.3,low,0.0,0.0,0.0,0
2026-07-26T06:26:41.791585,05/12 16:15,15.72,0.0,,,,18.0,29.0,0.0,0.0,0.0,0.0,0.0,0.0,0.0,0.0,0.0,0.55,high,0.0,0.0,0.0,0
2026-07-26T06:26:41.810396,05/12 17:15,15.68,0.0,,,,18.0,29.0,0.0,0.0,0.0,0.0,0.0,0.0,0.0,0.0,0.0,0.55,high,0.0,0.0,0.0,0
2026-07-26T06:26:41.828736,05/12 18:23,14.28,0.0,,,,18.0,29.0,0.0,0.0,0.0,0.0,0.0,0.0,0.0,0.0,0.0,0.55,high,0.0,0.0,0.0,0
2026-07-26T06:26:59.327934,05/12 19:23,13.62,0.0,,,,18.0,29.0,0.0,0.0,0.0,0.0,0.0,0.0,0.0,0.0,0.0,0.55,high,0.0,0.0,0.0,0
2026-07-26T06:26:59.347935,05/12 20:15,12.38,0.0,,,,18.0,29.0,0.0,0.0,0.0,0.0,0.0,0.0,0.0,0.0,0.0,0.55,high,0.0,0.0,0.0,0
2026-07-26T06:26:59.366866,05/12 21:15,10.67,0.0,,,,18.0,29.0,0.0,0.0,0.0,0.0,0.0,0.0,0.0,0.0,0.0,0.4,moderate,0.0,0.0,0.0,0
2026-07-26T06:26:59.383868,05/12 22:15,9.12,0.0,,,,18.0,29.0,0.0,0.0,0.0,0.0,0.0,0.0,0.0,0.0,0.0,0.4,moderate,0.0,0.0,0.0,0
2026-07-26T06:26:59.399863,05/12 23:15,8.18,0.0,,,,18.0,29.0,0.0,0.0,0.0,0.0,0.0,0.0,0.0,0.0,0.0,0.4,moderate,0.0,0.0,0.0,0
2026-07-26T06:26:59.416864,05/13 00:15,7.8,0.0,,,,18.0,29.0,0.0,0.0,0.0,0.0,0.0,0.0,0.0,0.0,0.0,0.34,low,0.0,0.0,0.0,0
2026-07-26T06:27:16.969363,05/13 01:15,7.8,0.0,,,,18.0,29.0,0.0,0.0,0.0,0.0,0.0,0.0,0.0,0.0,0.0,0.34,low,0.0,0.0,0.0,0
2026-07-26T06:27:16.989366,05/13 02:15,7.92,0.0,,,,18.0,29.0,0.0,0.0,0.0,0.0,0.0,0.0,0.0,0.0,0.0,0.34,low,0.0,0.0,0.0,0
2026-07-26T06:27:17.008362,05/13 03:15,8.3,0.0,,,,18.0,29.0,0.0,0.0,0.0,0.0,0.0,0.0,0.0,0.0,0.0,0.34,low,0.0,0.0,0.0,0
2026-07-26T06:27:17.025362,05/13 04:15,8.18,0.0,,,,18.0,29.0,0.0,0.0,0.0,0.0,0.0,0.0,0.0,0.0,0.0,0.34,low,0.0,0.0,0.0,0
2026-07-26T06:27:17.041366,05/13 05:15,7.8,0.0,,,,18.0,29.0,0.0,0.0,0.0,0.0,0.0,0.0,0.0,0.0,0.0,0.34,low,0.0,0.0,0.0,0
2026-07-26T06:27:17.060366,05/13 06:15,8.07,0.0,,,,18.0,29.0,0.0,0.0,0.0,0.0,0.0,0.0,0.0,0.0,0.0,0.43,moderate,0.0,0.0,0.0,0
2026-07-26T06:27:33.879086,05/13 07:15,9.18,0.0,,,,18.0,29.0,0.3764,0.094094,0.0,0.094094,0.000265,0.1663,0.151401,0.0,0.260394,0.43,moderate,0.04046,0.0301,0.070561,0
2026-07-26T06:27:33.902090,05/13 08:15,10.43,0.0,,,,18.0,29.0,0.3764,0.094094,0.0,0.094094,9.5e-05,0.062922,0.063661,0.0,0.157016,0.43,moderate,0.04046,0.011389,0.051849,0
2026-07-26T06:27:33.926085,05/13 09:23,11.7,52.0,21.25,20.51,22.1,18.0,29.0,0.3764,0.094094,0.123358,0.094094,0.0345,0.0,0.0,0.092077,0.094094,0.43,moderate,0.04046,0.0,0.04046,0
2026-07-26T06:27:33.950086,05/13 10:23,12.8,52.0,22.91,21.98,23.74,18.0,29.0,0.3764,0.094094,0.128327,0.094094,0.033171,0.0,0.0,0.113672,0.094094,0.3,low,0.028228,0.0,0.028228,0
2026-07-26T06:27:33.972085,05/13 11:23,16.38,52.0,23.83,22.81,24.5,18.0,29.0,0.3764,0.094094,0.212564,0.094094,0.049754,0.0,0.0,0.592703,0.094094,0.3,low,0.028228,0.0,0.028228,0
2026-07-26T06:27:33.991091,05/13 12:15,17.9,41.6,24.01,23.03,24.71,18.0,29.0,0.3764,0.094094,0.276933,0.094094,0.068548,0.0,0.0,0.900746,0.094094,0.3,low,0.028228,0.0,0.028228,0
2026-07-26T06:27:53.261147,05/13 13:15,19.3,20.8,24.07,23.22,24.9,20.0,27.0,0.3764,0.094094,0.26487,0.094094,0.074183,0.0,0.0,0.819708,0.094094,0.3,low,0.028228,0.0,0.028228,0
2026-07-26T06:27:53.282147,05/13 14:15,16.8,41.6,24.62,23.94,25.36,20.0,27.0,0.3764,0.094094,0.224817,0.094094,0.069284,0.0,0.0,0.611394,0.094094,0.3,low,0.028228,0.0,0.028228,0
2026-07-26T06:27:53.300146,05/13 15:15,14.47,52.0,24.78,24.06,25.45,20.0,27.0,0.3764,0.094094,0.203624,0.094094,0.071849,0.0,0.0,0.496897,0.094094,0.3,low,0.028228,0.0,0.028228,0
2026-07-26T06:27:53.318146,05/13 16:15,10.82,52.0,24.46,23.66,25.44,20.0,27.0,0.3764,0.094094,0.14119,0.094094,0.06107,0.0,0.0,0.147574,0.094094,0.55,high,0.051752,0.0,0.051752,0
2026-07-26T06:27:53.335145,05/13 17:15,9.57,52.0,23.79,22.96,25.11,20.0,27.0,0.3764,0.094094,0.124039,0.094094,0.057734,0.0,0.0,0.059783,0.094094,0.55,high,0.051752,0.0,0.051752,0
2026-07-26T06:27:53.352145,05/13 18:15,8.3,52.0,23.18,22.28,24.92,20.0,27.0,0.3764,0.094094,0.0,0.094094,0.000126,0.085035,0.080968,0.0,0.179129,0.55,high,0.051752,0.015391,0.067143,0
2026-07-26T06:28:12.596991,05/13 19:15,8.03,26.0,21.71,20.92,23.42,20.0,26.0,0.3764,0.094094,0.0,0.094094,0.000164,0.114522,0.101705,0.0,0.208616,0.55,high,0.051752,0.020728,0.07248,0
2026-07-26T06:28:12.620998,05/13 20:15,7.2,0.0,,,,20.0,26.0,0.3764,0.094094,0.0,0.094094,0.000544,0.312333,0.298582,0.0,0.406427,0.55,high,0.051752,0.056532,0.108284,0
2026-07-26T06:28:12.640994,05/13 21:15,7.2,0.0,,,,20.0,26.0,0.0,0.0,0.0,0.0,0.0,0.0,0.0,0.0,0.0,0.4,moderate,0.0,0.0,0.0,0
2026-07-26T06:28:12.657991,05/13 22:15,7.08,0.0,,,,20.0,26.0,0.0,0.0,0.0,0.0,0.0,0.0,0.0,0.0,0.0,0.4,moderate,0.0,0.0,0.0,0
2026-07-26T06:28:12.675995,05/13 23:15,6.83,0.0,,,,20.0,26.0,0.0,0.0,0.0,0.0,0.0,0.0,0.0,0.0,0.0,0.4,moderate,0.0,0.0,0.0,0
2026-07-26T06:28:12.693376,05/14 00:15,7.35,0.0,,,,20.0,26.0,0.0,0.0,0.0,0.0,0.0,0.0,0.0,0.0,0.0,0.34,low,0.0,0.0,0.0,0
2026-07-26T06:28:30.146922,05/14 01:15,7.8,0.0,,,,18.0,28.0,0.0,0.0,0.0,0.0,0.0,0.0,0.0,0.0,0.0,0.34,low,0.0,0.0,0.0,0
2026-07-26T06:28:30.168916,05/14 02:15,7.65,0.0,,,,18.0,28.0,0.0,0.0,0.0,0.0,0.0,0.0,0.0,0.0,0.0,0.34,low,0.0,0.0,0.0,0
2026-07-26T06:28:30.189910,05/14 03:15,6.93,0.0,,,,18.0,28.0,0.0,0.0,0.0,0.0,0.0,0.0,0.0,0.0,0.0,0.34,low,0.0,0.0,0.0,0
2026-07-26T06:28:30.207919,05/14 04:15,5.97,0.0,,,,18.0,28.0,0.0,0.0,0.0,0.0,0.0,0.0,0.0,0.0,0.0,0.34,low,0.0,0.0,0.0,0
2026-07-26T06:28:30.224909,05/14 05:23,6.0,0.0,,,,18.0,28.0,0.0,0.0,0.0,0.0,0.0,0.0,0.0,0.0,0.0,0.34,low,0.0,0.0,0.0,0
2026-07-26T06:28:30.243909,05/14 06:23,7.62,0.0,,,,18.0,28.0,0.0,0.0,0.0,0.0,0.0,0.0,0.0,0.0,0.0,0.43,moderate,0.0,0.0,0.0,0
2026-07-26T06:28:47.513817,05/14 07:23,9.6,0.0,,,,18.0,29.0,0.3764,0.094094,0.0,0.094094,0.000269,0.186547,0.148645,0.0,0.280641,0.43,moderate,0.04046,0.033765,0.074225,0
2026-07-26T06:28:47.535257,05/14 08:23,11.97,0.0,,,,18.0,29.0,0.3764,0.094094,0.116584,0.094094,0.019315,0.0,0.0,0.082028,0.094094,0.43,moderate,0.04046,0.0,0.04046,0
2026-07-26T06:28:47.558273,05/14 09:23,13.2,52.0,22.94,20.77,25.86,18.0,29.0,0.3764,0.094094,0.141459,0.094094,0.02674,0.0,0.0,0.199926,0.094094,0.43,moderate,0.04046,0.0,0.04046,0
2026-07-26T06:28:47.577257,05/14 10:23,14.55,52.0,24.41,22.33,27.05,18.0,29.0,0.3764,0.094094,0.183542,0.094094,0.065904,0.0,0.0,0.35562,0.094094,0.3,low,0.028228,0.0,0.028228,1
2026-07-26T06:28:47.597258,05/14 11:23,14.72,52.0,24.96,23.11,26.87,18.0,29.0,0.3764,0.094094,0.189348,0.094094,0.066844,0.0,0.0,0.430092,0.094094,0.3,low,0.028228,0.0,0.028228,1
2026-07-26T06:28:47.615256,05/14 12:15,14.03,41.6,24.83,23.31,25.72,18.0,29.0,0.3764,0.094094,0.177396,0.094094,0.065004,0.0,0.0,0.36088,0.094094,0.3,low,0.028228,0.0,0.028228,0
2026-07-26T06:29:06.628626,05/14 13:15,14.55,20.8,24.43,23.21,24.99,20.0,27.0,0.3764,0.094094,0.185561,0.094094,0.065914,0.0,0.0,0.409342,0.094094,0.3,low,0.028228,0.0,0.028228,0
2026-07-26T06:29:06.650622,05/14 14:15,14.85,41.6,24.91,24.21,25.51,20.0,27.0,0.3764,0.094094,0.195608,0.094094,0.066852,0.0,0.0,0.464326,0.094094,0.3,low,0.028228,0.0,0.028228,0
2026-07-26T06:29:06.673012,05/14 15:15,14.4,52.0,25.22,24.28,25.82,20.0,27.0,0.3764,0.094094,0.189413,0.094094,0.065903,0.0,0.0,0.42825,0.094094,0.3,low,0.028228,0.0,0.028228,0
2026-07-26T06:29:06.692607,05/14 16:15,14.28,52.0,25.18,23.93,25.83,20.0,27.0,0.3764,0.094094,0.190546,0.094094,0.065903,0.0,0.0,0.435922,0.094094,0.55,high,0.051752,0.0,0.051752,0
2026-07-26T06:29:06.709603,05/14 17:15,13.62,52.0,24.96,23.46,26.2,20.0,27.0,0.3764,0.094094,0.18381,0.094094,0.065001,0.0,0.0,0.397918,0.094094,0.55,high,0.051752,0.0,0.051752,1
2026-07-26T06:29:06.727105,05/14 18:15,12.38,52.0,24.71,22.94,26.45,20.0,27.0,0.3764,0.094094,0.1678,0.094094,0.063115,0.0,0.0,0.307851,0.094094,0.55,high,0.051752,0.0,0.051752,1
2026-07-26T06:29:24.765115,05/14 19:20,10.55,26.0,22.95,21.47,24.03,20.0,25.0,0.3764,0.094094,0.140694,0.094094,0.06107,0.0,0.0,0.151139,0.094094,0.55,high,0.051752,0.0,0.051752,0
2026-07-26T06:29:24.788116,05/14 20:23,8.9,0.0,,,,20.0,25.0,0.3764,0.094094,0.0,0.094094,7.7e-05,0.054109,0.051074,0.0,0.148203,0.55,high,0.051752,0.009794,0.061545,0
2026-07-26T06:29:24.809115,05/14 21:23,8.9,0.0,,,,20.0,25.0,0.0,0.0,0.0,0.0,0.0,0.0,0.0,0.0,0.0,0.4,moderate,0.0,0.0,0.0,0
2026-07-26T06:29:24.828116,05/14 22:15,9.18,0.0,,,,20.0,25.0,0.0,0.0,0.0,0.0,0.0,0.0,0.0,0.0,0.0,0.4,moderate,0.0,0.0,0.0,0
2026-07-26T06:29:24.844115,05/14 23:15,10.15,0.0,,,,20.0,25.0,0.0,0.0,0.0,0.0,0.0,0.0,0.0,0.0,0.0,0.4,moderate,0.0,0.0,0.0,0
2026-07-26T06:29:24.860116,05/15 00:15,10.45,0.0,,,,20.0,25.0,0.0,0.0,0.0,0.0,0.0,0.0,0.0,0.0,0.0,0.34,low,0.0,0.0,0.0,0
2026-07-26T06:29:41.442155,05/15 01:15,10.0,0.0,,,,18.0,27.0,0.0,0.0,0.0,0.0,0.0,0.0,0.0,0.0,0.0,0.34,low,0.0,0.0,0.0,0
2026-07-26T06:29:41.461150,05/15 02:15,9.57,0.0,,,,18.0,27.0,0.0,0.0,0.0,0.0,0.0,0.0,0.0,0.0,0.0,0.34,low,0.0,0.0,0.0,0
2026-07-26T06:29:41.480147,05/15 03:15,8.3,0.0,,,,18.0,27.0,0.0,0.0,0.0,0.0,0.0,0.0,0.0,0.0,0.0,0.34,low,0.0,0.0,0.0,0
2026-07-26T06:29:41.499145,05/15 04:15,8.18,0.0,,,,18.0,27.0,0.0,0.0,0.0,0.0,0.0,0.0,0.0,0.0,0.0,0.34,low,0.0,0.0,0.0,0
2026-07-26T06:29:41.517152,05/15 05:15,7.92,0.0,,,,18.0,27.0,0.0,0.0,0.0,0.0,0.0,0.0,0.0,0.0,0.0,0.34,low,0.0,0.0,0.0,0
2026-07-26T06:29:41.535146,05/15 06:15,8.45,0.0,,,,18.0,27.0,0.0,0.0,0.0,0.0,0.0,0.0,0.0,0.0,0.0,0.43,moderate,0.0,0.0,0.0,0
2026-07-26T06:29:57.809546,05/15 07:15,9.45,0.0,,,,18.0,29.0,0.3764,0.094094,0.0,0.094094,0.000259,0.183322,0.146337,0.0,0.277416,0.43,moderate,0.04046,0.033181,0.073642,0
2026-07-26T06:29:57.828546,05/15 08:23,11.52,0.0,,,,18.0,29.0,0.3764,0.094094,0.114559,0.094094,0.038906,0.0,0.0,0.032202,0.094094,0.43,moderate,0.04046,0.0,0.04046,0
2026-07-26T06:29:57.847546,05/15 09:23,13.08,52.0,22.35,20.64,24.5,18.0,29.0,0.3764,0.094094,0.143733,0.094094,0.04938,0.0,0.0,0.193196,0.094094,0.43,moderate,0.04046,0.0,0.04046,0
2026-07-26T06:29:57.866549,05/15 10:23,14.33,52.0,23.95,22.05,26.23,18.0,29.0,0.3764,0.094094,0.164509,0.094094,0.051488,0.0,0.0,0.308172,0.094094,0.3,low,0.028228,0.0,0.028228,1
2026-07-26T06:29:57.884911,05/15 11:23,15.72,52.0,24.6,22.78,26.44,18.0,29.0,0.3764,0.094094,0.196677,0.094094,0.059546,0.0,0.0,0.469792,0.094094,0.3,low,0.028228,0.0,0.028228,1
2026-07-26T06:29:57.903915,05/15 12:23,16.1,41.6,24.64,23.03,25.63,18.0,29.0,0.3764,0.094094,0.205732,0.094094,0.053168,0.0,0.0,0.530447,0.094094,0.3,low,0.028228,0.0,0.028228,0
2026-07-26T06:30:16.787204,05/15 13:15,15.98,20.8,24.24,22.88,24.89,20.0,27.0,0.3764,0.094094,0.208979,0.094094,0.057074,0.0,0.0,0.542577,0.094094,0.3,low,0.028228,0.0,0.028228,0
2026-07-26T06:30:16.809202,05/15 14:15,15.6,41.6,24.72,23.86,25.47,20.0,27.0,0.3764,0.094094,0.206014,0.094094,0.065609,0.0,0.0,0.517037,0.094094,0.3,low,0.028228,0.0,0.028228,0
2026-07-26T06:30:16.827202,05/15 15:23,15.45,52.0,25.17,24.17,25.83,20.0,27.0,0.3764,0.094094,0.207599,0.094094,0.065563,0.0,0.0,0.530593,0.094094,0.3,low,0.028228,0.0,0.028228,0
2026-07-26T06:30:16.846199,05/15 16:23,14.85,52.0,25.34,23.86,26.52,20.0,27.0,0.3764,0.094094,0.200396,0.094094,0.064119,0.0,0.0,0.490001,0.094094,0.55,high,0.051752,0.0,0.051752,1
2026-07-26T06:30:16.864199,05/15 17:15,14.0,52.0,25.12,23.34,27.0,20.0,27.0,0.3772,0.094308,0.195629,0.094308,0.063648,0.0,0.0,0.466713,0.094308,0.55,high,0.051869,0.0,0.051869,1
2026-07-26T06:30:16.882205,05/15 18:15,12.38,52.0,24.84,22.91,26.91,20.0,27.0,0.3764,0.094094,0.169255,0.094094,0.061887,0.0,0.0,0.314658,0.094094,0.55,high,0.051752,0.0,0.051752,1
2026-07-26T06:30:36.634382,05/15 19:20,10.67,26.0,23.03,21.47,24.26,20.0,25.0,0.3764,0.094094,0.141608,0.094094,0.060655,0.0,0.0,0.155698,0.094094,0.55,high,0.051752,0.0,0.051752,0
2026-07-26T06:30:36.655384,05/15 20:23,9.12,0.0,,,,20.0,25.0,0.3764,0.094094,0.0,0.094094,1e-05,0.006952,0.007898,0.0,0.101046,0.55,high,0.051752,0.001258,0.05301,0
2026-07-26T06:30:36.674379,05/15 21:23,8.18,0.0,,,,20.0,25.0,0.0,0.0,0.0,0.0,0.0,0.0,0.0,0.0,0.0,0.4,moderate,0.0,0.0,0.0,0
2026-07-26T06:30:36.693380,05/15 22:23,7.52,0.0,,,,20.0,25.0,0.0,0.0,0.0,0.0,0.0,0.0,0.0,0.0,0.0,0.4,moderate,0.0,0.0,0.0,0
2026-07-26T06:30:36.712381,05/15 23:15,6.55,0.0,,,,20.0,25.0,0.0,0.0,0.0,0.0,0.0,0.0,0.0,0.0,0.0,0.4,moderate,0.0,0.0,0.0,0
2026-07-26T06:30:36.729380,05/16 00:15,6.1,0.0,,,,20.0,25.0,0.0,0.0,0.0,0.0,0.0,0.0,0.0,0.0,0.0,0.34,low,0.0,0.0,0.0,0
2026-07-26T06:30:55.153114,05/16 01:15,5.97,0.0,,,,18.0,27.0,0.0,0.0,0.0,0.0,0.0,0.0,0.0,0.0,0.0,0.34,low,0.0,0.0,0.0,0
2026-07-26T06:30:55.174635,05/16 02:15,5.72,0.0,,,,18.0,27.0,0.0,0.0,0.0,0.0,0.0,0.0,0.0,0.0,0.0,0.34,low,0.0,0.0,0.0,0
2026-07-26T06:30:55.196072,05/16 03:15,6.1,0.0,,,,18.0,27.0,0.0,0.0,0.0,0.0,0.0,0.0,0.0,0.0,0.0,0.34,low,0.0,0.0,0.0,0
2026-07-26T06:30:55.216512,05/16 04:15,6.25,0.0,,,,18.0,27.0,0.0,0.0,0.0,0.0,0.0,0.0,0.0,0.0,0.0,0.34,low,0.0,0.0,0.0,0
2026-07-26T06:30:55.235173,05/16 05:15,7.25,0.0,,,,18.0,27.0,0.0,0.0,0.0,0.0,0.0,0.0,0.0,0.0,0.0,0.34,low,0.0,0.0,0.0,0
2026-07-26T06:30:55.253161,05/16 06:23,9.6,0.0,,,,18.0,27.0,0.0,0.0,0.0,0.0,0.0,0.0,0.0,0.0,0.0,0.43,moderate,0.0,0.0,0.0,0
2026-07-26T06:31:13.103655,05/16 07:23,12.25,0.0,,,,18.0,29.0,0.3764,0.094094,0.114348,0.094094,0.017274,0.0,0.0,0.072002,0.094094,0.43,moderate,0.04046,0.0,0.04046,0
2026-07-26T06:31:13.125652,05/16 08:15,14.18,0.0,,,,18.0,29.0,0.3764,0.094094,0.148951,0.094094,0.022773,0.0,0.0,0.254353,0.094094,0.43,moderate,0.04046,0.0,0.04046,0
2026-07-26T06:31:13.149650,05/16 09:23,15.15,52.0,22.81,21.17,24.69,18.0,29.0,0.3764,0.094094,0.176582,0.094094,0.053963,0.0,0.0,0.37266,0.094094,0.43,moderate,0.04046,0.0,0.04046,0
2026-07-26T06:31:13.170652,05/16 10:23,15.88,52.0,24.41,22.72,26.29,18.0,29.0,0.3764,0.094094,0.190025,0.094094,0.051873,0.0,0.0,0.448752,0.094094,0.3,low,0.028228,0.0,0.028228,1
2026-07-26T06:31:13.191769,05/16 11:23,16.55,52.0,25.0,23.51,26.22,18.0,29.0,0.3764,0.094094,0.21081,0.094094,0.05255,0.0,0.0,0.561366,0.094094,0.3,low,0.028228,0.0,0.028228,1
2026-07-26T06:31:13.209772,05/16 12:15,16.1,41.6,24.99,23.8,25.72,18.0,29.0,0.3764,0.094094,0.206283,0.094094,0.053271,0.0,0.0,0.529947,0.094094,0.3,low,0.028228,0.0,0.028228,0
2026-07-26T06:31:32.485645,05/16 13:15,15.98,20.8,24.62,23.64,25.45,20.0,27.0,0.3764,0.094094,0.208533,0.094094,0.057946,0.0,0.0,0.53821,0.094094,0.3,low,0.028228,0.0,0.028228,0
2026-07-26T06:31:32.508646,05/16 14:15,15.45,41.6,24.91,24.03,25.72,20.0,27.0,0.3764,0.094094,0.204043,0.094094,0.067795,0.0,0.0,0.505237,0.094094,0.3,low,0.028228,0.0,0.028228,0
2026-07-26T06:31:32.529643,05/16 15:15,15.0,52.0,24.82,23.94,25.7,20.0,27.0,0.3764,0.094094,0.195882,0.094094,0.066851,0.0,0.0,0.462644,0.094094,0.3,low,0.028228,0.0,0.028228,0
2026-07-26T06:31:32.551643,05/16 16:15,14.72,52.0,24.51,23.63,25.58,20.0,27.0,0.3764,0.094094,0.195068,0.094094,0.064079,0.0,0.0,0.463176,0.094094,0.55,high,0.051752,0.0,0.051752,0
2026-07-26T06:31:32.571649,05/16 17:15,13.62,52.0,23.82,22.84,25.19,20.0,27.0,0.3764,0.094094,0.178103,0.094094,0.056673,0.0,0.0,0.3727,0.094094,0.55,high,0.051752,0.0,0.051752,0
2026-07-26T06:31:32.593650,05/16 18:15,12.38,52.0,23.38,22.32,24.99,20.0,27.0,0.3764,0.094094,0.161392,0.094094,0.054149,0.0,0.0,0.279182,0.094094,0.55,high,0.051752,0.0,0.051752,0
2026-07-26T06:31:52.534364,05/16 19:15,11.1,26.0,21.95,21.04,23.51,20.0,26.0,0.3764,0.094094,0.134352,0.094094,0.049516,0.0,0.0,0.125056,0.094094,0.55,high,0.051752,0.0,0.051752,0
2026-07-26T06:31:52.557361,05/16 20:15,11.25,0.0,,,,20.0,26.0,0.3764,0.094094,0.127688,0.094094,0.040864,0.021261,0.019186,0.101206,0.115355,0.55,high,0.051752,0.003848,0.0556,0
2026-07-26T06:31:52.576356,05/16 21:15,11.55,0.0,,,,20.0,26.0,0.0,0.0,0.0,0.0,0.0,0.0,0.0,0.0,0.0,0.4,moderate,0.0,0.0,0.0,0
2026-07-26T06:31:52.595655,05/16 22:15,10.82,0.0,,,,20.0,26.0,0.0,0.0,0.0,0.0,0.0,0.0,0.0,0.0,0.0,0.4,moderate,0.0,0.0,0.0,0
2026-07-26T06:31:52.613265,05/16 23:15,10.15,0.0,,,,20.0,26.0,0.0,0.0,0.0,0.0,0.0,0.0,0.0,0.0,0.0,0.4,moderate,0.0,0.0,0.0,0
2026-07-26T06:31:52.630266,05/17 00:15,10.45,0.0,,,,20.0,26.0,0.0,0.0,0.0,0.0,0.0,0.0,0.0,0.0,0.0,0.34,low,0.0,0.0,0.0,0
2026-07-26T06:32:11.301774,05/17 01:15,9.85,0.0,,,,18.0,28.0,0.0,0.0,0.0,0.0,0.0,0.0,0.0,0.0,0.0,0.34,low,0.0,0.0,0.0,0
2026-07-26T06:32:11.321775,05/17 02:15,9.4,0.0,,,,18.0,28.0,0.0,0.0,0.0,0.0,0.0,0.0,0.0,0.0,0.0,0.34,low,0.0,0.0,0.0,0
2026-07-26T06:32:11.340781,05/17 03:15,9.4,0.0,,,,18.0,28.0,0.0,0.0,0.0,0.0,0.0,0.0,0.0,0.0,0.0,0.34,low,0.0,0.0,0.0,0
2026-07-26T06:32:11.365774,05/17 04:15,9.7,0.0,,,,18.0,28.0,0.0,0.0,0.0,0.0,0.0,0.0,0.0,0.0,0.0,0.34,low,0.0,0.0,0.0,0
2026-07-26T06:32:11.385773,05/17 05:15,10.45,0.0,,,,18.0,28.0,0.0,0.0,0.0,0.0,0.0,0.0,0.0,0.0,0.0,0.34,low,0.0,0.0,0.0,0
2026-07-26T06:32:11.403771,05/17 06:15,10.15,0.0,,,,18.0,28.0,0.0,0.0,0.0,0.0,0.0,0.0,0.0,0.0,0.0,0.43,moderate,0.0,0.0,0.0,0
2026-07-26T06:32:28.701141,05/17 07:15,10.88,0.0,,,,18.0,29.0,0.3764,0.094094,0.0,0.094094,1.4e-05,0.010646,0.011492,0.0,0.10474,0.43,moderate,0.04046,0.001927,0.042387,0
2026-07-26T06:32:28.723147,05/17 08:15,11.82,0.0,,,,18.0,29.0,0.3764,0.094094,0.119157,0.094094,0.022135,0.0,0.0,0.077836,0.094094,0.43,moderate,0.04046,0.0,0.04046,0
2026-07-26T06:32:28.744140,05/17 09:23,12.35,52.0,21.7,20.91,22.31,18.0,29.0,0.3764,0.094094,0.13137,0.094094,0.026008,0.0,0.0,0.140992,0.094094,0.43,moderate,0.04046,0.0,0.04046,0
2026-07-26T06:32:28.764139,05/17 10:23,12.8,52.0,23.26,22.37,23.96,18.0,29.0,0.3764,0.094094,0.151015,0.094094,0.042762,0.0,0.0,0.23874,0.094094,0.3,low,0.028228,0.0,0.028228,0
2026-07-26T06:32:28.786143,05/17 11:23,12.8,52.0,24.03,23.14,24.79,18.0,29.0,0.3764,0.094094,0.167245,0.094094,0.057329,0.0,0.0,0.31323,0.094094,0.3,low,0.028228,0.0,0.028228,0
2026-07-26T06:32:28.804143,05/17 12:15,12.93,41.6,24.29,23.43,25.11,18.0,29.0,0.3764,0.094094,0.171038,0.094094,0.064037,0.0,0.0,0.327594,0.094094,0.3,low,0.028228,0.0,0.028228,0
2026-07-26T06:32:48.223114,05/17 13:15,13.3,20.8,24.05,23.26,24.91,20.0,27.0,0.3764,0.094094,0.190316,0.094094,0.067526,0.0,0.0,0.437267,0.094094,0.3,low,0.028228,0.0,0.028228,0
2026-07-26T06:32:48.249115,05/17 14:15,13.18,41.6,24.46,23.67,25.27,20.0,27.0,0.3764,0.094094,0.192708,0.094094,0.067526,0.0,0.0,0.44761,0.094094,0.3,low,0.028228,0.0,0.028228,0
2026-07-26T06:32:48.271116,05/17 15:15,12.8,52.0,24.32,23.42,25.41,20.0,27.0,0.3764,0.094094,0.194664,0.094094,0.066862,0.0,0.0,0.463779,0.094094,0.3,low,0.028228,0.0,0.028228,0
2026-07-26T06:32:48.290119,05/17 16:15,12.65,52.0,24.0,23.04,25.31,20.0,27.0,0.3764,0.094094,0.18518,0.094094,0.065116,0.0,0.0,0.405347,0.094094,0.55,high,0.051752,0.0,0.051752,0
2026-07-26T06:32:48.309117,05/17 17:15,12.07,52.0,23.46,22.47,24.94,20.0,27.0,0.3764,0.094094,0.164488,0.094094,0.062453,0.0,0.0,0.288768,0.094094,0.55,high,0.051752,0.0,0.051752,0
2026-07-26T06:32:48.327116,05/17 18:15,11.7,52.0,23.11,22.05,24.79,20.0,27.0,0.3764,0.094094,0.158143,0.094094,0.061826,0.0,0.0,0.255933,0.094094,0.55,high,0.051752,0.0,0.051752,0
2026-07-26T06:33:07.226207,05/17 19:15,11.7,26.0,21.79,20.89,23.36,20.0,26.0,0.3764,0.094094,0.142372,0.094094,0.061376,0.0,0.0,0.164676,0.094094,0.55,high,0.051752,0.0,0.051752,0
2026-07-26T06:33:07.249207,05/17 20:15,11.55,0.0,,,,20.0,26.0,0.3764,0.094094,0.136351,0.094094,0.051879,0.037168,0.041166,0.142122,0.131262,0.55,high,0.051752,0.006727,0.058479,0
2026-07-26T06:33:07.268208,05/17 21:15,10.97,0.0,,,,20.0,26.0,0.0,0.0,0.0,0.0,0.0,0.0,0.0,0.0,0.0,0.4,moderate,0.0,0.0,0.0,0
2026-07-26T06:33:07.283207,05/17 22:15,10.72,0.0,,,,20.0,26.0,0.0,0.0,0.0,0.0,0.0,0.0,0.0,0.0,0.0,0.4,moderate,0.0,0.0,0.0,0
2026-07-26T06:33:07.300207,05/17 23:15,11.1,0.0,,,,20.0,26.0,0.0,0.0,0.0,0.0,0.0,0.0,0.0,0.0,0.0,0.4,moderate,0.0,0.0,0.0,0
2026-07-26T06:33:07.317206,05/18 00:15,10.97,0.0,,,,20.0,26.0,0.0,0.0,0.0,0.0,0.0,0.0,0.0,0.0,0.0,0.34,low,0.0,0.0,0.0,0
2026-07-26T06:33:24.411651,05/18 01:15,10.88,0.0,,,,18.0,28.0,0.0,0.0,0.0,0.0,0.0,0.0,0.0,0.0,0.0,0.34,low,0.0,0.0,0.0,0
2026-07-26T06:33:24.430656,05/18 02:15,11.82,0.0,,,,18.0,28.0,0.0,0.0,0.0,0.0,0.0,0.0,0.0,0.0,0.0,0.34,low,0.0,0.0,0.0,0
2026-07-26T06:33:24.448651,05/18 03:15,12.2,0.0,,,,18.0,28.0,0.0,0.0,0.0,0.0,0.0,0.0,0.0,0.0,0.0,0.34,low,0.0,0.0,0.0,0
2026-07-26T06:33:24.467651,05/18 04:15,12.2,0.0,,,,18.0,28.0,0.0,0.0,0.0,0.0,0.0,0.0,0.0,0.0,0.0,0.34,low,0.0,0.0,0.0,0
2026-07-26T06:33:24.485657,05/18 05:15,12.2,0.0,,,,18.0,28.0,0.0,0.0,0.0,0.0,0.0,0.0,0.0,0.0,0.0,0.34,low,0.0,0.0,0.0,0
2026-07-26T06:33:24.502662,05/18 06:15,12.2,0.0,,,,18.0,28.0,0.0,0.0,0.0,0.0,0.0,0.0,0.0,0.0,0.0,0.43,moderate,0.0,0.0,0.0,0
2026-07-26T06:33:41.191628,05/18 07:15,12.47,0.0,,,,18.0,29.0,0.0,0.0,0.0,0.0,0.0,0.0,0.0,0.0,0.0,0.43,moderate,0.0,0.0,0.0,0
2026-07-26T06:33:41.209891,05/18 08:15,13.73,0.0,,,,18.0,29.0,0.0,0.0,0.0,0.0,0.0,0.0,0.0,0.0,0.0,0.43,moderate,0.0,0.0,0.0,0
2026-07-26T06:33:41.228886,05/18 09:15,14.72,0.0,,,,18.0,29.0,0.0,0.0,0.0,0.0,0.0,0.0,0.0,0.0,0.0,0.43,moderate,0.0,0.0,0.0,0
2026-07-26T06:33:41.247263,05/18 10:15,14.33,0.0,,,,18.0,29.0,0.0,0.0,0.0,0.0,0.0,0.0,0.0,0.0,0.0,0.3,low,0.0,0.0,0.0,0
2026-07-26T06:33:41.264266,05/18 11:15,15.72,0.0,,,,18.0,29.0,0.0,0.0,0.0,0.0,0.0,0.0,0.0,0.0,0.0,0.3,low,0.0,0.0,0.0,0
2026-07-26T06:33:41.280261,05/18 12:15,16.1,0.0,,,,18.0,29.0,0.0,0.0,0.0,0.0,0.0,0.0,0.0,0.0,0.0,0.3,low,0.0,0.0,0.0,0
2026-07-26T06:33:58.132094,05/18 13:15,16.1,0.0,,,,18.0,29.0,0.0,0.0,0.0,0.0,0.0,0.0,0.0,0.0,0.0,0.3,low,0.0,0.0,0.0,0
2026-07-26T06:33:58.151093,05/18 14:15,15.98,0.0,,,,18.0,29.0,0.0,0.0,0.0,0.0,0.0,0.0,0.0,0.0,0.0,0.3,low,0.0,0.0,0.0,0
2026-07-26T06:33:58.169093,05/18 15:15,15.6,0.0,,,,18.0,29.0,0.0,0.0,0.0,0.0,0.0,0.0,0.0,0.0,0.0,0.3,low,0.0,0.0,0.0,0
2026-07-26T06:33:58.189415,05/18 16:15,15.6,0.0,,,,18.0,29.0,0.0,0.0,0.0,0.0,0.0,0.0,0.0,0.0,0.0,0.55,high,0.0,0.0,0.0,0
2026-07-26T06:33:58.207411,05/18 17:15,15.45,0.0,,,,18.0,29.0,0.0,0.0,0.0,0.0,0.0,0.0,0.0,0.0,0.0,0.55,high,0.0,0.0,0.0,0
2026-07-26T06:33:58.226408,05/18 18:15,14.57,0.0,,,,18.0,29.0,0.0,0.0,0.0,0.0,0.0,0.0,0.0,0.0,0.0,0.55,high,0.0,0.0,0.0,0
2026-07-26T06:34:16.619550,05/18 19:15,13.18,0.0,,,,18.0,29.0,0.0,0.0,0.0,0.0,0.0,0.0,0.0,0.0,0.0,0.55,high,0.0,0.0,0.0,0
2026-07-26T06:34:16.639552,05/18 20:15,12.65,0.0,,,,18.0,29.0,0.0,0.0,0.0,0.0,0.0,0.0,0.0,0.0,0.0,0.55,high,0.0,0.0,0.0,0
2026-07-26T06:34:16.659552,05/18 21:15,12.2,0.0,,,,18.0,29.0,0.0,0.0,0.0,0.0,0.0,0.0,0.0,0.0,0.0,0.4,moderate,0.0,0.0,0.0,0
2026-07-26T06:34:16.677559,05/18 22:15,12.07,0.0,,,,18.0,29.0,0.0,0.0,0.0,0.0,0.0,0.0,0.0,0.0,0.0,0.4,moderate,0.0,0.0,0.0,0
2026-07-26T06:34:16.696554,05/18 23:15,11.55,0.0,,,,18.0,29.0,0.0,0.0,0.0,0.0,0.0,0.0,0.0,0.0,0.0,0.4,moderate,0.0,0.0,0.0,0
2026-07-26T06:34:16.713984,05/19 00:15,10.67,0.0,,,,18.0,29.0,0.0,0.0,0.0,0.0,0.0,0.0,0.0,0.0,0.0,0.34,low,0.0,0.0,0.0,0
2026-07-26T06:34:34.952168,05/19 01:15,9.4,0.0,,,,18.0,29.0,0.0,0.0,0.0,0.0,0.0,0.0,0.0,0.0,0.0,0.34,low,0.0,0.0,0.0,0
2026-07-26T06:34:34.977172,05/19 02:15,9.4,0.0,,,,18.0,29.0,0.0,0.0,0.0,0.0,0.0,0.0,0.0,0.0,0.0,0.34,low,0.0,0.0,0.0,0
2026-07-26T06:34:35.001161,05/19 03:15,9.7,0.0,,,,18.0,29.0,0.0,0.0,0.0,0.0,0.0,0.0,0.0,0.0,0.0,0.34,low,0.0,0.0,0.0,0
2026-07-26T06:34:35.023168,05/19 04:15,10.72,0.0,,,,18.0,29.0,0.0,0.0,0.0,0.0,0.0,0.0,0.0,0.0,0.0,0.34,low,0.0,0.0,0.0,0
2026-07-26T06:34:35.045162,05/19 05:15,11.1,0.0,,,,18.0,29.0,0.0,0.0,0.0,0.0,0.0,0.0,0.0,0.0,0.0,0.34,low,0.0,0.0,0.0,0
2026-07-26T06:34:35.065163,05/19 06:15,11.1,0.0,,,,18.0,29.0,0.0,0.0,0.0,0.0,0.0,0.0,0.0,0.0,0.0,0.43,moderate,0.0,0.0,0.0,0
2026-07-26T06:34:52.942208,05/19 07:15,11.1,0.0,,,,18.0,29.0,0.0,0.0,0.0,0.0,0.0,0.0,0.0,0.0,0.0,0.43,moderate,0.0,0.0,0.0,0
2026-07-26T06:34:52.964232,05/19 08:15,11.52,0.0,,,,18.0,29.0,0.0,0.0,0.0,0.0,0.0,0.0,0.0,0.0,0.0,0.43,moderate,0.0,0.0,0.0,0
2026-07-26T06:34:52.984502,05/19 09:15,13.08,0.0,,,,18.0,29.0,0.0,0.0,0.0,0.0,0.0,0.0,0.0,0.0,0.0,0.43,moderate,0.0,0.0,0.0,0
2026-07-26T06:34:53.004776,05/19 10:23,14.33,0.0,,,,18.0,29.0,0.0,0.0,0.0,0.0,0.0,0.0,0.0,0.0,0.0,0.3,low,0.0,0.0,0.0,0
2026-07-26T06:34:53.025318,05/19 11:15,16.15,0.0,,,,18.0,29.0,0.0,0.0,0.0,0.0,0.0,0.0,0.0,0.0,0.0,0.3,low,0.0,0.0,0.0,0
2026-07-26T06:34:53.044315,05/19 12:15,18.08,0.0,,,,18.0,29.0,0.0,0.0,0.0,0.0,0.0,0.0,0.0,0.0,0.0,0.3,low,0.0,0.0,0.0,0
2026-07-26T06:35:11.690794,05/19 13:15,18.75,0.0,,,,18.0,29.0,0.0,0.0,0.0,0.0,0.0,0.0,0.0,0.0,0.0,0.3,low,0.0,0.0,0.0,0
2026-07-26T06:35:11.712796,05/19 14:15,18.3,0.0,,,,18.0,29.0,0.0,0.0,0.0,0.0,0.0,0.0,0.0,0.0,0.0,0.3,low,0.0,0.0,0.0,0
2026-07-26T06:35:11.732796,05/19 15:23,18.3,0.0,,,,18.0,29.0,0.0,0.0,0.0,0.0,0.0,0.0,0.0,0.0,0.0,0.3,low,0.0,0.0,0.0,0
2026-07-26T06:35:11.755797,05/19 16:15,18.18,0.0,,,,18.0,29.0,0.0,0.0,0.0,0.0,0.0,0.0,0.0,0.0,0.0,0.55,high,0.0,0.0,0.0,0
2026-07-26T06:35:11.776794,05/19 17:15,17.38,0.0,,,,18.0,29.0,0.0,0.0,0.0,0.0,0.0,0.0,0.0,0.0,0.0,0.55,high,0.0,0.0,0.0,0
2026-07-26T06:35:11.793802,05/19 18:23,15.83,0.0,,,,18.0,29.0,0.0,0.0,0.0,0.0,0.0,0.0,0.0,0.0,0.0,0.55,high,0.0,0.0,0.0,0
2026-07-26T06:35:28.772335,05/19 19:23,14.57,0.0,,,,18.0,29.0,0.0,0.0,0.0,0.0,0.0,0.0,0.0,0.0,0.0,0.55,high,0.0,0.0,0.0,0
2026-07-26T06:35:28.794334,05/19 20:23,13.03,0.0,,,,18.0,29.0,0.0,0.0,0.0,0.0,0.0,0.0,0.0,0.0,0.0,0.55,high,0.0,0.0,0.0,0
2026-07-26T06:35:28.814332,05/19 21:15,11.92,0.0,,,,18.0,29.0,0.0,0.0,0.0,0.0,0.0,0.0,0.0,0.0,0.0,0.4,moderate,0.0,0.0,0.0,0
2026-07-26T06:35:28.833335,05/19 22:15,10.82,0.0,,,,18.0,29.0,0.0,0.0,0.0,0.0,0.0,0.0,0.0,0.0,0.0,0.4,moderate,0.0,0.0,0.0,0
2026-07-26T06:35:28.851338,05/19 23:15,9.72,0.0,,,,18.0,29.0,0.0,0.0,0.0,0.0,0.0,0.0,0.0,0.0,0.0,0.4,moderate,0.0,0.0,0.0,0
2026-07-26T06:35:28.869009,05/20 00:15,8.62,0.0,,,,18.0,29.0,0.0,0.0,0.0,0.0,0.0,0.0,0.0,0.0,0.0,0.34,low,0.0,0.0,0.0,0
2026-07-26T06:35:46.196941,05/20 01:15,7.65,0.0,,,,18.0,29.0,0.0,0.0,0.0,0.0,0.0,0.0,0.0,0.0,0.0,0.34,low,0.0,0.0,0.0,0
2026-07-26T06:35:46.218938,05/20 02:15,7.08,0.0,,,,18.0,29.0,0.0,0.0,0.0,0.0,0.0,0.0,0.0,0.0,0.0,0.34,low,0.0,0.0,0.0,0
2026-07-26T06:35:46.236944,05/20 03:15,6.83,0.0,,,,18.0,29.0,0.0,0.0,0.0,0.0,0.0,0.0,0.0,0.0,0.0,0.34,low,0.0,0.0,0.0,0
2026-07-26T06:35:46.253938,05/20 04:15,7.35,0.0,,,,18.0,29.0,0.0,0.0,0.0,0.0,0.0,0.0,0.0,0.0,0.0,0.34,low,0.0,0.0,0.0,0
2026-07-26T06:35:46.271940,05/20 05:15,8.62,0.0,,,,18.0,29.0,0.0,0.0,0.0,0.0,0.0,0.0,0.0,0.0,0.0,0.34,low,0.0,0.0,0.0,0
2026-07-26T06:35:46.292938,05/20 06:23,11.65,0.0,,,,18.0,29.0,0.0,0.0,0.0,0.0,0.0,0.0,0.0,0.0,0.0,0.43,moderate,0.0,0.0,0.0,0
2026-07-26T06:36:04.194783,05/20 07:23,13.88,0.0,,,,18.0,29.0,0.3764,0.094094,0.140438,0.094094,0.026315,0.0,0.0,0.206139,0.094094,0.43,moderate,0.04046,0.0,0.04046,0
2026-07-26T06:36:04.217784,05/20 08:23,16.15,0.0,,,,18.0,29.0,0.3764,0.094094,0.180023,0.094094,0.041849,0.0,0.0,0.39784,0.094094,0.43,moderate,0.04046,0.0,0.04046,0
2026-07-26T06:36:04.241785,05/20 09:23,18.35,52.0,23.13,21.17,25.64,18.0,29.0,0.3764,0.094094,0.218628,0.094094,0.053607,0.0,0.0,0.602292,0.094094,0.43,moderate,0.04046,0.0,0.04046,0
2026-07-26T06:36:04.262782,05/20 10:23,20.15,52.0,24.71,22.75,27.07,18.0,29.0,0.3764,0.094094,0.259224,0.094094,0.05654,0.0,0.0,0.806602,0.094094,0.3,low,0.028228,0.0,0.028228,1
2026-07-26T06:36:04.283786,05/20 11:23,21.0,52.0,25.37,23.57,27.22,18.0,29.0,0.3764,0.094094,0.278589,0.094094,0.075351,0.0,0.0,0.882383,0.094094,0.3,low,0.028228,0.0,0.028228,1
2026-07-26T06:36:04.302785,05/20 12:23,22.35,41.6,25.51,23.94,26.56,18.0,29.0,0.3764,0.094094,0.30935,0.094094,0.084021,0.0,0.0,1.032417,0.094094,0.3,low,0.028228,0.0,0.028228,1
2026-07-26T06:36:23.098866,05/20 13:15,22.93,20.8,25.18,23.88,25.79,20.0,27.0,0.3764,0.094094,0.323277,0.094094,0.086932,0.0,0.0,1.094231,0.094094,0.3,low,0.028228,0.0,0.028228,0
2026-07-26T06:36:23.120866,05/20 14:15,23.3,41.6,25.78,25.04,26.37,20.0,27.0,0.3764,0.094094,0.334436,0.094094,0.084015,0.0,0.0,1.15152,0.094094,0.3,low,0.028228,0.0,0.028228,1
2026-07-26T06:36:23.143862,05/20 15:15,22.9,52.0,26.2,25.3,26.55,20.0,27.0,0.3764,0.094094,0.339563,0.094094,0.09085,0.0,0.0,1.165641,0.094094,0.3,low,0.028228,0.0,0.028228,1
2026-07-26T06:36:23.162864,05/20 16:15,21.55,52.0,26.21,24.95,26.98,20.0,27.0,0.3768,0.094191,0.314053,0.094191,0.082462,0.0,0.0,1.058338,0.094191,0.55,high,0.051805,0.0,0.051805,1
2026-07-26T06:36:23.181861,05/20 17:15,20.83,52.0,25.79,24.36,26.91,20.0,27.0,0.3764,0.094098,0.302681,0.094098,0.084036,0.0,0.0,0.999403,0.094098,0.55,high,0.051754,0.0,0.051754,1
2026-07-26T06:36:23.201861,05/20 18:23,19.3,52.0,25.15,23.81,25.83,20.0,27.0,0.3764,0.094094,0.282937,0.094094,0.082879,0.0,0.0,0.903268,0.094094,0.55,high,0.051752,0.0,0.051752,0
2026-07-26T06:36:41.839363,05/20 19:23,16.65,26.0,23.38,22.27,24.27,20.0,26.0,0.3764,0.094094,0.234124,0.094094,0.076243,0.0,0.0,0.655593,0.094094,0.55,high,0.051752,0.0,0.051752,0
2026-07-26T06:36:41.862359,05/20 20:23,14.57,0.0,,,,20.0,26.0,0.3764,0.094094,0.19437,0.094094,0.06682,0.0,0.0,0.452166,0.094094,0.55,high,0.051752,0.0,0.051752,0
2026-07-26T06:36:41.883359,05/20 21:15,12.48,0.0,,,,20.0,26.0,0.0,0.0,0.0,0.0,0.0,0.0,0.0,0.0,0.0,0.4,moderate,0.0,0.0,0.0,0
2026-07-26T06:36:41.903359,05/20 22:23,9.72,0.0,,,,20.0,26.0,0.0,0.0,0.0,0.0,0.0,0.0,0.0,0.0,0.0,0.4,moderate,0.0,0.0,0.0,0
2026-07-26T06:36:41.920363,05/20 23:15,8.75,0.0,,,,20.0,26.0,0.0,0.0,0.0,0.0,0.0,0.0,0.0,0.0,0.0,0.4,moderate,0.0,0.0,0.0,0
2026-07-26T06:36:41.940362,05/21 00:15,8.18,0.0,,,,20.0,26.0,0.0,0.0,0.0,0.0,0.0,0.0,0.0,0.0,0.0,0.34,low,0.0,0.0,0.0,0
2026-07-26T06:36:59.452818,05/21 01:15,7.65,0.0,,,,18.0,28.0,0.0,0.0,0.0,0.0,0.0,0.0,0.0,0.0,0.0,0.34,low,0.0,0.0,0.0,0
2026-07-26T06:36:59.474825,05/21 02:15,7.35,0.0,,,,18.0,28.0,0.0,0.0,0.0,0.0,0.0,0.0,0.0,0.0,0.0,0.34,low,0.0,0.0,0.0,0
2026-07-26T06:36:59.493815,05/21 03:15,8.07,0.0,,,,18.0,28.0,0.0,0.0,0.0,0.0,0.0,0.0,0.0,0.0,0.0,0.34,low,0.0,0.0,0.0,0
2026-07-26T06:36:59.511815,05/21 04:15,8.9,0.0,,,,18.0,28.0,0.0,0.0,0.0,0.0,0.0,0.0,0.0,0.0,0.0,0.34,low,0.0,0.0,0.0,0
2026-07-26T06:36:59.528816,05/21 05:15,9.45,0.0,,,,18.0,28.0,0.0,0.0,0.0,0.0,0.0,0.0,0.0,0.0,0.0,0.34,low,0.0,0.0,0.0,0
2026-07-26T06:36:59.545827,05/21 06:23,11.92,0.0,,,,18.0,28.0,0.0,0.0,0.0,0.0,0.0,0.0,0.0,0.0,0.0,0.43,moderate,0.0,0.0,0.0,0
2026-07-26T06:37:17.154705,05/21 07:23,15.1,0.0,,,,18.0,29.0,0.3764,0.094094,0.155335,0.094094,0.027022,0.0,0.0,0.296988,0.094094,0.43,moderate,0.04046,0.0,0.04046,0
2026-07-26T06:37:17.179697,05/21 08:23,17.9,0.0,,,,18.0,29.0,0.3764,0.094094,0.203508,0.094094,0.04085,0.0,0.0,0.528265,0.094094,0.43,moderate,0.04046,0.0,0.04046,0
2026-07-26T06:37:17.202698,05/21 09:23,21.1,52.0,23.32,21.31,25.77,18.0,29.0,0.3764,0.094094,0.254973,0.094094,0.058082,0.0,0.0,0.782091,0.094094,0.43,moderate,0.04046,0.0,0.04046,0
2026-07-26T06:37:17.224698,05/21 10:23,24.82,52.0,25.02,22.97,27.49,18.0,29.0,0.3764,0.094094,0.338459,0.094094,0.076532,0.0,0.0,1.162869,0.094094,0.3,low,0.028228,0.0,0.028228,1
2026-07-26T06:37:17.244697,05/21 11:23,26.25,52.0,25.75,23.87,27.69,18.0,29.0,0.3764,0.094094,0.365929,0.094094,0.075963,0.0,0.0,1.329018,0.094094,0.3,low,0.028228,0.0,0.028228,1
2026-07-26T06:37:17.264920,05/21 12:23,26.82,41.6,25.88,24.26,26.93,18.0,29.0,0.3764,0.094094,0.39476,0.094094,0.097793,0.0,0.0,1.405853,0.094094,0.3,low,0.028228,0.0,0.028228,1
2026-07-26T06:37:35.842861,05/21 13:15,27.2,20.8,25.57,24.23,26.26,20.0,27.0,0.3764,0.094094,0.410502,0.094094,0.10617,0.0,0.0,1.459595,0.094094,0.3,low,0.028228,0.0,0.028228,1
2026-07-26T06:37:35.865860,05/21 14:15,27.07,41.6,26.1,25.32,26.7,20.0,27.0,0.3764,0.094094,0.40837,0.094094,0.08507,0.0,0.0,1.471131,0.094094,0.3,low,0.028228,0.0,0.028228,1
2026-07-26T06:37:35.890875,05/21 15:23,26.55,52.0,26.5,25.55,26.9,20.0,27.0,0.3764,0.094094,0.415202,0.094094,0.108886,0.0,0.0,1.4496,0.094094,0.3,low,0.028228,0.0,0.028228,1
2026-07-26T06:37:35.910858,05/21 16:15,25.98,52.0,26.48,25.26,27.0,20.0,27.0,0.3799,0.094976,0.403893,0.094976,0.083593,0.0,0.0,1.510185,0.094976,0.55,high,0.052237,0.0,0.052237,1
2026-07-26T06:37:35.929862,05/21 17:15,25.18,52.0,26.14,24.79,27.0,20.0,27.0,0.3804,0.095108,0.412093,0.095108,0.11069,0.0,0.0,1.484409,0.095108,0.55,high,0.052309,0.0,0.052309,1
2026-07-26T06:37:35.945860,05/21 18:15,23.07,52.0,25.82,24.31,27.0,20.0,27.0,0.3777,0.094434,0.359664,0.094434,0.080354,0.0,0.0,1.266861,0.094434,0.55,high,0.051939,0.0,0.051939,1
2026-07-26T06:37:54.630544,05/21 19:15,19.9,26.0,24.1,22.78,24.89,20.0,25.0,0.3764,0.094094,0.291385,0.094094,0.075419,0.0,0.0,0.941369,0.094094,0.55,high,0.051752,0.0,0.051752,0
2026-07-26T06:37:54.652485,05/21 20:23,17.8,0.0,,,,20.0,25.0,0.3764,0.094094,0.244054,0.094094,0.07735,0.0,0.0,0.693006,0.094094,0.55,high,0.051752,0.0,0.051752,0
2026-07-26T06:37:54.673489,05/21 21:15,16.83,0.0,,,,20.0,25.0,0.0,0.0,0.0,0.0,0.0,0.0,0.0,0.0,0.0,0.4,moderate,0.0,0.0,0.0,0
2026-07-26T06:37:54.691491,05/21 22:23,13.35,0.0,,,,20.0,25.0,0.0,0.0,0.0,0.0,0.0,0.0,0.0,0.0,0.0,0.4,moderate,0.0,0.0,0.0,0
2026-07-26T06:37:54.710485,05/21 23:15,11.42,0.0,,,,20.0,25.0,0.0,0.0,0.0,0.0,0.0,0.0,0.0,0.0,0.0,0.4,moderate,0.0,0.0,0.0,0
2026-07-26T06:37:54.729483,05/22 00:15,10.6,0.0,,,,20.0,25.0,0.0,0.0,0.0,0.0,0.0,0.0,0.0,0.0,0.0,0.34,low,0.0,0.0,0.0,0
2026-07-26T06:38:12.594376,05/22 01:15,10.3,0.0,,,,18.0,27.0,0.0,0.0,0.0,0.0,0.0,0.0,0.0,0.0,0.0,0.34,low,0.0,0.0,0.0,0
2026-07-26T06:38:12.615374,05/22 02:15,9.28,0.0,,,,18.0,27.0,0.0,0.0,0.0,0.0,0.0,0.0,0.0,0.0,0.0,0.34,low,0.0,0.0,0.0,0
2026-07-26T06:38:12.636374,05/22 03:15,8.62,0.0,,,,18.0,27.0,0.0,0.0,0.0,0.0,0.0,0.0,0.0,0.0,0.0,0.34,low,0.0,0.0,0.0,0
2026-07-26T06:38:12.652373,05/22 04:15,8.2,0.0,,,,18.0,27.0,0.0,0.0,0.0,0.0,0.0,0.0,0.0,0.0,0.0,0.34,low,0.0,0.0,0.0,0
2026-07-26T06:38:12.670375,05/22 05:23,10.38,0.0,,,,18.0,27.0,0.0,0.0,0.0,0.0,0.0,0.0,0.0,0.0,0.0,0.34,low,0.0,0.0,0.0,0
2026-07-26T06:38:12.689382,05/22 06:23,14.55,0.0,,,,18.0,27.0,0.0,0.0,0.0,0.0,0.0,0.0,0.0,0.0,0.0,0.43,moderate,0.0,0.0,0.0,0
2026-07-26T06:38:29.939758,05/22 07:23,19.15,0.0,,,,18.0,29.0,0.3764,0.094094,0.224023,0.094094,0.03922,0.0,0.0,0.660224,0.094094,0.43,moderate,0.04046,0.0,0.04046,0
2026-07-26T06:38:29.963749,05/22 08:23,22.25,0.0,,,,18.0,29.0,0.3764,0.094094,0.277029,0.094094,0.048499,0.0,0.0,0.897637,0.094094,0.43,moderate,0.04046,0.0,0.04046,0
2026-07-26T06:38:29.990093,05/22 09:23,24.32,52.0,23.86,21.71,26.52,18.0,29.0,0.3764,0.094094,0.323318,0.094094,0.064115,0.0,0.0,1.105159,0.094094,0.43,moderate,0.04046,0.0,0.04046,1
2026-07-26T06:38:30.012086,05/22 10:23,25.6,52.0,25.43,23.31,28.0,18.0,29.0,0.3764,0.094094,0.364546,0.094094,0.084992,0.0,0.0,1.272026,0.094094,0.3,low,0.028228,0.0,0.028228,1
2026-07-26T06:38:30.032086,05/22 11:23,25.88,52.0,25.99,24.08,27.94,18.0,29.0,0.3764,0.094094,0.375131,0.094094,0.108561,0.0,0.0,1.300994,0.094094,0.3,low,0.028228,0.0,0.028228,1
2026-07-26T06:38:30.052086,05/22 12:23,26.97,41.6,26.03,24.4,27.06,18.0,29.0,0.3764,0.094094,0.394017,0.094094,0.084445,0.0,0.0,1.411101,0.094094,0.3,low,0.028228,0.0,0.028228,1
2026-07-26T06:38:49.710658,05/22 13:15,27.65,20.8,25.69,24.34,26.41,20.0,27.0,0.3764,0.094094,0.418023,0.094094,0.086061,0.0,0.0,1.509655,0.094094,0.3,low,0.028228,0.0,0.028228,1
2026-07-26T06:38:49.733659,05/22 14:15,27.2,41.6,26.16,25.38,26.78,20.0,27.0,0.3764,0.094094,0.411744,0.094094,0.099035,0.0,0.0,1.478314,0.094094,0.3,low,0.028228,0.0,0.028228,1
2026-07-26T06:38:49.756658,05/22 15:23,27.07,52.0,26.56,25.6,26.96,20.0,27.0,0.3764,0.094094,0.417162,0.094094,0.10619,0.0,0.0,1.490776,0.094094,0.3,low,0.028228,0.0,0.028228,1
2026-07-26T06:38:49.775656,05/22 16:15,26.55,52.0,26.52,25.3,27.0,20.0,27.0,0.3803,0.09508,0.431238,0.09508,0.104422,0.0,0.0,1.570613,0.09508,0.55,high,0.052294,0.0,0.052294,1
2026-07-26T06:38:49.795658,05/22 17:15,25.55,52.0,26.15,24.78,27.0,20.0,27.0,0.381,0.095238,0.421982,0.095238,0.09696,0.0,0.0,1.539913,0.095238,0.55,high,0.052381,0.0,0.052381,1
2026-07-26T06:38:49.814657,05/22 18:15,23.47,52.0,25.82,24.31,27.0,20.0,27.0,0.3781,0.094533,0.365154,0.094533,0.095888,0.0,0.0,1.278481,0.094533,0.55,high,0.051993,0.0,0.051993,1
2026-07-26T06:39:08.099363,05/22 19:15,21.8,26.0,24.16,22.84,24.91,20.5,25.0,0.3764,0.094094,0.320647,0.094094,0.093608,0.0,0.0,1.06777,0.094094,0.55,high,0.051752,0.0,0.051752,0
2026-07-26T06:39:08.122359,05/22 20:23,20.18,0.0,,,,20.5,25.0,0.3764,0.094094,0.283124,0.094094,0.072075,0.0,0.0,0.914154,0.094094,0.55,high,0.051752,0.0,0.051752,0
2026-07-26T06:39:08.145359,05/22 21:15,18.47,0.0,,,,20.5,25.0,0.0,0.0,0.0,0.0,0.0,0.0,0.0,0.0,0.0,0.4,moderate,0.0,0.0,0.0,0
2026-07-26T06:39:08.165361,05/22 22:15,16.92,0.0,,,,20.5,25.0,0.0,0.0,0.0,0.0,0.0,0.0,0.0,0.0,0.0,0.4,moderate,0.0,0.0,0.0,0
2026-07-26T06:39:08.183358,05/22 23:15,15.83,0.0,,,,20.5,25.0,0.0,0.0,0.0,0.0,0.0,0.0,0.0,0.0,0.0,0.4,moderate,0.0,0.0,0.0,0
2026-07-26T06:39:08.201359,05/23 00:15,14.57,0.0,,,,20.5,25.0,0.0,0.0,0.0,0.0,0.0,0.0,0.0,0.0,0.0,0.34,low,0.0,0.0,0.0,0
2026-07-26T06:39:28.068446,05/23 01:15,13.3,0.0,,,,18.5,27.0,0.0,0.0,0.0,0.0,0.0,0.0,0.0,0.0,0.0,0.34,low,0.0,0.0,0.0,0
2026-07-26T06:39:28.089443,05/23 02:15,13.3,0.0,,,,18.5,27.0,0.0,0.0,0.0,0.0,0.0,0.0,0.0,0.0,0.0,0.34,low,0.0,0.0,0.0,0
2026-07-26T06:39:28.108442,05/23 03:15,13.45,0.0,,,,18.5,27.0,0.0,0.0,0.0,0.0,0.0,0.0,0.0,0.0,0.0,0.34,low,0.0,0.0,0.0,0
2026-07-26T06:39:28.127439,05/23 04:15,13.62,0.0,,,,18.5,27.0,0.0,0.0,0.0,0.0,0.0,0.0,0.0,0.0,0.0,0.34,low,0.0,0.0,0.0,0
2026-07-26T06:39:28.147439,05/23 05:15,13.08,0.0,,,,18.5,27.0,0.0,0.0,0.0,0.0,0.0,0.0,0.0,0.0,0.0,0.34,low,0.0,0.0,0.0,0
2026-07-26T06:39:28.165441,05/23 06:15,14.88,0.0,,,,18.5,27.0,0.0,0.0,0.0,0.0,0.0,0.0,0.0,0.0,0.0,0.43,moderate,0.0,0.0,0.0,0
2026-07-26T06:39:45.639604,05/23 07:15,18.35,0.0,,,,18.0,29.0,0.3764,0.094094,0.212736,0.094094,0.04495,0.0,0.0,0.583065,0.094094,0.43,moderate,0.04046,0.0,0.04046,0
2026-07-26T06:39:45.660685,05/23 08:23,20.43,0.0,,,,18.0,29.0,0.3764,0.094094,0.249455,0.094094,0.051196,0.0,0.0,0.761346,0.094094,0.43,moderate,0.04046,0.0,0.04046,0
2026-07-26T06:39:45.684683,05/23 09:23,22.25,52.0,23.15,21.81,24.29,18.0,29.0,0.3764,0.094094,0.282865,0.094094,0.058674,0.0,0.0,0.923295,0.094094,0.43,moderate,0.04046,0.0,0.04046,0
2026-07-26T06:39:45.703689,05/23 10:23,23.47,52.0,24.73,23.29,25.78,18.0,29.0,0.3764,0.094094,0.329224,0.094094,0.069582,0.0,0.0,1.125451,0.094094,0.3,low,0.028228,0.0,0.028228,0
2026-07-26T06:39:45.725420,05/23 11:23,21.65,52.0,25.17,23.87,25.92,18.0,29.0,0.3764,0.094094,0.307602,0.094094,0.081894,0.0,0.0,1.014601,0.094094,0.3,low,0.028228,0.0,0.028228,0
2026-07-26T06:39:45.743419,05/23 12:15,19.85,41.6,25.19,24.03,25.97,18.0,29.0,0.3764,0.094094,0.273212,0.094094,0.079309,0.0,0.0,0.854468,0.094094,0.3,low,0.028228,0.0,0.028228,0
2026-07-26T06:40:04.804633,05/23 13:15,19.4,20.8,24.55,23.5,25.3,20.0,27.0,0.3764,0.094094,0.264093,0.094094,0.078096,0.0,0.0,0.812421,0.094094,0.3,low,0.028228,0.0,0.028228,0
2026-07-26T06:40:04.825636,05/23 14:15,19.55,41.6,25.02,24.09,25.86,20.0,27.0,0.3764,0.094094,0.26432,0.094094,0.075864,0.0,0.0,0.817502,0.094094,0.3,low,0.028228,0.0,0.028228,0
2026-07-26T06:40:04.845639,05/23 15:15,20.15,52.0,25.16,24.29,25.96,20.0,27.0,0.3764,0.094094,0.275324,0.094094,0.079313,0.0,0.0,0.869297,0.094094,0.3,low,0.028228,0.0,0.028228,0
2026-07-26T06:40:04.865632,05/23 16:15,21.0,52.0,25.0,24.17,25.75,20.0,27.0,0.3764,0.094094,0.310228,0.094094,0.08143,0.0,0.0,1.052239,0.094094,0.55,high,0.051752,0.0,0.051752,0
2026-07-26T06:40:04.883631,05/23 17:15,21.5,52.0,24.56,23.69,25.42,20.0,27.0,0.3764,0.094094,0.39615,0.094094,0.092044,0.0,0.0,1.466968,0.094094,0.55,high,0.051752,0.0,0.051752,0
2026-07-26T06:40:04.902631,05/23 18:15,18.85,52.0,24.16,23.21,25.29,20.0,27.0,0.3764,0.094094,0.295227,0.094094,0.078686,0.0,0.0,0.966147,0.094094,0.55,high,0.051752,0.0,0.051752,0
2026-07-26T06:40:23.195894,05/23 19:15,16.8,26.0,22.68,21.79,23.82,20.0,26.0,0.3764,0.094094,0.255572,0.094094,0.074746,0.0,0.0,0.773731,0.094094,0.55,high,0.051752,0.0,0.051752,0
2026-07-26T06:40:23.217886,05/23 20:15,15.6,0.0,,,,20.0,26.0,0.3764,0.094094,0.199841,0.094094,0.068364,0.0,0.0,0.477941,0.094094,0.55,high,0.051752,0.0,0.051752,0
2026-07-26T06:40:23.239343,05/23 21:15,15.3,0.0,,,,20.0,26.0,0.0,0.0,0.0,0.0,0.0,0.0,0.0,0.0,0.0,0.4,moderate,0.0,0.0,0.0,0
2026-07-26T06:40:23.257588,05/23 22:15,14.4,0.0,,,,20.0,26.0,0.0,0.0,0.0,0.0,0.0,0.0,0.0,0.0,0.0,0.4,moderate,0.0,0.0,0.0,0
2026-07-26T06:40:23.276587,05/23 23:15,14.4,0.0,,,,20.0,26.0,0.0,0.0,0.0,0.0,0.0,0.0,0.0,0.0,0.0,0.4,moderate,0.0,0.0,0.0,0
2026-07-26T06:40:23.293586,05/24 00:15,14.4,0.0,,,,20.0,26.0,0.0,0.0,0.0,0.0,0.0,0.0,0.0,0.0,0.0,0.34,low,0.0,0.0,0.0,0
2026-07-26T06:40:41.913237,05/24 01:15,14.4,0.0,,,,18.0,28.0,0.0,0.0,0.0,0.0,0.0,0.0,0.0,0.0,0.0,0.34,low,0.0,0.0,0.0,0
2026-07-26T06:40:41.935233,05/24 02:15,14.28,0.0,,,,18.0,28.0,0.0,0.0,0.0,0.0,0.0,0.0,0.0,0.0,0.0,0.34,low,0.0,0.0,0.0,0
2026-07-26T06:40:41.955242,05/24 03:15,14.03,0.0,,,,18.0,28.0,0.0,0.0,0.0,0.0,0.0,0.0,0.0,0.0,0.0,0.34,low,0.0,0.0,0.0,0
2026-07-26T06:40:41.977241,05/24 04:15,14.4,0.0,,,,18.0,28.0,0.0,0.0,0.0,0.0,0.0,0.0,0.0,0.0,0.0,0.34,low,0.0,0.0,0.0,0
2026-07-26T06:40:41.997232,05/24 05:15,14.4,0.0,,,,18.0,28.0,0.0,0.0,0.0,0.0,0.0,0.0,0.0,0.0,0.0,0.34,low,0.0,0.0,0.0,0
2026-07-26T06:40:42.017233,05/24 06:15,14.7,0.0,,,,18.0,28.0,0.0,0.0,0.0,0.0,0.0,0.0,0.0,0.0,0.0,0.43,moderate,0.0,0.0,0.0,0
2026-07-26T06:40:59.631964,05/24 07:15,15.88,0.0,,,,18.0,29.0,0.3764,0.094094,0.236964,0.094094,0.047948,0.0,0.0,0.714847,0.094094,0.43,moderate,0.04046,0.0,0.04046,0
2026-07-26T06:40:59.655969,05/24 08:15,16.97,0.0,,,,18.0,29.0,0.3764,0.094094,0.268934,0.094094,0.049086,0.0,0.0,0.882173,0.094094,0.43,moderate,0.04046,0.0,0.04046,0
2026-07-26T06:40:59.677963,05/24 09:23,18.2,52.0,22.39,21.61,23.18,18.0,29.0,0.3764,0.094094,0.308796,0.094094,0.05957,0.0,0.0,1.070638,0.094094,0.43,moderate,0.04046,0.0,0.04046,0
2026-07-26T06:40:59.699962,05/24 10:23,19.97,52.0,24.1,23.06,24.82,18.0,29.0,0.3764,0.094094,0.34416,0.094094,0.076387,0.0,0.0,1.229279,0.094094,0.3,low,0.028228,0.0,0.028228,0
2026-07-26T06:40:59.719962,05/24 11:23,22.25,52.0,24.98,23.68,25.64,18.0,29.0,0.3764,0.094094,0.405828,0.094094,0.094584,0.0,0.0,1.512245,0.094094,0.3,low,0.028228,0.0,0.028228,0
2026-07-26T06:40:59.741966,05/24 12:23,24.17,41.6,25.2,23.91,25.77,18.0,29.0,0.3764,0.094094,0.472884,0.094094,0.101765,0.0,0.0,1.810805,0.094094,0.3,low,0.028228,0.0,0.028228,0
2026-07-26T06:41:19.228723,05/24 13:15,24.85,20.8,25.0,23.86,25.67,20.0,27.0,0.3764,0.094094,0.499436,0.094094,0.104041,0.0,0.0,1.9168,0.094094,0.3,low,0.028228,0.0,0.028228,0
2026-07-26T06:41:19.250713,05/24 14:15,24.27,41.6,25.6,24.93,26.2,20.0,27.0,0.3764,0.094094,0.490047,0.094094,0.102658,0.0,0.0,1.880611,0.094094,0.3,low,0.028228,0.0,0.028228,1
2026-07-26T06:41:19.269721,05/24 15:15,23.47,52.0,25.98,25.07,26.45,20.0,27.0,0.3764,0.094094,0.484309,0.094094,0.101813,0.0,0.0,1.861221,0.094094,0.3,low,0.028228,0.0,0.028228,1
2026-07-26T06:41:19.287714,05/24 16:15,22.2,52.0,26.06,24.84,26.72,20.0,27.0,0.3764,0.094094,0.455384,0.094094,0.097556,0.0,0.0,1.74544,0.094094,0.55,high,0.051752,0.0,0.051752,1
2026-07-26T06:41:19.307718,05/24 17:15,21.5,52.0,25.76,24.35,26.96,20.0,27.0,0.3764,0.094094,0.456843,0.094094,0.097556,0.0,0.0,1.753024,0.094094,0.55,high,0.051752,0.0,0.051752,1
2026-07-26T06:41:19.325713,05/24 18:23,18.85,52.0,25.17,23.84,25.84,20.0,27.0,0.3764,0.094094,0.405908,0.094094,0.091799,0.0,0.0,1.530811,0.094094,0.55,high,0.051752,0.0,0.051752,0
2026-07-26T06:41:37.166836,05/24 19:23,16.65,26.0,23.45,22.31,24.25,20.0,26.0,0.3764,0.094094,0.316117,0.094094,0.081431,0.0,0.0,1.0858,0.094094,0.55,high,0.051752,0.0,0.051752,0
2026-07-26T06:41:37.191829,05/24 20:23,15.0,0.0,,,,20.0,26.0,0.3764,0.094094,0.252321,0.094094,0.074985,0.0,0.0,0.757566,0.094094,0.55,high,0.051752,0.0,0.051752,0
2026-07-26T06:41:37.211839,05/24 21:15,15.0,0.0,,,,20.0,26.0,0.0,0.0,0.0,0.0,0.0,0.0,0.0,0.0,0.0,0.4,moderate,0.0,0.0,0.0,0
2026-07-26T06:41:37.230836,05/24 22:15,14.85,0.0,,,,20.0,26.0,0.0,0.0,0.0,0.0,0.0,0.0,0.0,0.0,0.0,0.4,moderate,0.0,0.0,0.0,0
2026-07-26T06:41:37.248829,05/24 23:15,14.4,0.0,,,,20.0,26.0,0.0,0.0,0.0,0.0,0.0,0.0,0.0,0.0,0.0,0.4,moderate,0.0,0.0,0.0,0
2026-07-26T06:41:37.269839,05/25 00:15,14.28,0.0,,,,20.0,26.0,0.0,0.0,0.0,0.0,0.0,0.0,0.0,0.0,0.0,0.34,low,0.0,0.0,0.0,0
2026-07-26T06:41:55.248593,05/25 01:15,13.62,0.0,,,,18.0,28.0,0.0,0.0,0.0,0.0,0.0,0.0,0.0,0.0,0.0,0.34,low,0.0,0.0,0.0,0
2026-07-26T06:41:55.270629,05/25 02:15,12.8,0.0,,,,18.0,28.0,0.0,0.0,0.0,0.0,0.0,0.0,0.0,0.0,0.0,0.34,low,0.0,0.0,0.0,0
2026-07-26T06:41:55.290088,05/25 03:15,13.35,0.0,,,,18.0,28.0,0.0,0.0,0.0,0.0,0.0,0.0,0.0,0.0,0.0,0.34,low,0.0,0.0,0.0,0
2026-07-26T06:41:55.309460,05/25 04:15,14.85,0.0,,,,18.0,28.0,0.0,0.0,0.0,0.0,0.0,0.0,0.0,0.0,0.0,0.34,low,0.0,0.0,0.0,0
2026-07-26T06:41:55.329489,05/25 05:15,14.7,0.0,,,,18.0,28.0,0.0,0.0,0.0,0.0,0.0,0.0,0.0,0.0,0.0,0.34,low,0.0,0.0,0.0,0
2026-07-26T06:41:55.346840,05/25 06:23,16.27,0.0,,,,18.0,28.0,0.0,0.0,0.0,0.0,0.0,0.0,0.0,0.0,0.0,0.43,moderate,0.0,0.0,0.0,0
2026-07-26T06:42:13.013721,05/25 07:20,18.88,0.0,,,,18.0,29.0,0.0,0.0,0.0,0.0,0.0,0.0,0.0,0.0,0.0,0.43,moderate,0.0,0.0,0.0,0
2026-07-26T06:42:13.036724,05/25 08:20,21.28,0.0,,,,18.0,29.0,0.0,0.0,0.0,0.0,0.0,0.0,0.0,0.0,0.0,0.43,moderate,0.0,0.0,0.0,0
2026-07-26T06:42:13.058726,05/25 09:23,23.88,0.0,,,,18.0,29.0,0.0,0.0,0.0,0.0,0.0,0.0,0.0,0.0,0.0,0.43,moderate,0.0,0.0,0.0,0
2026-07-26T06:42:13.076719,05/25 10:23,25.88,0.0,,,,18.0,29.0,0.0,0.0,0.0,0.0,0.0,0.0,0.0,0.0,0.0,0.3,low,0.0,0.0,0.0,0
2026-07-26T06:42:13.094721,05/25 11:23,26.82,0.0,,,,18.0,29.0,0.0,0.0,0.0,0.0,0.0,0.0,0.0,0.0,0.0,0.3,low,0.0,0.0,0.0,0
2026-07-26T06:42:13.111722,05/25 12:23,27.2,0.0,,,,18.0,29.0,0.0,0.0,0.0,0.0,0.0,0.0,0.0,0.0,0.0,0.3,low,0.0,0.0,0.0,0
2026-07-26T06:42:31.011216,05/25 13:23,26.38,0.0,,,,18.0,29.0,0.0,0.0,0.0,0.0,0.0,0.0,0.0,0.0,0.0,0.3,low,0.0,0.0,0.0,0
2026-07-26T06:42:31.032219,05/25 14:15,23.75,0.0,,,,18.0,29.0,0.0,0.0,0.0,0.0,0.0,0.0,0.0,0.0,0.0,0.3,low,0.0,0.0,0.0,0
2026-07-26T06:42:31.054216,05/25 15:23,23.18,0.0,,,,18.0,29.0,0.0,0.0,0.0,0.0,0.0,0.0,0.0,0.0,0.0,0.3,low,0.0,0.0,0.0,0
2026-07-26T06:42:31.073229,05/25 16:15,22.38,0.0,,,,18.0,29.0,0.0,0.0,0.0,0.0,0.0,0.0,0.0,0.0,0.0,0.55,high,0.0,0.0,0.0,0
2026-07-26T06:42:31.091217,05/25 17:15,20.68,0.0,,,,18.0,29.0,0.0,0.0,0.0,0.0,0.0,0.0,0.0,0.0,0.0,0.55,high,0.0,0.0,0.0,0
2026-07-26T06:42:31.110706,05/25 18:15,18.57,0.0,,,,18.0,29.0,0.0,0.0,0.0,0.0,0.0,0.0,0.0,0.0,0.0,0.55,high,0.0,0.0,0.0,0
2026-07-26T06:42:49.589859,05/25 19:20,15.55,0.0,,,,18.0,29.0,0.0,0.0,0.0,0.0,0.0,0.0,0.0,0.0,0.0,0.55,high,0.0,0.0,0.0,0
2026-07-26T06:42:49.611859,05/25 20:23,13.48,0.0,,,,18.0,29.0,0.0,0.0,0.0,0.0,0.0,0.0,0.0,0.0,0.0,0.55,high,0.0,0.0,0.0,0
2026-07-26T06:42:49.634857,05/25 21:23,12.2,0.0,,,,18.0,29.0,0.0,0.0,0.0,0.0,0.0,0.0,0.0,0.0,0.0,0.4,moderate,0.0,0.0,0.0,0
2026-07-26T06:42:49.655859,05/25 22:15,12.07,0.0,,,,18.0,29.0,0.0,0.0,0.0,0.0,0.0,0.0,0.0,0.0,0.0,0.4,moderate,0.0,0.0,0.0,0
2026-07-26T06:42:49.673861,05/25 23:15,11.7,0.0,,,,18.0,29.0,0.0,0.0,0.0,0.0,0.0,0.0,0.0,0.0,0.0,0.4,moderate,0.0,0.0,0.0,0
2026-07-26T06:42:49.692490,05/26 00:15,11.42,0.0,,,,18.0,29.0,0.0,0.0,0.0,0.0,0.0,0.0,0.0,0.0,0.0,0.34,low,0.0,0.0,0.0,0
2026-07-26T06:43:06.600577,05/26 01:15,10.6,0.0,,,,18.0,29.0,0.0,0.0,0.0,0.0,0.0,0.0,0.0,0.0,0.0,0.34,low,0.0,0.0,0.0,0
2026-07-26T06:43:06.619581,05/26 02:15,10.88,0.0,,,,18.0,29.0,0.0,0.0,0.0,0.0,0.0,0.0,0.0,0.0,0.0,0.34,low,0.0,0.0,0.0,0
2026-07-26T06:43:06.638578,05/26 03:15,11.27,0.0,,,,18.0,29.0,0.0,0.0,0.0,0.0,0.0,0.0,0.0,0.0,0.0,0.34,low,0.0,0.0,0.0,0
2026-07-26T06:43:06.656584,05/26 04:15,9.72,0.0,,,,18.0,29.0,0.0,0.0,0.0,0.0,0.0,0.0,0.0,0.0,0.0,0.34,low,0.0,0.0,0.0,0
2026-07-26T06:43:06.673581,05/26 05:15,9.6,0.0,,,,18.0,29.0,0.0,0.0,0.0,0.0,0.0,0.0,0.0,0.0,0.0,0.34,low,0.0,0.0,0.0,0
2026-07-26T06:43:06.691577,05/26 06:23,12.37,0.0,,,,18.0,29.0,0.0,0.0,0.0,0.0,0.0,0.0,0.0,0.0,0.0,0.43,moderate,0.0,0.0,0.0,0
2026-07-26T06:43:23.292158,05/26 07:23,14.98,0.0,,,,18.0,29.0,0.0,0.0,0.0,0.0,0.0,0.0,0.0,0.0,0.0,0.43,moderate,0.0,0.0,0.0,0
2026-07-26T06:43:23.314159,05/26 08:23,17.25,0.0,,,,18.0,29.0,0.0,0.0,0.0,0.0,0.0,0.0,0.0,0.0,0.0,0.43,moderate,0.0,0.0,0.0,0
2026-07-26T06:43:23.333158,05/26 09:23,19.17,0.0,,,,18.0,29.0,0.0,0.0,0.0,0.0,0.0,0.0,0.0,0.0,0.0,0.43,moderate,0.0,0.0,0.0,0
2026-07-26T06:43:23.350230,05/26 10:15,20.0,0.0,,,,18.0,29.0,0.0,0.0,0.0,0.0,0.0,0.0,0.0,0.0,0.0,0.3,low,0.0,0.0,0.0,0
2026-07-26T06:43:23.369230,05/26 11:23,20.27,0.0,,,,18.0,29.0,0.0,0.0,0.0,0.0,0.0,0.0,0.0,0.0,0.0,0.3,low,0.0,0.0,0.0,0
2026-07-26T06:43:23.388231,05/26 12:23,21.25,0.0,,,,18.0,29.0,0.0,0.0,0.0,0.0,0.0,0.0,0.0,0.0,0.0,0.3,low,0.0,0.0,0.0,0
2026-07-26T06:43:40.458947,05/26 13:15,21.97,0.0,,,,18.0,29.0,0.0,0.0,0.0,0.0,0.0,0.0,0.0,0.0,0.0,0.3,low,0.0,0.0,0.0,0
2026-07-26T06:43:40.481951,05/26 14:23,22.65,0.0,,,,18.0,29.0,0.0,0.0,0.0,0.0,0.0,0.0,0.0,0.0,0.0,0.3,low,0.0,0.0,0.0,0
2026-07-26T06:43:40.502646,05/26 15:23,21.92,0.0,,,,18.0,29.0,0.0,0.0,0.0,0.0,0.0,0.0,0.0,0.0,0.0,0.3,low,0.0,0.0,0.0,0
2026-07-26T06:43:40.519977,05/26 16:15,20.83,0.0,,,,18.0,29.0,0.0,0.0,0.0,0.0,0.0,0.0,0.0,0.0,0.0,0.55,high,0.0,0.0,0.0,0
2026-07-26T06:43:40.536976,05/26 17:15,19.57,0.0,,,,18.0,29.0,0.0,0.0,0.0,0.0,0.0,0.0,0.0,0.0,0.0,0.55,high,0.0,0.0,0.0,0
2026-07-26T06:43:40.554332,05/26 18:23,17.62,0.0,,,,18.0,29.0,0.0,0.0,0.0,0.0,0.0,0.0,0.0,0.0,0.0,0.55,high,0.0,0.0,0.0,0
2026-07-26T06:43:57.014991,05/26 19:23,15.17,0.0,,,,18.0,29.0,0.0,0.0,0.0,0.0,0.0,0.0,0.0,0.0,0.0,0.55,high,0.0,0.0,0.0,0
2026-07-26T06:43:57.034982,05/26 20:23,13.35,0.0,,,,18.0,29.0,0.0,0.0,0.0,0.0,0.0,0.0,0.0,0.0,0.0,0.55,high,0.0,0.0,0.0,0
2026-07-26T06:43:57.053254,05/26 21:23,11.7,0.0,,,,18.0,29.0,0.0,0.0,0.0,0.0,0.0,0.0,0.0,0.0,0.0,0.4,moderate,0.0,0.0,0.0,0
2026-07-26T06:43:57.070254,05/26 22:15,11.27,0.0,,,,18.0,29.0,0.0,0.0,0.0,0.0,0.0,0.0,0.0,0.0,0.0,0.4,moderate,0.0,0.0,0.0,0
2026-07-26T06:43:57.088255,05/26 23:15,9.85,0.0,,,,18.0,29.0,0.0,0.0,0.0,0.0,0.0,0.0,0.0,0.0,0.0,0.4,moderate,0.0,0.0,0.0,0
2026-07-26T06:43:57.106824,05/27 00:15,9.4,0.0,,,,18.0,29.0,0.0,0.0,0.0,0.0,0.0,0.0,0.0,0.0,0.0,0.34,low,0.0,0.0,0.0,0
2026-07-26T06:44:15.053813,05/27 01:15,8.73,0.0,,,,18.0,29.0,0.0,0.0,0.0,0.0,0.0,0.0,0.0,0.0,0.0,0.34,low,0.0,0.0,0.0,0
2026-07-26T06:44:15.076813,05/27 02:15,6.83,0.0,,,,18.0,29.0,0.0,0.0,0.0,0.0,0.0,0.0,0.0,0.0,0.0,0.34,low,0.0,0.0,0.0,0
2026-07-26T06:44:15.094813,05/27 03:15,6.8,0.0,,,,18.0,29.0,0.0,0.0,0.0,0.0,0.0,0.0,0.0,0.0,0.0,0.34,low,0.0,0.0,0.0,0
2026-07-26T06:44:15.113813,05/27 04:15,5.72,0.0,,,,18.0,29.0,0.0,0.0,0.0,0.0,0.0,0.0,0.0,0.0,0.0,0.34,low,0.0,0.0,0.0,0
2026-07-26T06:44:15.131813,05/27 05:23,7.22,0.0,,,,18.0,29.0,0.0,0.0,0.0,0.0,0.0,0.0,0.0,0.0,0.0,0.34,low,0.0,0.0,0.0,0
2026-07-26T06:44:15.150816,05/27 06:23,12.12,0.0,,,,18.0,29.0,0.0,0.0,0.0,0.0,0.0,0.0,0.0,0.0,0.0,0.43,moderate,0.0,0.0,0.0,0
2026-07-26T06:44:32.885162,05/27 07:15,17.25,0.0,,,,18.0,29.0,0.3764,0.094094,0.190242,0.094094,0.041508,0.0,0.0,0.476019,0.094094,0.43,moderate,0.04046,0.0,0.04046,0
2026-07-26T06:44:32.908164,05/27 08:15,19.32,0.0,,,,18.0,29.0,0.3764,0.094094,0.230757,0.094094,0.051332,0.0,0.0,0.657784,0.094094,0.43,moderate,0.04046,0.0,0.04046,0
2026-07-26T06:44:32.932163,05/27 09:23,21.28,52.0,23.13,21.53,24.69,18.0,29.0,0.3764,0.094094,0.265861,0.094094,0.070718,0.0,0.0,0.824338,0.094094,0.43,moderate,0.04046,0.0,0.04046,0
2026-07-26T06:44:32.954161,05/27 10:23,23.73,52.0,24.86,23.15,26.63,18.0,29.0,0.3764,0.094094,0.317209,0.094094,0.080843,0.0,0.0,1.068157,0.094094,0.3,low,0.028228,0.0,0.028228,1
2026-07-26T06:44:32.977157,05/27 11:23,25.43,52.0,25.59,23.93,27.07,18.0,29.0,0.3764,0.094094,0.354407,0.094094,0.085339,0.0,0.0,1.232618,0.094094,0.3,low,0.028228,0.0,0.028228,1
2026-07-26T06:44:33.000167,05/27 12:23,26.97,41.6,25.69,24.22,26.44,18.0,29.0,0.3764,0.094094,0.394308,0.094094,0.103403,0.0,0.0,1.39137,0.094094,0.3,low,0.028228,0.0,0.028228,1
2026-07-26T06:44:51.680730,05/27 13:15,27.93,20.8,25.41,24.17,26.14,20.0,27.0,0.3764,0.094094,0.405373,0.094094,0.086065,0.0,0.0,1.492822,0.094094,0.3,low,0.028228,0.0,0.028228,1
2026-07-26T06:44:51.703726,05/27 14:15,28.45,41.6,26.06,25.37,26.72,20.0,27.0,0.3764,0.094094,0.428378,0.094094,0.086784,0.0,0.0,1.550054,0.094094,0.3,low,0.028228,0.0,0.028228,1
2026-07-26T06:44:51.726725,05/27 15:23,29.02,52.0,26.59,25.7,27.0,20.0,27.0,0.3785,0.094622,0.462367,0.094622,0.118007,0.0,0.0,1.674745,0.094622,0.3,low,0.028387,0.0,0.028387,1
2026-07-26T06:44:51.743727,05/27 16:15,29.27,52.0,26.6,25.51,27.0,20.0,27.0,0.3821,0.09552,0.491161,0.09552,0.08836,0.0,0.0,1.823384,0.09552,0.55,high,0.052536,0.0,0.052536,1
2026-07-26T06:44:51.766728,05/27 17:15,28.47,52.0,26.32,25.03,27.0,20.0,27.0,0.3813,0.095313,0.482852,0.095313,0.11803,0.0,0.0,1.765749,0.095313,0.55,high,0.052422,0.0,0.052422,1
2026-07-26T06:44:51.784725,05/27 18:15,26.38,52.0,26.02,24.6,27.0,20.0,27.0,0.3781,0.094527,0.428912,0.094527,0.11111,0.0,0.0,1.540558,0.094527,0.55,high,0.05199,0.0,0.05199,1
2026-07-26T06:45:10.524798,05/27 19:15,23.2,26.0,24.32,23.09,24.91,20.0,25.0,0.3764,0.094094,0.348119,0.094094,0.080325,0.0,0.0,1.205857,0.094094,0.55,high,0.051752,0.0,0.051752,0
2026-07-26T06:45:10.549819,05/27 20:23,20.55,0.0,,,,20.0,25.0,0.3764,0.094094,0.292011,0.094094,0.071007,0.0,0.0,0.958758,0.094094,0.55,high,0.051752,0.0,0.051752,0
2026-07-26T06:45:10.570326,05/27 21:15,18.75,0.0,,,,20.0,25.0,0.0,0.0,0.0,0.0,0.0,0.0,0.0,0.0,0.0,0.4,moderate,0.0,0.0,0.0,0
2026-07-26T06:45:10.590125,05/27 22:23,17.62,0.0,,,,20.0,25.0,0.0,0.0,0.0,0.0,0.0,0.0,0.0,0.0,0.0,0.4,moderate,0.0,0.0,0.0,0
2026-07-26T06:45:10.607820,05/27 23:15,15.72,0.0,,,,20.0,25.0,0.0,0.0,0.0,0.0,0.0,0.0,0.0,0.0,0.0,0.4,moderate,0.0,0.0,0.0,0
2026-07-26T06:45:10.625818,05/28 00:15,16.1,0.0,,,,20.0,25.0,0.0,0.0,0.0,0.0,0.0,0.0,0.0,0.0,0.0,0.34,low,0.0,0.0,0.0,0
2026-07-26T06:45:28.505140,05/28 01:15,16.1,0.0,,,,18.0,27.0,0.0,0.0,0.0,0.0,0.0,0.0,0.0,0.0,0.0,0.34,low,0.0,0.0,0.0,0
2026-07-26T06:45:28.524141,05/28 02:15,16.1,0.0,,,,18.0,27.0,0.0,0.0,0.0,0.0,0.0,0.0,0.0,0.0,0.0,0.34,low,0.0,0.0,0.0,0
2026-07-26T06:45:28.543142,05/28 03:15,16.1,0.0,,,,18.0,27.0,0.0,0.0,0.0,0.0,0.0,0.0,0.0,0.0,0.0,0.34,low,0.0,0.0,0.0,0
2026-07-26T06:45:28.561138,05/28 04:15,16.1,0.0,,,,18.0,27.0,0.0,0.0,0.0,0.0,0.0,0.0,0.0,0.0,0.0,0.34,low,0.0,0.0,0.0,0
2026-07-26T06:45:28.578137,05/28 05:23,16.8,0.0,,,,18.0,27.0,0.0,0.0,0.0,0.0,0.0,0.0,0.0,0.0,0.0,0.34,low,0.0,0.0,0.0,0
2026-07-26T06:45:28.597138,05/28 06:23,19.6,0.0,,,,18.0,27.0,0.0,0.0,0.0,0.0,0.0,0.0,0.0,0.0,0.0,0.43,moderate,0.0,0.0,0.0,0
2026-07-26T06:45:45.802448,05/28 07:23,21.97,0.0,,,,18.0,29.0,0.3764,0.094094,0.315936,0.094094,0.054256,0.0,0.0,1.101574,0.094094,0.43,moderate,0.04046,0.0,0.04046,0
2026-07-26T06:45:45.823909,05/28 08:23,23.2,0.0,,,,18.0,29.0,0.3764,0.094094,0.33667,0.094094,0.056149,0.0,0.0,1.190605,0.094094,0.43,moderate,0.04046,0.0,0.04046,0
2026-07-26T06:45:45.844909,05/28 09:23,25.1,52.0,23.93,22.0,26.09,18.0,29.0,0.3764,0.094094,0.389753,0.094094,0.073231,0.0,0.0,1.42264,0.094094,0.43,moderate,0.04046,0.0,0.04046,1
2026-07-26T06:45:45.863908,05/28 10:23,27.47,52.0,25.46,23.55,27.48,18.0,29.0,0.3764,0.094094,0.500928,0.094094,0.099777,0.0,0.0,1.889186,0.094094,0.3,low,0.028228,0.0,0.028228,1
2026-07-26T06:45:45.882907,05/28 11:23,28.58,52.0,26.1,24.42,27.53,18.0,29.0,0.3764,0.094094,0.530094,0.094094,0.105462,0.0,0.0,2.002013,0.094094,0.3,low,0.028228,0.0,0.028228,1
2026-07-26T06:45:45.899907,05/28 12:15,27.6,41.6,26.18,24.87,27.15,18.0,29.0,0.3764,0.094094,0.57966,0.094094,0.110219,0.0,0.0,2.198168,0.094094,0.3,low,0.028228,0.0,0.028228,1
2026-07-26T06:46:03.310870,05/28 13:15,23.17,20.8,25.51,24.39,26.44,20.0,27.0,0.3764,0.094094,0.526631,0.094094,0.107821,0.0,0.0,2.077169,0.094094,0.3,low,0.028228,0.0,0.028228,1
2026-07-26T06:46:03.330875,05/28 14:15,25.98,41.6,25.96,25.18,26.84,20.0,27.0,0.3764,0.094094,0.562759,0.094094,0.110755,0.0,0.0,2.186302,0.094094,0.3,low,0.028228,0.0,0.028228,1
2026-07-26T06:46:03.350869,05/28 15:15,23.93,52.0,26.17,25.37,26.81,20.0,27.0,0.3764,0.094094,0.502361,0.094094,0.102868,0.0,0.0,1.91802,0.094094,0.3,low,0.028228,0.0,0.028228,1
2026-07-26T06:46:03.368872,05/28 16:15,19.17,52.0,25.46,24.63,26.24,20.0,27.0,0.3764,0.094094,0.431993,0.094094,0.095331,0.0,0.0,1.660758,0.094094,0.55,high,0.051752,0.0,0.051752,1
2026-07-26T06:46:03.386869,05/28 17:15,20.0,52.0,24.71,23.88,25.72,20.0,27.0,0.3764,0.094094,0.467921,0.094094,0.100082,0.0,0.0,1.833281,0.094094,0.55,high,0.051752,0.0,0.051752,0
2026-07-26T06:46:03.403868,05/28 18:15,20.15,52.0,24.29,23.33,25.5,20.0,27.0,0.3764,0.094094,0.465843,0.094094,0.100104,0.0,0.0,1.820685,0.094094,0.55,high,0.051752,0.0,0.051752,0
2026-07-26T06:46:20.191152,05/28 19:15,20.03,26.0,22.96,22.14,23.98,20.0,26.0,0.3764,0.094094,0.450521,0.094094,0.09906,0.0,0.0,1.738533,0.094094,0.55,high,0.051752,0.0,0.051752,0
2026-07-26T06:46:20.210160,05/28 20:15,18.45,0.0,,,,20.0,26.0,0.3764,0.094094,0.415939,0.094094,0.096585,0.0,0.0,1.588071,0.094094,0.55,high,0.051752,0.0,0.051752,0
2026-07-26T06:46:20.229153,05/28 21:15,18.75,0.0,,,,20.0,26.0,0.0,0.0,0.0,0.0,0.0,0.0,0.0,0.0,0.0,0.4,moderate,0.0,0.0,0.0,0
2026-07-26T06:46:20.246150,05/28 22:15,18.3,0.0,,,,20.0,26.0,0.0,0.0,0.0,0.0,0.0,0.0,0.0,0.0,0.0,0.4,moderate,0.0,0.0,0.0,0
2026-07-26T06:46:20.262281,05/28 23:15,18.58,0.0,,,,20.0,26.0,0.0,0.0,0.0,0.0,0.0,0.0,0.0,0.0,0.0,0.4,moderate,0.0,0.0,0.0,0
2026-07-26T06:46:20.278284,05/29 00:15,19.12,0.0,,,,20.0,26.0,0.0,0.0,0.0,0.0,0.0,0.0,0.0,0.0,0.0,0.34,low,0.0,0.0,0.0,0
2026-07-26T06:46:36.668414,05/29 01:15,18.03,0.0,,,,18.0,28.0,0.0,0.0,0.0,0.0,0.0,0.0,0.0,0.0,0.0,0.34,low,0.0,0.0,0.0,0
2026-07-26T06:46:36.688813,05/29 02:15,17.2,0.0,,,,18.0,28.0,0.0,0.0,0.0,0.0,0.0,0.0,0.0,0.0,0.0,0.34,low,0.0,0.0,0.0,0
2026-07-26T06:46:36.708000,05/29 03:15,17.2,0.0,,,,18.0,28.0,0.0,0.0,0.0,0.0,0.0,0.0,0.0,0.0,0.0,0.34,low,0.0,0.0,0.0,0
2026-07-26T06:46:36.726999,05/29 04:15,17.35,0.0,,,,18.0,28.0,0.0,0.0,0.0,0.0,0.0,0.0,0.0,0.0,0.0,0.34,low,0.0,0.0,0.0,0
2026-07-26T06:46:36.743997,05/29 05:15,17.8,0.0,,,,18.0,28.0,0.0,0.0,0.0,0.0,0.0,0.0,0.0,0.0,0.0,0.34,low,0.0,0.0,0.0,0
2026-07-26T06:46:36.760998,05/29 06:15,18.2,0.0,,,,18.0,28.0,0.0,0.0,0.0,0.0,0.0,0.0,0.0,0.0,0.0,0.43,moderate,0.0,0.0,0.0,0
2026-07-26T06:46:53.780373,05/29 07:15,19.55,0.0,,,,18.0,29.0,0.3764,0.094094,0.393037,0.094094,0.071529,0.0,0.0,1.49385,0.094094,0.43,moderate,0.04046,0.0,0.04046,0
2026-07-26T06:46:53.801543,05/29 08:15,20.55,0.0,,,,18.0,29.0,0.3764,0.094094,0.423217,0.094094,0.072194,0.0,0.0,1.638137,0.094094,0.43,moderate,0.04046,0.0,0.04046,0
2026-07-26T06:46:53.824548,05/29 09:20,22.62,52.0,22.71,21.85,23.49,18.0,29.0,0.3764,0.094094,0.440398,0.094094,0.079399,0.0,0.0,1.682493,0.094094,0.43,moderate,0.04046,0.0,0.04046,0
2026-07-26T06:46:53.846541,05/29 10:23,24.32,52.0,24.65,23.38,25.46,18.0,29.0,0.3764,0.094094,0.536728,0.094094,0.10411,0.0,0.0,2.10653,0.094094,0.3,low,0.028228,0.0,0.028228,0
2026-07-26T06:46:53.864542,05/29 11:23,25.88,52.0,25.49,24.07,26.47,18.0,29.0,0.3764,0.094094,0.579766,0.094094,0.115023,0.0,0.0,2.270502,0.094094,0.3,low,0.028228,0.0,0.028228,1
2026-07-26T06:46:53.883542,05/29 12:23,26.82,41.6,25.75,24.44,26.42,18.0,29.0,0.3764,0.094094,0.668139,0.094094,0.124323,0.0,0.0,2.640618,0.094094,0.3,low,0.028228,0.0,0.028228,1
2026-07-26T06:47:12.211593,05/29 13:15,25.4,20.8,25.54,24.44,26.41,20.0,27.0,0.3764,0.094094,0.682505,0.094094,0.125325,0.0,0.0,2.685984,0.094094,0.3,low,0.028228,0.0,0.028228,1
2026-07-26T06:47:12.233593,05/29 14:15,19.85,41.6,25.46,24.4,26.21,20.0,27.0,0.3764,0.094094,0.425781,0.094094,0.095344,0.0,0.0,1.611856,0.094094,0.3,low,0.028228,0.0,0.028228,1
2026-07-26T06:47:12.253591,05/29 15:15,19.7,52.0,25.35,24.5,26.12,20.0,27.0,0.3764,0.094094,0.415263,0.094094,0.094047,0.0,0.0,1.579573,0.094094,0.3,low,0.028228,0.0,0.028228,1
2026-07-26T06:47:12.274595,05/29 16:15,20.6,52.0,25.49,24.58,26.01,20.0,27.0,0.3764,0.094094,0.445769,0.094094,0.097489,0.0,0.0,1.719444,0.094094,0.55,high,0.051752,0.0,0.051752,1
2026-07-26T06:47:12.292591,05/29 17:15,20.88,52.0,25.1,24.07,25.66,20.0,27.0,0.3764,0.094094,0.427976,0.094094,0.095007,0.0,0.0,1.630274,0.094094,0.55,high,0.051752,0.0,0.051752,0
2026-07-26T06:47:12.310591,05/29 18:15,21.55,52.0,24.93,23.7,25.55,20.0,27.0,0.3764,0.094094,0.461393,0.094094,0.09913,0.0,0.0,1.782843,0.094094,0.55,high,0.051752,0.0,0.051752,0
2026-07-26T06:47:30.432084,05/29 19:23,20.55,26.0,23.42,22.33,24.09,20.0,26.0,0.3764,0.094094,0.412485,0.094094,0.093754,0.0,0.0,1.546314,0.094094,0.55,high,0.051752,0.0,0.051752,0
2026-07-26T06:47:30.456080,05/29 20:23,19.02,0.0,,,,20.0,26.0,0.3764,0.094094,0.390774,0.094094,0.093272,0.0,0.0,1.459067,0.094094,0.55,high,0.051752,0.0,0.051752,0
2026-07-26T06:47:30.475083,05/29 21:15,19.27,0.0,,,,20.0,26.0,0.0,0.0,0.0,0.0,0.0,0.0,0.0,0.0,0.0,0.4,moderate,0.0,0.0,0.0,0
2026-07-26T06:47:30.494084,05/29 22:15,18.75,0.0,,,,20.0,26.0,0.0,0.0,0.0,0.0,0.0,0.0,0.0,0.0,0.0,0.4,moderate,0.0,0.0,0.0,0
2026-07-26T06:47:30.512079,05/29 23:15,18.73,0.0,,,,20.0,26.0,0.0,0.0,0.0,0.0,0.0,0.0,0.0,0.0,0.0,0.4,moderate,0.0,0.0,0.0,0
2026-07-26T06:47:30.531080,05/30 00:15,20.0,0.0,,,,20.0,26.0,0.0,0.0,0.0,0.0,0.0,0.0,0.0,0.0,0.0,0.34,low,0.0,0.0,0.0,0
2026-07-26T06:47:48.783692,05/30 01:15,19.85,0.0,,,,18.0,28.0,0.0,0.0,0.0,0.0,0.0,0.0,0.0,0.0,0.0,0.34,low,0.0,0.0,0.0,0
2026-07-26T06:47:48.804692,05/30 02:15,19.27,0.0,,,,18.0,28.0,0.0,0.0,0.0,0.0,0.0,0.0,0.0,0.0,0.0,0.34,low,0.0,0.0,0.0,0
2026-07-26T06:47:48.825694,05/30 03:15,18.9,0.0,,,,18.0,28.0,0.0,0.0,0.0,0.0,0.0,0.0,0.0,0.0,0.0,0.34,low,0.0,0.0,0.0,0
2026-07-26T06:47:48.842691,05/30 04:15,19.02,0.0,,,,18.0,28.0,0.0,0.0,0.0,0.0,0.0,0.0,0.0,0.0,0.0,0.34,low,0.0,0.0,0.0,0
2026-07-26T06:47:48.860691,05/30 05:15,19.7,0.0,,,,18.0,28.0,0.0,0.0,0.0,0.0,0.0,0.0,0.0,0.0,0.0,0.34,low,0.0,0.0,0.0,0
2026-07-26T06:47:48.878691,05/30 06:15,20.73,0.0,,,,18.0,28.0,0.0,0.0,0.0,0.0,0.0,0.0,0.0,0.0,0.0,0.43,moderate,0.0,0.0,0.0,0
2026-07-26T06:48:05.677444,05/30 07:15,21.1,0.0,,,,18.0,29.0,0.3764,0.094094,0.484716,0.094094,0.085344,0.0,0.0,1.918307,0.094094,0.43,moderate,0.04046,0.0,0.04046,0
2026-07-26T06:48:05.699458,05/30 08:15,21.65,0.0,,,,18.0,29.0,0.3764,0.094094,0.504456,0.094094,0.084521,0.0,0.0,2.014338,0.094094,0.43,moderate,0.04046,0.0,0.04046,0
2026-07-26T06:48:05.721458,05/30 09:23,23.18,52.0,22.84,21.97,23.65,18.0,29.0,0.3764,0.094094,0.600264,0.094094,0.103288,0.0,0.0,2.415995,0.094094,0.43,moderate,0.04046,0.0,0.04046,0
2026-07-26T06:48:05.741466,05/30 10:23,22.53,52.0,24.41,23.4,25.27,18.0,29.0,0.3764,0.094094,0.600874,0.094094,0.114729,0.0,0.0,2.410695,0.094094,0.3,low,0.028228,0.0,0.028228,0
2026-07-26T06:48:05.764457,05/30 11:15,21.97,52.0,24.92,23.74,25.57,18.0,29.0,0.3764,0.094094,0.48381,0.094094,0.104755,0.0,0.0,1.87969,0.094094,0.3,low,0.028228,0.0,0.028228,0
2026-07-26T06:48:05.783456,05/30 12:15,23.5,41.6,25.21,24.01,25.86,18.0,29.0,0.3764,0.094094,0.472165,0.094094,0.102242,0.0,0.0,1.816568,0.094094,0.3,low,0.028228,0.0,0.028228,0
2026-07-26T06:48:23.651826,05/30 13:15,26.15,20.8,25.04,24.0,25.81,20.0,27.0,0.3764,0.094094,0.632071,0.094094,0.121612,0.0,0.0,2.506639,0.094094,0.3,low,0.028228,0.0,0.028228,0
2026-07-26T06:48:23.671844,05/30 14:15,27.8,41.6,25.71,25.06,26.44,20.0,27.0,0.3764,0.094094,0.639611,0.094094,0.119765,0.0,0.0,2.487905,0.094094,0.3,low,0.028228,0.0,0.028228,1
2026-07-26T06:48:23.690901,05/30 15:15,28.2,52.0,26.06,25.2,26.7,20.0,27.0,0.3764,0.094094,0.642671,0.094094,0.119765,0.0,0.0,2.501569,0.094094,0.3,low,0.028228,0.0,0.028228,1
2026-07-26T06:48:23.709854,05/30 16:15,29.12,52.0,26.1,25.16,26.74,20.0,27.0,0.3764,0.094094,0.716855,0.094094,0.126513,0.0,0.0,2.780674,0.094094,0.55,high,0.051752,0.0,0.051752,1
2026-07-26T06:48:23.726855,05/30 17:15,27.9,52.0,25.81,24.75,26.3,20.0,27.0,0.3764,0.094094,0.722968,0.094094,0.12808,0.0,0.0,2.831012,0.094094,0.55,high,0.051752,0.0,0.051752,1
2026-07-26T06:48:23.743861,05/30 18:15,26.0,52.0,25.6,24.31,26.39,20.0,27.0,0.3764,0.094094,0.550183,0.094094,0.107154,0.0,0.0,2.113197,0.094094,0.55,high,0.051752,0.0,0.051752,1
2026-07-26T06:48:40.752121,05/30 19:23,23.62,26.0,23.99,22.84,24.6,20.0,25.0,0.3764,0.094094,0.421217,0.094094,0.093605,0.0,0.0,1.554669,0.094094,0.55,high,0.051752,0.0,0.051752,0
2026-07-26T06:48:40.773111,05/30 20:23,22.53,0.0,,,,20.0,25.0,0.3764,0.094094,0.358503,0.094094,0.087066,0.0,0.0,1.266267,0.094094,0.55,high,0.051752,0.0,0.051752,0
2026-07-26T06:48:40.790113,05/30 21:15,21.55,0.0,,,,20.0,25.0,0.0,0.0,0.0,0.0,0.0,0.0,0.0,0.0,0.0,0.4,moderate,0.0,0.0,0.0,0
2026-07-26T06:48:40.807111,05/30 22:15,20.98,0.0,,,,20.0,25.0,0.0,0.0,0.0,0.0,0.0,0.0,0.0,0.0,0.0,0.4,moderate,0.0,0.0,0.0,0
2026-07-26T06:48:40.824112,05/30 23:15,20.45,0.0,,,,20.0,25.0,0.0,0.0,0.0,0.0,0.0,0.0,0.0,0.0,0.0,0.4,moderate,0.0,0.0,0.0,0
2026-07-26T06:48:40.840116,05/31 00:15,19.85,0.0,,,,20.0,25.0,0.0,0.0,0.0,0.0,0.0,0.0,0.0,0.0,0.0,0.34,low,0.0,0.0,0.0,0
2026-07-26T06:48:57.041904,05/31 01:15,19.27,0.0,,,,18.0,27.0,0.0,0.0,0.0,0.0,0.0,0.0,0.0,0.0,0.0,0.34,low,0.0,0.0,0.0,0
2026-07-26T06:48:57.060903,05/31 02:15,18.62,0.0,,,,18.0,27.0,0.0,0.0,0.0,0.0,0.0,0.0,0.0,0.0,0.0,0.34,low,0.0,0.0,0.0,0
2026-07-26T06:48:57.079902,05/31 03:15,17.8,0.0,,,,18.0,27.0,0.0,0.0,0.0,0.0,0.0,0.0,0.0,0.0,0.0,0.34,low,0.0,0.0,0.0,0
2026-07-26T06:48:57.096902,05/31 04:15,17.38,0.0,,,,18.0,27.0,0.0,0.0,0.0,0.0,0.0,0.0,0.0,0.0,0.0,0.34,low,0.0,0.0,0.0,0
2026-07-26T06:48:57.112902,05/31 05:15,16.25,0.0,,,,18.0,27.0,0.0,0.0,0.0,0.0,0.0,0.0,0.0,0.0,0.0,0.34,low,0.0,0.0,0.0,0
2026-07-26T06:48:57.131259,05/31 06:23,17.25,0.0,,,,18.0,27.0,0.0,0.0,0.0,0.0,0.0,0.0,0.0,0.0,0.0,0.43,moderate,0.0,0.0,0.0,0
2026-07-26T06:49:13.598951,05/31 07:23,19.17,0.0,,,,18.0,29.0,0.3764,0.094094,0.296714,0.094094,0.061443,0.0,0.0,1.013302,0.094094,0.43,moderate,0.04046,0.0,0.04046,0
2026-07-26T06:49:13.621952,05/31 08:23,20.27,0.0,,,,18.0,29.0,0.3764,0.094094,0.316823,0.094094,0.060804,0.0,0.0,1.105799,0.094094,0.43,moderate,0.04046,0.0,0.04046,0
2026-07-26T06:49:13.643379,05/31 09:23,21.53,52.0,23.82,21.9,26.0,18.0,29.0,0.3764,0.094094,0.328728,0.094094,0.070329,0.0,0.0,1.145752,0.094094,0.43,moderate,0.04046,0.0,0.04046,0
2026-07-26T06:49:13.662372,05/31 10:23,22.93,52.0,25.31,23.37,27.49,18.0,29.0,0.3764,0.094094,0.367518,0.094094,0.087004,0.0,0.0,1.312682,0.094094,0.3,low,0.028228,0.0,0.028228,1
2026-07-26T06:49:13.680371,05/31 11:23,23.45,52.0,25.86,24.07,27.58,18.0,29.0,0.3764,0.094094,0.343121,0.094094,0.084825,0.0,0.0,1.189807,0.094094,0.3,low,0.028228,0.0,0.028228,1
2026-07-26T06:49:13.698378,05/31 12:15,24.02,41.6,25.86,24.31,26.76,18.0,29.0,0.3764,0.094094,0.354943,0.094094,0.085701,0.0,0.0,1.2463,0.094094,0.3,low,0.028228,0.0,0.028228,1
2026-07-26T06:49:32.809611,05/31 13:15,24.55,20.8,25.49,24.22,26.17,20.0,27.0,0.3764,0.094094,0.384917,0.094094,0.088982,0.0,0.0,1.387986,0.094094,0.3,low,0.028228,0.0,0.028228,1
2026-07-26T06:49:32.831612,05/31 14:15,25.0,41.6,26.05,25.35,26.68,20.0,27.0,0.3764,0.094094,0.372677,0.094094,0.086723,0.0,0.0,1.320415,0.094094,0.3,low,0.028228,0.0,0.028228,1
2026-07-26T06:49:32.853614,05/31 15:15,25.0,52.0,26.47,25.57,26.91,20.0,27.0,0.3764,0.094094,0.370913,0.094094,0.087911,0.0,0.0,1.310771,0.094094,0.3,low,0.028228,0.0,0.028228,1
2026-07-26T06:49:32.873614,05/31 16:15,24.85,52.0,26.5,25.38,27.0,20.0,27.0,0.3781,0.094517,0.381813,0.094517,0.087911,0.0,0.0,1.365683,0.094517,0.55,high,0.051984,0.0,0.051984,1
2026-07-26T06:49:32.893608,05/31 17:15,24.0,52.0,26.1,24.84,26.97,20.0,27.0,0.3764,0.094094,0.364788,0.094094,0.085022,0.0,0.0,1.289474,0.094094,0.55,high,0.051752,0.0,0.051752,1
2026-07-26T06:49:32.913607,05/31 18:23,22.38,52.0,25.41,24.24,25.99,20.0,27.0,0.3764,0.094094,0.376939,0.094094,0.086982,0.0,0.0,1.363976,0.094094,0.55,high,0.051752,0.0,0.051752,0
2026-07-26T06:49:51.903511,05/31 19:23,20.83,26.0,23.73,22.75,24.44,20.0,26.0,0.3764,0.094094,0.298976,0.094094,0.081983,0.0,0.0,0.978026,0.094094,0.55,high,0.051752,0.0,0.051752,0
2026-07-26T06:49:51.927511,05/31 20:23,19.45,0.0,,,,20.0,26.0,0.3764,0.094094,0.275138,0.094094,0.082878,0.0,0.0,0.861214,0.094094,0.55,high,0.051752,0.0,0.051752,0
2026-07-26T06:49:51.948506,05/31 21:15,17.83,0.0,,,,20.0,26.0,0.0,0.0,0.0,0.0,0.0,0.0,0.0,0.0,0.0,0.4,moderate,0.0,0.0,0.0,0
2026-07-26T06:49:51.966511,05/31 22:15,17.9,0.0,,,,20.0,26.0,0.0,0.0,0.0,0.0,0.0,0.0,0.0,0.0,0.0,0.4,moderate,0.0,0.0,0.0,0
2026-07-26T06:49:51.984507,05/31 23:15,17.92,0.0,,,,20.0,26.0,0.0,0.0,0.0,0.0,0.0,0.0,0.0,0.0,0.0,0.4,moderate,0.0,0.0,0.0,0
2026-07-26T06:49:52.001507,06/01 00:15,18.02,0.0,,,,20.0,26.0,0.0,0.0,0.0,0.0,0.0,0.0,0.0,0.0,0.0,0.34,low,0.0,0.0,0.0,0
2026-07-26T06:50:11.843759,06/01 01:15,18.12,0.0,,,,18.0,28.0,0.0,0.0,0.0,0.0,0.0,0.0,0.0,0.0,0.0,0.34,low,0.0,0.0,0.0,0
2026-07-26T06:50:11.864748,06/01 02:15,18.2,0.0,,,,18.0,28.0,0.0,0.0,0.0,0.0,0.0,0.0,0.0,0.0,0.0,0.34,low,0.0,0.0,0.0,0
2026-07-26T06:50:11.883753,06/01 03:15,18.22,0.0,,,,18.0,28.0,0.0,0.0,0.0,0.0,0.0,0.0,0.0,0.0,0.0,0.34,low,0.0,0.0,0.0,0
2026-07-26T06:50:11.903757,06/01 04:15,18.18,0.0,,,,18.0,28.0,0.0,0.0,0.0,0.0,0.0,0.0,0.0,0.0,0.0,0.34,low,0.0,0.0,0.0,0
2026-07-26T06:50:11.924753,06/01 05:15,17.38,0.0,,,,18.0,28.0,0.0,0.0,0.0,0.0,0.0,0.0,0.0,0.0,0.0,0.34,low,0.0,0.0,0.0,0
2026-07-26T06:50:11.944757,06/01 06:15,15.98,0.0,,,,18.0,28.0,0.0,0.0,0.0,0.0,0.0,0.0,0.0,0.0,0.0,0.43,moderate,0.0,0.0,0.0,0
2026-07-26T06:50:29.445586,06/01 07:15,15.88,0.0,,,,18.0,29.0,0.0,0.0,0.0,0.0,0.0,0.0,0.0,0.0,0.0,0.43,moderate,0.0,0.0,0.0,0
2026-07-26T06:50:29.468582,06/01 08:20,17.25,0.0,,,,18.0,29.0,0.0,0.0,0.0,0.0,0.0,0.0,0.0,0.0,0.0,0.43,moderate,0.0,0.0,0.0,0
2026-07-26T06:50:29.491582,06/01 09:23,19.17,0.0,,,,18.0,29.0,0.0,0.0,0.0,0.0,0.0,0.0,0.0,0.0,0.0,0.43,moderate,0.0,0.0,0.0,0
2026-07-26T06:50:29.510580,06/01 10:15,20.27,0.0,,,,18.0,29.0,0.0,0.0,0.0,0.0,0.0,0.0,0.0,0.0,0.0,0.3,low,0.0,0.0,0.0,0
2026-07-26T06:50:29.528579,06/01 11:15,21.38,0.0,,,,18.0,29.0,0.0,0.0,0.0,0.0,0.0,0.0,0.0,0.0,0.0,0.3,low,0.0,0.0,0.0,0
2026-07-26T06:50:29.546433,06/01 12:15,22.47,0.0,,,,18.0,29.0,0.0,0.0,0.0,0.0,0.0,0.0,0.0,0.0,0.0,0.3,low,0.0,0.0,0.0,0
2026-07-26T06:50:47.260524,06/01 13:15,23.3,0.0,,,,18.0,29.0,0.0,0.0,0.0,0.0,0.0,0.0,0.0,0.0,0.0,0.3,low,0.0,0.0,0.0,0
2026-07-26T06:50:47.281515,06/01 14:23,23.45,0.0,,,,18.0,29.0,0.0,0.0,0.0,0.0,0.0,0.0,0.0,0.0,0.0,0.3,low,0.0,0.0,0.0,0
2026-07-26T06:50:47.303514,06/01 15:23,24.17,0.0,,,,18.0,29.0,0.0,0.0,0.0,0.0,0.0,0.0,0.0,0.0,0.0,0.3,low,0.0,0.0,0.0,0
2026-07-26T06:50:47.322517,06/01 16:23,24.73,0.0,,,,18.0,29.0,0.0,0.0,0.0,0.0,0.0,0.0,0.0,0.0,0.0,0.55,high,0.0,0.0,0.0,0
2026-07-26T06:50:47.343525,06/01 17:15,23.62,0.0,,,,18.0,29.0,0.0,0.0,0.0,0.0,0.0,0.0,0.0,0.0,0.0,0.55,high,0.0,0.0,0.0,0
2026-07-26T06:50:47.361525,06/01 18:15,22.25,0.0,,,,18.0,29.0,0.0,0.0,0.0,0.0,0.0,0.0,0.0,0.0,0.0,0.55,high,0.0,0.0,0.0,0
2026-07-26T06:51:05.271862,06/01 19:23,19.75,0.0,,,,18.0,29.0,0.0,0.0,0.0,0.0,0.0,0.0,0.0,0.0,0.0,0.55,high,0.0,0.0,0.0,0
2026-07-26T06:51:05.294868,06/01 20:20,16.38,0.0,,,,18.0,29.0,0.0,0.0,0.0,0.0,0.0,0.0,0.0,0.0,0.0,0.55,high,0.0,0.0,0.0,0
2026-07-26T06:51:05.313864,06/01 21:23,13.48,0.0,,,,18.0,29.0,0.0,0.0,0.0,0.0,0.0,0.0,0.0,0.0,0.0,0.4,moderate,0.0,0.0,0.0,0
2026-07-26T06:51:05.334860,06/01 22:23,12.35,0.0,,,,18.0,29.0,0.0,0.0,0.0,0.0,0.0,0.0,0.0,0.0,0.0,0.4,moderate,0.0,0.0,0.0,0
2026-07-26T06:51:05.352860,06/01 23:15,12.93,0.0,,,,18.0,29.0,0.0,0.0,0.0,0.0,0.0,0.0,0.0,0.0,0.0,0.4,moderate,0.0,0.0,0.0,0
2026-07-26T06:51:05.370861,06/02 00:15,13.3,0.0,,,,18.0,29.0,0.0,0.0,0.0,0.0,0.0,0.0,0.0,0.0,0.0,0.34,low,0.0,0.0,0.0,0
2026-07-26T06:51:23.090046,06/02 01:15,13.3,0.0,,,,18.0,29.0,0.0,0.0,0.0,0.0,0.0,0.0,0.0,0.0,0.0,0.34,low,0.0,0.0,0.0,0
2026-07-26T06:51:23.109045,06/02 02:15,13.3,0.0,,,,18.0,29.0,0.0,0.0,0.0,0.0,0.0,0.0,0.0,0.0,0.0,0.34,low,0.0,0.0,0.0,0
2026-07-26T06:51:23.127284,06/02 03:15,13.18,0.0,,,,18.0,29.0,0.0,0.0,0.0,0.0,0.0,0.0,0.0,0.0,0.0,0.34,low,0.0,0.0,0.0,0
2026-07-26T06:51:23.148283,06/02 04:15,12.65,0.0,,,,18.0,29.0,0.0,0.0,0.0,0.0,0.0,0.0,0.0,0.0,0.0,0.34,low,0.0,0.0,0.0,0
2026-07-26T06:51:23.167492,06/02 05:15,12.62,0.0,,,,18.0,29.0,0.0,0.0,0.0,0.0,0.0,0.0,0.0,0.0,0.0,0.34,low,0.0,0.0,0.0,0
2026-07-26T06:51:23.185493,06/02 06:23,14.88,0.0,,,,18.0,29.0,0.0,0.0,0.0,0.0,0.0,0.0,0.0,0.0,0.0,0.43,moderate,0.0,0.0,0.0,0
2026-07-26T06:51:41.327991,06/02 07:23,18.35,0.0,,,,18.0,29.0,0.0,0.0,0.0,0.0,0.0,0.0,0.0,0.0,0.0,0.43,moderate,0.0,0.0,0.0,0
2026-07-26T06:51:41.352995,06/02 08:20,20.43,0.0,,,,18.0,29.0,0.0,0.0,0.0,0.0,0.0,0.0,0.0,0.0,0.0,0.43,moderate,0.0,0.0,0.0,0
2026-07-26T06:51:41.380991,06/02 09:23,21.97,0.0,,,,18.0,29.0,0.0,0.0,0.0,0.0,0.0,0.0,0.0,0.0,0.0,0.43,moderate,0.0,0.0,0.0,0
2026-07-26T06:51:41.402991,06/02 10:23,23.2,0.0,,,,18.0,29.0,0.0,0.0,0.0,0.0,0.0,0.0,0.0,0.0,0.0,0.3,low,0.0,0.0,0.0,0
2026-07-26T06:51:41.423999,06/02 11:23,24.4,0.0,,,,18.0,29.0,0.0,0.0,0.0,0.0,0.0,0.0,0.0,0.0,0.0,0.3,low,0.0,0.0,0.0,0
2026-07-26T06:51:41.443993,06/02 12:23,24.55,0.0,,,,18.0,29.0,0.0,0.0,0.0,0.0,0.0,0.0,0.0,0.0,0.0,0.3,low,0.0,0.0,0.0,0
2026-07-26T06:51:59.035089,06/02 13:15,25.0,0.0,,,,18.0,29.0,0.0,0.0,0.0,0.0,0.0,0.0,0.0,0.0,0.0,0.3,low,0.0,0.0,0.0,0
2026-07-26T06:51:59.057085,06/02 14:15,25.0,0.0,,,,18.0,29.0,0.0,0.0,0.0,0.0,0.0,0.0,0.0,0.0,0.0,0.3,low,0.0,0.0,0.0,0
2026-07-26T06:51:59.077086,06/02 15:15,25.0,0.0,,,,18.0,29.0,0.0,0.0,0.0,0.0,0.0,0.0,0.0,0.0,0.0,0.3,low,0.0,0.0,0.0,0
2026-07-26T06:51:59.095095,06/02 16:15,24.85,0.0,,,,18.0,29.0,0.0,0.0,0.0,0.0,0.0,0.0,0.0,0.0,0.0,0.55,high,0.0,0.0,0.0,0
2026-07-26T06:51:59.113085,06/02 17:15,24.27,0.0,,,,18.0,29.0,0.0,0.0,0.0,0.0,0.0,0.0,0.0,0.0,0.0,0.55,high,0.0,0.0,0.0,0
2026-07-26T06:51:59.131085,06/02 18:15,23.35,0.0,,,,18.0,29.0,0.0,0.0,0.0,0.0,0.0,0.0,0.0,0.0,0.0,0.55,high,0.0,0.0,0.0,0
2026-07-26T06:52:17.395725,06/02 19:15,21.12,0.0,,,,18.0,29.0,0.0,0.0,0.0,0.0,0.0,0.0,0.0,0.0,0.0,0.55,high,0.0,0.0,0.0,0
2026-07-26T06:52:17.417727,06/02 20:23,18.85,0.0,,,,18.0,29.0,0.0,0.0,0.0,0.0,0.0,0.0,0.0,0.0,0.0,0.55,high,0.0,0.0,0.0,0
2026-07-26T06:52:17.437726,06/02 21:15,17.47,0.0,,,,18.0,29.0,0.0,0.0,0.0,0.0,0.0,0.0,0.0,0.0,0.0,0.4,moderate,0.0,0.0,0.0,0
2026-07-26T06:52:17.456727,06/02 22:15,17.75,0.0,,,,18.0,29.0,0.0,0.0,0.0,0.0,0.0,0.0,0.0,0.0,0.0,0.4,moderate,0.0,0.0,0.0,0
2026-07-26T06:52:17.474733,06/02 23:15,16.25,0.0,,,,18.0,29.0,0.0,0.0,0.0,0.0,0.0,0.0,0.0,0.0,0.0,0.4,moderate,0.0,0.0,0.0,0
2026-07-26T06:52:17.493723,06/03 00:15,16.7,0.0,,,,18.0,29.0,0.0,0.0,0.0,0.0,0.0,0.0,0.0,0.0,0.0,0.34,low,0.0,0.0,0.0,0
2026-07-26T06:52:34.651760,06/03 01:15,16.7,0.0,,,,18.0,29.0,0.0,0.0,0.0,0.0,0.0,0.0,0.0,0.0,0.0,0.34,low,0.0,0.0,0.0,0
2026-07-26T06:52:34.671758,06/03 02:15,16.42,0.0,,,,18.0,29.0,0.0,0.0,0.0,0.0,0.0,0.0,0.0,0.0,0.0,0.34,low,0.0,0.0,0.0,0
2026-07-26T06:52:34.692759,06/03 03:15,15.3,0.0,,,,18.0,29.0,0.0,0.0,0.0,0.0,0.0,0.0,0.0,0.0,0.0,0.34,low,0.0,0.0,0.0,0
2026-07-26T06:52:34.714758,06/03 04:15,14.28,0.0,,,,18.0,29.0,0.0,0.0,0.0,0.0,0.0,0.0,0.0,0.0,0.0,0.34,low,0.0,0.0,0.0,0
2026-07-26T06:52:34.734756,06/03 05:23,14.33,0.0,,,,18.0,29.0,0.0,0.0,0.0,0.0,0.0,0.0,0.0,0.0,0.0,0.34,low,0.0,0.0,0.0,0
2026-07-26T06:52:34.753756,06/03 06:23,16.15,0.0,,,,18.0,29.0,0.0,0.0,0.0,0.0,0.0,0.0,0.0,0.0,0.0,0.43,moderate,0.0,0.0,0.0,0
2026-07-26T06:52:51.595877,06/03 07:23,18.35,0.0,,,,18.0,29.0,0.3764,0.094094,0.214631,0.094094,0.043926,0.0,0.0,0.594756,0.094094,0.43,moderate,0.04046,0.0,0.04046,0
2026-07-26T06:52:51.616872,06/03 08:15,20.55,0.0,,,,18.0,29.0,0.3764,0.094094,0.274483,0.094094,0.050873,0.0,0.0,0.898297,0.094094,0.43,moderate,0.04046,0.0,0.04046,0
2026-07-26T06:52:51.639335,06/03 09:23,22.75,52.0,23.81,21.71,26.28,18.0,29.0,0.3764,0.094094,0.319655,0.094094,0.064729,0.0,0.0,1.099624,0.094094,0.43,moderate,0.04046,0.0,0.04046,1
2026-07-26T06:52:51.657337,06/03 10:23,24.7,52.0,25.31,23.23,27.69,18.0,29.0,0.3764,0.094094,0.358495,0.094094,0.082182,0.0,0.0,1.256404,0.094094,0.3,low,0.028228,0.0,0.028228,1
2026-07-26T06:52:51.676677,06/03 11:23,26.0,52.0,25.87,23.99,27.67,18.0,29.0,0.3764,0.094094,0.370472,0.094094,0.08994,0.0,0.0,1.301671,0.094094,0.3,low,0.028228,0.0,0.028228,1
2026-07-26T06:52:51.695677,06/03 12:23,27.62,41.6,25.95,24.34,26.87,18.0,29.0,0.3764,0.094094,0.405357,0.094094,0.094127,0.0,0.0,1.450123,0.094094,0.3,low,0.028228,0.0,0.028228,1
2026-07-26T06:53:10.274417,06/03 13:15,28.75,20.8,25.69,24.38,26.44,20.0,27.0,0.3764,0.094094,0.447589,0.094094,0.118165,0.0,0.0,1.592923,0.094094,0.3,low,0.028228,0.0,0.028228,1
2026-07-26T06:53:10.297410,06/03 14:15,27.62,41.6,26.24,25.46,26.93,20.0,27.0,0.3764,0.094094,0.430458,0.094094,0.086763,0.0,0.0,1.558021,0.094094,0.3,low,0.028228,0.0,0.028228,1
2026-07-26T06:53:10.317413,06/03 15:15,25.18,52.0,26.44,25.64,26.98,20.0,27.0,0.3764,0.094094,0.394815,0.094094,0.110791,0.0,0.0,1.356452,0.094094,0.3,low,0.028228,0.0,0.028228,1
2026-07-26T06:53:10.338407,06/03 16:15,23.75,52.0,26.4,25.2,26.99,20.0,27.0,0.378,0.094494,0.358984,0.094494,0.080343,0.0,0.0,1.272997,0.094494,0.55,high,0.051972,0.0,0.051972,1
2026-07-26T06:53:10.359411,06/03 17:15,23.45,52.0,26.0,24.62,27.0,20.0,27.0,0.3796,0.094912,0.360876,0.094912,0.101433,0.0,0.0,1.267466,0.094912,0.55,high,0.052202,0.0,0.052202,1
2026-07-26T06:53:10.378412,06/03 18:15,23.2,52.0,25.74,24.21,27.0,20.0,27.0,0.378,0.094511,0.360569,0.094511,0.095956,0.0,0.0,1.264454,0.094511,0.55,high,0.051981,0.0,0.051981,1
2026-07-26T06:53:29.191508,06/03 19:15,20.68,26.0,24.1,22.76,25.0,20.0,25.0,0.3767,0.094172,0.30269,0.094172,0.092195,0.0,0.0,0.977824,0.094172,0.55,high,0.051795,0.0,0.051795,0
2026-07-26T06:53:29.214501,06/03 20:23,19.0,0.0,,,,20.0,25.0,0.3764,0.094094,0.263966,0.094094,0.080125,0.0,0.0,0.812538,0.094094,0.55,high,0.051752,0.0,0.051752,0
2026-07-26T06:53:29.234364,06/03 21:15,17.93,0.0,,,,20.0,25.0,0.0,0.0,0.0,0.0,0.0,0.0,0.0,0.0,0.0,0.4,moderate,0.0,0.0,0.0,0
2026-07-26T06:53:29.252360,06/03 22:15,17.9,0.0,,,,20.0,25.0,0.0,0.0,0.0,0.0,0.0,0.0,0.0,0.0,0.0,0.4,moderate,0.0,0.0,0.0,0
2026-07-26T06:53:29.271361,06/03 23:15,16.97,0.0,,,,20.0,25.0,0.0,0.0,0.0,0.0,0.0,0.0,0.0,0.0,0.0,0.4,moderate,0.0,0.0,0.0,0
2026-07-26T06:53:29.290364,06/04 00:15,17.65,0.0,,,,20.0,25.0,0.0,0.0,0.0,0.0,0.0,0.0,0.0,0.0,0.0,0.34,low,0.0,0.0,0.0,0
2026-07-26T06:53:46.809664,06/04 01:15,17.47,0.0,,,,18.0,27.0,0.0,0.0,0.0,0.0,0.0,0.0,0.0,0.0,0.0,0.34,low,0.0,0.0,0.0,0
2026-07-26T06:53:46.831667,06/04 02:15,18.58,0.0,,,,18.0,27.0,0.0,0.0,0.0,0.0,0.0,0.0,0.0,0.0,0.0,0.34,low,0.0,0.0,0.0,0
2026-07-26T06:53:46.850129,06/04 03:15,19.4,0.0,,,,18.0,27.0,0.0,0.0,0.0,0.0,0.0,0.0,0.0,0.0,0.0,0.34,low,0.0,0.0,0.0,0
2026-07-26T06:53:46.871133,06/04 04:15,19.27,0.0,,,,18.0,27.0,0.0,0.0,0.0,0.0,0.0,0.0,0.0,0.0,0.0,0.34,low,0.0,0.0,0.0,0
2026-07-26T06:53:46.888475,06/04 05:15,18.9,0.0,,,,18.0,27.0,0.0,0.0,0.0,0.0,0.0,0.0,0.0,0.0,0.0,0.34,low,0.0,0.0,0.0,0
2026-07-26T06:53:46.907479,06/04 06:23,19.6,0.0,,,,18.0,27.0,0.0,0.0,0.0,0.0,0.0,0.0,0.0,0.0,0.0,0.43,moderate,0.0,0.0,0.0,0
2026-07-26T06:54:04.323471,06/04 07:23,22.1,0.0,,,,18.0,29.0,0.3764,0.094094,0.278898,0.094094,0.051312,0.0,0.0,0.911962,0.094094,0.43,moderate,0.04046,0.0,0.04046,0
2026-07-26T06:54:04.348464,06/04 08:23,24.15,0.0,,,,18.0,29.0,0.3764,0.094094,0.307892,0.094094,0.053746,0.0,0.0,1.046336,0.094094,0.43,moderate,0.04046,0.0,0.04046,0
2026-07-26T06:54:04.369468,06/04 09:23,27.25,52.0,24.2,22.28,26.38,18.0,29.0,0.3764,0.094094,0.411658,0.094094,0.075142,0.0,0.0,1.504255,0.094094,0.43,moderate,0.04046,0.0,0.04046,1
2026-07-26T06:54:04.392463,06/04 10:23,29.17,52.0,25.75,23.85,27.84,18.0,29.0,0.3764,0.094094,0.435316,0.094094,0.090945,0.0,0.0,1.561193,0.094094,0.3,low,0.028228,0.0,0.028228,1
2026-07-26T06:54:04.412464,06/04 11:23,30.15,52.0,26.39,24.67,27.96,18.0,29.0,0.3764,0.094094,0.461286,0.094094,0.102364,0.0,0.0,1.658544,0.094094,0.3,low,0.028228,0.0,0.028228,1
2026-07-26T06:54:04.432465,06/04 12:15,30.18,41.6,26.48,25.02,27.3,18.0,29.0,0.3764,0.094094,0.478631,0.094094,0.107925,0.0,0.0,1.72308,0.094094,0.3,low,0.028228,0.0,0.028228,1
2026-07-26T06:54:23.068572,06/04 13:15,29.17,20.8,26.04,24.85,26.98,20.0,27.0,0.3764,0.094094,0.445481,0.094094,0.106853,0.0,0.0,1.598852,0.094094,0.3,low,0.028228,0.0,0.028228,1
2026-07-26T06:54:23.090744,06/04 14:15,29.85,41.6,26.34,25.51,27.0,20.0,27.0,0.3793,0.094831,0.487244,0.094831,0.110938,0.0,0.0,1.771805,0.094831,0.3,low,0.028449,0.0,0.028449,1
2026-07-26T06:54:23.112737,06/04 15:15,29.4,52.0,26.57,26.07,27.0,20.0,27.0,0.38,0.09501,0.479388,0.09501,0.104646,0.0,0.0,1.752136,0.09501,0.3,low,0.028503,0.0,0.028503,1
2026-07-26T06:54:23.132737,06/04 16:15,29.12,52.0,26.5,25.73,27.0,20.0,27.0,0.3776,0.0944,0.468855,0.0944,0.114641,0.0,0.0,1.688726,0.0944,0.55,high,0.05192,0.0,0.05192,1
2026-07-26T06:54:23.151739,06/04 17:15,27.9,52.0,25.88,25.05,26.51,20.0,27.0,0.3764,0.094094,0.432505,0.094094,0.086792,0.0,0.0,1.566417,0.094094,0.55,high,0.051752,0.0,0.051752,1
2026-07-26T06:54:23.170737,06/04 18:15,26.55,52.0,25.45,24.52,25.99,20.0,27.0,0.3764,0.094094,0.399939,0.094094,0.084476,0.0,0.0,1.434397,0.094094,0.55,high,0.051752,0.0,0.051752,0
2026-07-26T06:54:43.571862,06/04 19:15,25.68,26.0,23.96,23.13,24.48,20.0,26.0,0.3764,0.094094,0.387936,0.094094,0.107764,0.0,0.0,1.365775,0.094094,0.55,high,0.051752,0.0,0.051752,0
2026-07-26T06:54:43.594865,06/04 20:23,23.72,0.0,,,,20.0,26.0,0.3764,0.094094,0.34787,0.094094,0.089518,0.0,0.0,1.206622,0.094094,0.55,high,0.051752,0.0,0.051752,0
2026-07-26T06:54:43.614861,06/04 21:15,21.0,0.0,,,,20.0,26.0,0.0,0.0,0.0,0.0,0.0,0.0,0.0,0.0,0.0,0.4,moderate,0.0,0.0,0.0,0
2026-07-26T06:54:43.632864,06/04 22:15,18.47,0.0,,,,20.0,26.0,0.0,0.0,0.0,0.0,0.0,0.0,0.0,0.0,0.0,0.4,moderate,0.0,0.0,0.0,0
2026-07-26T06:54:43.651010,06/04 23:15,17.2,0.0,,,,20.0,26.0,0.0,0.0,0.0,0.0,0.0,0.0,0.0,0.0,0.0,0.4,moderate,0.0,0.0,0.0,0
2026-07-26T06:54:43.669009,06/05 00:15,17.47,0.0,,,,20.0,26.0,0.0,0.0,0.0,0.0,0.0,0.0,0.0,0.0,0.0,0.34,low,0.0,0.0,0.0,0
2026-07-26T06:55:02.161157,06/05 01:15,18.18,0.0,,,,18.0,28.0,0.0,0.0,0.0,0.0,0.0,0.0,0.0,0.0,0.0,0.34,low,0.0,0.0,0.0,0
2026-07-26T06:55:02.182155,06/05 02:15,17.93,0.0,,,,18.0,28.0,0.0,0.0,0.0,0.0,0.0,0.0,0.0,0.0,0.0,0.34,low,0.0,0.0,0.0,0
2026-07-26T06:55:02.201152,06/05 03:15,18.3,0.0,,,,18.0,28.0,0.0,0.0,0.0,0.0,0.0,0.0,0.0,0.0,0.0,0.34,low,0.0,0.0,0.0,0
2026-07-26T06:55:02.220150,06/05 04:15,18.18,0.0,,,,18.0,28.0,0.0,0.0,0.0,0.0,0.0,0.0,0.0,0.0,0.0,0.34,low,0.0,0.0,0.0,0
2026-07-26T06:55:02.240154,06/05 05:23,17.65,0.0,,,,18.0,28.0,0.0,0.0,0.0,0.0,0.0,0.0,0.0,0.0,0.0,0.34,low,0.0,0.0,0.0,0
2026-07-26T06:55:02.261164,06/05 06:23,17.2,0.0,,,,18.0,28.0,0.0,0.0,0.0,0.0,0.0,0.0,0.0,0.0,0.0,0.43,moderate,0.0,0.0,0.0,0
2026-07-26T06:55:20.073718,06/05 07:15,17.07,0.0,,,,18.0,29.0,0.3764,0.094094,0.241959,0.094094,0.04478,0.0,0.0,0.725337,0.094094,0.43,moderate,0.04046,0.0,0.04046,0
2026-07-26T06:55:20.096719,06/05 08:15,16.7,0.0,,,,18.0,29.0,0.3764,0.094094,0.235891,0.094094,0.043869,0.0,0.0,0.701081,0.094094,0.43,moderate,0.04046,0.0,0.04046,0
2026-07-26T06:55:20.121197,06/05 09:23,16.82,52.0,23.5,21.63,25.4,18.0,29.0,0.3764,0.094094,0.242755,0.094094,0.056223,0.0,0.0,0.724373,0.094094,0.43,moderate,0.04046,0.0,0.04046,0
2026-07-26T06:55:20.142196,06/05 10:23,17.75,52.0,24.77,22.89,26.54,18.0,29.0,0.3764,0.094094,0.254834,0.094094,0.071441,0.0,0.0,0.773114,0.094094,0.3,low,0.028228,0.0,0.028228,1
2026-07-26T06:55:20.161191,06/05 11:15,19.82,52.0,25.27,23.51,26.71,18.0,29.0,0.3764,0.094094,0.308353,0.094094,0.082204,0.0,0.0,1.048122,0.094094,0.3,low,0.028228,0.0,0.028228,1
2026-07-26T06:55:20.180191,06/05 12:15,20.83,41.6,25.32,23.78,26.03,18.0,29.0,0.3764,0.094094,0.359227,0.094094,0.087875,0.0,0.0,1.292398,0.094094,0.3,low,0.028228,0.0,0.028228,1
2026-07-26T06:55:38.938505,06/05 13:15,20.15,20.8,24.95,23.72,25.61,20.0,27.0,0.3764,0.094094,0.339929,0.094094,0.085272,0.0,0.0,1.197797,0.094094,0.3,low,0.028228,0.0,0.028228,0
2026-07-26T06:55:38.960366,06/05 14:15,20.6,41.6,25.29,24.45,25.86,20.0,27.0,0.3764,0.094094,0.336812,0.094094,0.08452,0.0,0.0,1.179881,0.094094,0.3,low,0.028228,0.0,0.028228,0
2026-07-26T06:55:38.982477,06/05 15:23,20.73,52.0,25.64,24.67,26.06,20.0,27.0,0.3764,0.094094,0.337831,0.094094,0.08452,0.0,0.0,1.185606,0.094094,0.3,low,0.028228,0.0,0.028228,1
2026-07-26T06:55:39.003480,06/05 16:23,20.68,52.0,25.81,24.39,26.96,20.0,27.0,0.3767,0.094169,0.304273,0.094169,0.078936,0.0,0.0,1.016326,0.094169,0.55,high,0.051793,0.0,0.051793,1
2026-07-26T06:55:39.023617,06/05 17:15,19.0,52.0,25.47,23.88,27.0,20.0,27.0,0.379,0.094756,0.284991,0.094756,0.083527,0.0,0.0,0.913783,0.094756,0.55,high,0.052116,0.0,0.052116,1
2026-07-26T06:55:39.044614,06/05 18:15,17.25,52.0,25.19,23.46,27.0,20.0,27.0,0.3781,0.09452,0.252651,0.09452,0.071186,0.0,0.0,0.758607,0.09452,0.55,high,0.051986,0.0,0.051986,1
2026-07-26T06:55:57.751082,06/05 19:15,15.3,26.0,23.54,22.02,25.0,20.0,25.0,0.3771,0.094274,0.21122,0.094274,0.06658,0.0,0.0,0.531257,0.094274,0.55,high,0.051851,0.0,0.051851,0
2026-07-26T06:55:57.777503,06/05 20:23,14.12,0.0,,,,20.0,25.0,0.3764,0.094094,0.184278,0.094094,0.0615,0.0,0.0,0.396552,0.094094,0.55,high,0.051752,0.0,0.051752,0
2026-07-26T06:55:57.797654,06/05 21:15,13.18,0.0,,,,20.0,25.0,0.0,0.0,0.0,0.0,0.0,0.0,0.0,0.0,0.0,0.4,moderate,0.0,0.0,0.0,0
2026-07-26T06:55:57.816910,06/05 22:15,12.8,0.0,,,,20.0,25.0,0.0,0.0,0.0,0.0,0.0,0.0,0.0,0.0,0.0,0.4,moderate,0.0,0.0,0.0,0
2026-07-26T06:55:57.835910,06/05 23:15,12.8,0.0,,,,20.0,25.0,0.0,0.0,0.0,0.0,0.0,0.0,0.0,0.0,0.0,0.4,moderate,0.0,0.0,0.0,0
2026-07-26T06:55:57.853904,06/06 00:15,12.8,0.0,,,,20.0,25.0,0.0,0.0,0.0,0.0,0.0,0.0,0.0,0.0,0.0,0.34,low,0.0,0.0,0.0,0
2026-07-26T06:56:15.834100,06/06 01:15,12.65,0.0,,,,18.0,27.0,0.0,0.0,0.0,0.0,0.0,0.0,0.0,0.0,0.0,0.34,low,0.0,0.0,0.0,0
2026-07-26T06:56:15.856094,06/06 02:15,11.92,0.0,,,,18.0,27.0,0.0,0.0,0.0,0.0,0.0,0.0,0.0,0.0,0.0,0.34,low,0.0,0.0,0.0,0
2026-07-26T06:56:15.877095,06/06 03:15,11.1,0.0,,,,18.0,27.0,0.0,0.0,0.0,0.0,0.0,0.0,0.0,0.0,0.0,0.34,low,0.0,0.0,0.0,0
2026-07-26T06:56:15.896093,06/06 04:15,11.1,0.0,,,,18.0,27.0,0.0,0.0,0.0,0.0,0.0,0.0,0.0,0.0,0.0,0.34,low,0.0,0.0,0.0,0
2026-07-26T06:56:15.914094,06/06 05:23,11.52,0.0,,,,18.0,27.0,0.0,0.0,0.0,0.0,0.0,0.0,0.0,0.0,0.0,0.34,low,0.0,0.0,0.0,0
2026-07-26T06:56:15.934096,06/06 06:23,13.5,0.0,,,,18.0,27.0,0.0,0.0,0.0,0.0,0.0,0.0,0.0,0.0,0.0,0.43,moderate,0.0,0.0,0.0,0
2026-07-26T06:56:33.140560,06/06 07:23,16.7,0.0,,,,18.0,29.0,0.3764,0.094094,0.178768,0.094094,0.03929,0.0,0.0,0.406672,0.094094,0.43,moderate,0.04046,0.0,0.04046,0
2026-07-26T06:56:33.165555,06/06 08:15,20.82,0.0,,,,18.0,29.0,0.3764,0.094094,0.298066,0.094094,0.051747,0.0,0.0,1.032485,0.094094,0.43,moderate,0.04046,0.0,0.04046,0
2026-07-26T06:56:33.189554,06/06 09:23,23.73,52.0,23.85,21.7,26.37,18.0,29.0,0.3764,0.094094,0.415608,0.094094,0.072071,0.0,0.0,1.555248,0.094094,0.43,moderate,0.04046,0.0,0.04046,1
2026-07-26T06:56:33.212556,06/06 10:23,25.7,52.0,25.37,23.27,27.75,18.0,29.0,0.3764,0.094094,0.474898,0.094094,0.096272,0.0,0.0,1.800276,0.094094,0.3,low,0.028228,0.0,0.028228,1
2026-07-26T06:56:33.233555,06/06 11:23,28.08,52.0,26.0,24.11,27.82,18.0,29.0,0.3764,0.094094,0.536658,0.094094,0.106905,0.0,0.0,2.04114,0.094094,0.3,low,0.028228,0.0,0.028228,1
2026-07-26T06:56:33.253555,06/06 12:23,29.32,41.6,26.2,24.58,27.2,18.0,29.0,0.3764,0.094094,0.567014,0.094094,0.109023,0.0,0.0,2.152941,0.094094,0.3,low,0.028228,0.0,0.028228,1
2026-07-26T06:56:52.247508,06/06 13:15,30.73,20.8,25.92,24.6,26.74,20.0,27.0,0.3764,0.094094,0.638908,0.094094,0.115939,0.0,0.0,2.423421,0.094094,0.3,low,0.028228,0.0,0.028228,1
2026-07-26T06:56:52.268981,06/06 14:15,31.25,41.6,26.42,25.68,27.0,20.0,27.0,0.3781,0.094533,0.655696,0.094533,0.115576,0.0,0.0,2.481538,0.094533,0.3,low,0.02836,0.0,0.02836,1
2026-07-26T06:56:52.291981,06/06 15:15,31.82,52.0,26.72,25.96,27.0,20.0,27.0,0.3827,0.09568,0.710142,0.09568,0.115626,0.0,0.0,2.695703,0.09568,0.3,low,0.028704,0.0,0.028704,1
2026-07-26T06:56:52.313984,06/06 16:15,31.65,52.0,26.68,25.77,27.0,20.0,27.0,0.3869,0.096728,0.736528,0.096728,0.113076,0.0,0.0,2.791253,0.096728,0.55,high,0.0532,0.0,0.0532,1
2026-07-26T06:56:52.332975,06/06 17:15,29.73,52.0,26.47,25.26,27.0,20.0,27.0,0.382,0.095492,0.668774,0.095492,0.112441,0.0,0.0,2.566064,0.095492,0.55,high,0.052521,0.0,0.052521,1
2026-07-26T06:56:52.351975,06/06 18:15,28.35,52.0,26.2,24.85,27.0,20.0,27.0,0.3798,0.094961,0.567526,0.094961,0.103284,0.0,0.0,2.152753,0.094961,0.55,high,0.052229,0.0,0.052229,1
2026-07-26T06:57:10.533649,06/06 19:15,26.42,26.0,24.55,23.38,25.0,20.0,25.0,0.379,0.094745,0.49361,0.094745,0.09836,0.0,0.0,1.850675,0.094745,0.55,high,0.05211,0.0,0.05211,0
2026-07-26T06:57:10.558648,06/06 20:23,25.88,0.0,,,,20.0,25.0,0.3764,0.094094,0.453826,0.094094,0.09727,0.0,0.0,1.695365,0.094094,0.55,high,0.051752,0.0,0.051752,0
2026-07-26T06:57:10.578647,06/06 21:15,26.82,0.0,,,,20.0,25.0,0.0,0.0,0.0,0.0,0.0,0.0,0.0,0.0,0.0,0.4,moderate,0.0,0.0,0.0,0
2026-07-26T06:57:10.600649,06/06 22:15,27.07,0.0,,,,20.0,25.0,0.0,0.0,0.0,0.0,0.0,0.0,0.0,0.0,0.0,0.4,moderate,0.0,0.0,0.0,0
2026-07-26T06:57:10.620167,06/06 23:15,26.42,0.0,,,,20.0,25.0,0.0,0.0,0.0,0.0,0.0,0.0,0.0,0.0,0.0,0.4,moderate,0.0,0.0,0.0,0
2026-07-26T06:57:10.640185,06/07 00:15,25.18,0.0,,,,20.0,25.0,0.0,0.0,0.0,0.0,0.0,0.0,0.0,0.0,0.0,0.34,low,0.0,0.0,0.0,0
2026-07-26T06:57:27.701970,06/07 01:15,23.9,0.0,,,,18.0,27.0,0.0,0.0,0.0,0.0,0.0,0.0,0.0,0.0,0.0,0.34,low,0.0,0.0,0.0,0
2026-07-26T06:57:27.722963,06/07 02:15,24.02,0.0,,,,18.0,27.0,0.0,0.0,0.0,0.0,0.0,0.0,0.0,0.0,0.0,0.34,low,0.0,0.0,0.0,0
2026-07-26T06:57:27.742966,06/07 03:15,24.12,0.0,,,,18.0,27.0,0.0,0.0,0.0,0.0,0.0,0.0,0.0,0.0,0.0,0.34,low,0.0,0.0,0.0,0
2026-07-26T06:57:27.760965,06/07 04:15,23.18,0.0,,,,18.0,27.0,0.0,0.0,0.0,0.0,0.0,0.0,0.0,0.0,0.0,0.34,low,0.0,0.0,0.0,0
2026-07-26T06:57:27.778964,06/07 05:15,22.93,0.0,,,,18.0,27.0,0.0,0.0,0.0,0.0,0.0,0.0,0.0,0.0,0.0,0.34,low,0.0,0.0,0.0,0
2026-07-26T06:57:27.797963,06/07 06:15,23.73,0.0,,,,18.0,27.0,0.0,0.0,0.0,0.0,0.0,0.0,0.0,0.0,0.0,0.43,moderate,0.0,0.0,0.0,0
2026-07-26T06:57:45.730794,06/07 07:15,25.15,0.0,,,,18.0,29.0,0.3764,0.094094,0.595526,0.094094,0.103475,0.0,0.0,2.365818,0.094094,0.43,moderate,0.04046,0.0,0.04046,0
2026-07-26T06:57:45.751793,06/07 08:15,25.3,0.0,,,,18.0,29.0,0.3764,0.094094,0.631453,0.094094,0.103639,0.0,0.0,2.517146,0.094094,0.43,moderate,0.04046,0.0,0.04046,0
2026-07-26T06:57:45.774796,06/07 09:23,24.27,52.0,22.93,22.11,23.75,18.0,29.0,0.3764,0.094094,0.608235,0.094094,0.106712,0.0,0.0,2.426389,0.094094,0.43,moderate,0.04046,0.0,0.04046,0
2026-07-26T06:57:45.794795,06/07 10:15,23.07,52.0,24.48,23.54,25.41,18.0,29.0,0.3764,0.094094,0.658725,0.094094,0.123478,0.0,0.0,2.651286,0.094094,0.3,low,0.028228,0.0,0.028228,0
2026-07-26T06:57:45.813792,06/07 11:15,20.6,52.0,24.75,23.75,25.57,18.0,29.0,0.3764,0.094094,0.479384,0.094094,0.104424,0.0,0.0,1.868905,0.094094,0.3,low,0.028228,0.0,0.028228,0
2026-07-26T06:57:45.832800,06/07 12:15,21.15,41.6,24.78,23.8,25.61,18.0,29.0,0.3764,0.094094,0.508155,0.094094,0.107085,0.0,0.0,2.016435,0.094094,0.3,low,0.028228,0.0,0.028228,0
2026-07-26T06:58:04.718931,06/07 13:15,23.08,20.8,24.67,23.78,25.62,20.0,27.0,0.3764,0.094094,0.593036,0.094094,0.117695,0.0,0.0,2.380495,0.094094,0.3,low,0.028228,0.0,0.028228,0
2026-07-26T06:58:04.738926,06/07 14:15,23.9,41.6,25.02,24.1,25.89,20.0,27.0,0.3764,0.094094,0.671226,0.094094,0.127783,0.0,0.0,2.709997,0.094094,0.3,low,0.028228,0.0,0.028228,0
2026-07-26T06:58:04.760926,06/07 15:15,24.32,52.0,25.34,24.55,26.11,20.0,27.0,0.3764,0.094094,0.650751,0.094094,0.124216,0.0,0.0,2.61729,0.094094,0.3,low,0.028228,0.0,0.028228,1
2026-07-26T06:58:04.779927,06/07 16:15,25.6,52.0,25.64,24.71,26.29,20.0,27.0,0.3764,0.094094,0.7246,0.094094,0.132138,0.0,0.0,2.905547,0.094094,0.55,high,0.051752,0.0,0.051752,1
2026-07-26T06:58:04.798926,06/07 17:15,25.88,52.0,25.57,24.45,26.08,20.0,27.0,0.3764,0.094094,0.698578,0.094094,0.128144,0.0,0.0,2.791621,0.094094,0.55,high,0.051752,0.0,0.051752,1
2026-07-26T06:58:04.818923,06/07 18:15,26.27,52.0,25.41,24.16,26.08,20.0,27.0,0.3764,0.094094,0.723036,0.094094,0.130162,0.0,0.0,2.871709,0.094094,0.55,high,0.051752,0.0,0.051752,1
2026-07-26T06:58:24.193641,06/07 19:23,24.73,26.0,23.92,22.83,24.26,20.0,25.0,0.3764,0.094094,0.654167,0.094094,0.123238,0.0,0.0,2.608289,0.094094,0.55,high,0.051752,0.0,0.051752,0
2026-07-26T06:58:24.217641,06/07 20:23,23.75,0.0,,,,20.0,25.0,0.3764,0.094094,0.615126,0.094094,0.120657,0.0,0.0,2.454925,0.094094,0.55,high,0.051752,0.0,0.051752,0
2026-07-26T06:58:24.234641,06/07 21:15,23.3,0.0,,,,20.0,25.0,0.0,0.0,0.0,0.0,0.0,0.0,0.0,0.0,0.0,0.4,moderate,0.0,0.0,0.0,0
2026-07-26T06:58:24.253642,06/07 22:15,23.3,0.0,,,,20.0,25.0,0.0,0.0,0.0,0.0,0.0,0.0,0.0,0.0,0.0,0.4,moderate,0.0,0.0,0.0,0
2026-07-26T06:58:24.271641,06/07 23:15,23.3,0.0,,,,20.0,25.0,0.0,0.0,0.0,0.0,0.0,0.0,0.0,0.0,0.0,0.4,moderate,0.0,0.0,0.0,0
2026-07-26T06:58:24.289643,06/08 00:15,23.03,0.0,,,,20.0,25.0,0.0,0.0,0.0,0.0,0.0,0.0,0.0,0.0,0.0,0.34,low,0.0,0.0,0.0,0
2026-07-26T06:58:41.855296,06/08 01:15,22.07,0.0,,,,18.0,27.0,0.0,0.0,0.0,0.0,0.0,0.0,0.0,0.0,0.0,0.34,low,0.0,0.0,0.0,0
2026-07-26T06:58:41.880295,06/08 02:15,21.82,0.0,,,,18.0,27.0,0.0,0.0,0.0,0.0,0.0,0.0,0.0,0.0,0.0,0.34,low,0.0,0.0,0.0,0
2026-07-26T06:58:41.904296,06/08 03:15,22.07,0.0,,,,18.0,27.0,0.0,0.0,0.0,0.0,0.0,0.0,0.0,0.0,0.0,0.34,low,0.0,0.0,0.0,0
2026-07-26T06:58:41.926299,06/08 04:15,21.55,0.0,,,,18.0,27.0,0.0,0.0,0.0,0.0,0.0,0.0,0.0,0.0,0.0,0.34,low,0.0,0.0,0.0,0
2026-07-26T06:58:41.948315,06/08 05:23,21.53,0.0,,,,18.0,27.0,0.0,0.0,0.0,0.0,0.0,0.0,0.0,0.0,0.0,0.34,low,0.0,0.0,0.0,0
2026-07-26T06:58:41.969294,06/08 06:23,23.35,0.0,,,,18.0,27.0,0.0,0.0,0.0,0.0,0.0,0.0,0.0,0.0,0.0,0.43,moderate,0.0,0.0,0.0,0
2026-07-26T06:58:59.355338,06/08 07:20,25.7,0.0,,,,18.0,29.0,0.0,0.0,0.0,0.0,0.0,0.0,0.0,0.0,0.0,0.43,moderate,0.0,0.0,0.0,0
2026-07-26T06:58:59.380333,06/08 08:23,28.08,0.0,,,,18.0,29.0,0.0,0.0,0.0,0.0,0.0,0.0,0.0,0.0,0.0,0.43,moderate,0.0,0.0,0.0,0
2026-07-26T06:58:59.398335,06/08 09:15,29.02,0.0,,,,18.0,29.0,0.0,0.0,0.0,0.0,0.0,0.0,0.0,0.0,0.0,0.43,moderate,0.0,0.0,0.0,0
2026-07-26T06:58:59.417467,06/08 10:15,29.7,0.0,,,,18.0,29.0,0.0,0.0,0.0,0.0,0.0,0.0,0.0,0.0,0.0,0.3,low,0.0,0.0,0.0,0
2026-07-26T06:58:59.436469,06/08 11:15,30.73,0.0,,,,18.0,29.0,0.0,0.0,0.0,0.0,0.0,0.0,0.0,0.0,0.0,0.3,low,0.0,0.0,0.0,0
2026-07-26T06:58:59.454467,06/08 12:15,31.65,0.0,,,,18.0,29.0,0.0,0.0,0.0,0.0,0.0,0.0,0.0,0.0,0.0,0.3,low,0.0,0.0,0.0,0
2026-07-26T06:59:17.219378,06/08 13:15,32.32,0.0,,,,18.0,29.0,0.0,0.0,0.0,0.0,0.0,0.0,0.0,0.0,0.0,0.3,low,0.0,0.0,0.0,0
2026-07-26T06:59:17.238378,06/08 14:15,28.15,0.0,,,,18.0,29.0,0.0,0.0,0.0,0.0,0.0,0.0,0.0,0.0,0.0,0.3,low,0.0,0.0,0.0,0
2026-07-26T06:59:17.258382,06/08 15:15,24.12,0.0,,,,18.0,29.0,0.0,0.0,0.0,0.0,0.0,0.0,0.0,0.0,0.0,0.3,low,0.0,0.0,0.0,0
2026-07-26T06:59:17.276386,06/08 16:15,23.58,0.0,,,,18.0,29.0,0.0,0.0,0.0,0.0,0.0,0.0,0.0,0.0,0.0,0.55,high,0.0,0.0,0.0,0
2026-07-26T06:59:17.293379,06/08 17:15,24.27,0.0,,,,18.0,29.0,0.0,0.0,0.0,0.0,0.0,0.0,0.0,0.0,0.0,0.55,high,0.0,0.0,0.0,0
2026-07-26T06:59:17.310384,06/08 18:15,22.92,0.0,,,,18.0,29.0,0.0,0.0,0.0,0.0,0.0,0.0,0.0,0.0,0.0,0.55,high,0.0,0.0,0.0,0
2026-07-26T06:59:34.918299,06/08 19:15,19.57,0.0,,,,18.0,29.0,0.0,0.0,0.0,0.0,0.0,0.0,0.0,0.0,0.0,0.55,high,0.0,0.0,0.0,0
2026-07-26T06:59:34.939298,06/08 20:15,18.18,0.0,,,,18.0,29.0,0.0,0.0,0.0,0.0,0.0,0.0,0.0,0.0,0.0,0.55,high,0.0,0.0,0.0,0
2026-07-26T06:59:34.957299,06/08 21:15,17.25,0.0,,,,18.0,29.0,0.0,0.0,0.0,0.0,0.0,0.0,0.0,0.0,0.0,0.4,moderate,0.0,0.0,0.0,0
2026-07-26T06:59:34.976299,06/08 22:15,15.6,0.0,,,,18.0,29.0,0.0,0.0,0.0,0.0,0.0,0.0,0.0,0.0,0.0,0.4,moderate,0.0,0.0,0.0,0
2026-07-26T06:59:34.993297,06/08 23:15,15.72,0.0,,,,18.0,29.0,0.0,0.0,0.0,0.0,0.0,0.0,0.0,0.0,0.0,0.4,moderate,0.0,0.0,0.0,0
2026-07-26T06:59:35.011299,06/09 00:15,16.25,0.0,,,,18.0,29.0,0.0,0.0,0.0,0.0,0.0,0.0,0.0,0.0,0.0,0.34,low,0.0,0.0,0.0,0
2026-07-26T06:59:53.314703,06/09 01:15,16.7,0.0,,,,18.0,29.0,0.0,0.0,0.0,0.0,0.0,0.0,0.0,0.0,0.0,0.34,low,0.0,0.0,0.0,0
2026-07-26T06:59:53.334705,06/09 02:15,16.82,0.0,,,,18.0,29.0,0.0,0.0,0.0,0.0,0.0,0.0,0.0,0.0,0.0,0.34,low,0.0,0.0,0.0,0
2026-07-26T06:59:53.363949,06/09 03:15,17.2,0.0,,,,18.0,29.0,0.0,0.0,0.0,0.0,0.0,0.0,0.0,0.0,0.0,0.34,low,0.0,0.0,0.0,0
2026-07-26T06:59:53.383947,06/09 04:15,17.47,0.0,,,,18.0,29.0,0.0,0.0,0.0,0.0,0.0,0.0,0.0,0.0,0.0,0.34,low,0.0,0.0,0.0,0
2026-07-26T06:59:53.399948,06/09 05:15,18.45,0.0,,,,18.0,29.0,0.0,0.0,0.0,0.0,0.0,0.0,0.0,0.0,0.0,0.34,low,0.0,0.0,0.0,0
2026-07-26T06:59:53.416459,06/09 06:15,19.02,0.0,,,,18.0,29.0,0.0,0.0,0.0,0.0,0.0,0.0,0.0,0.0,0.0,0.43,moderate,0.0,0.0,0.0,0
2026-07-26T07:00:10.703953,06/09 07:15,19.7,0.0,,,,18.0,29.0,0.0,0.0,0.0,0.0,0.0,0.0,0.0,0.0,0.0,0.43,moderate,0.0,0.0,0.0,0
2026-07-26T07:00:10.725118,06/09 08:15,20.6,0.0,,,,18.0,29.0,0.0,0.0,0.0,0.0,0.0,0.0,0.0,0.0,0.0,0.43,moderate,0.0,0.0,0.0,0
2026-07-26T07:00:10.745116,06/09 09:15,21.15,0.0,,,,18.0,29.0,0.0,0.0,0.0,0.0,0.0,0.0,0.0,0.0,0.0,0.43,moderate,0.0,0.0,0.0,0
2026-07-26T07:00:10.767118,06/09 10:15,23.62,0.0,,,,18.0,29.0,0.0,0.0,0.0,0.0,0.0,0.0,0.0,0.0,0.0,0.3,low,0.0,0.0,0.0,0
2026-07-26T07:00:10.786114,06/09 11:15,26.25,0.0,,,,18.0,29.0,0.0,0.0,0.0,0.0,0.0,0.0,0.0,0.0,0.0,0.3,low,0.0,0.0,0.0,0
2026-07-26T07:00:10.805114,06/09 12:15,26.42,0.0,,,,18.0,29.0,0.0,0.0,0.0,0.0,0.0,0.0,0.0,0.0,0.0,0.3,low,0.0,0.0,0.0,0
2026-07-26T07:00:28.286293,06/09 13:15,25.45,0.0,,,,18.0,29.0,0.0,0.0,0.0,0.0,0.0,0.0,0.0,0.0,0.0,0.3,low,0.0,0.0,0.0,0
2026-07-26T07:00:28.308298,06/09 14:15,24.85,0.0,,,,18.0,29.0,0.0,0.0,0.0,0.0,0.0,0.0,0.0,0.0,0.0,0.3,low,0.0,0.0,0.0,0
2026-07-26T07:00:28.329293,06/09 15:23,24.4,0.0,,,,18.0,29.0,0.0,0.0,0.0,0.0,0.0,0.0,0.0,0.0,0.0,0.3,low,0.0,0.0,0.0,0
2026-07-26T07:00:28.350298,06/09 16:15,24.12,0.0,,,,18.0,29.0,0.0,0.0,0.0,0.0,0.0,0.0,0.0,0.0,0.0,0.55,high,0.0,0.0,0.0,0
2026-07-26T07:00:28.368292,06/09 17:15,22.75,0.0,,,,18.0,29.0,0.0,0.0,0.0,0.0,0.0,0.0,0.0,0.0,0.0,0.55,high,0.0,0.0,0.0,0
2026-07-26T07:00:28.386292,06/09 18:23,20.98,0.0,,,,18.0,29.0,0.0,0.0,0.0,0.0,0.0,0.0,0.0,0.0,0.0,0.55,high,0.0,0.0,0.0,0
2026-07-26T07:00:46.672334,06/09 19:23,20.45,0.0,,,,18.0,29.0,0.0,0.0,0.0,0.0,0.0,0.0,0.0,0.0,0.0,0.55,high,0.0,0.0,0.0,0
2026-07-26T07:00:46.693337,06/09 20:15,20.15,0.0,,,,18.0,29.0,0.0,0.0,0.0,0.0,0.0,0.0,0.0,0.0,0.0,0.55,high,0.0,0.0,0.0,0
2026-07-26T07:00:46.714333,06/09 21:15,20.45,0.0,,,,18.0,29.0,0.0,0.0,0.0,0.0,0.0,0.0,0.0,0.0,0.0,0.4,moderate,0.0,0.0,0.0,0
2026-07-26T07:00:46.733334,06/09 22:15,20.0,0.0,,,,18.0,29.0,0.0,0.0,0.0,0.0,0.0,0.0,0.0,0.0,0.0,0.4,moderate,0.0,0.0,0.0,0
2026-07-26T07:00:46.751335,06/09 23:15,20.15,0.0,,,,18.0,29.0,0.0,0.0,0.0,0.0,0.0,0.0,0.0,0.0,0.0,0.4,moderate,0.0,0.0,0.0,0
2026-07-26T07:00:46.770340,06/10 00:15,20.73,0.0,,,,18.0,29.0,0.0,0.0,0.0,0.0,0.0,0.0,0.0,0.0,0.0,0.34,low,0.0,0.0,0.0,0
2026-07-26T07:01:04.357828,06/10 01:15,21.1,0.0,,,,18.0,29.0,0.0,0.0,0.0,0.0,0.0,0.0,0.0,0.0,0.0,0.34,low,0.0,0.0,0.0,0
2026-07-26T07:01:04.377665,06/10 02:15,21.53,0.0,,,,18.0,29.0,0.0,0.0,0.0,0.0,0.0,0.0,0.0,0.0,0.0,0.34,low,0.0,0.0,0.0,0
2026-07-26T07:01:04.396938,06/10 03:15,22.65,0.0,,,,18.0,29.0,0.0,0.0,0.0,0.0,0.0,0.0,0.0,0.0,0.0,0.34,low,0.0,0.0,0.0,0
2026-07-26T07:01:04.413938,06/10 04:15,22.2,0.0,,,,18.0,29.0,0.0,0.0,0.0,0.0,0.0,0.0,0.0,0.0,0.0,0.34,low,0.0,0.0,0.0,0
2026-07-26T07:01:04.430938,06/10 05:15,22.2,0.0,,,,18.0,29.0,0.0,0.0,0.0,0.0,0.0,0.0,0.0,0.0,0.0,0.34,low,0.0,0.0,0.0,0
2026-07-26T07:01:04.447936,06/10 06:15,22.47,0.0,,,,18.0,29.0,0.0,0.0,0.0,0.0,0.0,0.0,0.0,0.0,0.0,0.43,moderate,0.0,0.0,0.0,0
2026-07-26T07:01:22.169088,06/10 07:15,22.48,0.0,,,,18.0,29.0,0.3764,0.094094,0.64506,0.094094,0.109202,0.0,0.0,2.620696,0.094094,0.43,moderate,0.04046,0.0,0.04046,0
2026-07-26T07:01:22.191088,06/10 08:15,19.57,0.0,,,,18.0,29.0,0.3764,0.094094,0.412903,0.094094,0.074633,0.0,0.0,1.570168,0.094094,0.43,moderate,0.04046,0.0,0.04046,0
2026-07-26T07:01:22.213087,06/10 09:23,17.62,52.0,22.54,21.76,23.22,18.0,29.0,0.3764,0.094094,0.322707,0.094094,0.068059,0.0,0.0,1.124851,0.094094,0.43,moderate,0.04046,0.0,0.04046,0
2026-07-26T07:01:22.233080,06/10 10:15,15.72,52.0,23.89,22.97,24.63,18.0,29.0,0.3764,0.094094,0.220474,0.094094,0.064143,0.0,0.0,0.582925,0.094094,0.3,low,0.028228,0.0,0.028228,0
2026-07-26T07:01:22.252080,06/10 11:15,16.1,52.0,24.48,23.55,25.27,18.0,29.0,0.3764,0.094094,0.206723,0.094094,0.069775,0.0,0.0,0.519249,0.094094,0.3,low,0.028228,0.0,0.028228,0
2026-07-26T07:01:22.270084,06/10 12:15,16.1,41.6,24.63,23.72,25.45,18.0,29.0,0.3764,0.094094,0.208256,0.094094,0.069814,0.0,0.0,0.528631,0.094094,0.3,low,0.028228,0.0,0.028228,0
2026-07-26T07:01:40.980164,06/10 13:15,15.98,20.8,24.33,23.5,25.19,20.0,27.0,0.3764,0.094094,0.209153,0.094094,0.069814,0.0,0.0,0.533394,0.094094,0.3,low,0.028228,0.0,0.028228,0
2026-07-26T07:01:41.001171,06/10 14:15,15.72,41.6,24.73,23.93,25.56,20.0,27.0,0.3764,0.094094,0.202861,0.094094,0.068641,0.0,0.0,0.499475,0.094094,0.3,low,0.028228,0.0,0.028228,0
2026-07-26T07:01:41.023163,06/10 15:15,16.1,52.0,24.89,24.14,25.66,20.0,27.0,0.3764,0.094094,0.211198,0.094094,0.070387,0.0,0.0,0.545044,0.094094,0.3,low,0.028228,0.0,0.028228,0
2026-07-26T07:01:41.046163,06/10 16:15,16.1,52.0,24.52,23.66,25.57,20.0,27.0,0.3764,0.094094,0.211912,0.094094,0.071438,0.0,0.0,0.546667,0.094094,0.55,high,0.051752,0.0,0.051752,0
2026-07-26T07:01:41.064168,06/10 17:15,16.1,52.0,24.18,23.42,25.22,20.0,27.0,0.3764,0.094094,0.21171,0.094094,0.072198,0.0,0.0,0.544891,0.094094,0.55,high,0.051752,0.0,0.051752,0
2026-07-26T07:01:41.085163,06/10 18:15,16.1,52.0,23.88,23.05,25.11,20.0,27.0,0.3764,0.094094,0.211202,0.094094,0.072198,0.0,0.0,0.542281,0.094094,0.55,high,0.051752,0.0,0.051752,0
2026-07-26T07:02:00.648767,06/10 19:15,16.1,26.0,22.46,21.68,23.69,20.0,26.0,0.3764,0.094094,0.208945,0.094094,0.074645,0.0,0.0,0.526849,0.094094,0.55,high,0.051752,0.0,0.051752,0
2026-07-26T07:02:00.669767,06/10 20:15,15.55,0.0,,,,20.0,26.0,0.3764,0.094094,0.201431,0.094094,0.057991,0.0,0.0,0.505328,0.094094,0.55,high,0.051752,0.0,0.051752,0
2026-07-26T07:02:00.688775,06/10 21:15,13.35,0.0,,,,20.0,26.0,0.0,0.0,0.0,0.0,0.0,0.0,0.0,0.0,0.0,0.4,moderate,0.0,0.0,0.0,0
2026-07-26T07:02:00.708055,06/10 22:15,11.82,0.0,,,,20.0,26.0,0.0,0.0,0.0,0.0,0.0,0.0,0.0,0.0,0.0,0.4,moderate,0.0,0.0,0.0,0
2026-07-26T07:02:00.725057,06/10 23:15,12.47,0.0,,,,20.0,26.0,0.0,0.0,0.0,0.0,0.0,0.0,0.0,0.0,0.0,0.4,moderate,0.0,0.0,0.0,0
2026-07-26T07:02:00.743059,06/11 00:15,13.3,0.0,,,,20.0,26.0,0.0,0.0,0.0,0.0,0.0,0.0,0.0,0.0,0.0,0.34,low,0.0,0.0,0.0,0
2026-07-26T07:02:18.664831,06/11 01:15,13.3,0.0,,,,18.0,28.0,0.0,0.0,0.0,0.0,0.0,0.0,0.0,0.0,0.0,0.34,low,0.0,0.0,0.0,0
2026-07-26T07:02:18.684826,06/11 02:15,13.3,0.0,,,,18.0,28.0,0.0,0.0,0.0,0.0,0.0,0.0,0.0,0.0,0.0,0.34,low,0.0,0.0,0.0,0
2026-07-26T07:02:18.704824,06/11 03:15,13.3,0.0,,,,18.0,28.0,0.0,0.0,0.0,0.0,0.0,0.0,0.0,0.0,0.0,0.34,low,0.0,0.0,0.0,0
2026-07-26T07:02:18.722823,06/11 04:15,13.18,0.0,,,,18.0,28.0,0.0,0.0,0.0,0.0,0.0,0.0,0.0,0.0,0.0,0.34,low,0.0,0.0,0.0,0
2026-07-26T07:02:18.742826,06/11 05:15,13.5,0.0,,,,18.0,28.0,0.0,0.0,0.0,0.0,0.0,0.0,0.0,0.0,0.0,0.34,low,0.0,0.0,0.0,0
2026-07-26T07:02:18.759825,06/11 06:23,16.15,0.0,,,,18.0,28.0,0.0,0.0,0.0,0.0,0.0,0.0,0.0,0.0,0.0,0.43,moderate,0.0,0.0,0.0,0
2026-07-26T07:02:36.052387,06/11 07:23,18.2,0.0,,,,18.0,29.0,0.3764,0.094094,0.211302,0.094094,0.037684,0.0,0.0,0.578857,0.094094,0.43,moderate,0.04046,0.0,0.04046,0
2026-07-26T07:02:36.075389,06/11 08:23,19.82,0.0,,,,18.0,29.0,0.3764,0.094094,0.249487,0.094094,0.043843,0.0,0.0,0.771733,0.094094,0.43,moderate,0.04046,0.0,0.04046,0
2026-07-26T07:02:36.098627,06/11 09:23,21.53,52.0,23.63,21.83,25.55,18.0,29.0,0.3764,0.094094,0.312278,0.094094,0.061492,0.0,0.0,1.068498,0.094094,0.43,moderate,0.04046,0.0,0.04046,0
2026-07-26T07:02:36.120630,06/11 10:23,22.93,52.0,25.2,23.36,27.17,18.0,29.0,0.3764,0.094094,0.337063,0.094094,0.07909,0.0,0.0,1.164646,0.094094,0.3,low,0.028228,0.0,0.028228,1
2026-07-26T07:02:36.141991,06/11 11:23,23.58,52.0,25.81,24.1,27.36,18.0,29.0,0.3764,0.094094,0.354953,0.094094,0.086623,0.0,0.0,1.251329,0.094094,0.3,low,0.028228,0.0,0.028228,1
2026-07-26T07:02:36.160988,06/11 12:23,24.55,41.6,25.87,24.38,26.66,18.0,29.0,0.3764,0.094094,0.350676,0.094094,0.085008,0.0,0.0,1.219627,0.094094,0.3,low,0.028228,0.0,0.028228,1
2026-07-26T07:02:54.692260,06/11 13:15,25.15,20.8,25.54,24.33,26.31,20.0,27.0,0.3764,0.094094,0.365309,0.094094,0.092892,0.0,0.0,1.277575,0.094094,0.3,low,0.028228,0.0,0.028228,1
2026-07-26T07:02:54.712258,06/11 14:15,25.6,41.6,26.14,25.35,26.98,20.0,27.0,0.3764,0.094094,0.411356,0.094094,0.091557,0.0,0.0,1.505226,0.094094,0.3,low,0.028228,0.0,0.028228,1
2026-07-26T07:02:54.732255,06/11 15:15,25.6,52.0,26.42,25.81,27.0,20.0,27.0,0.3779,0.094471,0.406568,0.094471,0.089412,0.0,0.0,1.476213,0.094471,0.3,low,0.028341,0.0,0.028341,1
2026-07-26T07:02:54.755825,06/11 16:15,25.45,52.0,26.33,25.46,26.92,20.0,27.0,0.3764,0.094094,0.381615,0.094094,0.088435,0.0,0.0,1.355723,0.094094,0.55,high,0.051752,0.0,0.051752,1
2026-07-26T07:02:54.775971,06/11 17:15,24.85,52.0,25.88,24.85,26.31,20.0,27.0,0.3764,0.094094,0.370128,0.094094,0.087908,0.0,0.0,1.306693,0.094094,0.55,high,0.051752,0.0,0.051752,1
2026-07-26T07:02:54.793595,06/11 18:15,24.12,52.0,25.43,24.35,25.92,20.0,27.0,0.3764,0.094094,0.357575,0.094094,0.085015,0.0,0.0,1.253914,0.094094,0.55,high,0.051752,0.0,0.051752,0
2026-07-26T07:03:15.246244,06/11 19:23,22.48,26.0,23.82,22.87,24.42,20.0,26.0,0.3764,0.094094,0.333814,0.094094,0.084008,0.0,0.0,1.143132,0.094094,0.55,high,0.051752,0.0,0.051752,0
2026-07-26T07:03:15.270247,06/11 20:23,19.02,0.0,,,,20.0,26.0,0.3764,0.094094,0.268753,0.094094,0.074518,0.0,0.0,0.853463,0.094094,0.55,high,0.051752,0.0,0.051752,0
2026-07-26T07:03:15.291245,06/11 21:15,15.98,0.0,,,,20.0,26.0,0.0,0.0,0.0,0.0,0.0,0.0,0.0,0.0,0.0,0.4,moderate,0.0,0.0,0.0,0
2026-07-26T07:03:15.309251,06/11 22:15,15.3,0.0,,,,20.0,26.0,0.0,0.0,0.0,0.0,0.0,0.0,0.0,0.0,0.0,0.4,moderate,0.0,0.0,0.0,0
2026-07-26T07:03:15.327243,06/11 23:15,14.4,0.0,,,,20.0,26.0,0.0,0.0,0.0,0.0,0.0,0.0,0.0,0.0,0.0,0.4,moderate,0.0,0.0,0.0,0
2026-07-26T07:03:15.345244,06/12 00:15,14.55,0.0,,,,20.0,26.0,0.0,0.0,0.0,0.0,0.0,0.0,0.0,0.0,0.0,0.34,low,0.0,0.0,0.0,0
2026-07-26T07:03:32.971684,06/12 01:15,14.57,0.0,,,,18.0,28.0,0.0,0.0,0.0,0.0,0.0,0.0,0.0,0.0,0.0,0.34,low,0.0,0.0,0.0,0
2026-07-26T07:03:32.994685,06/12 02:15,13.58,0.0,,,,18.0,28.0,0.0,0.0,0.0,0.0,0.0,0.0,0.0,0.0,0.0,0.34,low,0.0,0.0,0.0,0
2026-07-26T07:03:33.013686,06/12 03:15,14.0,0.0,,,,18.0,28.0,0.0,0.0,0.0,0.0,0.0,0.0,0.0,0.0,0.0,0.34,low,0.0,0.0,0.0,0
2026-07-26T07:03:33.031690,06/12 04:15,12.8,0.0,,,,18.0,28.0,0.0,0.0,0.0,0.0,0.0,0.0,0.0,0.0,0.0,0.34,low,0.0,0.0,0.0,0
2026-07-26T07:03:33.049682,06/12 05:23,13.08,0.0,,,,18.0,28.0,0.0,0.0,0.0,0.0,0.0,0.0,0.0,0.0,0.0,0.34,low,0.0,0.0,0.0,0
2026-07-26T07:03:33.068683,06/12 06:23,14.6,0.0,,,,18.0,28.0,0.0,0.0,0.0,0.0,0.0,0.0,0.0,0.0,0.0,0.43,moderate,0.0,0.0,0.0,0
2026-07-26T07:03:50.858891,06/12 07:23,17.25,0.0,,,,18.0,29.0,0.3764,0.094094,0.196131,0.094094,0.03843,0.0,0.0,0.502577,0.094094,0.43,moderate,0.04046,0.0,0.04046,0
2026-07-26T07:03:50.883890,06/12 08:15,19.17,0.0,,,,18.0,29.0,0.3764,0.094094,0.233223,0.094094,0.044582,0.0,0.0,0.684622,0.094094,0.43,moderate,0.04046,0.0,0.04046,0
2026-07-26T07:03:50.905889,06/12 09:23,20.43,52.0,23.74,21.65,25.99,18.0,29.0,0.3764,0.094094,0.257568,0.094094,0.053498,0.0,0.0,0.801442,0.094094,0.43,moderate,0.04046,0.0,0.04046,0
2026-07-26T07:03:50.927890,06/12 10:23,21.27,52.0,25.16,23.22,27.04,18.0,29.0,0.3764,0.094094,0.29444,0.094094,0.07096,0.0,0.0,0.963918,0.094094,0.3,low,0.028228,0.0,0.028228,1
2026-07-26T07:03:50.947893,06/12 11:23,19.73,52.0,25.65,23.99,26.91,18.0,29.0,0.3764,0.094094,0.273221,0.094094,0.080877,0.0,0.0,0.852802,0.094094,0.3,low,0.028228,0.0,0.028228,1
2026-07-26T07:03:50.965889,06/12 12:15,18.9,41.6,25.51,24.11,26.25,18.0,29.0,0.3764,0.094094,0.258929,0.094094,0.083976,0.0,0.0,0.779387,0.094094,0.3,low,0.028228,0.0,0.028228,1
2026-07-26T07:04:09.707107,06/12 13:15,19.72,20.8,25.13,23.98,25.9,20.0,27.0,0.3764,0.094094,0.259582,0.094094,0.083976,0.0,0.0,0.786258,0.094094,0.3,low,0.028228,0.0,0.028228,0
2026-07-26T07:04:09.729113,06/12 14:15,22.2,41.6,25.72,25.08,26.42,20.0,27.0,0.3764,0.094094,0.313933,0.094094,0.086389,0.0,0.0,1.057622,0.094094,0.3,low,0.028228,0.0,0.028228,1
2026-07-26T07:04:09.746104,06/12 15:15,22.2,52.0,26.11,25.21,26.58,20.0,27.0,0.3764,0.094094,0.317801,0.094094,0.08783,0.0,0.0,1.068883,0.094094,0.3,low,0.028228,0.0,0.028228,1
2026-07-26T07:04:09.766105,06/12 16:15,21.8,52.0,26.18,24.97,26.96,20.0,27.0,0.3764,0.094102,0.31196,0.094102,0.077824,0.0,0.0,1.076073,0.094102,0.55,high,0.051756,0.0,0.051756,1
2026-07-26T07:04:09.785345,06/12 17:15,20.3,52.0,25.58,24.38,26.18,20.0,27.0,0.3764,0.094094,0.291142,0.094094,0.075399,0.0,0.0,0.949226,0.094094,0.55,high,0.051752,0.0,0.051752,1
2026-07-26T07:04:09.804345,06/12 18:15,19.12,52.0,25.02,23.89,25.8,20.0,27.0,0.3764,0.094094,0.27034,0.094094,0.073584,0.0,0.0,0.847825,0.094094,0.55,high,0.051752,0.0,0.051752,0
2026-07-26T07:04:28.820367,06/12 19:23,18.03,26.0,23.43,22.41,24.28,20.0,26.0,0.3764,0.094094,0.24742,0.094094,0.067838,0.0,0.0,0.735677,0.094094,0.55,high,0.051752,0.0,0.051752,0
2026-07-26T07:04:28.843713,06/12 20:23,16.92,0.0,,,,20.0,26.0,0.3764,0.094094,0.226256,0.094094,0.070246,0.0,0.0,0.621012,0.094094,0.55,high,0.051752,0.0,0.051752,0
2026-07-26T07:04:28.864168,06/12 21:15,15.98,0.0,,,,20.0,26.0,0.0,0.0,0.0,0.0,0.0,0.0,0.0,0.0,0.0,0.4,moderate,0.0,0.0,0.0,0
2026-07-26T07:04:28.881180,06/12 22:15,15.45,0.0,,,,20.0,26.0,0.0,0.0,0.0,0.0,0.0,0.0,0.0,0.0,0.0,0.4,moderate,0.0,0.0,0.0,0
2026-07-26T07:04:28.898984,06/12 23:15,15.0,0.0,,,,20.0,26.0,0.0,0.0,0.0,0.0,0.0,0.0,0.0,0.0,0.0,0.4,moderate,0.0,0.0,0.0,0
2026-07-26T07:04:28.915819,06/13 00:15,14.57,0.0,,,,20.0,26.0,0.0,0.0,0.0,0.0,0.0,0.0,0.0,0.0,0.0,0.34,low,0.0,0.0,0.0,0
2026-07-26T07:04:47.500746,06/13 01:15,13.3,0.0,,,,18.0,28.0,0.0,0.0,0.0,0.0,0.0,0.0,0.0,0.0,0.0,0.34,low,0.0,0.0,0.0,0
2026-07-26T07:04:47.518741,06/13 02:15,13.73,0.0,,,,18.0,28.0,0.0,0.0,0.0,0.0,0.0,0.0,0.0,0.0,0.0,0.34,low,0.0,0.0,0.0,0
2026-07-26T07:04:47.537739,06/13 03:15,15.15,0.0,,,,18.0,28.0,0.0,0.0,0.0,0.0,0.0,0.0,0.0,0.0,0.0,0.34,low,0.0,0.0,0.0,0
2026-07-26T07:04:47.555739,06/13 04:15,15.72,0.0,,,,18.0,28.0,0.0,0.0,0.0,0.0,0.0,0.0,0.0,0.0,0.0,0.34,low,0.0,0.0,0.0,0
2026-07-26T07:04:47.575747,06/13 05:15,16.1,0.0,,,,18.0,28.0,0.0,0.0,0.0,0.0,0.0,0.0,0.0,0.0,0.0,0.34,low,0.0,0.0,0.0,0
2026-07-26T07:04:47.593740,06/13 06:15,16.38,0.0,,,,18.0,28.0,0.0,0.0,0.0,0.0,0.0,0.0,0.0,0.0,0.0,0.43,moderate,0.0,0.0,0.0,0
2026-07-26T07:05:04.531159,06/13 07:23,17.75,0.0,,,,18.0,29.0,0.3764,0.094094,0.23477,0.094094,0.047244,0.0,0.0,0.703653,0.094094,0.43,moderate,0.04046,0.0,0.04046,0
2026-07-26T07:05:04.554160,06/13 08:23,19.82,0.0,,,,18.0,29.0,0.3764,0.094094,0.313304,0.094094,0.053011,0.0,0.0,1.105136,0.094094,0.43,moderate,0.04046,0.0,0.04046,0
2026-07-26T07:05:04.577169,06/13 09:23,21.38,52.0,23.5,21.84,25.06,18.0,29.0,0.3764,0.094094,0.386827,0.094094,0.069575,0.0,0.0,1.437935,0.094094,0.43,moderate,0.04046,0.0,0.04046,0
2026-07-26T07:05:04.598160,06/13 10:23,22.2,52.0,24.79,23.3,25.78,18.0,29.0,0.3764,0.094094,0.413602,0.094094,0.089138,0.0,0.0,1.543152,0.094094,0.3,low,0.028228,0.0,0.028228,0
2026-07-26T07:05:04.619355,06/13 11:23,22.35,52.0,25.37,24.01,26.23,18.0,29.0,0.3764,0.094094,0.417797,0.094094,0.095454,0.0,0.0,1.564874,0.094094,0.3,low,0.028228,0.0,0.028228,1
2026-07-26T07:05:04.638355,06/13 12:15,22.65,41.6,25.46,24.27,26.36,18.0,29.0,0.3764,0.094094,0.435026,0.094094,0.097065,0.0,0.0,1.642421,0.094094,0.3,low,0.028228,0.0,0.028228,1
2026-07-26T07:05:23.701052,06/13 13:15,21.65,20.8,25.1,24.08,26.06,20.0,27.0,0.3764,0.094094,0.457111,0.094094,0.10007,0.0,0.0,1.75465,0.094094,0.3,low,0.028228,0.0,0.028228,1
2026-07-26T07:05:23.720413,06/13 14:15,20.55,41.6,25.36,24.47,26.21,20.0,27.0,0.3764,0.094094,0.397704,0.094094,0.092777,0.0,0.0,1.48303,0.094094,0.3,low,0.028228,0.0,0.028228,1
2026-07-26T07:05:23.740752,06/13 15:15,22.35,52.0,25.72,24.96,26.4,20.0,27.0,0.3764,0.094094,0.438919,0.094094,0.097288,0.0,0.0,1.669281,0.094094,0.3,low,0.028228,0.0,0.028228,1
2026-07-26T07:05:23.758427,06/13 16:15,22.8,52.0,25.75,24.84,26.33,20.0,27.0,0.3764,0.094094,0.463623,0.094094,0.098954,0.0,0.0,1.780049,0.094094,0.55,high,0.051752,0.0,0.051752,1
2026-07-26T07:05:23.776431,06/13 17:15,22.65,52.0,25.54,24.43,26.08,20.0,27.0,0.3764,0.094094,0.465894,0.094094,0.098954,0.0,0.0,1.789937,0.094094,0.55,high,0.051752,0.0,0.051752,1
2026-07-26T07:05:23.792681,06/13 18:15,22.07,52.0,25.35,23.99,26.4,20.0,27.0,0.3764,0.094094,0.451852,0.094094,0.097302,0.0,0.0,1.729313,0.094094,0.55,high,0.051752,0.0,0.051752,1
2026-07-26T07:05:43.057125,06/13 19:15,21.42,26.0,23.85,22.57,24.83,20.0,25.0,0.3764,0.094094,0.407554,0.094094,0.092654,0.0,0.0,1.516081,0.094094,0.55,high,0.051752,0.0,0.051752,0
2026-07-26T07:05:43.077596,06/13 20:23,20.45,0.0,,,,20.0,25.0,0.3764,0.094094,0.378277,0.094094,0.090697,0.0,0.0,1.383916,0.094094,0.55,high,0.051752,0.0,0.051752,0
2026-07-26T07:05:43.099593,06/13 21:15,19.73,0.0,,,,20.0,25.0,0.0,0.0,0.0,0.0,0.0,0.0,0.0,0.0,0.0,0.4,moderate,0.0,0.0,0.0,0
2026-07-26T07:05:43.115593,06/13 22:15,18.75,0.0,,,,20.0,25.0,0.0,0.0,0.0,0.0,0.0,0.0,0.0,0.0,0.0,0.4,moderate,0.0,0.0,0.0,0
2026-07-26T07:05:43.133593,06/13 23:15,18.3,0.0,,,,20.0,25.0,0.0,0.0,0.0,0.0,0.0,0.0,0.0,0.0,0.0,0.4,moderate,0.0,0.0,0.0,0
2026-07-26T07:05:43.149593,06/14 00:15,18.18,0.0,,,,20.0,25.0,0.0,0.0,0.0,0.0,0.0,0.0,0.0,0.0,0.0,0.34,low,0.0,0.0,0.0,0
2026-07-26T07:05:59.664690,06/14 01:15,17.8,0.0,,,,18.0,27.0,0.0,0.0,0.0,0.0,0.0,0.0,0.0,0.0,0.0,0.34,low,0.0,0.0,0.0,0
2026-07-26T07:05:59.683930,06/14 02:15,17.8,0.0,,,,18.0,27.0,0.0,0.0,0.0,0.0,0.0,0.0,0.0,0.0,0.0,0.34,low,0.0,0.0,0.0,0
2026-07-26T07:05:59.703923,06/14 03:15,17.65,0.0,,,,18.0,27.0,0.0,0.0,0.0,0.0,0.0,0.0,0.0,0.0,0.0,0.34,low,0.0,0.0,0.0,0
2026-07-26T07:05:59.721922,06/14 04:15,17.35,0.0,,,,18.0,27.0,0.0,0.0,0.0,0.0,0.0,0.0,0.0,0.0,0.0,0.34,low,0.0,0.0,0.0,0
2026-07-26T07:05:59.738925,06/14 05:15,17.93,0.0,,,,18.0,27.0,0.0,0.0,0.0,0.0,0.0,0.0,0.0,0.0,0.0,0.34,low,0.0,0.0,0.0,0
2026-07-26T07:05:59.754420,06/14 06:15,18.88,0.0,,,,18.0,27.0,0.0,0.0,0.0,0.0,0.0,0.0,0.0,0.0,0.0,0.43,moderate,0.0,0.0,0.0,0
2026-07-26T07:06:16.085429,06/14 07:15,21.0,0.0,,,,18.0,29.0,0.3764,0.094094,0.387061,0.094094,0.072051,0.0,0.0,1.454267,0.094094,0.43,moderate,0.04046,0.0,0.04046,0
2026-07-26T07:06:16.106422,06/14 08:15,22.62,0.0,,,,18.0,29.0,0.3764,0.094094,0.432773,0.094094,0.074549,0.0,0.0,1.661675,0.094094,0.43,moderate,0.04046,0.0,0.04046,0
2026-07-26T07:06:16.127423,06/14 09:23,24.32,52.0,23.62,22.28,24.82,18.0,29.0,0.3764,0.094094,0.514692,0.094094,0.092556,0.0,0.0,2.014764,0.094094,0.43,moderate,0.04046,0.0,0.04046,0
2026-07-26T07:06:16.147424,06/14 10:23,25.88,52.0,25.04,23.73,26.08,18.0,29.0,0.3764,0.094094,0.57603,0.094094,0.111621,0.0,0.0,2.250082,0.094094,0.3,low,0.028228,0.0,0.028228,1
2026-07-26T07:06:16.168422,06/14 11:23,26.82,52.0,25.67,24.47,26.66,18.0,29.0,0.3764,0.094094,0.605853,0.094094,0.117185,0.0,0.0,2.364847,0.094094,0.3,low,0.028228,0.0,0.028228,1
2026-07-26T07:06:16.186423,06/14 12:15,27.47,41.6,25.9,24.76,26.88,18.0,29.0,0.3764,0.094094,0.61845,0.094094,0.117913,0.0,0.0,2.40949,0.094094,0.3,low,0.028228,0.0,0.028228,1
2026-07-26T07:06:34.773223,06/14 13:15,28.73,20.8,25.63,24.64,26.65,20.0,27.0,0.3764,0.094094,0.677431,0.094094,0.124224,0.0,0.0,2.639426,0.094094,0.3,low,0.028228,0.0,0.028228,1
2026-07-26T07:06:34.796230,06/14 14:15,30.0,41.6,26.29,25.76,27.0,20.0,27.0,0.3785,0.094621,0.716054,0.094621,0.125149,0.0,0.0,2.758023,0.094621,0.3,low,0.028386,0.0,0.028386,1
2026-07-26T07:06:34.817232,06/14 15:15,29.85,52.0,26.65,25.88,27.0,20.0,27.0,0.3813,0.095333,0.699715,0.095333,0.118561,0.0,0.0,2.694287,0.095333,0.3,low,0.0286,0.0,0.0286,1
2026-07-26T07:06:34.836225,06/14 16:15,29.55,52.0,26.64,25.72,27.0,20.0,27.0,0.3816,0.095407,0.674399,0.095407,0.114797,0.0,0.0,2.603841,0.095407,0.55,high,0.052474,0.0,0.052474,1
2026-07-26T07:06:34.855222,06/14 17:15,29.85,52.0,26.38,25.24,27.0,20.0,27.0,0.3781,0.094524,0.642777,0.094524,0.113758,0.0,0.0,2.453482,0.094524,0.55,high,0.051988,0.0,0.051988,1
2026-07-26T07:06:34.873222,06/14 18:15,29.27,52.0,26.07,24.83,26.79,20.0,27.0,0.3764,0.094094,0.595389,0.094094,0.110237,0.0,0.0,2.264334,0.094094,0.55,high,0.051752,0.0,0.051752,1
2026-07-26T07:06:54.254486,06/14 19:15,28.35,26.0,24.47,23.42,24.85,20.0,25.0,0.3764,0.094094,0.535404,0.094094,0.104526,0.0,0.0,2.010668,0.094094,0.55,high,0.051752,0.0,0.051752,0
2026-07-26T07:06:54.275486,06/14 20:23,26.42,0.0,,,,20.0,25.0,0.3764,0.094094,0.484671,0.094094,0.10062,0.0,0.0,1.820141,0.094094,0.55,high,0.051752,0.0,0.051752,0
2026-07-26T07:06:54.292491,06/14 21:15,25.73,0.0,,,,20.0,25.0,0.0,0.0,0.0,0.0,0.0,0.0,0.0,0.0,0.0,0.4,moderate,0.0,0.0,0.0,0
2026-07-26T07:06:54.310487,06/14 22:15,26.1,0.0,,,,20.0,25.0,0.0,0.0,0.0,0.0,0.0,0.0,0.0,0.0,0.0,0.4,moderate,0.0,0.0,0.0,0
2026-07-26T07:06:54.327489,06/14 23:15,25.83,0.0,,,,20.0,25.0,0.0,0.0,0.0,0.0,0.0,0.0,0.0,0.0,0.0,0.4,moderate,0.0,0.0,0.0,0
2026-07-26T07:06:54.345489,06/15 00:15,25.0,0.0,,,,20.0,25.0,0.0,0.0,0.0,0.0,0.0,0.0,0.0,0.0,0.0,0.34,low,0.0,0.0,0.0,0
2026-07-26T07:07:11.308856,06/15 01:15,24.73,0.0,,,,18.0,27.0,0.0,0.0,0.0,0.0,0.0,0.0,0.0,0.0,0.0,0.34,low,0.0,0.0,0.0,0
2026-07-26T07:07:11.331854,06/15 02:15,23.75,0.0,,,,18.0,27.0,0.0,0.0,0.0,0.0,0.0,0.0,0.0,0.0,0.0,0.34,low,0.0,0.0,0.0,0
2026-07-26T07:07:11.351857,06/15 03:15,23.18,0.0,,,,18.0,27.0,0.0,0.0,0.0,0.0,0.0,0.0,0.0,0.0,0.0,0.34,low,0.0,0.0,0.0,0
2026-07-26T07:07:11.372861,06/15 04:15,22.65,0.0,,,,18.0,27.0,0.0,0.0,0.0,0.0,0.0,0.0,0.0,0.0,0.0,0.34,low,0.0,0.0,0.0,0
2026-07-26T07:07:11.391855,06/15 05:23,22.35,0.0,,,,18.0,27.0,0.0,0.0,0.0,0.0,0.0,0.0,0.0,0.0,0.0,0.34,low,0.0,0.0,0.0,0
2026-07-26T07:07:11.412855,06/15 06:23,23.2,0.0,,,,18.0,27.0,0.0,0.0,0.0,0.0,0.0,0.0,0.0,0.0,0.0,0.43,moderate,0.0,0.0,0.0,0
2026-07-26T07:07:28.068830,06/15 07:23,24.7,0.0,,,,18.0,29.0,0.0,0.0,0.0,0.0,0.0,0.0,0.0,0.0,0.0,0.43,moderate,0.0,0.0,0.0,0
2026-07-26T07:07:28.091838,06/15 08:23,25.88,0.0,,,,18.0,29.0,0.0,0.0,0.0,0.0,0.0,0.0,0.0,0.0,0.0,0.43,moderate,0.0,0.0,0.0,0
2026-07-26T07:07:28.111838,06/15 09:23,27.1,0.0,,,,18.0,29.0,0.0,0.0,0.0,0.0,0.0,0.0,0.0,0.0,0.0,0.43,moderate,0.0,0.0,0.0,0
2026-07-26T07:07:28.128829,06/15 10:15,28.58,0.0,,,,18.0,29.0,0.0,0.0,0.0,0.0,0.0,0.0,0.0,0.0,0.0,0.3,low,0.0,0.0,0.0,0
2026-07-26T07:07:28.146828,06/15 11:15,29.55,0.0,,,,18.0,29.0,0.0,0.0,0.0,0.0,0.0,0.0,0.0,0.0,0.0,0.3,low,0.0,0.0,0.0,0
2026-07-26T07:07:28.164827,06/15 12:23,30.27,0.0,,,,18.0,29.0,0.0,0.0,0.0,0.0,0.0,0.0,0.0,0.0,0.0,0.3,low,0.0,0.0,0.0,0
2026-07-26T07:07:45.666572,06/15 13:15,31.25,0.0,,,,18.0,29.0,0.0,0.0,0.0,0.0,0.0,0.0,0.0,0.0,0.0,0.3,low,0.0,0.0,0.0,0
2026-07-26T07:07:45.685569,06/15 14:23,31.7,0.0,,,,18.0,29.0,0.0,0.0,0.0,0.0,0.0,0.0,0.0,0.0,0.0,0.3,low,0.0,0.0,0.0,0
2026-07-26T07:07:45.703571,06/15 15:23,31.7,0.0,,,,18.0,29.0,0.0,0.0,0.0,0.0,0.0,0.0,0.0,0.0,0.0,0.3,low,0.0,0.0,0.0,0
2026-07-26T07:07:45.721573,06/15 16:23,31.55,0.0,,,,18.0,29.0,0.0,0.0,0.0,0.0,0.0,0.0,0.0,0.0,0.0,0.55,high,0.0,0.0,0.0,0
2026-07-26T07:07:45.738036,06/15 17:15,30.98,0.0,,,,18.0,29.0,0.0,0.0,0.0,0.0,0.0,0.0,0.0,0.0,0.0,0.55,high,0.0,0.0,0.0,0
2026-07-26T07:07:45.755380,06/15 18:23,30.3,0.0,,,,18.0,29.0,0.0,0.0,0.0,0.0,0.0,0.0,0.0,0.0,0.0,0.55,high,0.0,0.0,0.0,0
2026-07-26T07:08:02.974581,06/15 19:23,29.12,0.0,,,,18.0,29.0,0.0,0.0,0.0,0.0,0.0,0.0,0.0,0.0,0.0,0.55,high,0.0,0.0,0.0,0
2026-07-26T07:08:02.994818,06/15 20:23,28.03,0.0,,,,18.0,29.0,0.0,0.0,0.0,0.0,0.0,0.0,0.0,0.0,0.0,0.55,high,0.0,0.0,0.0,0
2026-07-26T07:08:03.013827,06/15 21:15,26.92,0.0,,,,18.0,29.0,0.0,0.0,0.0,0.0,0.0,0.0,0.0,0.0,0.0,0.4,moderate,0.0,0.0,0.0,0
2026-07-26T07:08:03.032116,06/15 22:15,25.98,0.0,,,,18.0,29.0,0.0,0.0,0.0,0.0,0.0,0.0,0.0,0.0,0.0,0.4,moderate,0.0,0.0,0.0,0
2026-07-26T07:08:03.051115,06/15 23:15,25.45,0.0,,,,18.0,29.0,0.0,0.0,0.0,0.0,0.0,0.0,0.0,0.0,0.0,0.4,moderate,0.0,0.0,0.0,0
2026-07-26T07:08:03.066966,06/16 00:15,24.73,0.0,,,,18.0,29.0,0.0,0.0,0.0,0.0,0.0,0.0,0.0,0.0,0.0,0.34,low,0.0,0.0,0.0,0
2026-07-26T07:08:21.827936,06/16 01:15,23.75,0.0,,,,18.0,29.0,0.0,0.0,0.0,0.0,0.0,0.0,0.0,0.0,0.0,0.34,low,0.0,0.0,0.0,0
2026-07-26T07:08:21.848980,06/16 02:15,23.03,0.0,,,,18.0,29.0,0.0,0.0,0.0,0.0,0.0,0.0,0.0,0.0,0.0,0.34,low,0.0,0.0,0.0,0
2026-07-26T07:08:21.869004,06/16 03:15,22.07,0.0,,,,18.0,29.0,0.0,0.0,0.0,0.0,0.0,0.0,0.0,0.0,0.0,0.34,low,0.0,0.0,0.0,0
2026-07-26T07:08:21.889358,06/16 04:15,21.42,0.0,,,,18.0,29.0,0.0,0.0,0.0,0.0,0.0,0.0,0.0,0.0,0.0,0.34,low,0.0,0.0,0.0,0
2026-07-26T07:08:21.908517,06/16 05:15,20.88,0.0,,,,18.0,29.0,0.0,0.0,0.0,0.0,0.0,0.0,0.0,0.0,0.0,0.34,low,0.0,0.0,0.0,0
2026-07-26T07:08:21.928986,06/16 06:23,22.25,0.0,,,,18.0,29.0,0.0,0.0,0.0,0.0,0.0,0.0,0.0,0.0,0.0,0.43,moderate,0.0,0.0,0.0,0
2026-07-26T07:08:39.180601,06/16 07:23,24.17,0.0,,,,18.0,29.0,0.0,0.0,0.0,0.0,0.0,0.0,0.0,0.0,0.0,0.43,moderate,0.0,0.0,0.0,0
2026-07-26T07:08:39.201597,06/16 08:23,25.43,0.0,,,,18.0,29.0,0.0,0.0,0.0,0.0,0.0,0.0,0.0,0.0,0.0,0.43,moderate,0.0,0.0,0.0,0
2026-07-26T07:08:39.220597,06/16 09:23,26.97,0.0,,,,18.0,29.0,0.0,0.0,0.0,0.0,0.0,0.0,0.0,0.0,0.0,0.43,moderate,0.0,0.0,0.0,0
2026-07-26T07:08:39.237596,06/16 10:15,28.08,0.0,,,,18.0,29.0,0.0,0.0,0.0,0.0,0.0,0.0,0.0,0.0,0.0,0.3,low,0.0,0.0,0.0,0
2026-07-26T07:08:39.255597,06/16 11:15,29.17,0.0,,,,18.0,29.0,0.0,0.0,0.0,0.0,0.0,0.0,0.0,0.0,0.0,0.3,low,0.0,0.0,0.0,0
2026-07-26T07:08:39.272596,06/16 12:15,30.15,0.0,,,,18.0,29.0,0.0,0.0,0.0,0.0,0.0,0.0,0.0,0.0,0.0,0.3,low,0.0,0.0,0.0,0
2026-07-26T07:08:55.851099,06/16 13:15,30.73,0.0,,,,18.0,29.0,0.0,0.0,0.0,0.0,0.0,0.0,0.0,0.0,0.0,0.3,low,0.0,0.0,0.0,0
2026-07-26T07:08:55.870091,06/16 14:23,31.1,0.0,,,,18.0,29.0,0.0,0.0,0.0,0.0,0.0,0.0,0.0,0.0,0.0,0.3,low,0.0,0.0,0.0,0
2026-07-26T07:08:55.888092,06/16 15:23,31.1,0.0,,,,18.0,29.0,0.0,0.0,0.0,0.0,0.0,0.0,0.0,0.0,0.0,0.3,low,0.0,0.0,0.0,0
2026-07-26T07:08:55.905429,06/16 16:15,30.98,0.0,,,,18.0,29.0,0.0,0.0,0.0,0.0,0.0,0.0,0.0,0.0,0.0,0.55,high,0.0,0.0,0.0,0
2026-07-26T07:08:55.923462,06/16 17:15,30.45,0.0,,,,18.0,29.0,0.0,0.0,0.0,0.0,0.0,0.0,0.0,0.0,0.0,0.55,high,0.0,0.0,0.0,0
2026-07-26T07:08:55.940464,06/16 18:23,29.85,0.0,,,,18.0,29.0,0.0,0.0,0.0,0.0,0.0,0.0,0.0,0.0,0.0,0.55,high,0.0,0.0,0.0,0
2026-07-26T07:09:13.042509,06/16 19:23,29.12,0.0,,,,18.0,29.0,0.0,0.0,0.0,0.0,0.0,0.0,0.0,0.0,0.0,0.55,high,0.0,0.0,0.0,0
2026-07-26T07:09:13.062512,06/16 20:23,28.18,0.0,,,,18.0,29.0,0.0,0.0,0.0,0.0,0.0,0.0,0.0,0.0,0.0,0.55,high,0.0,0.0,0.0,0
2026-07-26T07:09:13.078782,06/16 21:15,27.8,0.0,,,,18.0,29.0,0.0,0.0,0.0,0.0,0.0,0.0,0.0,0.0,0.0,0.4,moderate,0.0,0.0,0.0,0
2026-07-26T07:09:13.095297,06/16 22:15,27.53,0.0,,,,18.0,29.0,0.0,0.0,0.0,0.0,0.0,0.0,0.0,0.0,0.0,0.4,moderate,0.0,0.0,0.0,0
2026-07-26T07:09:13.113300,06/16 23:15,26.42,0.0,,,,18.0,29.0,0.0,0.0,0.0,0.0,0.0,0.0,0.0,0.0,0.0,0.4,moderate,0.0,0.0,0.0,0
2026-07-26T07:09:13.131294,06/17 00:15,25.45,0.0,,,,18.0,29.0,0.0,0.0,0.0,0.0,0.0,0.0,0.0,0.0,0.0,0.34,low,0.0,0.0,0.0,0
2026-07-26T07:09:30.472254,06/17 01:15,24.85,0.0,,,,18.0,29.0,0.0,0.0,0.0,0.0,0.0,0.0,0.0,0.0,0.0,0.34,low,0.0,0.0,0.0,0
2026-07-26T07:09:30.491128,06/17 02:15,24.27,0.0,,,,18.0,29.0,0.0,0.0,0.0,0.0,0.0,0.0,0.0,0.0,0.0,0.34,low,0.0,0.0,0.0,0
2026-07-26T07:09:30.509053,06/17 03:15,23.75,0.0,,,,18.0,29.0,0.0,0.0,0.0,0.0,0.0,0.0,0.0,0.0,0.0,0.34,low,0.0,0.0,0.0,0
2026-07-26T07:09:30.528050,06/17 04:15,23.3,0.0,,,,18.0,29.0,0.0,0.0,0.0,0.0,0.0,0.0,0.0,0.0,0.0,0.34,low,0.0,0.0,0.0,0
2026-07-26T07:09:30.546047,06/17 05:15,23.3,0.0,,,,18.0,29.0,0.0,0.0,0.0,0.0,0.0,0.0,0.0,0.0,0.0,0.34,low,0.0,0.0,0.0,0
2026-07-26T07:09:30.563229,06/17 06:15,23.03,0.0,,,,18.0,29.0,0.0,0.0,0.0,0.0,0.0,0.0,0.0,0.0,0.0,0.43,moderate,0.0,0.0,0.0,0
2026-07-26T07:09:48.364335,06/17 07:23,22.47,0.0,,,,18.0,29.0,0.3764,0.094094,0.441009,0.094094,0.084147,0.0,0.0,1.689159,0.094094,0.43,moderate,0.04046,0.0,0.04046,0
2026-07-26T07:09:48.387334,06/17 08:15,23.3,0.0,,,,18.0,29.0,0.3764,0.094094,0.481692,0.094094,0.086005,0.0,0.0,1.874511,0.094094,0.43,moderate,0.04046,0.0,0.04046,0
2026-07-26T07:09:48.410338,06/17 09:23,22.48,52.0,23.91,22.4,25.12,18.0,29.0,0.3764,0.094094,0.490012,0.094094,0.094923,0.0,0.0,1.900813,0.094094,0.43,moderate,0.04046,0.0,0.04046,0
2026-07-26T07:09:48.431331,06/17 10:15,20.27,52.0,25.21,23.8,26.2,18.0,29.0,0.3764,0.094094,0.353191,0.094094,0.087502,0.0,0.0,1.254379,0.094094,0.3,low,0.028228,0.0,0.028228,1
2026-07-26T07:09:48.450333,06/17 11:15,21.1,52.0,25.59,24.25,26.41,18.0,29.0,0.3764,0.094094,0.40263,0.094094,0.09364,0.0,0.0,1.505446,0.094094,0.3,low,0.028228,0.0,0.028228,1
2026-07-26T07:09:48.469333,06/17 12:15,21.1,41.6,25.41,24.16,26.16,18.0,29.0,0.3764,0.094094,0.38677,0.094094,0.091123,0.0,0.0,1.4229,0.094094,0.3,low,0.028228,0.0,0.028228,1
2026-07-26T07:10:07.963114,06/17 13:15,21.38,20.8,25.05,23.96,25.81,20.0,27.0,0.3764,0.094094,0.374963,0.094094,0.089466,0.0,0.0,1.365187,0.094094,0.3,low,0.028228,0.0,0.028228,0
2026-07-26T07:10:07.985115,06/17 14:15,22.07,41.6,25.64,25.01,26.34,20.0,27.0,0.3764,0.094094,0.398709,0.094094,0.091953,0.0,0.0,1.474776,0.094094,0.3,low,0.028228,0.0,0.028228,1
2026-07-26T07:10:08.006115,06/17 15:15,21.42,52.0,26.0,25.05,26.48,20.0,27.0,0.3764,0.094094,0.360284,0.094094,0.086755,0.0,0.0,1.286389,0.094094,0.3,low,0.028228,0.0,0.028228,1
2026-07-26T07:10:08.027118,06/17 16:15,20.18,52.0,25.8,24.76,26.22,20.0,27.0,0.3764,0.094094,0.334924,0.094094,0.082925,0.0,0.0,1.173142,0.094094,0.55,high,0.051752,0.0,0.051752,1
2026-07-26T07:10:08.046114,06/17 17:15,18.75,52.0,24.98,23.94,25.79,20.0,27.0,0.3764,0.094094,0.292933,0.094094,0.077673,0.0,0.0,0.963442,0.094094,0.55,high,0.051752,0.0,0.051752,0
2026-07-26T07:10:08.065116,06/17 18:15,17.9,52.0,24.87,23.57,25.63,20.0,27.0,0.3764,0.094094,0.293338,0.094094,0.078102,0.0,0.0,0.972907,0.094094,0.55,high,0.051752,0.0,0.051752,0
2026-07-26T07:10:25.832865,06/17 19:23,16.42,26.0,23.27,22.12,24.14,20.0,26.0,0.3764,0.094094,0.22809,0.094094,0.070841,0.0,0.0,0.624847,0.094094,0.55,high,0.051752,0.0,0.051752,0
2026-07-26T07:10:25.855859,06/17 20:23,15.6,0.0,,,,20.0,26.0,0.3764,0.094094,0.201563,0.094094,0.069363,0.0,0.0,0.489116,0.094094,0.55,high,0.051752,0.0,0.051752,0
2026-07-26T07:10:25.874864,06/17 21:15,15.6,0.0,,,,20.0,26.0,0.0,0.0,0.0,0.0,0.0,0.0,0.0,0.0,0.0,0.4,moderate,0.0,0.0,0.0,0
2026-07-26T07:10:25.890860,06/17 22:15,15.6,0.0,,,,20.0,26.0,0.0,0.0,0.0,0.0,0.0,0.0,0.0,0.0,0.0,0.4,moderate,0.0,0.0,0.0,0
2026-07-26T07:10:25.907863,06/17 23:15,15.45,0.0,,,,20.0,26.0,0.0,0.0,0.0,0.0,0.0,0.0,0.0,0.0,0.0,0.4,moderate,0.0,0.0,0.0,0
2026-07-26T07:10:25.925864,06/18 00:15,15.0,0.0,,,,20.0,26.0,0.0,0.0,0.0,0.0,0.0,0.0,0.0,0.0,0.0,0.34,low,0.0,0.0,0.0,0
2026-07-26T07:10:43.157500,06/18 01:15,14.72,0.0,,,,18.0,28.0,0.0,0.0,0.0,0.0,0.0,0.0,0.0,0.0,0.0,0.34,low,0.0,0.0,0.0,0
2026-07-26T07:10:43.177500,06/18 02:15,13.75,0.0,,,,18.0,28.0,0.0,0.0,0.0,0.0,0.0,0.0,0.0,0.0,0.0,0.34,low,0.0,0.0,0.0,0
2026-07-26T07:10:43.196497,06/18 03:15,13.3,0.0,,,,18.0,28.0,0.0,0.0,0.0,0.0,0.0,0.0,0.0,0.0,0.0,0.34,low,0.0,0.0,0.0,0
2026-07-26T07:10:43.212508,06/18 04:15,13.3,0.0,,,,18.0,28.0,0.0,0.0,0.0,0.0,0.0,0.0,0.0,0.0,0.0,0.34,low,0.0,0.0,0.0,0
2026-07-26T07:10:43.228507,06/18 05:15,13.3,0.0,,,,18.0,28.0,0.0,0.0,0.0,0.0,0.0,0.0,0.0,0.0,0.0,0.34,low,0.0,0.0,0.0,0
2026-07-26T07:10:43.245498,06/18 06:15,13.58,0.0,,,,18.0,28.0,0.0,0.0,0.0,0.0,0.0,0.0,0.0,0.0,0.0,0.43,moderate,0.0,0.0,0.0,0
2026-07-26T07:10:58.832312,06/18 07:15,14.83,0.0,,,,18.0,29.0,0.3764,0.094094,0.179439,0.094094,0.040082,0.0,0.0,0.40875,0.094094,0.43,moderate,0.04046,0.0,0.04046,0
2026-07-26T07:10:58.851322,06/18 08:15,16.25,0.0,,,,18.0,29.0,0.3764,0.094094,0.206544,0.094094,0.04078,0.0,0.0,0.552387,0.094094,0.43,moderate,0.04046,0.0,0.04046,0
2026-07-26T07:10:58.871310,06/18 09:23,16.82,52.0,21.92,21.07,22.58,18.0,29.0,0.3764,0.094094,0.222065,0.094094,0.046738,0.0,0.0,0.620569,0.094094,0.43,moderate,0.04046,0.0,0.04046,0
2026-07-26T07:10:58.888310,06/18 10:15,16.92,52.0,23.47,22.51,24.21,18.0,29.0,0.3764,0.094094,0.223717,0.094094,0.056982,0.0,0.0,0.617036,0.094094,0.3,low,0.028228,0.0,0.028228,0
2026-07-26T07:10:58.905310,06/18 11:15,15.83,52.0,23.91,22.92,24.8,18.0,29.0,0.3764,0.094094,0.202647,0.094094,0.061851,0.0,0.0,0.499224,0.094094,0.3,low,0.028228,0.0,0.028228,0
2026-07-26T07:10:58.922310,06/18 12:15,15.15,41.6,24.05,23.1,24.93,18.0,29.0,0.3764,0.094094,0.197475,0.094094,0.06848,0.0,0.0,0.469944,0.094094,0.3,low,0.028228,0.0,0.028228,0
2026-07-26T07:11:16.328926,06/18 13:15,16.0,20.8,23.92,23.07,24.72,20.0,27.0,0.3764,0.094094,0.242981,0.094094,0.074782,0.0,0.0,0.721625,0.094094,0.3,low,0.028228,0.0,0.028228,0
2026-07-26T07:11:16.349931,06/18 14:15,17.47,41.6,24.59,23.88,25.39,20.0,27.0,0.3764,0.094094,0.255754,0.094094,0.07588,0.0,0.0,0.77992,0.094094,0.3,low,0.028228,0.0,0.028228,0
2026-07-26T07:11:16.369403,06/18 15:15,18.45,52.0,25.13,24.28,25.73,20.0,27.0,0.3764,0.094094,0.275941,0.094094,0.078071,0.0,0.0,0.883115,0.094094,0.3,low,0.028228,0.0,0.028228,0
2026-07-26T07:11:16.387397,06/18 16:15,18.75,52.0,25.34,24.25,25.85,20.0,27.0,0.3764,0.094094,0.276287,0.094094,0.077653,0.0,0.0,0.88044,0.094094,0.55,high,0.051752,0.0,0.051752,0
2026-07-26T07:11:16.405399,06/18 17:15,18.03,52.0,24.94,23.81,25.43,20.0,27.0,0.3764,0.094094,0.247884,0.094094,0.074793,0.0,0.0,0.732044,0.094094,0.55,high,0.051752,0.0,0.051752,0
2026-07-26T07:11:16.423398,06/18 18:15,16.8,52.0,24.35,23.32,25.36,20.0,27.0,0.3764,0.094094,0.23123,0.094094,0.073591,0.0,0.0,0.645703,0.094094,0.55,high,0.051752,0.0,0.051752,0
2026-07-26T07:11:34.120950,06/18 19:15,15.17,26.0,22.83,21.89,23.9,20.0,26.0,0.3764,0.094094,0.204337,0.094094,0.071804,0.0,0.0,0.501575,0.094094,0.55,high,0.051752,0.0,0.051752,0
2026-07-26T07:11:34.142951,06/18 20:23,13.75,0.0,,,,20.0,26.0,0.3764,0.094094,0.172413,0.094094,0.057095,0.0,0.0,0.341813,0.094094,0.55,high,0.051752,0.0,0.051752,0
2026-07-26T07:11:34.162947,06/18 21:15,13.3,0.0,,,,20.0,26.0,0.0,0.0,0.0,0.0,0.0,0.0,0.0,0.0,0.0,0.4,moderate,0.0,0.0,0.0,0
2026-07-26T07:11:34.178954,06/18 22:15,13.45,0.0,,,,20.0,26.0,0.0,0.0,0.0,0.0,0.0,0.0,0.0,0.0,0.0,0.4,moderate,0.0,0.0,0.0,0
2026-07-26T07:11:34.194950,06/18 23:15,13.9,0.0,,,,20.0,26.0,0.0,0.0,0.0,0.0,0.0,0.0,0.0,0.0,0.0,0.4,moderate,0.0,0.0,0.0,0
2026-07-26T07:11:34.211946,06/19 00:15,14.03,0.0,,,,20.0,26.0,0.0,0.0,0.0,0.0,0.0,0.0,0.0,0.0,0.0,0.34,low,0.0,0.0,0.0,0
2026-07-26T07:11:51.980376,06/19 01:15,14.98,0.0,,,,18.0,28.0,0.0,0.0,0.0,0.0,0.0,0.0,0.0,0.0,0.0,0.34,low,0.0,0.0,0.0,0
2026-07-26T07:11:52.000919,06/19 02:15,16.7,0.0,,,,18.0,28.0,0.0,0.0,0.0,0.0,0.0,0.0,0.0,0.0,0.0,0.34,low,0.0,0.0,0.0,0
2026-07-26T07:11:52.021282,06/19 03:15,16.7,0.0,,,,18.0,28.0,0.0,0.0,0.0,0.0,0.0,0.0,0.0,0.0,0.0,0.34,low,0.0,0.0,0.0,0
2026-07-26T07:11:52.038727,06/19 04:15,16.82,0.0,,,,18.0,28.0,0.0,0.0,0.0,0.0,0.0,0.0,0.0,0.0,0.0,0.34,low,0.0,0.0,0.0,0
2026-07-26T07:11:52.055725,06/19 05:15,17.35,0.0,,,,18.0,28.0,0.0,0.0,0.0,0.0,0.0,0.0,0.0,0.0,0.0,0.34,low,0.0,0.0,0.0,0
2026-07-26T07:11:52.072916,06/19 06:15,17.93,0.0,,,,18.0,28.0,0.0,0.0,0.0,0.0,0.0,0.0,0.0,0.0,0.0,0.43,moderate,0.0,0.0,0.0,0
2026-07-26T07:12:09.084886,06/19 07:15,18.88,0.0,,,,18.0,29.0,0.3764,0.094094,0.243298,0.094094,0.042784,0.0,0.0,0.743179,0.094094,0.43,moderate,0.04046,0.0,0.04046,0
2026-07-26T07:12:09.107886,06/19 08:23,21.0,0.0,,,,18.0,29.0,0.3764,0.094094,0.323796,0.094094,0.053636,0.0,0.0,1.148894,0.094094,0.43,moderate,0.04046,0.0,0.04046,0
2026-07-26T07:12:09.129885,06/19 09:23,22.62,52.0,23.26,21.86,24.46,18.0,29.0,0.3764,0.094094,0.402802,0.094094,0.072508,0.0,0.0,1.512164,0.094094,0.43,moderate,0.04046,0.0,0.04046,0
2026-07-26T07:12:09.148885,06/19 10:23,23.62,52.0,25.0,23.51,26.26,18.0,29.0,0.3764,0.094094,0.480644,0.094094,0.095414,0.0,0.0,1.845776,0.094094,0.3,low,0.028228,0.0,0.028228,1
2026-07-26T07:12:09.169885,06/19 11:23,23.2,52.0,25.67,24.26,26.65,18.0,29.0,0.3764,0.094094,0.43328,0.094094,0.097085,0.0,0.0,1.629906,0.094094,0.3,low,0.028228,0.0,0.028228,1
2026-07-26T07:12:09.192890,06/19 12:15,25.1,41.6,25.83,24.64,26.72,18.0,29.0,0.3764,0.094094,0.532171,0.094094,0.109014,0.0,0.0,2.079247,0.094094,0.3,low,0.028228,0.0,0.028228,1
2026-07-26T07:12:28.785149,06/19 13:15,27.35,20.8,25.7,24.71,26.71,20.0,27.0,0.3764,0.094094,0.693237,0.094094,0.12783,0.0,0.0,2.735511,0.094094,0.3,low,0.028228,0.0,0.028228,1
2026-07-26T07:12:28.808168,06/19 14:15,27.93,41.6,26.22,25.66,27.0,20.0,27.0,0.3776,0.094403,0.751097,0.094403,0.132588,0.0,0.0,2.962735,0.094403,0.3,low,0.028321,0.0,0.028321,1
2026-07-26T07:12:28.829973,06/19 15:15,28.45,52.0,26.53,25.82,27.0,20.0,27.0,0.379,0.094742,0.806549,0.094742,0.136762,0.0,0.0,3.180101,0.094742,0.3,low,0.028423,0.0,0.028423,1
2026-07-26T07:12:28.848974,06/19 16:15,28.9,52.0,26.58,25.63,27.0,20.0,27.0,0.3774,0.094355,0.81972,0.094355,0.138533,0.0,0.0,3.212443,0.094355,0.55,high,0.051895,0.0,0.051895,1
2026-07-26T07:12:28.868970,06/19 17:15,28.62,52.0,25.97,25.05,26.58,20.0,27.0,0.3764,0.094094,0.813088,0.094094,0.138543,0.0,0.0,3.1855,0.094094,0.55,high,0.051752,0.0,0.051752,1
2026-07-26T07:12:28.885416,06/19 18:15,27.53,52.0,25.65,24.62,26.15,20.0,27.0,0.3764,0.094094,0.75828,0.094094,0.132704,0.0,0.0,2.990536,0.094094,0.55,high,0.051752,0.0,0.051752,1
2026-07-26T07:12:48.330156,06/19 19:23,26.55,26.0,24.12,23.21,24.58,20.0,25.0,0.3764,0.094094,0.696434,0.094094,0.126883,0.0,0.0,2.754915,0.094094,0.55,high,0.051752,0.0,0.051752,0
2026-07-26T07:12:48.352150,06/19 20:23,25.98,0.0,,,,20.0,25.0,0.3764,0.094094,0.662502,0.094094,0.125006,0.0,0.0,2.62107,0.094094,0.55,high,0.051752,0.0,0.051752,0
2026-07-26T07:12:48.370156,06/19 21:15,25.6,0.0,,,,20.0,25.0,0.0,0.0,0.0,0.0,0.0,0.0,0.0,0.0,0.0,0.4,moderate,0.0,0.0,0.0,0
2026-07-26T07:12:48.386390,06/19 22:15,25.45,0.0,,,,20.0,25.0,0.0,0.0,0.0,0.0,0.0,0.0,0.0,0.0,0.0,0.4,moderate,0.0,0.0,0.0,0
2026-07-26T07:12:48.403577,06/19 23:15,24.85,0.0,,,,20.0,25.0,0.0,0.0,0.0,0.0,0.0,0.0,0.0,0.0,0.0,0.4,moderate,0.0,0.0,0.0,0
2026-07-26T07:12:48.421577,06/20 00:15,24.55,0.0,,,,20.0,25.0,0.0,0.0,0.0,0.0,0.0,0.0,0.0,0.0,0.0,0.34,low,0.0,0.0,0.0,0
2026-07-26T07:13:07.395118,06/20 01:15,24.85,0.0,,,,18.0,27.0,0.0,0.0,0.0,0.0,0.0,0.0,0.0,0.0,0.0,0.34,low,0.0,0.0,0.0,0
2026-07-26T07:13:07.416126,06/20 02:15,24.4,0.0,,,,18.0,27.0,0.0,0.0,0.0,0.0,0.0,0.0,0.0,0.0,0.0,0.34,low,0.0,0.0,0.0,0
2026-07-26T07:13:07.437117,06/20 03:15,24.4,0.0,,,,18.0,27.0,0.0,0.0,0.0,0.0,0.0,0.0,0.0,0.0,0.0,0.34,low,0.0,0.0,0.0,0
2026-07-26T07:13:07.454116,06/20 04:15,24.4,0.0,,,,18.0,27.0,0.0,0.0,0.0,0.0,0.0,0.0,0.0,0.0,0.0,0.34,low,0.0,0.0,0.0,0
2026-07-26T07:13:07.472116,06/20 05:15,24.55,0.0,,,,18.0,27.0,0.0,0.0,0.0,0.0,0.0,0.0,0.0,0.0,0.0,0.34,low,0.0,0.0,0.0,0
2026-07-26T07:13:07.490121,06/20 06:15,25.0,0.0,,,,18.0,27.0,0.0,0.0,0.0,0.0,0.0,0.0,0.0,0.0,0.0,0.43,moderate,0.0,0.0,0.0,0
2026-07-26T07:13:25.140929,06/20 07:15,25.15,0.0,,,,18.0,29.0,0.3764,0.094094,0.639316,0.094094,0.111238,0.0,0.0,2.557291,0.094094,0.43,moderate,0.04046,0.0,0.04046,0
2026-07-26T07:13:25.163925,06/20 08:23,26.0,0.0,,,,18.0,29.0,0.3764,0.094094,0.659372,0.094094,0.10908,0.0,0.0,2.638583,0.094094,0.43,moderate,0.04046,0.0,0.04046,0
2026-07-26T07:13:25.186923,06/20 09:23,27.47,52.0,24.06,22.77,25.21,18.0,29.0,0.3764,0.094094,0.726239,0.094094,0.1245,0.0,0.0,2.876616,0.094094,0.43,moderate,0.04046,0.0,0.04046,0
2026-07-26T07:13:25.206924,06/20 10:23,28.58,52.0,25.63,24.24,26.6,18.0,29.0,0.3764,0.094094,0.742472,0.094094,0.13389,0.0,0.0,2.90897,0.094094,0.3,low,0.028228,0.0,0.028228,1
2026-07-26T07:13:25.226939,06/20 11:23,29.55,52.0,26.35,25.0,27.24,18.0,29.0,0.3764,0.094094,0.80161,0.094094,0.139661,0.0,0.0,3.122306,0.094094,0.3,low,0.028228,0.0,0.028228,1
2026-07-26T07:13:25.244925,06/20 12:15,30.27,41.6,26.47,25.21,27.38,18.0,29.0,0.3764,0.094094,0.833351,0.094094,0.141188,0.0,0.0,3.231874,0.094094,0.3,low,0.028228,0.0,0.028228,1
2026-07-26T07:13:44.405873,06/20 13:15,31.38,20.8,26.14,25.1,27.0,20.0,27.0,0.3777,0.09443,0.902054,0.09443,0.146943,0.0,0.0,3.465846,0.09443,0.3,low,0.028329,0.0,0.028329,1
2026-07-26T07:13:44.426879,06/20 14:15,32.2,41.6,26.53,26.11,27.0,20.0,27.0,0.3832,0.095807,0.988254,0.095807,0.147458,0.0,0.0,3.761585,0.095807,0.3,low,0.028742,0.0,0.028742,1
2026-07-26T07:13:44.448871,06/20 15:15,32.08,52.0,26.76,26.16,27.0,20.0,27.0,0.3848,0.096212,1.014525,0.096212,0.147458,0.0,0.0,3.859311,0.096212,0.3,low,0.028864,0.0,0.028864,1
2026-07-26T07:13:44.469052,06/20 16:15,31.7,52.0,26.62,25.91,27.0,20.0,27.0,0.3801,0.095031,0.797212,0.095031,0.128519,0.0,0.0,3.033248,0.095031,0.55,high,0.052267,0.0,0.052267,1
2026-07-26T07:13:44.486052,06/20 17:15,31.27,52.0,26.26,25.41,26.94,20.0,27.0,0.3764,0.094094,0.702726,0.094094,0.121032,0.0,0.0,2.654783,0.094094,0.55,high,0.051752,0.0,0.051752,1
2026-07-26T07:13:44.506293,06/20 18:15,29.57,52.0,25.83,24.92,26.46,20.0,27.0,0.3764,0.094094,0.630305,0.094094,0.113911,0.0,0.0,2.398069,0.094094,0.55,high,0.051752,0.0,0.051752,1
2026-07-26T07:14:02.474944,06/20 19:15,27.62,26.0,24.22,23.42,24.8,20.0,25.0,0.3764,0.094094,0.560798,0.094094,0.108362,0.0,0.0,2.132287,0.094094,0.55,high,0.051752,0.0,0.051752,0
2026-07-26T07:14:02.496945,06/20 20:23,24.75,0.0,,,,20.0,25.0,0.3764,0.094094,0.46085,0.094094,0.098309,0.0,0.0,1.723591,0.094094,0.55,high,0.051752,0.0,0.051752,0
2026-07-26T07:14:02.517944,06/20 21:15,22.07,0.0,,,,20.0,25.0,0.0,0.0,0.0,0.0,0.0,0.0,0.0,0.0,0.0,0.4,moderate,0.0,0.0,0.0,0
2026-07-26T07:14:02.535945,06/20 22:15,21.42,0.0,,,,20.0,25.0,0.0,0.0,0.0,0.0,0.0,0.0,0.0,0.0,0.0,0.4,moderate,0.0,0.0,0.0,0
2026-07-26T07:14:02.553945,06/20 23:15,20.88,0.0,,,,20.0,25.0,0.0,0.0,0.0,0.0,0.0,0.0,0.0,0.0,0.0,0.4,moderate,0.0,0.0,0.0,0
2026-07-26T07:14:02.572943,06/21 00:15,21.27,0.0,,,,20.0,25.0,0.0,0.0,0.0,0.0,0.0,0.0,0.0,0.0,0.0,0.34,low,0.0,0.0,0.0,0
2026-07-26T07:14:20.106086,06/21 01:15,20.0,0.0,,,,18.0,27.0,0.0,0.0,0.0,0.0,0.0,0.0,0.0,0.0,0.0,0.34,low,0.0,0.0,0.0,0
2026-07-26T07:14:20.128090,06/21 02:15,20.27,0.0,,,,18.0,27.0,0.0,0.0,0.0,0.0,0.0,0.0,0.0,0.0,0.0,0.34,low,0.0,0.0,0.0,0
2026-07-26T07:14:20.148085,06/21 03:15,20.98,0.0,,,,18.0,27.0,0.0,0.0,0.0,0.0,0.0,0.0,0.0,0.0,0.0,0.34,low,0.0,0.0,0.0,0
2026-07-26T07:14:20.169085,06/21 04:15,20.45,0.0,,,,18.0,27.0,0.0,0.0,0.0,0.0,0.0,0.0,0.0,0.0,0.0,0.34,low,0.0,0.0,0.0,0
2026-07-26T07:14:20.189084,06/21 05:23,20.43,0.0,,,,18.0,27.0,0.0,0.0,0.0,0.0,0.0,0.0,0.0,0.0,0.0,0.34,low,0.0,0.0,0.0,0
2026-07-26T07:14:20.206085,06/21 06:23,22.25,0.0,,,,18.0,27.0,0.0,0.0,0.0,0.0,0.0,0.0,0.0,0.0,0.0,0.43,moderate,0.0,0.0,0.0,0
2026-07-26T07:14:37.589234,06/21 07:23,24.32,0.0,,,,18.0,29.0,0.3764,0.094094,0.471221,0.094094,0.085287,0.0,0.0,1.821253,0.094094,0.43,moderate,0.04046,0.0,0.04046,0
2026-07-26T07:14:37.611239,06/21 08:15,26.15,0.0,,,,18.0,29.0,0.3764,0.094094,0.492989,0.094094,0.084889,0.0,0.0,1.894546,0.094094,0.43,moderate,0.04046,0.0,0.04046,0
2026-07-26T07:14:37.634233,06/21 09:23,28.08,52.0,24.49,22.53,26.62,18.0,29.0,0.3764,0.094094,0.56938,0.094094,0.101928,0.0,0.0,2.191078,0.094094,0.43,moderate,0.04046,0.0,0.04046,1
2026-07-26T07:14:37.656239,06/21 10:23,29.17,52.0,25.96,24.0,28.03,18.0,29.0,0.3764,0.094094,0.559751,0.094094,0.108913,0.0,0.0,2.11785,0.094094,0.3,low,0.028228,0.0,0.028228,1
2026-07-26T07:14:37.674232,06/21 11:23,30.15,52.0,26.45,24.68,27.99,18.0,29.0,0.3764,0.094094,0.599295,0.094094,0.112212,0.0,0.0,2.26886,0.094094,0.3,low,0.028228,0.0,0.028228,1
2026-07-26T07:14:37.690233,06/21 12:15,30.6,41.6,26.43,24.9,27.21,18.0,29.0,0.3764,0.094094,0.546408,0.094094,0.104452,0.0,0.0,2.02663,0.094094,0.3,low,0.028228,0.0,0.028228,1
2026-07-26T07:14:56.265044,06/21 13:15,30.6,20.8,26.03,24.77,26.9,20.0,27.0,0.3764,0.094094,0.54771,0.094094,0.104452,0.0,0.0,2.034769,0.094094,0.3,low,0.028228,0.0,0.028228,1
2026-07-26T07:14:56.286040,06/21 14:15,30.6,41.6,26.45,25.81,27.0,20.0,27.0,0.3796,0.09489,0.595046,0.09489,0.10763,0.0,0.0,2.241936,0.09489,0.3,low,0.028467,0.0,0.028467,1
2026-07-26T07:14:56.306039,06/21 15:15,30.45,52.0,26.72,25.99,27.0,20.0,27.0,0.3825,0.095617,0.601388,0.095617,0.104471,0.0,0.0,2.270689,0.095617,0.3,low,0.028685,0.0,0.028685,1
2026-07-26T07:14:56.323034,06/21 16:15,29.85,52.0,26.67,25.72,27.0,20.0,27.0,0.3835,0.095883,0.587458,0.095883,0.101481,0.0,0.0,2.224563,0.095883,0.55,high,0.052736,0.0,0.052736,1
2026-07-26T07:14:56.340033,06/21 17:15,29.27,52.0,26.38,25.18,27.0,20.0,27.0,0.3797,0.094935,0.5285,0.094935,0.098583,0.0,0.0,1.976487,0.094935,0.55,high,0.052214,0.0,0.052214,1
2026-07-26T07:14:56.357040,06/21 18:15,28.62,52.0,26.1,24.75,27.0,20.0,27.0,0.3773,0.094321,0.507569,0.094321,0.09897,0.0,0.0,1.889885,0.094321,0.55,high,0.051877,0.0,0.051877,1
2026-07-26T07:15:14.154998,06/21 19:15,27.38,26.0,24.51,23.36,25.0,20.0,25.0,0.3764,0.094094,0.474036,0.094094,0.097566,0.0,0.0,1.748214,0.094094,0.55,high,0.051752,0.0,0.051752,0
2026-07-26T07:15:14.178962,06/21 20:23,25.68,0.0,,,,20.0,25.0,0.3764,0.094094,0.439043,0.094094,0.095172,0.0,0.0,1.619274,0.094094,0.55,high,0.051752,0.0,0.051752,0
2026-07-26T07:15:14.197331,06/21 21:15,24.0,0.0,,,,20.0,25.0,0.0,0.0,0.0,0.0,0.0,0.0,0.0,0.0,0.0,0.4,moderate,0.0,0.0,0.0,0
2026-07-26T07:15:14.215326,06/21 22:15,22.38,0.0,,,,20.0,25.0,0.0,0.0,0.0,0.0,0.0,0.0,0.0,0.0,0.0,0.4,moderate,0.0,0.0,0.0,0
2026-07-26T07:15:14.230560,06/21 23:15,20.68,0.0,,,,20.0,25.0,0.0,0.0,0.0,0.0,0.0,0.0,0.0,0.0,0.0,0.4,moderate,0.0,0.0,0.0,0
2026-07-26T07:15:14.247553,06/22 00:15,19.0,0.0,,,,20.0,25.0,0.0,0.0,0.0,0.0,0.0,0.0,0.0,0.0,0.0,0.34,low,0.0,0.0,0.0,0
2026-07-26T07:15:31.698490,06/22 01:15,17.8,0.0,,,,18.0,27.0,0.0,0.0,0.0,0.0,0.0,0.0,0.0,0.0,0.0,0.34,low,0.0,0.0,0.0,0
2026-07-26T07:15:31.719488,06/22 02:15,17.65,0.0,,,,18.0,27.0,0.0,0.0,0.0,0.0,0.0,0.0,0.0,0.0,0.0,0.34,low,0.0,0.0,0.0,0
2026-07-26T07:15:31.739487,06/22 03:15,16.92,0.0,,,,18.0,27.0,0.0,0.0,0.0,0.0,0.0,0.0,0.0,0.0,0.0,0.34,low,0.0,0.0,0.0,0
2026-07-26T07:15:31.760498,06/22 04:15,15.98,0.0,,,,18.0,27.0,0.0,0.0,0.0,0.0,0.0,0.0,0.0,0.0,0.0,0.34,low,0.0,0.0,0.0,0
2026-07-26T07:15:31.780486,06/22 05:23,16.27,0.0,,,,18.0,27.0,0.0,0.0,0.0,0.0,0.0,0.0,0.0,0.0,0.0,0.34,low,0.0,0.0,0.0,0
2026-07-26T07:15:31.798490,06/22 06:23,18.88,0.0,,,,18.0,27.0,0.0,0.0,0.0,0.0,0.0,0.0,0.0,0.0,0.0,0.43,moderate,0.0,0.0,0.0,0
2026-07-26T07:15:48.906052,06/22 07:23,21.0,0.0,,,,18.0,29.0,0.0,0.0,0.0,0.0,0.0,0.0,0.0,0.0,0.0,0.43,moderate,0.0,0.0,0.0,0
2026-07-26T07:15:48.930053,06/22 08:23,22.35,0.0,,,,18.0,29.0,0.0,0.0,0.0,0.0,0.0,0.0,0.0,0.0,0.0,0.43,moderate,0.0,0.0,0.0,0
2026-07-26T07:15:48.950051,06/22 09:15,22.93,0.0,,,,18.0,29.0,0.0,0.0,0.0,0.0,0.0,0.0,0.0,0.0,0.0,0.43,moderate,0.0,0.0,0.0,0
2026-07-26T07:15:48.968053,06/22 10:15,23.58,0.0,,,,18.0,29.0,0.0,0.0,0.0,0.0,0.0,0.0,0.0,0.0,0.0,0.3,low,0.0,0.0,0.0,0
2026-07-26T07:15:48.988056,06/22 11:15,24.27,0.0,,,,18.0,29.0,0.0,0.0,0.0,0.0,0.0,0.0,0.0,0.0,0.0,0.3,low,0.0,0.0,0.0,0
2026-07-26T07:15:49.006052,06/22 12:15,23.75,0.0,,,,18.0,29.0,0.0,0.0,0.0,0.0,0.0,0.0,0.0,0.0,0.0,0.3,low,0.0,0.0,0.0,0
2026-07-26T07:16:07.169183,06/22 13:15,23.3,0.0,,,,18.0,29.0,0.0,0.0,0.0,0.0,0.0,0.0,0.0,0.0,0.0,0.3,low,0.0,0.0,0.0,0
2026-07-26T07:16:07.190173,06/22 14:23,23.3,0.0,,,,18.0,29.0,0.0,0.0,0.0,0.0,0.0,0.0,0.0,0.0,0.0,0.3,low,0.0,0.0,0.0,0
2026-07-26T07:16:07.212174,06/22 15:23,23.18,0.0,,,,18.0,29.0,0.0,0.0,0.0,0.0,0.0,0.0,0.0,0.0,0.0,0.3,low,0.0,0.0,0.0,0
2026-07-26T07:16:07.232174,06/22 16:15,22.38,0.0,,,,18.0,29.0,0.0,0.0,0.0,0.0,0.0,0.0,0.0,0.0,0.0,0.55,high,0.0,0.0,0.0,0
2026-07-26T07:16:07.251174,06/22 17:15,20.98,0.0,,,,18.0,29.0,0.0,0.0,0.0,0.0,0.0,0.0,0.0,0.0,0.0,0.55,high,0.0,0.0,0.0,0
2026-07-26T07:16:07.270174,06/22 18:15,20.03,0.0,,,,18.0,29.0,0.0,0.0,0.0,0.0,0.0,0.0,0.0,0.0,0.0,0.55,high,0.0,0.0,0.0,0
2026-07-26T07:16:24.654522,06/22 19:23,17.62,0.0,,,,18.0,29.0,0.0,0.0,0.0,0.0,0.0,0.0,0.0,0.0,0.0,0.55,high,0.0,0.0,0.0,0
2026-07-26T07:16:24.674528,06/22 20:20,15.3,0.0,,,,18.0,29.0,0.0,0.0,0.0,0.0,0.0,0.0,0.0,0.0,0.0,0.55,high,0.0,0.0,0.0,0
2026-07-26T07:16:24.698558,06/22 21:23,14.28,0.0,,,,18.0,29.0,0.0,0.0,0.0,0.0,0.0,0.0,0.0,0.0,0.0,0.4,moderate,0.0,0.0,0.0,0
2026-07-26T07:16:24.718558,06/22 22:15,13.62,0.0,,,,18.0,29.0,0.0,0.0,0.0,0.0,0.0,0.0,0.0,0.0,0.0,0.4,moderate,0.0,0.0,0.0,0
2026-07-26T07:16:24.736557,06/22 23:15,12.8,0.0,,,,18.0,29.0,0.0,0.0,0.0,0.0,0.0,0.0,0.0,0.0,0.0,0.4,moderate,0.0,0.0,0.0,0
2026-07-26T07:16:24.754558,06/23 00:15,12.65,0.0,,,,18.0,29.0,0.0,0.0,0.0,0.0,0.0,0.0,0.0,0.0,0.0,0.34,low,0.0,0.0,0.0,0
2026-07-26T07:16:42.589556,06/23 01:15,12.07,0.0,,,,18.0,29.0,0.0,0.0,0.0,0.0,0.0,0.0,0.0,0.0,0.0,0.34,low,0.0,0.0,0.0,0
2026-07-26T07:16:42.610550,06/23 02:15,11.55,0.0,,,,18.0,29.0,0.0,0.0,0.0,0.0,0.0,0.0,0.0,0.0,0.0,0.34,low,0.0,0.0,0.0,0
2026-07-26T07:16:42.630551,06/23 03:15,10.82,0.0,,,,18.0,29.0,0.0,0.0,0.0,0.0,0.0,0.0,0.0,0.0,0.0,0.34,low,0.0,0.0,0.0,0
2026-07-26T07:16:42.649549,06/23 04:15,10.0,0.0,,,,18.0,29.0,0.0,0.0,0.0,0.0,0.0,0.0,0.0,0.0,0.0,0.34,low,0.0,0.0,0.0,0
2026-07-26T07:16:42.665548,06/23 05:15,10.0,0.0,,,,18.0,29.0,0.0,0.0,0.0,0.0,0.0,0.0,0.0,0.0,0.0,0.34,low,0.0,0.0,0.0,0
2026-07-26T07:16:42.684547,06/23 06:15,10.15,0.0,,,,18.0,29.0,0.0,0.0,0.0,0.0,0.0,0.0,0.0,0.0,0.0,0.43,moderate,0.0,0.0,0.0,0
2026-07-26T07:17:00.613175,06/23 07:15,10.88,0.0,,,,18.0,29.0,0.0,0.0,0.0,0.0,0.0,0.0,0.0,0.0,0.0,0.43,moderate,0.0,0.0,0.0,0
2026-07-26T07:17:00.634178,06/23 08:15,11.97,0.0,,,,18.0,29.0,0.0,0.0,0.0,0.0,0.0,0.0,0.0,0.0,0.0,0.43,moderate,0.0,0.0,0.0,0
2026-07-26T07:17:00.654082,06/23 09:23,13.08,0.0,,,,18.0,29.0,0.0,0.0,0.0,0.0,0.0,0.0,0.0,0.0,0.0,0.43,moderate,0.0,0.0,0.0,0
2026-07-26T07:17:00.674077,06/23 10:23,14.03,0.0,,,,18.0,29.0,0.0,0.0,0.0,0.0,0.0,0.0,0.0,0.0,0.0,0.3,low,0.0,0.0,0.0,0
2026-07-26T07:17:00.694078,06/23 11:15,14.4,0.0,,,,18.0,29.0,0.0,0.0,0.0,0.0,0.0,0.0,0.0,0.0,0.0,0.3,low,0.0,0.0,0.0,0
2026-07-26T07:17:00.712078,06/23 12:15,14.55,0.0,,,,18.0,29.0,0.0,0.0,0.0,0.0,0.0,0.0,0.0,0.0,0.0,0.3,low,0.0,0.0,0.0,0
2026-07-26T07:17:18.885627,06/23 13:15,15.0,0.0,,,,18.0,29.0,0.0,0.0,0.0,0.0,0.0,0.0,0.0,0.0,0.0,0.3,low,0.0,0.0,0.0,0
2026-07-26T07:17:18.904624,06/23 14:15,15.0,0.0,,,,18.0,29.0,0.0,0.0,0.0,0.0,0.0,0.0,0.0,0.0,0.0,0.3,low,0.0,0.0,0.0,0
2026-07-26T07:17:18.928653,06/23 15:15,14.85,0.0,,,,18.0,29.0,0.0,0.0,0.0,0.0,0.0,0.0,0.0,0.0,0.0,0.3,low,0.0,0.0,0.0,0
2026-07-26T07:17:18.948620,06/23 16:15,14.4,0.0,,,,18.0,29.0,0.0,0.0,0.0,0.0,0.0,0.0,0.0,0.0,0.0,0.55,high,0.0,0.0,0.0,0
2026-07-26T07:17:18.968620,06/23 17:15,14.4,0.0,,,,18.0,29.0,0.0,0.0,0.0,0.0,0.0,0.0,0.0,0.0,0.0,0.55,high,0.0,0.0,0.0,0
2026-07-26T07:17:18.986622,06/23 18:23,14.4,0.0,,,,18.0,29.0,0.0,0.0,0.0,0.0,0.0,0.0,0.0,0.0,0.0,0.55,high,0.0,0.0,0.0,0
2026-07-26T07:17:36.236420,06/23 19:15,14.12,0.0,,,,18.0,29.0,0.0,0.0,0.0,0.0,0.0,0.0,0.0,0.0,0.0,0.55,high,0.0,0.0,0.0,0
2026-07-26T07:17:36.257419,06/23 20:15,13.18,0.0,,,,18.0,29.0,0.0,0.0,0.0,0.0,0.0,0.0,0.0,0.0,0.0,0.55,high,0.0,0.0,0.0,0
2026-07-26T07:17:36.278426,06/23 21:15,12.8,0.0,,,,18.0,29.0,0.0,0.0,0.0,0.0,0.0,0.0,0.0,0.0,0.0,0.4,moderate,0.0,0.0,0.0,0
2026-07-26T07:17:36.296560,06/23 22:15,12.8,0.0,,,,18.0,29.0,0.0,0.0,0.0,0.0,0.0,0.0,0.0,0.0,0.0,0.4,moderate,0.0,0.0,0.0,0
2026-07-26T07:17:36.315053,06/23 23:15,12.65,0.0,,,,18.0,29.0,0.0,0.0,0.0,0.0,0.0,0.0,0.0,0.0,0.0,0.4,moderate,0.0,0.0,0.0,0
2026-07-26T07:17:36.333230,06/24 00:15,12.2,0.0,,,,18.0,29.0,0.0,0.0,0.0,0.0,0.0,0.0,0.0,0.0,0.0,0.34,low,0.0,0.0,0.0,0
2026-07-26T07:17:53.901310,06/24 01:15,12.07,0.0,,,,18.0,29.0,0.0,0.0,0.0,0.0,0.0,0.0,0.0,0.0,0.0,0.34,low,0.0,0.0,0.0,0
2026-07-26T07:17:53.923304,06/24 02:15,11.55,0.0,,,,18.0,29.0,0.0,0.0,0.0,0.0,0.0,0.0,0.0,0.0,0.0,0.34,low,0.0,0.0,0.0,0
2026-07-26T07:17:53.945308,06/24 03:15,10.82,0.0,,,,18.0,29.0,0.0,0.0,0.0,0.0,0.0,0.0,0.0,0.0,0.0,0.34,low,0.0,0.0,0.0,0
2026-07-26T07:17:53.963303,06/24 04:15,9.85,0.0,,,,18.0,29.0,0.0,0.0,0.0,0.0,0.0,0.0,0.0,0.0,0.0,0.34,low,0.0,0.0,0.0,0
2026-07-26T07:17:53.982303,06/24 05:23,9.98,0.0,,,,18.0,29.0,0.0,0.0,0.0,0.0,0.0,0.0,0.0,0.0,0.0,0.34,low,0.0,0.0,0.0,0
2026-07-26T07:17:54.001303,06/24 06:23,12.37,0.0,,,,18.0,29.0,0.0,0.0,0.0,0.0,0.0,0.0,0.0,0.0,0.0,0.43,moderate,0.0,0.0,0.0,0
2026-07-26T07:18:11.644895,06/24 07:23,14.83,0.0,,,,18.0,29.0,0.3764,0.094094,0.158647,0.094094,0.032986,0.0,0.0,0.304175,0.094094,0.43,moderate,0.04046,0.0,0.04046,0
2026-07-26T07:18:11.668894,06/24 08:15,16.53,0.0,,,,18.0,29.0,0.3764,0.094094,0.186881,0.094094,0.033583,0.0,0.0,0.448339,0.094094,0.43,moderate,0.04046,0.0,0.04046,0
2026-07-26T07:18:11.696968,06/24 09:23,18.08,52.0,23.42,21.28,25.82,18.0,29.0,0.3764,0.094094,0.2418,0.094094,0.050609,0.0,0.0,0.726392,0.094094,0.43,moderate,0.04046,0.0,0.04046,0
2026-07-26T07:18:11.720957,06/24 10:23,19.02,52.0,24.77,22.71,26.94,18.0,29.0,0.3764,0.094094,0.267485,0.094094,0.069093,0.0,0.0,0.837138,0.094094,0.3,low,0.028228,0.0,0.028228,1
2026-07-26T07:18:11.744964,06/24 11:23,19.7,52.0,25.18,23.35,26.68,18.0,29.0,0.3764,0.094094,0.280933,0.094094,0.078602,0.0,0.0,0.903545,0.094094,0.3,low,0.028228,0.0,0.028228,1
2026-07-26T07:18:11.765964,06/24 12:15,20.6,41.6,25.24,23.68,25.98,18.0,29.0,0.3764,0.094094,0.2961,0.094094,0.079848,0.0,0.0,0.975826,0.094094,0.3,low,0.028228,0.0,0.028228,0
2026-07-26T07:18:31.141026,06/24 13:15,20.6,20.8,24.8,23.49,25.39,20.0,27.0,0.3764,0.094094,0.287178,0.094094,0.078376,0.0,0.0,0.928083,0.094094,0.3,low,0.028228,0.0,0.028228,0
2026-07-26T07:18:31.161032,06/24 14:15,20.6,41.6,25.28,24.49,25.79,20.0,27.0,0.3764,0.094094,0.287359,0.094094,0.080514,0.0,0.0,0.927387,0.094094,0.3,low,0.028228,0.0,0.028228,0
2026-07-26T07:18:31.184023,06/24 15:23,20.6,52.0,25.75,24.73,26.14,20.0,27.0,0.3764,0.094094,0.289938,0.094094,0.080529,0.0,0.0,0.94187,0.094094,0.3,low,0.028228,0.0,0.028228,1
2026-07-26T07:18:31.205024,06/24 16:15,20.6,52.0,25.92,24.51,27.0,20.0,27.0,0.3781,0.094526,0.301097,0.094526,0.085845,0.0,0.0,0.997761,0.094526,0.55,high,0.051989,0.0,0.051989,1
2026-07-26T07:18:31.225284,06/24 17:15,20.45,52.0,25.63,24.08,27.0,20.0,27.0,0.3799,0.094967,0.311409,0.094967,0.08907,0.0,0.0,1.044984,0.094967,0.55,high,0.052232,0.0,0.052232,1
2026-07-26T07:18:31.244267,06/24 18:15,19.57,52.0,25.39,23.73,27.0,20.0,27.0,0.379,0.094758,0.294505,0.094758,0.074529,0.0,0.0,0.97031,0.094758,0.55,high,0.052117,0.0,0.052117,1
2026-07-26T07:18:49.563631,06/24 19:15,17.48,26.0,23.79,22.35,25.0,20.0,25.0,0.3786,0.094656,0.261459,0.094656,0.071929,0.0,0.0,0.793708,0.094656,0.55,high,0.052061,0.0,0.052061,0
2026-07-26T07:18:49.587630,06/24 20:23,14.45,0.0,,,,20.0,25.0,0.3764,0.094094,0.196554,0.094094,0.065825,0.0,0.0,0.456014,0.094094,0.55,high,0.051752,0.0,0.051752,0
2026-07-26T07:18:49.607629,06/24 21:15,12.38,0.0,,,,20.0,25.0,0.0,0.0,0.0,0.0,0.0,0.0,0.0,0.0,0.0,0.4,moderate,0.0,0.0,0.0,0
2026-07-26T07:18:49.626645,06/24 22:23,10.82,0.0,,,,20.0,25.0,0.0,0.0,0.0,0.0,0.0,0.0,0.0,0.0,0.0,0.4,moderate,0.0,0.0,0.0,0
2026-07-26T07:18:49.644638,06/24 23:15,9.85,0.0,,,,20.0,25.0,0.0,0.0,0.0,0.0,0.0,0.0,0.0,0.0,0.0,0.4,moderate,0.0,0.0,0.0,0
2026-07-26T07:18:49.660633,06/25 00:15,9.0,0.0,,,,20.0,25.0,0.0,0.0,0.0,0.0,0.0,0.0,0.0,0.0,0.0,0.34,low,0.0,0.0,0.0,0
2026-07-26T07:19:08.459919,06/25 01:15,7.65,0.0,,,,18.0,27.0,0.0,0.0,0.0,0.0,0.0,0.0,0.0,0.0,0.0,0.34,low,0.0,0.0,0.0,0
2026-07-26T07:19:08.482664,06/25 02:15,7.2,0.0,,,,18.0,27.0,0.0,0.0,0.0,0.0,0.0,0.0,0.0,0.0,0.0,0.34,low,0.0,0.0,0.0,0
2026-07-26T07:19:08.502873,06/25 03:15,7.08,0.0,,,,18.0,27.0,0.0,0.0,0.0,0.0,0.0,0.0,0.0,0.0,0.0,0.34,low,0.0,0.0,0.0,0
2026-07-26T07:19:08.521913,06/25 04:15,6.83,0.0,,,,18.0,27.0,0.0,0.0,0.0,0.0,0.0,0.0,0.0,0.0,0.0,0.34,low,0.0,0.0,0.0,0
2026-07-26T07:19:08.538915,06/25 05:23,8.32,0.0,,,,18.0,27.0,0.0,0.0,0.0,0.0,0.0,0.0,0.0,0.0,0.0,0.34,low,0.0,0.0,0.0,0
2026-07-26T07:19:08.557874,06/25 06:23,12.8,0.0,,,,18.0,27.0,0.0,0.0,0.0,0.0,0.0,0.0,0.0,0.0,0.0,0.43,moderate,0.0,0.0,0.0,0
2026-07-26T07:19:25.630864,06/25 07:23,17.23,0.0,,,,18.0,29.0,0.3764,0.094094,0.181921,0.094094,0.036055,0.0,0.0,0.435611,0.094094,0.43,moderate,0.04046,0.0,0.04046,0
2026-07-26T07:19:25.652862,06/25 08:23,21.15,0.0,,,,18.0,29.0,0.3764,0.094094,0.305802,0.094094,0.050918,0.0,0.0,1.067588,0.094094,0.43,moderate,0.04046,0.0,0.04046,0
2026-07-26T07:19:25.675864,06/25 09:23,23.2,52.0,23.76,21.58,26.2,18.0,29.0,0.3764,0.094094,0.359529,0.094094,0.064641,0.0,0.0,1.281954,0.094094,0.43,moderate,0.04046,0.0,0.04046,1
2026-07-26T07:19:25.697864,06/25 10:23,24.7,52.0,25.29,23.17,27.68,18.0,29.0,0.3764,0.094094,0.383503,0.094094,0.084613,0.0,0.0,1.375071,0.094094,0.3,low,0.028228,0.0,0.028228,1
2026-07-26T07:19:25.717861,06/25 11:23,25.88,52.0,25.93,24.02,27.78,18.0,29.0,0.3764,0.094094,0.406796,0.094094,0.092505,0.0,0.0,1.477702,0.094094,0.3,low,0.028228,0.0,0.028228,1
2026-07-26T07:19:25.739862,06/25 12:23,26.55,41.6,26.01,24.38,26.98,18.0,29.0,0.3764,0.094094,0.410482,0.094094,0.091041,0.0,0.0,1.482234,0.094094,0.3,low,0.028228,0.0,0.028228,1
2026-07-26T07:19:45.072480,06/25 13:15,25.98,20.8,25.62,24.28,26.36,20.0,27.0,0.3764,0.094094,0.387902,0.094094,0.09241,0.0,0.0,1.375197,0.094094,0.3,low,0.028228,0.0,0.028228,1
2026-07-26T07:19:45.090484,06/25 14:15,25.73,41.6,26.04,25.23,26.65,20.0,27.0,0.3764,0.094094,0.380077,0.094094,0.089876,0.0,0.0,1.348849,0.094094,0.3,low,0.028228,0.0,0.028228,1
2026-07-26T07:19:45.109482,06/25 15:23,25.98,52.0,26.43,25.47,26.79,20.0,27.0,0.3764,0.094094,0.392726,0.094094,0.094454,0.0,0.0,1.399581,0.094094,0.3,low,0.028228,0.0,0.028228,1
2026-07-26T07:19:45.128482,06/25 16:15,25.45,52.0,26.41,25.17,27.0,20.0,27.0,0.3796,0.094902,0.404052,0.094902,0.09843,0.0,0.0,1.457299,0.094902,0.55,high,0.052196,0.0,0.052196,1
2026-07-26T07:19:45.145480,06/25 17:15,24.73,52.0,26.08,24.69,27.0,20.0,27.0,0.3816,0.095397,0.39256,0.095397,0.081975,0.0,0.0,1.462173,0.095397,0.55,high,0.052468,0.0,0.052468,1
2026-07-26T07:19:45.162484,06/25 18:15,23.47,52.0,25.8,24.28,27.0,20.0,27.0,0.3805,0.095133,0.373671,0.095133,0.080313,0.0,0.0,1.338471,0.095133,0.55,high,0.052323,0.0,0.052323,1
2026-07-26T07:20:03.285166,06/25 19:15,21.5,26.0,24.21,22.88,25.0,20.0,25.0,0.3802,0.095061,0.337238,0.095061,0.077766,0.0,0.0,1.159713,0.095061,0.55,high,0.052284,0.0,0.052284,0
2026-07-26T07:20:03.308162,06/25 20:23,19.0,0.0,,,,20.0,25.0,0.3764,0.094094,0.265373,0.094094,0.073566,0.0,0.0,0.817569,0.094094,0.55,high,0.051752,0.0,0.051752,0
2026-07-26T07:20:03.329172,06/25 21:15,17.53,0.0,,,,20.0,25.0,0.0,0.0,0.0,0.0,0.0,0.0,0.0,0.0,0.0,0.4,moderate,0.0,0.0,0.0,0
2026-07-26T07:20:03.349164,06/25 22:15,16.27,0.0,,,,20.0,25.0,0.0,0.0,0.0,0.0,0.0,0.0,0.0,0.0,0.0,0.4,moderate,0.0,0.0,0.0,0
2026-07-26T07:20:03.366163,06/25 23:15,14.72,0.0,,,,20.0,25.0,0.0,0.0,0.0,0.0,0.0,0.0,0.0,0.0,0.0,0.4,moderate,0.0,0.0,0.0,0
2026-07-26T07:20:03.382163,06/26 00:15,13.75,0.0,,,,20.0,25.0,0.0,0.0,0.0,0.0,0.0,0.0,0.0,0.0,0.0,0.34,low,0.0,0.0,0.0,0
2026-07-26T07:20:21.348800,06/26 01:15,13.18,0.0,,,,18.0,27.0,0.0,0.0,0.0,0.0,0.0,0.0,0.0,0.0,0.0,0.34,low,0.0,0.0,0.0,0
2026-07-26T07:20:21.369795,06/26 02:15,12.65,0.0,,,,18.0,27.0,0.0,0.0,0.0,0.0,0.0,0.0,0.0,0.0,0.0,0.34,low,0.0,0.0,0.0,0
2026-07-26T07:20:21.388795,06/26 03:15,12.07,0.0,,,,18.0,27.0,0.0,0.0,0.0,0.0,0.0,0.0,0.0,0.0,0.0,0.34,low,0.0,0.0,0.0,0
2026-07-26T07:20:21.405793,06/26 04:15,11.7,0.0,,,,18.0,27.0,0.0,0.0,0.0,0.0,0.0,0.0,0.0,0.0,0.0,0.34,low,0.0,0.0,0.0,0
2026-07-26T07:20:21.424802,06/26 05:23,12.37,0.0,,,,18.0,27.0,0.0,0.0,0.0,0.0,0.0,0.0,0.0,0.0,0.0,0.34,low,0.0,0.0,0.0,0
2026-07-26T07:20:21.442794,06/26 06:23,15.65,0.0,,,,18.0,27.0,0.0,0.0,0.0,0.0,0.0,0.0,0.0,0.0,0.0,0.43,moderate,0.0,0.0,0.0,0
2026-07-26T07:20:38.771962,06/26 07:23,20.1,0.0,,,,18.0,29.0,0.3764,0.094094,0.256047,0.094094,0.04877,0.0,0.0,0.825763,0.094094,0.43,moderate,0.04046,0.0,0.04046,0
2026-07-26T07:20:38.794972,06/26 08:15,22.62,0.0,,,,18.0,29.0,0.3764,0.094094,0.309279,0.094094,0.052509,0.0,0.0,1.06464,0.094094,0.43,moderate,0.04046,0.0,0.04046,0
2026-07-26T07:20:38.818959,06/26 09:23,24.45,52.0,23.79,21.8,25.86,18.0,29.0,0.3764,0.094094,0.336573,0.094094,0.063028,0.0,0.0,1.170331,0.094094,0.43,moderate,0.04046,0.0,0.04046,0
2026-07-26T07:20:38.839958,06/26 10:23,26.38,52.0,25.27,23.31,27.27,18.0,29.0,0.3764,0.094094,0.418968,0.094094,0.086967,0.0,0.0,1.530573,0.094094,0.3,low,0.028228,0.0,0.028228,1
2026-07-26T07:20:38.860964,06/26 11:23,27.47,52.0,25.86,24.06,27.38,18.0,29.0,0.3764,0.094094,0.445165,0.094094,0.095744,0.0,0.0,1.63685,0.094094,0.3,low,0.028228,0.0,0.028228,1
2026-07-26T07:20:38.880958,06/26 12:23,28.45,41.6,25.95,24.4,26.72,18.0,29.0,0.3764,0.094094,0.468587,0.094094,0.097289,0.0,0.0,1.727814,0.094094,0.3,low,0.028228,0.0,0.028228,1
2026-07-26T07:20:59.060739,06/26 13:15,29.02,20.8,25.62,24.32,26.4,20.0,27.0,0.3764,0.094094,0.498657,0.094094,0.100219,0.0,0.0,1.85317,0.094094,0.3,low,0.028228,0.0,0.028228,1
2026-07-26T07:20:59.082743,06/26 14:15,29.7,41.6,26.17,25.41,26.87,20.0,27.0,0.3764,0.094094,0.514162,0.094094,0.101319,0.0,0.0,1.912543,0.094094,0.3,low,0.028228,0.0,0.028228,1
2026-07-26T07:20:59.103743,06/26 15:23,30.6,52.0,26.59,25.65,27.0,20.0,27.0,0.3783,0.094583,0.525299,0.094583,0.099754,0.0,0.0,1.942781,0.094583,0.3,low,0.028375,0.0,0.028375,1
2026-07-26T07:20:59.121736,06/26 16:15,30.6,52.0,26.61,25.52,27.0,20.0,27.0,0.3826,0.095662,0.570075,0.095662,0.099755,0.0,0.0,2.141058,0.095662,0.55,high,0.052614,0.0,0.052614,1
2026-07-26T07:20:59.139735,06/26 17:15,30.3,52.0,26.38,25.14,27.0,20.0,27.0,0.3803,0.095067,0.55258,0.095067,0.099754,0.0,0.0,2.06058,0.095067,0.55,high,0.052287,0.0,0.052287,1
2026-07-26T07:20:59.156735,06/26 18:15,28.72,52.0,26.15,24.79,27.0,20.0,27.0,0.3782,0.094551,0.473858,0.094551,0.095625,0.0,0.0,1.721959,0.094551,0.55,high,0.052003,0.0,0.052003,1
2026-07-26T07:21:16.982809,06/26 19:15,26.12,26.0,24.53,23.37,25.0,20.0,25.0,0.3765,0.094113,0.40667,0.094113,0.108784,0.0,0.0,1.42993,0.094113,0.55,high,0.051762,0.0,0.051762,0
2026-07-26T07:21:17.003807,06/26 20:23,23.85,0.0,,,,20.0,25.0,0.3764,0.094094,0.351297,0.094094,0.081061,0.0,0.0,1.222113,0.094094,0.55,high,0.051752,0.0,0.051752,0
2026-07-26T07:21:17.021805,06/26 21:15,21.92,0.0,,,,20.0,25.0,0.0,0.0,0.0,0.0,0.0,0.0,0.0,0.0,0.0,0.4,moderate,0.0,0.0,0.0,0
2026-07-26T07:21:17.038804,06/26 22:15,21.25,0.0,,,,20.0,25.0,0.0,0.0,0.0,0.0,0.0,0.0,0.0,0.0,0.0,0.4,moderate,0.0,0.0,0.0,0
2026-07-26T07:21:17.055806,06/26 23:15,21.55,0.0,,,,20.0,25.0,0.0,0.0,0.0,0.0,0.0,0.0,0.0,0.0,0.0,0.4,moderate,0.0,0.0,0.0,0
2026-07-26T07:21:17.071565,06/27 00:15,21.1,0.0,,,,20.0,25.0,0.0,0.0,0.0,0.0,0.0,0.0,0.0,0.0,0.0,0.34,low,0.0,0.0,0.0,0
2026-07-26T07:21:34.373393,06/27 01:15,20.98,0.0,,,,18.0,27.0,0.0,0.0,0.0,0.0,0.0,0.0,0.0,0.0,0.0,0.34,low,0.0,0.0,0.0,0
2026-07-26T07:21:34.393200,06/27 02:15,20.6,0.0,,,,18.0,27.0,0.0,0.0,0.0,0.0,0.0,0.0,0.0,0.0,0.0,0.34,low,0.0,0.0,0.0,0
2026-07-26T07:21:34.413199,06/27 03:15,20.45,0.0,,,,18.0,27.0,0.0,0.0,0.0,0.0,0.0,0.0,0.0,0.0,0.0,0.34,low,0.0,0.0,0.0,0
2026-07-26T07:21:34.432289,06/27 04:15,19.85,0.0,,,,18.0,27.0,0.0,0.0,0.0,0.0,0.0,0.0,0.0,0.0,0.0,0.34,low,0.0,0.0,0.0,0
2026-07-26T07:21:34.450382,06/27 05:15,19.4,0.0,,,,18.0,27.0,0.0,0.0,0.0,0.0,0.0,0.0,0.0,0.0,0.0,0.34,low,0.0,0.0,0.0,0
2026-07-26T07:21:34.467380,06/27 06:23,19.82,0.0,,,,18.0,27.0,0.0,0.0,0.0,0.0,0.0,0.0,0.0,0.0,0.0,0.43,moderate,0.0,0.0,0.0,0
2026-07-26T07:21:52.264494,06/27 07:15,21.65,0.0,,,,18.0,29.0,0.3764,0.094094,0.281962,0.094094,0.053202,0.0,0.0,0.93599,0.094094,0.43,moderate,0.04046,0.0,0.04046,0
2026-07-26T07:21:52.286497,06/27 08:15,23.73,0.0,,,,18.0,29.0,0.3764,0.094094,0.364394,0.094094,0.062453,0.0,0.0,1.32537,0.094094,0.43,moderate,0.04046,0.0,0.04046,0
2026-07-26T07:21:52.310194,06/27 09:23,25.7,52.0,23.29,22.26,24.36,18.0,29.0,0.3764,0.094094,0.432756,0.094094,0.079448,0.0,0.0,1.616602,0.094094,0.43,moderate,0.04046,0.0,0.04046,0
2026-07-26T07:21:52.332194,06/27 10:23,27.93,52.0,24.87,23.81,25.95,18.0,29.0,0.3764,0.094094,0.570736,0.094094,0.10877,0.0,0.0,2.190251,0.094094,0.3,low,0.028228,0.0,0.028228,0
2026-07-26T07:21:52.353194,06/27 11:23,28.58,52.0,25.74,24.68,26.8,18.0,29.0,0.3764,0.094094,0.58182,0.094094,0.112398,0.0,0.0,2.227576,0.094094,0.3,low,0.028228,0.0,0.028228,1
2026-07-26T07:21:52.372201,06/27 12:15,29.7,41.6,25.94,24.91,27.0,18.0,29.0,0.3764,0.094094,0.636119,0.094094,0.117828,0.0,0.0,2.438725,0.094094,0.3,low,0.028228,0.0,0.028228,1
2026-07-26T07:22:11.132348,06/27 13:15,30.6,20.8,25.76,24.81,26.84,20.0,27.0,0.3764,0.094094,0.712236,0.094094,0.125852,0.0,0.0,2.725625,0.094094,0.3,low,0.028228,0.0,0.028228,1
2026-07-26T07:22:11.154348,06/27 14:15,30.6,41.6,26.29,25.73,27.0,20.0,27.0,0.3793,0.094819,0.706454,0.094819,0.122395,0.0,0.0,2.702736,0.094819,0.3,low,0.028446,0.0,0.028446,1
2026-07-26T07:22:11.175625,06/27 15:15,30.45,52.0,26.59,25.93,27.0,20.0,27.0,0.3817,0.095436,0.740051,0.095436,0.122395,0.0,0.0,2.844882,0.095436,0.3,low,0.028631,0.0,0.028631,1
2026-07-26T07:22:11.201618,06/27 16:15,29.85,52.0,26.66,25.79,27.0,20.0,27.0,0.3795,0.094871,0.678948,0.094871,0.116908,0.0,0.0,2.603892,0.094871,0.55,high,0.052179,0.0,0.052179,1
2026-07-26T07:22:11.221617,06/27 17:15,29.4,52.0,26.31,25.29,26.84,20.0,27.0,0.3764,0.094094,0.619673,0.094094,0.11323,0.0,0.0,2.368128,0.094094,0.55,high,0.051752,0.0,0.051752,1
2026-07-26T07:22:11.243618,06/27 18:15,29.12,52.0,26.02,24.85,26.54,20.0,27.0,0.3764,0.094094,0.632424,0.094094,0.114767,0.0,0.0,2.423764,0.094094,0.55,high,0.051752,0.0,0.051752,1
2026-07-26T07:22:31.575403,06/27 19:15,27.62,26.0,24.46,23.44,24.85,20.0,25.0,0.3764,0.094094,0.586381,0.094094,0.111025,0.0,0.0,2.246458,0.094094,0.55,high,0.051752,0.0,0.051752,0
2026-07-26T07:22:31.599405,06/27 20:23,25.18,0.0,,,,20.0,25.0,0.3764,0.094094,0.495869,0.094094,0.102782,0.0,0.0,1.886034,0.094094,0.55,high,0.051752,0.0,0.051752,0
2026-07-26T07:22:31.619404,06/27 21:15,23.47,0.0,,,,20.0,25.0,0.0,0.0,0.0,0.0,0.0,0.0,0.0,0.0,0.0,0.4,moderate,0.0,0.0,0.0,0
2026-07-26T07:22:31.638404,06/27 22:15,21.8,0.0,,,,20.0,25.0,0.0,0.0,0.0,0.0,0.0,0.0,0.0,0.0,0.0,0.4,moderate,0.0,0.0,0.0,0
2026-07-26T07:22:31.656404,06/27 23:15,20.45,0.0,,,,20.0,25.0,0.0,0.0,0.0,0.0,0.0,0.0,0.0,0.0,0.0,0.4,moderate,0.0,0.0,0.0,0
2026-07-26T07:22:31.672403,06/28 00:15,20.0,0.0,,,,20.0,25.0,0.0,0.0,0.0,0.0,0.0,0.0,0.0,0.0,0.0,0.34,low,0.0,0.0,0.0,0
2026-07-26T07:22:49.647392,06/28 01:15,19.85,0.0,,,,18.0,27.0,0.0,0.0,0.0,0.0,0.0,0.0,0.0,0.0,0.0,0.34,low,0.0,0.0,0.0,0
2026-07-26T07:22:49.667388,06/28 02:15,19.4,0.0,,,,18.0,27.0,0.0,0.0,0.0,0.0,0.0,0.0,0.0,0.0,0.0,0.34,low,0.0,0.0,0.0,0
2026-07-26T07:22:49.685388,06/28 03:15,19.4,0.0,,,,18.0,27.0,0.0,0.0,0.0,0.0,0.0,0.0,0.0,0.0,0.0,0.34,low,0.0,0.0,0.0,0
2026-07-26T07:22:49.703388,06/28 04:15,19.4,0.0,,,,18.0,27.0,0.0,0.0,0.0,0.0,0.0,0.0,0.0,0.0,0.0,0.34,low,0.0,0.0,0.0,0
2026-07-26T07:22:49.721388,06/28 05:23,19.55,0.0,,,,18.0,27.0,0.0,0.0,0.0,0.0,0.0,0.0,0.0,0.0,0.0,0.34,low,0.0,0.0,0.0,0
2026-07-26T07:22:49.738391,06/28 06:23,20.7,0.0,,,,18.0,27.0,0.0,0.0,0.0,0.0,0.0,0.0,0.0,0.0,0.0,0.43,moderate,0.0,0.0,0.0,0
2026-07-26T07:23:07.094108,06/28 07:23,23.5,0.0,,,,18.0,29.0,0.3764,0.094094,0.502738,0.094094,0.091408,0.0,0.0,1.985494,0.094094,0.43,moderate,0.04046,0.0,0.04046,0
2026-07-26T07:23:07.117104,06/28 08:15,26.0,0.0,,,,18.0,29.0,0.3764,0.094094,0.628048,0.094094,0.10429,0.0,0.0,2.50276,0.094094,0.43,moderate,0.04046,0.0,0.04046,0
2026-07-26T07:23:07.138102,06/28 09:23,27.47,52.0,24.5,22.36,26.86,18.0,29.0,0.3764,0.094094,0.681173,0.094094,0.117832,0.0,0.0,2.685823,0.094094,0.43,moderate,0.04046,0.0,0.04046,1
2026-07-26T07:23:07.158481,06/28 10:23,28.3,52.0,25.96,23.91,28.12,18.0,29.0,0.3764,0.094094,0.718105,0.094094,0.130349,0.0,0.0,2.809138,0.094094,0.3,low,0.028228,0.0,0.028228,1
2026-07-26T07:23:07.180729,06/28 11:23,28.3,52.0,26.53,24.7,28.21,18.0,29.0,0.3764,0.094094,0.678857,0.094094,0.124249,0.0,0.0,2.642956,0.094094,0.3,low,0.028228,0.0,0.028228,1
2026-07-26T07:23:07.199732,06/28 12:15,28.58,41.6,26.61,25.07,27.51,18.0,29.0,0.3764,0.094094,0.660155,0.094094,0.121238,0.0,0.0,2.56461,0.094094,0.3,low,0.028228,0.0,0.028228,1
2026-07-26T07:23:26.180459,06/28 13:15,29.55,20.8,26.16,24.92,27.0,20.0,27.0,0.3771,0.094285,0.770562,0.094285,0.132529,0.0,0.0,3.001335,0.094285,0.3,low,0.028285,0.0,0.028285,1
2026-07-26T07:23:26.201450,06/28 14:15,29.57,41.6,26.53,25.89,27.0,20.0,27.0,0.3812,0.095291,0.791627,0.095291,0.130336,0.0,0.0,3.069893,0.095291,0.3,low,0.028587,0.0,0.028587,1
2026-07-26T07:23:26.219448,06/28 15:15,28.3,52.0,26.75,26.15,27.0,20.0,27.0,0.3826,0.095644,0.702421,0.095644,0.118329,0.0,0.0,2.748575,0.095644,0.3,low,0.028693,0.0,0.028693,1
2026-07-26T07:23:26.236449,06/28 16:15,28.45,52.0,26.69,25.76,27.0,20.0,27.0,0.382,0.095512,0.751874,0.095512,0.124351,0.0,0.0,2.958135,0.095512,0.55,high,0.052532,0.0,0.052532,1
2026-07-26T07:23:26.254448,06/28 17:15,28.47,52.0,26.42,25.25,27.0,20.0,27.0,0.3793,0.094816,0.71905,0.094816,0.122504,0.0,0.0,2.803214,0.094816,0.55,high,0.052149,0.0,0.052149,1
2026-07-26T07:23:26.271448,06/28 18:15,26.5,52.0,26.13,24.81,27.0,20.0,27.0,0.3772,0.094303,0.610023,0.094303,0.112612,0.0,0.0,2.36802,0.094303,0.55,high,0.051867,0.0,0.051867,1
2026-07-26T07:23:43.485096,06/28 19:15,24.27,26.0,24.41,23.28,24.82,20.0,25.0,0.3764,0.094094,0.499551,0.094094,0.10256,0.0,0.0,1.918507,0.094094,0.55,high,0.051752,0.0,0.051752,0
2026-07-26T07:23:43.504094,06/28 20:23,23.35,0.0,,,,20.0,25.0,0.3764,0.094094,0.463074,0.094094,0.09961,0.0,0.0,1.759591,0.094094,0.55,high,0.051752,0.0,0.051752,0
2026-07-26T07:23:43.523094,06/28 21:15,21.82,0.0,,,,20.0,25.0,0.0,0.0,0.0,0.0,0.0,0.0,0.0,0.0,0.0,0.4,moderate,0.0,0.0,0.0,0
2026-07-26T07:23:43.541094,06/28 22:15,21.5,0.0,,,,20.0,25.0,0.0,0.0,0.0,0.0,0.0,0.0,0.0,0.0,0.0,0.4,moderate,0.0,0.0,0.0,0
2026-07-26T07:23:43.557095,06/28 23:15,19.27,0.0,,,,20.0,25.0,0.0,0.0,0.0,0.0,0.0,0.0,0.0,0.0,0.0,0.4,moderate,0.0,0.0,0.0,0
2026-07-26T07:23:43.573385,06/29 00:15,18.75,0.0,,,,20.0,25.0,0.0,0.0,0.0,0.0,0.0,0.0,0.0,0.0,0.0,0.34,low,0.0,0.0,0.0,0
2026-07-26T07:24:01.011829,06/29 01:15,17.75,0.0,,,,18.0,27.0,0.0,0.0,0.0,0.0,0.0,0.0,0.0,0.0,0.0,0.34,low,0.0,0.0,0.0,0
2026-07-26T07:24:01.031908,06/29 02:15,15.98,0.0,,,,18.0,27.0,0.0,0.0,0.0,0.0,0.0,0.0,0.0,0.0,0.0,0.34,low,0.0,0.0,0.0,0
2026-07-26T07:24:01.049910,06/29 03:15,16.27,0.0,,,,18.0,27.0,0.0,0.0,0.0,0.0,0.0,0.0,0.0,0.0,0.0,0.34,low,0.0,0.0,0.0,0
2026-07-26T07:24:01.066908,06/29 04:15,18.88,0.0,,,,18.0,27.0,0.0,0.0,0.0,0.0,0.0,0.0,0.0,0.0,0.0,0.34,low,0.0,0.0,0.0,0
2026-07-26T07:24:01.082908,06/29 05:15,20.03,0.0,,,,18.0,27.0,0.0,0.0,0.0,0.0,0.0,0.0,0.0,0.0,0.0,0.34,low,0.0,0.0,0.0,0
2026-07-26T07:24:01.098908,06/29 06:15,18.73,0.0,,,,18.0,27.0,0.0,0.0,0.0,0.0,0.0,0.0,0.0,0.0,0.0,0.43,moderate,0.0,0.0,0.0,0
2026-07-26T07:24:18.616434,06/29 07:15,20.27,0.0,,,,18.0,29.0,0.0,0.0,0.0,0.0,0.0,0.0,0.0,0.0,0.0,0.43,moderate,0.0,0.0,0.0,0
2026-07-26T07:24:18.635442,06/29 08:15,21.65,0.0,,,,18.0,29.0,0.0,0.0,0.0,0.0,0.0,0.0,0.0,0.0,0.0,0.43,moderate,0.0,0.0,0.0,0
2026-07-26T07:24:18.653434,06/29 09:15,23.58,0.0,,,,18.0,29.0,0.0,0.0,0.0,0.0,0.0,0.0,0.0,0.0,0.0,0.43,moderate,0.0,0.0,0.0,0
2026-07-26T07:24:18.672434,06/29 10:23,24.97,0.0,,,,18.0,29.0,0.0,0.0,0.0,0.0,0.0,0.0,0.0,0.0,0.0,0.3,low,0.0,0.0,0.0,0
2026-07-26T07:24:18.691435,06/29 11:15,26.0,0.0,,,,18.0,29.0,0.0,0.0,0.0,0.0,0.0,0.0,0.0,0.0,0.0,0.3,low,0.0,0.0,0.0,0
2026-07-26T07:24:18.716434,06/29 12:15,22.92,0.0,,,,18.0,29.0,0.0,0.0,0.0,0.0,0.0,0.0,0.0,0.0,0.0,0.3,low,0.0,0.0,0.0,0
2026-07-26T07:24:36.268509,06/29 13:15,20.0,0.0,,,,18.0,29.0,0.0,0.0,0.0,0.0,0.0,0.0,0.0,0.0,0.0,0.3,low,0.0,0.0,0.0,0
2026-07-26T07:24:36.289509,06/29 14:15,20.27,0.0,,,,18.0,29.0,0.0,0.0,0.0,0.0,0.0,0.0,0.0,0.0,0.0,0.3,low,0.0,0.0,0.0,0
2026-07-26T07:24:36.308641,06/29 15:15,21.25,0.0,,,,18.0,29.0,0.0,0.0,0.0,0.0,0.0,0.0,0.0,0.0,0.0,0.3,low,0.0,0.0,0.0,0
2026-07-26T07:24:36.327642,06/29 16:15,21.7,0.0,,,,18.0,29.0,0.0,0.0,0.0,0.0,0.0,0.0,0.0,0.0,0.0,0.55,high,0.0,0.0,0.0,0
2026-07-26T07:24:36.346645,06/29 17:15,21.12,0.0,,,,18.0,29.0,0.0,0.0,0.0,0.0,0.0,0.0,0.0,0.0,0.0,0.55,high,0.0,0.0,0.0,0
2026-07-26T07:24:36.363642,06/29 18:15,19.0,0.0,,,,18.0,29.0,0.0,0.0,0.0,0.0,0.0,0.0,0.0,0.0,0.0,0.55,high,0.0,0.0,0.0,0
2026-07-26T07:24:54.387740,06/29 19:15,17.8,0.0,,,,18.0,29.0,0.0,0.0,0.0,0.0,0.0,0.0,0.0,0.0,0.0,0.55,high,0.0,0.0,0.0,0
2026-07-26T07:24:54.406748,06/29 20:15,17.93,0.0,,,,18.0,29.0,0.0,0.0,0.0,0.0,0.0,0.0,0.0,0.0,0.0,0.55,high,0.0,0.0,0.0,0
2026-07-26T07:24:54.423747,06/29 21:15,18.3,0.0,,,,18.0,29.0,0.0,0.0,0.0,0.0,0.0,0.0,0.0,0.0,0.0,0.4,moderate,0.0,0.0,0.0,0
2026-07-26T07:24:54.442059,06/29 22:15,18.3,0.0,,,,18.0,29.0,0.0,0.0,0.0,0.0,0.0,0.0,0.0,0.0,0.0,0.4,moderate,0.0,0.0,0.0,0
2026-07-26T07:24:54.459055,06/29 23:15,18.3,0.0,,,,18.0,29.0,0.0,0.0,0.0,0.0,0.0,0.0,0.0,0.0,0.0,0.4,moderate,0.0,0.0,0.0,0
2026-07-26T07:24:54.480063,06/30 00:15,18.03,0.0,,,,18.0,29.0,0.0,0.0,0.0,0.0,0.0,0.0,0.0,0.0,0.0,0.34,low,0.0,0.0,0.0,0
2026-07-26T07:25:12.579058,06/30 01:15,16.92,0.0,,,,18.0,29.0,0.0,0.0,0.0,0.0,0.0,0.0,0.0,0.0,0.0,0.34,low,0.0,0.0,0.0,0
2026-07-26T07:25:12.598873,06/30 02:15,15.55,0.0,,,,18.0,29.0,0.0,0.0,0.0,0.0,0.0,0.0,0.0,0.0,0.0,0.34,low,0.0,0.0,0.0,0
2026-07-26T07:25:12.616864,06/30 03:15,13.75,0.0,,,,18.0,29.0,0.0,0.0,0.0,0.0,0.0,0.0,0.0,0.0,0.0,0.34,low,0.0,0.0,0.0,0
2026-07-26T07:25:12.632861,06/30 04:15,12.9,0.0,,,,18.0,29.0,0.0,0.0,0.0,0.0,0.0,0.0,0.0,0.0,0.0,0.34,low,0.0,0.0,0.0,0
2026-07-26T07:25:12.649861,06/30 05:23,11.97,0.0,,,,18.0,29.0,0.0,0.0,0.0,0.0,0.0,0.0,0.0,0.0,0.0,0.34,low,0.0,0.0,0.0,0
2026-07-26T07:25:12.667861,06/30 06:23,14.45,0.0,,,,18.0,29.0,0.0,0.0,0.0,0.0,0.0,0.0,0.0,0.0,0.0,0.43,moderate,0.0,0.0,0.0,0
2026-07-26T07:25:29.274055,06/30 07:20,20.38,0.0,,,,18.0,29.0,0.0,0.0,0.0,0.0,0.0,0.0,0.0,0.0,0.0,0.43,moderate,0.0,0.0,0.0,0
2026-07-26T07:25:29.295061,06/30 08:23,22.75,0.0,,,,18.0,29.0,0.0,0.0,0.0,0.0,0.0,0.0,0.0,0.0,0.0,0.43,moderate,0.0,0.0,0.0,0
2026-07-26T07:25:29.314051,06/30 09:15,21.8,0.0,,,,18.0,29.0,0.0,0.0,0.0,0.0,0.0,0.0,0.0,0.0,0.0,0.43,moderate,0.0,0.0,0.0,0
2026-07-26T07:25:29.330452,06/30 10:23,24.32,0.0,,,,18.0,29.0,0.0,0.0,0.0,0.0,0.0,0.0,0.0,0.0,0.0,0.3,low,0.0,0.0,0.0,0
2026-07-26T07:25:29.348451,06/30 11:23,25.73,0.0,,,,18.0,29.0,0.0,0.0,0.0,0.0,0.0,0.0,0.0,0.0,0.0,0.3,low,0.0,0.0,0.0,0
2026-07-26T07:25:29.365456,06/30 12:23,26.25,0.0,,,,18.0,29.0,0.0,0.0,0.0,0.0,0.0,0.0,0.0,0.0,0.0,0.3,low,0.0,0.0,0.0,0
2026-07-26T07:25:45.419519,06/30 13:15,26.7,0.0,,,,18.0,29.0,0.0,0.0,0.0,0.0,0.0,0.0,0.0,0.0,0.0,0.3,low,0.0,0.0,0.0,0
2026-07-26T07:25:45.437661,06/30 14:15,26.82,0.0,,,,18.0,29.0,0.0,0.0,0.0,0.0,0.0,0.0,0.0,0.0,0.0,0.3,low,0.0,0.0,0.0,0
2026-07-26T07:25:45.454661,06/30 15:15,25.67,0.0,,,,18.0,29.0,0.0,0.0,0.0,0.0,0.0,0.0,0.0,0.0,0.0,0.3,low,0.0,0.0,0.0,0
2026-07-26T07:25:45.471661,06/30 16:15,22.08,0.0,,,,18.0,29.0,0.0,0.0,0.0,0.0,0.0,0.0,0.0,0.0,0.0,0.55,high,0.0,0.0,0.0,0
2026-07-26T07:25:45.488669,06/30 17:15,24.85,0.0,,,,18.0,29.0,0.0,0.0,0.0,0.0,0.0,0.0,0.0,0.0,0.0,0.55,high,0.0,0.0,0.0,0
2026-07-26T07:25:45.506668,06/30 18:23,23.3,0.0,,,,18.0,29.0,0.0,0.0,0.0,0.0,0.0,0.0,0.0,0.0,0.0,0.55,high,0.0,0.0,0.0,0
2026-07-26T07:26:01.449680,06/30 19:23,19.57,0.0,,,,18.0,29.0,0.0,0.0,0.0,0.0,0.0,0.0,0.0,0.0,0.0,0.55,high,0.0,0.0,0.0,0
2026-07-26T07:26:01.467682,06/30 20:15,18.3,0.0,,,,18.0,29.0,0.0,0.0,0.0,0.0,0.0,0.0,0.0,0.0,0.0,0.55,high,0.0,0.0,0.0,0
2026-07-26T07:26:01.484680,06/30 21:15,18.23,0.0,,,,18.0,29.0,0.0,0.0,0.0,0.0,0.0,0.0,0.0,0.0,0.0,0.4,moderate,0.0,0.0,0.0,0
2026-07-26T07:26:01.501007,06/30 22:15,17.93,0.0,,,,18.0,29.0,0.0,0.0,0.0,0.0,0.0,0.0,0.0,0.0,0.0,0.4,moderate,0.0,0.0,0.0,0
2026-07-26T07:26:01.517819,06/30 23:15,17.62,0.0,,,,18.0,29.0,0.0,0.0,0.0,0.0,0.0,0.0,0.0,0.0,0.0,0.4,moderate,0.0,0.0,0.0,0
2026-07-26T07:26:01.535815,07/01 00:15,17.3,0.0,,,,18.0,29.0,0.0,0.0,0.0,0.0,0.0,0.0,0.0,0.0,0.0,0.34,low,0.0,0.0,0.0,0
2026-07-26T07:26:17.893497,07/01 01:15,16.93,0.0,,,,18.0,29.0,0.0,0.0,0.0,0.0,0.0,0.0,0.0,0.0,0.0,0.34,low,0.0,0.0,0.0,0
2026-07-26T07:26:17.914495,07/01 02:15,16.62,0.0,,,,18.0,29.0,0.0,0.0,0.0,0.0,0.0,0.0,0.0,0.0,0.0,0.34,low,0.0,0.0,0.0,0
2026-07-26T07:26:17.931486,07/01 03:15,16.32,0.0,,,,18.0,29.0,0.0,0.0,0.0,0.0,0.0,0.0,0.0,0.0,0.0,0.34,low,0.0,0.0,0.0,0
2026-07-26T07:26:17.948486,07/01 04:15,16.1,0.0,,,,18.0,29.0,0.0,0.0,0.0,0.0,0.0,0.0,0.0,0.0,0.0,0.34,low,0.0,0.0,0.0,0
2026-07-26T07:26:17.964485,07/01 05:15,16.1,0.0,,,,18.0,29.0,0.0,0.0,0.0,0.0,0.0,0.0,0.0,0.0,0.0,0.34,low,0.0,0.0,0.0,0
2026-07-26T07:26:17.980489,07/01 06:15,16.1,0.0,,,,18.0,29.0,0.0,0.0,0.0,0.0,0.0,0.0,0.0,0.0,0.0,0.43,moderate,0.0,0.0,0.0,0
2026-07-26T07:26:33.976329,07/01 07:15,16.25,0.0,,,,18.0,29.0,0.3764,0.094094,0.273365,0.094094,0.055781,0.0,0.0,0.897485,0.094094,0.43,moderate,0.04046,0.0,0.04046,0
2026-07-26T07:26:33.996335,07/01 08:15,16.82,0.0,,,,18.0,29.0,0.3764,0.094094,0.2978,0.094094,0.055539,0.0,0.0,1.029391,0.094094,0.43,moderate,0.04046,0.0,0.04046,0
2026-07-26T07:26:34.018329,07/01 09:23,17.35,52.0,22.39,21.6,23.11,18.0,29.0,0.3764,0.094094,0.312762,0.094094,0.062019,0.0,0.0,1.090167,0.094094,0.43,moderate,0.04046,0.0,0.04046,0
2026-07-26T07:26:34.037328,07/01 10:23,17.93,52.0,24.01,23.11,24.86,18.0,29.0,0.3764,0.094094,0.331129,0.094094,0.076011,0.0,0.0,1.170858,0.094094,0.3,low,0.028228,0.0,0.028228,0
2026-07-26T07:26:34.055335,07/01 11:23,18.3,52.0,24.83,23.94,25.76,18.0,29.0,0.3764,0.094094,0.358569,0.094094,0.089529,0.0,0.0,1.303435,0.094094,0.3,low,0.028228,0.0,0.028228,0
2026-07-26T07:26:34.072328,07/01 12:15,18.45,41.6,25.1,24.24,26.07,18.0,29.0,0.3764,0.094094,0.368824,0.094094,0.08953,0.0,0.0,1.356626,0.094094,0.3,low,0.028228,0.0,0.028228,1
2026-07-26T07:26:52.426838,07/01 13:15,18.62,20.8,24.92,24.13,25.95,20.0,27.0,0.3764,0.094094,0.381179,0.094094,0.090977,0.0,0.0,1.414348,0.094094,0.3,low,0.028228,0.0,0.028228,0
2026-07-26T07:26:52.447836,07/01 14:15,17.8,41.6,25.33,24.56,26.3,20.0,27.0,0.3764,0.094094,0.362028,0.094094,0.088664,0.0,0.0,1.32401,0.094094,0.3,low,0.028228,0.0,0.028228,1
2026-07-26T07:26:52.465834,07/01 15:15,17.38,52.0,25.42,24.67,26.29,20.0,27.0,0.3764,0.094094,0.366975,0.094094,0.088664,0.0,0.0,1.351469,0.094094,0.3,low,0.028228,0.0,0.028228,1
2026-07-26T07:26:52.483842,07/01 16:15,15.98,52.0,24.9,24.01,25.9,20.0,27.0,0.3764,0.094094,0.328229,0.094094,0.083147,0.0,0.0,1.15934,0.094094,0.55,high,0.051752,0.0,0.051752,0
2026-07-26T07:26:52.501834,07/01 17:15,15.72,52.0,24.31,23.39,25.51,20.0,27.0,0.3764,0.094094,0.319157,0.094094,0.082026,0.0,0.0,1.117419,0.094094,0.55,high,0.051752,0.0,0.051752,0
2026-07-26T07:26:52.519835,07/01 18:15,16.1,52.0,24.02,23.1,25.34,20.0,27.0,0.3764,0.094094,0.339665,0.094094,0.084906,0.0,0.0,1.223594,0.094094,0.55,high,0.051752,0.0,0.051752,0
2026-07-26T07:27:10.881547,07/01 19:15,16.1,26.0,22.65,21.85,23.87,20.0,26.0,0.3764,0.094094,0.333498,0.094094,0.084906,0.0,0.0,1.188516,0.094094,0.55,high,0.051752,0.0,0.051752,0
2026-07-26T07:27:10.906551,07/01 20:15,16.1,0.0,,,,20.0,26.0,0.3764,0.094094,0.321862,0.094094,0.083959,0.0,0.0,1.129226,0.094094,0.55,high,0.051752,0.0,0.051752,0
2026-07-26T07:27:10.927555,07/01 21:15,16.38,0.0,,,,20.0,26.0,0.0,0.0,0.0,0.0,0.0,0.0,0.0,0.0,0.0,0.4,moderate,0.0,0.0,0.0,0
2026-07-26T07:27:10.949545,07/01 22:15,17.2,0.0,,,,20.0,26.0,0.0,0.0,0.0,0.0,0.0,0.0,0.0,0.0,0.0,0.4,moderate,0.0,0.0,0.0,0
2026-07-26T07:27:10.970545,07/01 23:15,17.2,0.0,,,,20.0,26.0,0.0,0.0,0.0,0.0,0.0,0.0,0.0,0.0,0.0,0.4,moderate,0.0,0.0,0.0,0
2026-07-26T07:27:10.990545,07/02 00:15,17.2,0.0,,,,20.0,26.0,0.0,0.0,0.0,0.0,0.0,0.0,0.0,0.0,0.0,0.34,low,0.0,0.0,0.0,0
2026-07-26T07:27:28.404134,07/02 01:15,17.2,0.0,,,,18.0,28.0,0.0,0.0,0.0,0.0,0.0,0.0,0.0,0.0,0.0,0.34,low,0.0,0.0,0.0,0
2026-07-26T07:27:28.425131,07/02 02:15,17.2,0.0,,,,18.0,28.0,0.0,0.0,0.0,0.0,0.0,0.0,0.0,0.0,0.0,0.34,low,0.0,0.0,0.0,0
2026-07-26T07:27:28.446134,07/02 03:15,17.2,0.0,,,,18.0,28.0,0.0,0.0,0.0,0.0,0.0,0.0,0.0,0.0,0.0,0.34,low,0.0,0.0,0.0,0
2026-07-26T07:27:28.465142,07/02 04:15,17.2,0.0,,,,18.0,28.0,0.0,0.0,0.0,0.0,0.0,0.0,0.0,0.0,0.0,0.34,low,0.0,0.0,0.0,0
2026-07-26T07:27:28.487133,07/02 05:15,17.35,0.0,,,,18.0,28.0,0.0,0.0,0.0,0.0,0.0,0.0,0.0,0.0,0.0,0.34,low,0.0,0.0,0.0,0
2026-07-26T07:27:28.505408,07/02 06:15,17.8,0.0,,,,18.0,28.0,0.0,0.0,0.0,0.0,0.0,0.0,0.0,0.0,0.0,0.43,moderate,0.0,0.0,0.0,0
2026-07-26T07:27:46.310876,07/02 07:15,17.93,0.0,,,,18.0,29.0,0.3764,0.094094,0.319135,0.094094,0.061827,0.0,0.0,1.128108,0.094094,0.43,moderate,0.04046,0.0,0.04046,0
2026-07-26T07:27:46.332872,07/02 08:15,18.58,0.0,,,,18.0,29.0,0.3764,0.094094,0.311179,0.094094,0.057487,0.0,0.0,1.086666,0.094094,0.43,moderate,0.04046,0.0,0.04046,0
2026-07-26T07:27:46.355866,07/02 09:23,19.55,52.0,22.63,21.85,23.45,18.0,29.0,0.3764,0.094094,0.338887,0.094094,0.065866,0.0,0.0,1.211716,0.094094,0.43,moderate,0.04046,0.0,0.04046,0
2026-07-26T07:27:46.376867,07/02 10:23,20.27,52.0,24.22,23.29,25.1,18.0,29.0,0.3764,0.094094,0.343951,0.094094,0.07815,0.0,0.0,1.220276,0.094094,0.3,low,0.028228,0.0,0.028228,0
2026-07-26T07:27:46.397867,07/02 11:23,21.53,52.0,24.95,23.91,25.76,18.0,29.0,0.3764,0.094094,0.378202,0.094094,0.091095,0.0,0.0,1.383624,0.094094,0.3,low,0.028228,0.0,0.028228,0
2026-07-26T07:27:46.416866,07/02 12:15,23.08,41.6,25.23,24.13,26.0,18.0,29.0,0.3764,0.094094,0.418453,0.094094,0.095251,0.0,0.0,1.564316,0.094094,0.3,low,0.028228,0.0,0.028228,0
2026-07-26T07:28:04.901235,07/02 13:15,23.9,20.8,25.05,24.05,25.88,20.0,27.0,0.3764,0.094094,0.443129,0.094094,0.097508,0.0,0.0,1.668849,0.094094,0.3,low,0.028228,0.0,0.028228,0
2026-07-26T07:28:04.924230,07/02 14:15,23.9,41.6,25.61,24.93,26.35,20.0,27.0,0.3764,0.094094,0.462014,0.094094,0.099565,0.0,0.0,1.757834,0.094094,0.3,low,0.028228,0.0,0.028228,1
2026-07-26T07:28:04.944233,07/02 15:15,23.62,52.0,25.99,25.14,26.63,20.0,27.0,0.3764,0.094094,0.449929,0.094094,0.097512,0.0,0.0,1.699499,0.094094,0.3,low,0.028228,0.0,0.028228,1
2026-07-26T07:28:04.963230,07/02 16:15,22.8,52.0,26.05,24.94,26.44,20.0,27.0,0.3764,0.094094,0.452176,0.094094,0.097166,0.0,0.0,1.725033,0.094094,0.55,high,0.051752,0.0,0.051752,1
2026-07-26T07:28:04.981232,07/02 17:15,22.53,52.0,25.83,24.53,26.78,20.0,27.0,0.3764,0.094094,0.454585,0.094094,0.097166,0.0,0.0,1.736617,0.094094,0.55,high,0.051752,0.0,0.051752,1
2026-07-26T07:28:05.000232,07/02 18:15,21.42,52.0,25.47,24.09,26.39,20.0,27.0,0.3764,0.094094,0.451467,0.094094,0.097164,0.0,0.0,1.733787,0.094094,0.55,high,0.051752,0.0,0.051752,1
2026-07-26T07:28:23.851145,07/02 19:15,20.03,26.0,23.98,22.69,24.87,20.0,25.0,0.3764,0.094094,0.362495,0.094094,0.086787,0.0,0.0,1.295392,0.094094,0.55,high,0.051752,0.0,0.051752,0
2026-07-26T07:28:23.874147,07/02 20:23,17.9,0.0,,,,20.0,25.0,0.3764,0.094094,0.255544,0.094094,0.074923,0.0,0.0,0.763169,0.094094,0.55,high,0.051752,0.0,0.051752,0
2026-07-26T07:28:23.895144,07/02 21:15,16.55,0.0,,,,20.0,25.0,0.0,0.0,0.0,0.0,0.0,0.0,0.0,0.0,0.0,0.4,moderate,0.0,0.0,0.0,0
2026-07-26T07:28:23.915147,07/02 22:15,15.83,0.0,,,,20.0,25.0,0.0,0.0,0.0,0.0,0.0,0.0,0.0,0.0,0.0,0.4,moderate,0.0,0.0,0.0,0
2026-07-26T07:28:23.934502,07/02 23:15,14.85,0.0,,,,20.0,25.0,0.0,0.0,0.0,0.0,0.0,0.0,0.0,0.0,0.0,0.4,moderate,0.0,0.0,0.0,0
2026-07-26T07:28:23.953496,07/03 00:15,14.0,0.0,,,,20.0,25.0,0.0,0.0,0.0,0.0,0.0,0.0,0.0,0.0,0.0,0.34,low,0.0,0.0,0.0,0
2026-07-26T07:28:41.959809,07/03 01:15,12.8,0.0,,,,18.0,27.0,0.0,0.0,0.0,0.0,0.0,0.0,0.0,0.0,0.0,0.34,low,0.0,0.0,0.0,0
2026-07-26T07:28:41.982809,07/03 02:15,12.65,0.0,,,,18.0,27.0,0.0,0.0,0.0,0.0,0.0,0.0,0.0,0.0,0.0,0.34,low,0.0,0.0,0.0,0
2026-07-26T07:28:42.004816,07/03 03:15,12.07,0.0,,,,18.0,27.0,0.0,0.0,0.0,0.0,0.0,0.0,0.0,0.0,0.0,0.34,low,0.0,0.0,0.0,0
2026-07-26T07:28:42.024661,07/03 04:15,11.82,0.0,,,,18.0,27.0,0.0,0.0,0.0,0.0,0.0,0.0,0.0,0.0,0.0,0.34,low,0.0,0.0,0.0,0
2026-07-26T07:28:42.043659,07/03 05:15,12.62,0.0,,,,18.0,27.0,0.0,0.0,0.0,0.0,0.0,0.0,0.0,0.0,0.0,0.34,low,0.0,0.0,0.0,0
2026-07-26T07:28:42.062655,07/03 06:23,14.45,0.0,,,,18.0,27.0,0.0,0.0,0.0,0.0,0.0,0.0,0.0,0.0,0.0,0.43,moderate,0.0,0.0,0.0,0
2026-07-26T07:28:59.049828,07/03 07:23,16.38,0.0,,,,18.0,29.0,0.3764,0.094094,0.187533,0.094094,0.041613,0.0,0.0,0.450488,0.094094,0.43,moderate,0.04046,0.0,0.04046,0
2026-07-26T07:28:59.073823,07/03 08:23,17.47,0.0,,,,18.0,29.0,0.3764,0.094094,0.206197,0.094094,0.041691,0.0,0.0,0.545407,0.094094,0.43,moderate,0.04046,0.0,0.04046,0
2026-07-26T07:28:59.099820,07/03 09:23,18.73,52.0,23.65,21.66,25.83,18.0,29.0,0.3764,0.094094,0.231415,0.094094,0.052576,0.0,0.0,0.66186,0.094094,0.43,moderate,0.04046,0.0,0.04046,0
2026-07-26T07:28:59.121823,07/03 10:23,20.7,52.0,25.15,23.14,27.41,18.0,29.0,0.3764,0.094094,0.265854,0.094094,0.070807,0.0,0.0,0.824782,0.094094,0.3,low,0.028228,0.0,0.028228,1
2026-07-26T07:28:59.142819,07/03 11:23,22.93,52.0,25.81,23.94,27.65,18.0,29.0,0.3764,0.094094,0.321218,0.094094,0.096786,0.0,0.0,1.071758,0.094094,0.3,low,0.028228,0.0,0.028228,1
2026-07-26T07:28:59.165820,07/03 12:23,23.58,41.6,25.88,24.26,26.93,18.0,29.0,0.3764,0.094094,0.331765,0.094094,0.08908,0.0,0.0,1.134698,0.094094,0.3,low,0.028228,0.0,0.028228,1
2026-07-26T07:29:18.266220,07/03 13:15,24.12,20.8,25.56,24.22,26.24,20.0,27.0,0.3764,0.094094,0.353174,0.094094,0.085008,0.0,0.0,1.236757,0.094094,0.3,low,0.028228,0.0,0.028228,1
2026-07-26T07:29:18.287222,07/03 14:15,23.45,41.6,26.11,25.31,26.75,20.0,27.0,0.3764,0.094094,0.338118,0.094094,0.084001,0.0,0.0,1.165702,0.094094,0.3,low,0.028228,0.0,0.028228,1
2026-07-26T07:29:18.309219,07/03 15:23,23.9,52.0,26.46,25.59,26.87,20.0,27.0,0.3764,0.094094,0.362832,0.094094,0.085672,0.0,0.0,1.287265,0.094094,0.3,low,0.028228,0.0,0.028228,1
2026-07-26T07:29:18.329221,07/03 16:15,23.9,52.0,26.47,25.31,27.0,20.0,27.0,0.3781,0.094523,0.380803,0.094523,0.085672,0.0,0.0,1.376945,0.094523,0.55,high,0.051988,0.0,0.051988,1
2026-07-26T07:29:18.348219,07/03 17:15,24.02,52.0,26.1,24.78,27.0,20.0,27.0,0.3785,0.094632,0.401832,0.094632,0.087589,0.0,0.0,1.475894,0.094632,0.55,high,0.052048,0.0,0.052048,1
2026-07-26T07:29:18.366288,07/03 18:15,24.12,52.0,25.83,24.36,27.0,20.0,27.0,0.3765,0.094116,0.405611,0.094116,0.08997,0.0,0.0,1.483903,0.094116,0.55,high,0.051764,0.0,0.051764,1
2026-07-26T07:29:35.753353,07/03 19:15,23.03,26.0,24.22,22.97,24.87,20.0,25.0,0.3764,0.094094,0.382428,0.094094,0.088496,0.0,0.0,1.377559,0.094094,0.55,high,0.051752,0.0,0.051752,0
2026-07-26T07:29:35.775350,07/03 20:23,21.92,0.0,,,,20.0,25.0,0.3764,0.094094,0.362171,0.094094,0.087546,0.0,0.0,1.292592,0.094094,0.55,high,0.051752,0.0,0.051752,0
2026-07-26T07:29:35.793349,07/03 21:15,20.98,0.0,,,,20.0,25.0,0.0,0.0,0.0,0.0,0.0,0.0,0.0,0.0,0.0,0.4,moderate,0.0,0.0,0.0,0
2026-07-26T07:29:35.809349,07/03 22:15,20.45,0.0,,,,20.0,25.0,0.0,0.0,0.0,0.0,0.0,0.0,0.0,0.0,0.0,0.4,moderate,0.0,0.0,0.0,0
2026-07-26T07:29:35.825349,07/03 23:15,19.85,0.0,,,,20.0,25.0,0.0,0.0,0.0,0.0,0.0,0.0,0.0,0.0,0.0,0.4,moderate,0.0,0.0,0.0,0
2026-07-26T07:29:35.842352,07/04 00:15,19.0,0.0,,,,20.0,25.0,0.0,0.0,0.0,0.0,0.0,0.0,0.0,0.0,0.0,0.34,low,0.0,0.0,0.0,0
2026-07-26T07:29:52.652089,07/04 01:15,17.65,0.0,,,,18.0,27.0,0.0,0.0,0.0,0.0,0.0,0.0,0.0,0.0,0.0,0.34,low,0.0,0.0,0.0,0
2026-07-26T07:29:52.671089,07/04 02:15,17.07,0.0,,,,18.0,27.0,0.0,0.0,0.0,0.0,0.0,0.0,0.0,0.0,0.0,0.34,low,0.0,0.0,0.0,0
2026-07-26T07:29:52.690087,07/04 03:15,16.82,0.0,,,,18.0,27.0,0.0,0.0,0.0,0.0,0.0,0.0,0.0,0.0,0.0,0.34,low,0.0,0.0,0.0,0
2026-07-26T07:29:52.707088,07/04 04:15,17.35,0.0,,,,18.0,27.0,0.0,0.0,0.0,0.0,0.0,0.0,0.0,0.0,0.0,0.34,low,0.0,0.0,0.0,0
2026-07-26T07:29:52.724086,07/04 05:15,18.08,0.0,,,,18.0,27.0,0.0,0.0,0.0,0.0,0.0,0.0,0.0,0.0,0.0,0.34,low,0.0,0.0,0.0,0
2026-07-26T07:29:52.742086,07/04 06:23,19.72,0.0,,,,18.0,27.0,0.0,0.0,0.0,0.0,0.0,0.0,0.0,0.0,0.0,0.43,moderate,0.0,0.0,0.0,0
2026-07-26T07:30:09.177641,07/04 07:15,22.47,0.0,,,,18.0,29.0,0.3764,0.094094,0.420721,0.094094,0.077544,0.0,0.0,1.602757,0.094094,0.43,moderate,0.04046,0.0,0.04046,0
2026-07-26T07:30:09.197633,07/04 08:15,23.73,0.0,,,,18.0,29.0,0.3764,0.094094,0.454577,0.094094,0.078587,0.0,0.0,1.750753,0.094094,0.43,moderate,0.04046,0.0,0.04046,0
2026-07-26T07:30:09.219632,07/04 09:23,25.43,52.0,23.88,22.35,25.22,18.0,29.0,0.3764,0.094094,0.561692,0.094094,0.098643,0.0,0.0,2.212681,0.094094,0.43,moderate,0.04046,0.0,0.04046,0
2026-07-26T07:30:09.237640,07/04 10:23,26.7,52.0,25.48,23.88,26.86,18.0,29.0,0.3764,0.094094,0.63459,0.094094,0.119162,0.0,0.0,2.486036,0.094094,0.3,low,0.028228,0.0,0.028228,1
2026-07-26T07:30:09.257632,07/04 11:23,26.82,52.0,25.98,24.54,26.84,18.0,29.0,0.3764,0.094094,0.659213,0.094094,0.124231,0.0,0.0,2.596705,0.094094,0.3,low,0.028228,0.0,0.028228,1
2026-07-26T07:30:09.275633,07/04 12:15,27.75,41.6,26.07,24.7,26.86,18.0,29.0,0.3764,0.094094,0.703698,0.094094,0.128071,0.0,0.0,2.777307,0.094094,0.3,low,0.028228,0.0,0.028228,1
2026-07-26T07:30:28.716734,07/04 13:15,29.4,20.8,25.74,24.56,26.6,20.0,27.0,0.3764,0.094094,0.784758,0.094094,0.136142,0.0,0.0,3.055236,0.094094,0.3,low,0.028228,0.0,0.028228,1
2026-07-26T07:30:28.736734,07/04 14:15,29.7,41.6,26.28,25.6,27.0,20.0,27.0,0.3773,0.094321,0.818813,0.094321,0.139616,0.0,0.0,3.193085,0.094321,0.3,low,0.028296,0.0,0.028296,1
2026-07-26T07:30:28.758729,07/04 15:23,30.6,52.0,26.64,25.83,27.0,20.0,27.0,0.381,0.095259,0.866739,0.095259,0.138762,0.0,0.0,3.351448,0.095259,0.3,low,0.028578,0.0,0.028578,1
2026-07-26T07:30:28.777731,07/04 16:15,30.45,52.0,26.64,25.64,27.0,20.0,27.0,0.3831,0.095769,0.892622,0.095769,0.138771,0.0,0.0,3.455431,0.095769,0.55,high,0.052673,0.0,0.052673,1
2026-07-26T07:30:28.795736,07/04 17:15,29.73,52.0,26.4,25.2,27.0,20.0,27.0,0.3796,0.094901,0.847267,0.094901,0.137597,0.0,0.0,3.290716,0.094901,0.55,high,0.052196,0.0,0.052196,1
2026-07-26T07:30:28.813731,07/04 18:15,28.75,52.0,26.14,24.81,26.98,20.0,27.0,0.3764,0.094094,0.816488,0.094094,0.138879,0.0,0.0,3.196778,0.094094,0.55,high,0.051752,0.0,0.051752,1
2026-07-26T07:30:47.817566,07/04 19:15,28.18,26.0,24.53,23.44,24.86,20.0,25.0,0.3764,0.094094,0.788338,0.094094,0.13711,0.0,0.0,3.096414,0.094094,0.55,high,0.051752,0.0,0.051752,0
2026-07-26T07:30:47.841565,07/04 20:23,27.53,0.0,,,,20.0,25.0,0.3764,0.094094,0.784613,0.094094,0.139144,0.0,0.0,3.096441,0.094094,0.55,high,0.051752,0.0,0.051752,0
2026-07-26T07:30:47.860567,07/04 21:15,26.7,0.0,,,,20.0,25.0,0.0,0.0,0.0,0.0,0.0,0.0,0.0,0.0,0.0,0.4,moderate,0.0,0.0,0.0,0
2026-07-26T07:30:47.879579,07/04 22:15,26.7,0.0,,,,20.0,25.0,0.0,0.0,0.0,0.0,0.0,0.0,0.0,0.0,0.0,0.4,moderate,0.0,0.0,0.0,0
2026-07-26T07:30:47.897566,07/04 23:15,26.42,0.0,,,,20.0,25.0,0.0,0.0,0.0,0.0,0.0,0.0,0.0,0.0,0.0,0.4,moderate,0.0,0.0,0.0,0
2026-07-26T07:30:47.917568,07/05 00:15,25.6,0.0,,,,20.0,25.0,0.0,0.0,0.0,0.0,0.0,0.0,0.0,0.0,0.0,0.34,low,0.0,0.0,0.0,0
2026-07-26T07:31:05.954542,07/05 01:15,25.6,0.0,,,,18.0,27.0,0.0,0.0,0.0,0.0,0.0,0.0,0.0,0.0,0.0,0.34,low,0.0,0.0,0.0,0
2026-07-26T07:31:05.977537,07/05 02:15,25.45,0.0,,,,18.0,27.0,0.0,0.0,0.0,0.0,0.0,0.0,0.0,0.0,0.0,0.34,low,0.0,0.0,0.0,0
2026-07-26T07:31:05.998600,07/05 03:15,25.0,0.0,,,,18.0,27.0,0.0,0.0,0.0,0.0,0.0,0.0,0.0,0.0,0.0,0.34,low,0.0,0.0,0.0,0
2026-07-26T07:31:06.016601,07/05 04:15,25.0,0.0,,,,18.0,27.0,0.0,0.0,0.0,0.0,0.0,0.0,0.0,0.0,0.0,0.34,low,0.0,0.0,0.0,0
2026-07-26T07:31:06.033600,07/05 05:23,24.73,0.0,,,,18.0,27.0,0.0,0.0,0.0,0.0,0.0,0.0,0.0,0.0,0.0,0.34,low,0.0,0.0,0.0,0
2026-07-26T07:31:06.053597,07/05 06:23,24.32,0.0,,,,18.0,27.0,0.0,0.0,0.0,0.0,0.0,0.0,0.0,0.0,0.0,0.43,moderate,0.0,0.0,0.0,0
2026-07-26T07:31:24.684709,07/05 07:23,25.88,0.0,,,,18.0,29.0,0.3764,0.094094,0.661554,0.094094,0.116315,0.0,0.0,2.643833,0.094094,0.43,moderate,0.04046,0.0,0.04046,0
2026-07-26T07:31:24.708712,07/05 08:15,27.1,0.0,,,,18.0,29.0,0.3764,0.094094,0.71736,0.094094,0.120077,0.0,0.0,2.857515,0.094094,0.43,moderate,0.04046,0.0,0.04046,0
2026-07-26T07:31:24.733192,07/05 09:23,28.58,52.0,24.79,22.71,27.04,18.0,29.0,0.3764,0.094094,0.761611,0.094094,0.132058,0.0,0.0,2.991144,0.094094,0.43,moderate,0.04046,0.0,0.04046,1
2026-07-26T07:31:24.753176,07/05 10:23,29.82,52.0,26.16,24.12,28.38,18.0,29.0,0.3764,0.094094,0.798054,0.094094,0.139389,0.0,0.0,3.107329,0.094094,0.3,low,0.028228,0.0,0.028228,1
2026-07-26T07:31:24.774182,07/05 11:23,31.1,52.0,26.66,24.8,28.37,18.0,29.0,0.3764,0.094094,0.884758,0.094094,0.146493,0.0,0.0,3.400069,0.094094,0.3,low,0.028228,0.0,0.028228,1
2026-07-26T07:31:24.793255,07/05 12:15,31.38,41.6,26.61,25.0,27.49,18.0,29.0,0.3764,0.094094,0.862173,0.094094,0.142633,0.0,0.0,3.308774,0.094094,0.3,low,0.028228,0.0,0.028228,1
2026-07-26T07:31:44.235939,07/05 13:15,32.35,20.8,26.2,24.87,27.0,20.0,27.0,0.3771,0.094274,0.906062,0.094274,0.145792,0.0,0.0,3.441717,0.094274,0.3,low,0.028282,0.0,0.028282,1
2026-07-26T07:31:44.255938,07/05 14:15,32.8,41.6,26.54,25.87,27.0,20.0,27.0,0.3829,0.095737,0.970914,0.095737,0.146621,0.0,0.0,3.669281,0.095737,0.3,low,0.028721,0.0,0.028721,1
2026-07-26T07:31:44.280939,07/05 15:15,32.52,52.0,26.81,26.25,27.0,20.0,27.0,0.3882,0.097057,1.012931,0.097057,0.144472,0.0,0.0,3.833962,0.097057,0.3,low,0.029117,0.0,0.029117,1
2026-07-26T07:31:44.301331,07/05 16:15,31.7,52.0,26.75,25.98,27.0,20.0,27.0,0.3883,0.097071,1.014076,0.097071,0.145751,0.0,0.0,3.879961,0.097071,0.55,high,0.053389,0.0,0.053389,1
2026-07-26T07:31:44.321325,07/05 17:15,31.42,52.0,26.57,25.48,27.0,20.0,27.0,0.3819,0.095483,0.957408,0.095483,0.14575,0.0,0.0,3.66033,0.095483,0.55,high,0.052516,0.0,0.052516,1
2026-07-26T07:31:44.339328,07/05 18:15,30.3,52.0,26.33,25.03,27.0,20.0,27.0,0.3807,0.095176,0.876144,0.095176,0.138597,0.0,0.0,3.384043,0.095176,0.55,high,0.052347,0.0,0.052347,1
2026-07-26T07:32:03.702901,07/05 19:15,29.12,26.0,24.68,23.65,25.0,20.0,25.0,0.3807,0.095182,0.853311,0.095182,0.13945,0.0,0.0,3.309739,0.095182,0.55,high,0.05235,0.0,0.05235,0
2026-07-26T07:32:03.724895,07/05 20:23,28.03,0.0,,,,20.0,25.0,0.3764,0.094094,0.772865,0.094094,0.136883,0.0,0.0,3.034782,0.094094,0.55,high,0.051752,0.0,0.051752,0
2026-07-26T07:32:03.746174,07/05 21:15,27.2,0.0,,,,20.0,25.0,0.0,0.0,0.0,0.0,0.0,0.0,0.0,0.0,0.0,0.4,moderate,0.0,0.0,0.0,0
2026-07-26T07:32:03.765659,07/05 22:15,27.2,0.0,,,,20.0,25.0,0.0,0.0,0.0,0.0,0.0,0.0,0.0,0.0,0.0,0.4,moderate,0.0,0.0,0.0,0
2026-07-26T07:32:03.781644,07/05 23:15,26.92,0.0,,,,20.0,25.0,0.0,0.0,0.0,0.0,0.0,0.0,0.0,0.0,0.0,0.4,moderate,0.0,0.0,0.0,0
2026-07-26T07:32:03.798639,07/06 00:15,26.1,0.0,,,,20.0,25.0,0.0,0.0,0.0,0.0,0.0,0.0,0.0,0.0,0.0,0.34,low,0.0,0.0,0.0,0
2026-07-26T07:32:21.959562,07/06 01:15,26.1,0.0,,,,18.0,27.0,0.0,0.0,0.0,0.0,0.0,0.0,0.0,0.0,0.0,0.34,low,0.0,0.0,0.0,0
2026-07-26T07:32:21.981566,07/06 02:15,25.4,0.0,,,,18.0,27.0,0.0,0.0,0.0,0.0,0.0,0.0,0.0,0.0,0.0,0.34,low,0.0,0.0,0.0,0
2026-07-26T07:32:22.002775,07/06 03:15,23.03,0.0,,,,18.0,27.0,0.0,0.0,0.0,0.0,0.0,0.0,0.0,0.0,0.0,0.34,low,0.0,0.0,0.0,0
2026-07-26T07:32:22.021779,07/06 04:15,22.07,0.0,,,,18.0,27.0,0.0,0.0,0.0,0.0,0.0,0.0,0.0,0.0,0.0,0.34,low,0.0,0.0,0.0,0
2026-07-26T07:32:22.039775,07/06 05:23,22.1,0.0,,,,18.0,27.0,0.0,0.0,0.0,0.0,0.0,0.0,0.0,0.0,0.0,0.34,low,0.0,0.0,0.0,0
2026-07-26T07:32:22.059775,07/06 06:23,23.88,0.0,,,,18.0,27.0,0.0,0.0,0.0,0.0,0.0,0.0,0.0,0.0,0.0,0.43,moderate,0.0,0.0,0.0,0
2026-07-26T07:32:39.305704,07/06 07:23,25.88,0.0,,,,18.0,29.0,0.0,0.0,0.0,0.0,0.0,0.0,0.0,0.0,0.0,0.43,moderate,0.0,0.0,0.0,0
2026-07-26T07:32:39.328700,07/06 08:23,27.1,0.0,,,,18.0,29.0,0.0,0.0,0.0,0.0,0.0,0.0,0.0,0.0,0.0,0.43,moderate,0.0,0.0,0.0,0
2026-07-26T07:32:39.349441,07/06 09:15,28.58,0.0,,,,18.0,29.0,0.0,0.0,0.0,0.0,0.0,0.0,0.0,0.0,0.0,0.43,moderate,0.0,0.0,0.0,0
2026-07-26T07:32:39.371437,07/06 10:15,29.82,0.0,,,,18.0,29.0,0.0,0.0,0.0,0.0,0.0,0.0,0.0,0.0,0.0,0.3,low,0.0,0.0,0.0,0
2026-07-26T07:32:39.390437,07/06 11:15,31.25,0.0,,,,18.0,29.0,0.0,0.0,0.0,0.0,0.0,0.0,0.0,0.0,0.0,0.3,low,0.0,0.0,0.0,0
2026-07-26T07:32:39.407441,07/06 12:15,31.82,0.0,,,,18.0,29.0,0.0,0.0,0.0,0.0,0.0,0.0,0.0,0.0,0.0,0.3,low,0.0,0.0,0.0,0
2026-07-26T07:32:56.587338,07/06 13:15,32.35,0.0,,,,18.0,29.0,0.0,0.0,0.0,0.0,0.0,0.0,0.0,0.0,0.0,0.3,low,0.0,0.0,0.0,0
2026-07-26T07:32:56.606346,07/06 14:23,32.65,0.0,,,,18.0,29.0,0.0,0.0,0.0,0.0,0.0,0.0,0.0,0.0,0.0,0.3,low,0.0,0.0,0.0,0
2026-07-26T07:32:56.631340,07/06 15:23,32.2,0.0,,,,18.0,29.0,0.0,0.0,0.0,0.0,0.0,0.0,0.0,0.0,0.0,0.3,low,0.0,0.0,0.0,0
2026-07-26T07:32:56.650351,07/06 16:23,31.93,0.0,,,,18.0,29.0,0.0,0.0,0.0,0.0,0.0,0.0,0.0,0.0,0.0,0.55,high,0.0,0.0,0.0,0
2026-07-26T07:32:56.671341,07/06 17:15,30.98,0.0,,,,18.0,29.0,0.0,0.0,0.0,0.0,0.0,0.0,0.0,0.0,0.0,0.55,high,0.0,0.0,0.0,0
2026-07-26T07:32:56.693338,07/06 18:23,28.65,0.0,,,,18.0,29.0,0.0,0.0,0.0,0.0,0.0,0.0,0.0,0.0,0.0,0.55,high,0.0,0.0,0.0,0
2026-07-26T07:33:14.579266,07/06 19:20,22.25,0.0,,,,18.0,29.0,0.0,0.0,0.0,0.0,0.0,0.0,0.0,0.0,0.0,0.55,high,0.0,0.0,0.0,0
2026-07-26T07:33:14.602258,07/06 20:23,20.6,0.0,,,,18.0,29.0,0.0,0.0,0.0,0.0,0.0,0.0,0.0,0.0,0.0,0.55,high,0.0,0.0,0.0,0
2026-07-26T07:33:14.625263,07/06 21:23,20.03,0.0,,,,18.0,29.0,0.0,0.0,0.0,0.0,0.0,0.0,0.0,0.0,0.0,0.4,moderate,0.0,0.0,0.0,0
2026-07-26T07:33:14.643258,07/06 22:15,18.88,0.0,,,,18.0,29.0,0.0,0.0,0.0,0.0,0.0,0.0,0.0,0.0,0.0,0.4,moderate,0.0,0.0,0.0,0
2026-07-26T07:33:14.659259,07/06 23:15,20.73,0.0,,,,18.0,29.0,0.0,0.0,0.0,0.0,0.0,0.0,0.0,0.0,0.0,0.4,moderate,0.0,0.0,0.0,0
2026-07-26T07:33:14.678272,07/07 00:15,21.1,0.0,,,,18.0,29.0,0.0,0.0,0.0,0.0,0.0,0.0,0.0,0.0,0.0,0.34,low,0.0,0.0,0.0,0
2026-07-26T07:33:32.475929,07/07 01:15,20.98,0.0,,,,18.0,29.0,0.0,0.0,0.0,0.0,0.0,0.0,0.0,0.0,0.0,0.34,low,0.0,0.0,0.0,0
2026-07-26T07:33:32.495922,07/07 02:15,20.73,0.0,,,,18.0,29.0,0.0,0.0,0.0,0.0,0.0,0.0,0.0,0.0,0.0,0.34,low,0.0,0.0,0.0,0
2026-07-26T07:33:32.513924,07/07 03:15,21.1,0.0,,,,18.0,29.0,0.0,0.0,0.0,0.0,0.0,0.0,0.0,0.0,0.0,0.34,low,0.0,0.0,0.0,0
2026-07-26T07:33:32.531925,07/07 04:15,20.98,0.0,,,,18.0,29.0,0.0,0.0,0.0,0.0,0.0,0.0,0.0,0.0,0.0,0.34,low,0.0,0.0,0.0,0
2026-07-26T07:33:32.550926,07/07 05:15,20.6,0.0,,,,18.0,29.0,0.0,0.0,0.0,0.0,0.0,0.0,0.0,0.0,0.0,0.34,low,0.0,0.0,0.0,0
2026-07-26T07:33:32.571924,07/07 06:15,20.73,0.0,,,,18.0,29.0,0.0,0.0,0.0,0.0,0.0,0.0,0.0,0.0,0.0,0.43,moderate,0.0,0.0,0.0,0
2026-07-26T07:33:49.908784,07/07 07:15,21.25,0.0,,,,18.0,29.0,0.0,0.0,0.0,0.0,0.0,0.0,0.0,0.0,0.0,0.43,moderate,0.0,0.0,0.0,0
2026-07-26T07:33:49.930785,07/07 08:23,22.1,0.0,,,,18.0,29.0,0.0,0.0,0.0,0.0,0.0,0.0,0.0,0.0,0.0,0.43,moderate,0.0,0.0,0.0,0
2026-07-26T07:33:49.950777,07/07 09:23,23.3,0.0,,,,18.0,29.0,0.0,0.0,0.0,0.0,0.0,0.0,0.0,0.0,0.0,0.43,moderate,0.0,0.0,0.0,0
2026-07-26T07:33:49.969774,07/07 10:15,24.28,0.0,,,,18.0,29.0,0.0,0.0,0.0,0.0,0.0,0.0,0.0,0.0,0.0,0.3,low,0.0,0.0,0.0,0
2026-07-26T07:33:49.988774,07/07 11:15,27.62,0.0,,,,18.0,29.0,0.0,0.0,0.0,0.0,0.0,0.0,0.0,0.0,0.0,0.3,low,0.0,0.0,0.0,0
2026-07-26T07:33:50.007772,07/07 12:23,28.47,0.0,,,,18.0,29.0,0.0,0.0,0.0,0.0,0.0,0.0,0.0,0.0,0.0,0.3,low,0.0,0.0,0.0,0
2026-07-26T07:34:07.386763,07/07 13:15,27.07,0.0,,,,18.0,29.0,0.0,0.0,0.0,0.0,0.0,0.0,0.0,0.0,0.0,0.3,low,0.0,0.0,0.0,0
2026-07-26T07:34:07.407756,07/07 14:15,26.7,0.0,,,,18.0,29.0,0.0,0.0,0.0,0.0,0.0,0.0,0.0,0.0,0.0,0.3,low,0.0,0.0,0.0,0
2026-07-26T07:34:07.429756,07/07 15:15,26.42,0.0,,,,18.0,29.0,0.0,0.0,0.0,0.0,0.0,0.0,0.0,0.0,0.0,0.3,low,0.0,0.0,0.0,0
2026-07-26T07:34:07.448761,07/07 16:15,25.18,0.0,,,,18.0,29.0,0.0,0.0,0.0,0.0,0.0,0.0,0.0,0.0,0.0,0.55,high,0.0,0.0,0.0,0
2026-07-26T07:34:07.466757,07/07 17:15,23.75,0.0,,,,18.0,29.0,0.0,0.0,0.0,0.0,0.0,0.0,0.0,0.0,0.0,0.55,high,0.0,0.0,0.0,0
2026-07-26T07:34:07.484757,07/07 18:15,23.3,0.0,,,,18.0,29.0,0.0,0.0,0.0,0.0,0.0,0.0,0.0,0.0,0.0,0.55,high,0.0,0.0,0.0,0
2026-07-26T07:34:25.012909,07/07 19:15,23.18,0.0,,,,18.0,29.0,0.0,0.0,0.0,0.0,0.0,0.0,0.0,0.0,0.0,0.55,high,0.0,0.0,0.0,0
2026-07-26T07:34:25.033635,07/07 20:15,22.8,0.0,,,,18.0,29.0,0.0,0.0,0.0,0.0,0.0,0.0,0.0,0.0,0.0,0.55,high,0.0,0.0,0.0,0
2026-07-26T07:34:25.054637,07/07 21:15,22.53,0.0,,,,18.0,29.0,0.0,0.0,0.0,0.0,0.0,0.0,0.0,0.0,0.0,0.4,moderate,0.0,0.0,0.0,0
2026-07-26T07:34:25.071634,07/07 22:15,21.55,0.0,,,,18.0,29.0,0.0,0.0,0.0,0.0,0.0,0.0,0.0,0.0,0.0,0.4,moderate,0.0,0.0,0.0,0
2026-07-26T07:34:25.090633,07/07 23:15,21.1,0.0,,,,18.0,29.0,0.0,0.0,0.0,0.0,0.0,0.0,0.0,0.0,0.0,0.4,moderate,0.0,0.0,0.0,0
2026-07-26T07:34:25.108642,07/08 00:15,20.98,0.0,,,,18.0,29.0,0.0,0.0,0.0,0.0,0.0,0.0,0.0,0.0,0.0,0.34,low,0.0,0.0,0.0,0
2026-07-26T07:34:43.008190,07/08 01:15,20.3,0.0,,,,18.0,29.0,0.0,0.0,0.0,0.0,0.0,0.0,0.0,0.0,0.0,0.34,low,0.0,0.0,0.0,0
2026-07-26T07:34:43.029197,07/08 02:15,19.12,0.0,,,,18.0,29.0,0.0,0.0,0.0,0.0,0.0,0.0,0.0,0.0,0.0,0.34,low,0.0,0.0,0.0,0
2026-07-26T07:34:43.049197,07/08 03:15,18.3,0.0,,,,18.0,29.0,0.0,0.0,0.0,0.0,0.0,0.0,0.0,0.0,0.0,0.34,low,0.0,0.0,0.0,0
2026-07-26T07:34:43.067189,07/08 04:15,18.03,0.0,,,,18.0,29.0,0.0,0.0,0.0,0.0,0.0,0.0,0.0,0.0,0.0,0.34,low,0.0,0.0,0.0,0
2026-07-26T07:34:43.085189,07/08 05:15,17.9,0.0,,,,18.0,29.0,0.0,0.0,0.0,0.0,0.0,0.0,0.0,0.0,0.0,0.34,low,0.0,0.0,0.0,0
2026-07-26T07:34:43.102190,07/08 06:15,20.15,0.0,,,,18.0,29.0,0.0,0.0,0.0,0.0,0.0,0.0,0.0,0.0,0.0,0.43,moderate,0.0,0.0,0.0,0
2026-07-26T07:35:01.929477,07/08 07:15,20.88,0.0,,,,18.0,29.0,0.3764,0.094094,0.538084,0.094094,0.094053,0.0,0.0,2.17561,0.094094,0.43,moderate,0.04046,0.0,0.04046,0
2026-07-26T07:35:01.950482,07/08 08:15,22.67,0.0,,,,18.0,29.0,0.3764,0.094094,0.586101,0.094094,0.096715,0.0,0.0,2.385509,0.094094,0.43,moderate,0.04046,0.0,0.04046,0
2026-07-26T07:35:01.976478,07/08 09:23,25.6,52.0,23.15,22.03,24.02,18.0,29.0,0.3764,0.094094,0.764494,0.094094,0.125722,0.0,0.0,3.084901,0.094094,0.43,moderate,0.04046,0.0,0.04046,0
2026-07-26T07:35:02.001478,07/08 10:23,26.0,52.0,24.97,23.56,25.88,18.0,29.0,0.3764,0.094094,0.774461,0.094094,0.139027,0.0,0.0,3.110294,0.094094,0.3,low,0.028228,0.0,0.028228,0
2026-07-26T07:35:02.027472,07/08 11:23,27.35,52.0,25.77,24.42,26.53,18.0,29.0,0.3764,0.094094,0.829656,0.094094,0.145882,0.0,0.0,3.301911,0.094094,0.3,low,0.028228,0.0,0.028228,1
2026-07-26T07:35:02.051474,07/08 12:15,27.8,41.6,25.94,24.71,26.79,18.0,29.0,0.3764,0.094094,0.849635,0.094094,0.146868,0.0,0.0,3.365325,0.094094,0.3,low,0.028228,0.0,0.028228,1
2026-07-26T07:35:21.503635,07/08 13:15,27.65,20.8,25.28,24.13,26.11,20.0,27.0,0.3764,0.094094,0.850137,0.094094,0.146868,0.0,0.0,3.36701,0.094094,0.3,low,0.028228,0.0,0.028228,1
2026-07-26T07:35:21.525630,07/08 14:15,27.35,41.6,25.57,24.52,26.43,20.0,27.0,0.3764,0.094094,0.858885,0.094094,0.147458,0.0,0.0,3.423303,0.094094,0.3,low,0.028228,0.0,0.028228,1
2026-07-26T07:35:21.545634,07/08 15:15,27.93,52.0,25.99,25.27,26.86,20.0,27.0,0.3764,0.094094,0.912408,0.094094,0.147458,0.0,0.0,3.628361,0.094094,0.3,low,0.028228,0.0,0.028228,1
2026-07-26T07:35:21.564642,07/08 16:15,28.18,52.0,26.02,25.13,26.69,20.0,27.0,0.3764,0.094094,0.899418,0.094094,0.147458,0.0,0.0,3.552938,0.094094,0.55,high,0.051752,0.0,0.051752,1
2026-07-26T07:35:21.582632,07/08 17:15,27.65,52.0,25.89,24.79,26.33,20.0,27.0,0.3764,0.094094,0.898102,0.094094,0.147458,0.0,0.0,3.566014,0.094094,0.55,high,0.051752,0.0,0.051752,1
2026-07-26T07:35:21.600636,07/08 18:15,26.8,52.0,25.46,24.44,25.97,20.0,27.0,0.3764,0.094094,0.874314,0.094094,0.147458,0.0,0.0,3.485304,0.094094,0.55,high,0.051752,0.0,0.051752,0
2026-07-26T07:35:41.479888,07/08 19:23,25.6,26.0,23.91,23.05,24.43,20.0,26.0,0.3764,0.094094,0.695118,0.094094,0.127768,0.0,0.0,2.772204,0.094094,0.55,high,0.051752,0.0,0.051752,0
2026-07-26T07:35:41.509889,07/08 20:15,25.03,0.0,,,,20.0,26.0,0.3764,0.094094,0.759471,0.094094,0.138515,0.0,0.0,3.051851,0.094094,0.55,high,0.051752,0.0,0.051752,0
2026-07-26T07:35:41.532890,07/08 21:15,23.3,0.0,,,,20.0,26.0,0.0,0.0,0.0,0.0,0.0,0.0,0.0,0.0,0.0,0.4,moderate,0.0,0.0,0.0,0
2026-07-26T07:35:41.554892,07/08 22:15,23.3,0.0,,,,20.0,26.0,0.0,0.0,0.0,0.0,0.0,0.0,0.0,0.0,0.0,0.4,moderate,0.0,0.0,0.0,0
2026-07-26T07:35:41.575888,07/08 23:15,23.03,0.0,,,,20.0,26.0,0.0,0.0,0.0,0.0,0.0,0.0,0.0,0.0,0.0,0.4,moderate,0.0,0.0,0.0,0
2026-07-26T07:35:41.593888,07/09 00:15,21.92,0.0,,,,20.0,26.0,0.0,0.0,0.0,0.0,0.0,0.0,0.0,0.0,0.0,0.34,low,0.0,0.0,0.0,0
2026-07-26T07:35:59.858947,07/09 01:15,21.1,0.0,,,,18.0,28.0,0.0,0.0,0.0,0.0,0.0,0.0,0.0,0.0,0.0,0.34,low,0.0,0.0,0.0,0
2026-07-26T07:35:59.879937,07/09 02:15,21.25,0.0,,,,18.0,28.0,0.0,0.0,0.0,0.0,0.0,0.0,0.0,0.0,0.0,0.34,low,0.0,0.0,0.0,0
2026-07-26T07:35:59.900937,07/09 03:15,21.55,0.0,,,,18.0,28.0,0.0,0.0,0.0,0.0,0.0,0.0,0.0,0.0,0.0,0.34,low,0.0,0.0,0.0,0
2026-07-26T07:35:59.917938,07/09 04:15,21.1,0.0,,,,18.0,28.0,0.0,0.0,0.0,0.0,0.0,0.0,0.0,0.0,0.0,0.34,low,0.0,0.0,0.0,0
2026-07-26T07:35:59.936937,07/09 05:15,21.25,0.0,,,,18.0,28.0,0.0,0.0,0.0,0.0,0.0,0.0,0.0,0.0,0.0,0.34,low,0.0,0.0,0.0,0
2026-07-26T07:35:59.953943,07/09 06:15,21.7,0.0,,,,18.0,28.0,0.0,0.0,0.0,0.0,0.0,0.0,0.0,0.0,0.0,0.43,moderate,0.0,0.0,0.0,0
2026-07-26T07:36:17.765972,07/09 07:15,21.7,0.0,,,,18.0,29.0,0.3764,0.094094,0.541665,0.094094,0.096945,0.0,0.0,2.172902,0.094094,0.43,moderate,0.04046,0.0,0.04046,0
2026-07-26T07:36:17.787969,07/09 08:15,21.12,0.0,,,,18.0,29.0,0.3764,0.094094,0.540427,0.094094,0.092545,0.0,0.0,2.171502,0.094094,0.43,moderate,0.04046,0.0,0.04046,0
2026-07-26T07:36:17.814973,07/09 09:23,19.7,52.0,22.72,21.95,23.45,18.0,29.0,0.3764,0.094094,0.405232,0.094094,0.079646,0.0,0.0,1.531045,0.094094,0.43,moderate,0.04046,0.0,0.04046,0
2026-07-26T07:36:17.834977,07/09 10:15,20.88,52.0,24.43,23.52,25.33,18.0,29.0,0.3764,0.094094,0.420852,0.094094,0.090358,0.0,0.0,1.596063,0.094094,0.3,low,0.028228,0.0,0.028228,0
2026-07-26T07:36:17.854966,07/09 11:15,21.7,52.0,25.16,24.22,26.09,18.0,29.0,0.3764,0.094094,0.440228,0.094094,0.098925,0.0,0.0,1.678158,0.094094,0.3,low,0.028228,0.0,0.028228,1
2026-07-26T07:36:17.873965,07/09 12:15,21.97,41.6,25.37,24.36,26.24,18.0,29.0,0.3764,0.094094,0.443325,0.094094,0.098925,0.0,0.0,1.692797,0.094094,0.3,low,0.028228,0.0,0.028228,1
2026-07-26T07:36:37.397062,07/09 13:15,22.93,20.8,25.15,24.19,26.02,20.0,27.0,0.3764,0.094094,0.450975,0.094094,0.099078,0.0,0.0,1.717602,0.094094,0.3,low,0.028228,0.0,0.028228,1
2026-07-26T07:36:37.419509,07/09 14:15,23.3,41.6,25.74,25.06,26.5,20.0,27.0,0.3764,0.094094,0.463746,0.094094,0.100083,0.0,0.0,1.773023,0.094094,0.3,low,0.028228,0.0,0.028228,1
2026-07-26T07:36:37.441082,07/09 15:15,23.18,52.0,26.17,25.2,26.71,20.0,27.0,0.3764,0.094094,0.437545,0.094094,0.096128,0.0,0.0,1.64702,0.094094,0.3,low,0.028228,0.0,0.028228,1
2026-07-26T07:36:37.462015,07/09 16:15,22.8,52.0,26.21,25.06,26.74,20.0,27.0,0.3764,0.094094,0.423156,0.094094,0.093371,0.0,0.0,1.588777,0.094094,0.55,high,0.051752,0.0,0.051752,1
2026-07-26T07:36:37.481002,07/09 17:15,22.53,52.0,25.9,24.53,26.99,20.0,27.0,0.3764,0.094097,0.389894,0.094097,0.088775,0.0,0.0,1.423526,0.094097,0.55,high,0.051753,0.0,0.051753,1
2026-07-26T07:36:37.499007,07/09 18:15,21.27,52.0,25.52,24.08,26.59,20.0,27.0,0.3764,0.094094,0.31187,0.094094,0.081566,0.0,0.0,1.038054,0.094094,0.55,high,0.051752,0.0,0.051752,1
2026-07-26T07:36:58.149266,07/09 19:23,19.73,26.0,23.8,22.62,24.4,20.0,25.0,0.3764,0.094094,0.278108,0.094094,0.079291,0.0,0.0,0.879834,0.094094,0.55,high,0.051752,0.0,0.051752,0
2026-07-26T07:36:58.170260,07/09 20:23,18.47,0.0,,,,20.0,25.0,0.3764,0.094094,0.255323,0.094094,0.078182,0.0,0.0,0.765552,0.094094,0.55,high,0.051752,0.0,0.051752,0
2026-07-26T07:36:58.190263,07/09 21:15,16.8,0.0,,,,20.0,25.0,0.0,0.0,0.0,0.0,0.0,0.0,0.0,0.0,0.0,0.4,moderate,0.0,0.0,0.0,0
2026-07-26T07:36:58.208262,07/09 22:15,15.45,0.0,,,,20.0,25.0,0.0,0.0,0.0,0.0,0.0,0.0,0.0,0.0,0.0,0.4,moderate,0.0,0.0,0.0,0
2026-07-26T07:36:58.226262,07/09 23:15,14.72,0.0,,,,20.0,25.0,0.0,0.0,0.0,0.0,0.0,0.0,0.0,0.0,0.0,0.4,moderate,0.0,0.0,0.0,0
2026-07-26T07:36:58.245408,07/10 00:15,14.03,0.0,,,,20.0,25.0,0.0,0.0,0.0,0.0,0.0,0.0,0.0,0.0,0.0,0.34,low,0.0,0.0,0.0,0
2026-07-26T07:37:17.110208,07/10 01:15,14.55,0.0,,,,18.0,27.0,0.0,0.0,0.0,0.0,0.0,0.0,0.0,0.0,0.0,0.34,low,0.0,0.0,0.0,0
2026-07-26T07:37:17.132214,07/10 02:15,14.85,0.0,,,,18.0,27.0,0.0,0.0,0.0,0.0,0.0,0.0,0.0,0.0,0.0,0.34,low,0.0,0.0,0.0,0
2026-07-26T07:37:17.152289,07/10 03:15,14.55,0.0,,,,18.0,27.0,0.0,0.0,0.0,0.0,0.0,0.0,0.0,0.0,0.0,0.34,low,0.0,0.0,0.0,0
2026-07-26T07:37:17.171312,07/10 04:15,15.15,0.0,,,,18.0,27.0,0.0,0.0,0.0,0.0,0.0,0.0,0.0,0.0,0.0,0.34,low,0.0,0.0,0.0,0
2026-07-26T07:37:17.190310,07/10 05:15,16.0,0.0,,,,18.0,27.0,0.0,0.0,0.0,0.0,0.0,0.0,0.0,0.0,0.0,0.34,low,0.0,0.0,0.0,0
2026-07-26T07:37:17.206787,07/10 06:15,17.75,0.0,,,,18.0,27.0,0.0,0.0,0.0,0.0,0.0,0.0,0.0,0.0,0.0,0.43,moderate,0.0,0.0,0.0,0
2026-07-26T07:37:34.794975,07/10 07:15,19.7,0.0,,,,18.0,29.0,0.3764,0.094094,0.373332,0.094094,0.06434,0.0,0.0,1.403339,0.094094,0.43,moderate,0.04046,0.0,0.04046,0
2026-07-26T07:37:34.816959,07/10 08:15,21.0,0.0,,,,18.0,29.0,0.3764,0.094094,0.433876,0.094094,0.070537,0.0,0.0,1.687261,0.094094,0.43,moderate,0.04046,0.0,0.04046,0
2026-07-26T07:37:34.840967,07/10 09:23,22.47,52.0,22.63,21.84,23.44,18.0,29.0,0.3764,0.094094,0.514753,0.094094,0.087113,0.0,0.0,2.040674,0.094094,0.43,moderate,0.04046,0.0,0.04046,0
2026-07-26T07:37:34.863960,07/10 10:23,23.18,52.0,24.31,23.41,25.25,18.0,29.0,0.3764,0.094094,0.56449,0.094094,0.105954,0.0,0.0,2.241167,0.094094,0.3,low,0.028228,0.0,0.028228,0
2026-07-26T07:37:34.883958,07/10 11:15,22.65,52.0,24.97,24.05,25.92,18.0,29.0,0.3764,0.094094,0.540666,0.094094,0.112138,0.0,0.0,2.135168,0.094094,0.3,low,0.028228,0.0,0.028228,0
2026-07-26T07:37:34.901959,07/10 12:15,22.75,41.6,25.04,24.12,25.98,18.0,29.0,0.3764,0.094094,0.577031,0.094094,0.11587,0.0,0.0,2.315604,0.094094,0.3,low,0.028228,0.0,0.028228,0
2026-07-26T07:37:54.697120,07/10 13:15,24.4,20.8,24.99,24.14,26.04,20.0,27.0,0.3764,0.094094,0.650223,0.094094,0.124352,0.0,0.0,2.606912,0.094094,0.3,low,0.028228,0.0,0.028228,1
2026-07-26T07:37:54.717113,07/10 14:15,24.27,41.6,25.52,24.71,26.57,20.0,27.0,0.3764,0.094094,0.623233,0.094094,0.120789,0.0,0.0,2.484618,0.094094,0.3,low,0.028228,0.0,0.028228,1
2026-07-26T07:37:54.736113,07/10 15:15,23.35,52.0,25.52,24.63,26.43,20.0,27.0,0.3764,0.094094,0.676045,0.094094,0.127435,0.0,0.0,2.731502,0.094094,0.3,low,0.028228,0.0,0.028228,1
2026-07-26T07:37:54.756113,07/10 16:15,21.55,52.0,25.25,24.36,26.04,20.0,27.0,0.3764,0.094094,0.580539,0.094094,0.115101,0.0,0.0,2.336072,0.094094,0.55,high,0.051752,0.0,0.051752,1
2026-07-26T07:37:54.774113,07/10 17:15,21.1,52.0,24.87,24.09,25.62,20.0,27.0,0.3764,0.094094,0.525045,0.094094,0.107789,0.0,0.0,2.087376,0.094094,0.55,high,0.051752,0.0,0.051752,0
2026-07-26T07:37:54.792113,07/10 18:15,21.25,52.0,24.55,23.72,25.52,20.0,27.0,0.3764,0.094094,0.503853,0.094094,0.105093,0.0,0.0,1.9886,0.094094,0.55,high,0.051752,0.0,0.051752,0
2026-07-26T07:38:13.791574,07/10 19:15,21.55,26.0,23.18,22.4,24.07,20.0,26.0,0.3764,0.094094,0.508903,0.094094,0.10649,0.0,0.0,2.005057,0.094094,0.55,high,0.051752,0.0,0.051752,0
2026-07-26T07:38:13.812986,07/10 20:15,21.1,0.0,,,,20.0,26.0,0.3764,0.094094,0.525851,0.094094,0.110625,0.0,0.0,2.091874,0.094094,0.55,high,0.051752,0.0,0.051752,0
2026-07-26T07:38:13.832101,07/10 21:15,21.25,0.0,,,,20.0,26.0,0.0,0.0,0.0,0.0,0.0,0.0,0.0,0.0,0.0,0.4,moderate,0.0,0.0,0.0,0
2026-07-26T07:38:13.850491,07/10 22:15,21.55,0.0,,,,20.0,26.0,0.0,0.0,0.0,0.0,0.0,0.0,0.0,0.0,0.0,0.4,moderate,0.0,0.0,0.0,0
2026-07-26T07:38:13.868762,07/10 23:15,20.98,0.0,,,,20.0,26.0,0.0,0.0,0.0,0.0,0.0,0.0,0.0,0.0,0.0,0.4,moderate,0.0,0.0,0.0,0
2026-07-26T07:38:13.885777,07/11 00:15,20.6,0.0,,,,20.0,26.0,0.0,0.0,0.0,0.0,0.0,0.0,0.0,0.0,0.0,0.34,low,0.0,0.0,0.0,0
2026-07-26T07:38:31.559269,07/11 01:15,20.6,0.0,,,,18.0,28.0,0.0,0.0,0.0,0.0,0.0,0.0,0.0,0.0,0.0,0.34,low,0.0,0.0,0.0,0
2026-07-26T07:38:31.579271,07/11 02:15,20.6,0.0,,,,18.0,28.0,0.0,0.0,0.0,0.0,0.0,0.0,0.0,0.0,0.0,0.34,low,0.0,0.0,0.0,0
2026-07-26T07:38:31.599268,07/11 03:15,20.6,0.0,,,,18.0,28.0,0.0,0.0,0.0,0.0,0.0,0.0,0.0,0.0,0.0,0.34,low,0.0,0.0,0.0,0
2026-07-26T07:38:31.619266,07/11 04:15,20.6,0.0,,,,18.0,28.0,0.0,0.0,0.0,0.0,0.0,0.0,0.0,0.0,0.0,0.34,low,0.0,0.0,0.0,0
2026-07-26T07:38:31.639270,07/11 05:15,20.6,0.0,,,,18.0,28.0,0.0,0.0,0.0,0.0,0.0,0.0,0.0,0.0,0.0,0.34,low,0.0,0.0,0.0,0
2026-07-26T07:38:31.657268,07/11 06:15,20.73,0.0,,,,18.0,28.0,0.0,0.0,0.0,0.0,0.0,0.0,0.0,0.0,0.0,0.43,moderate,0.0,0.0,0.0,0
2026-07-26T07:38:49.348636,07/11 07:15,21.25,0.0,,,,18.0,29.0,0.3764,0.094094,0.526552,0.094094,0.093048,0.0,0.0,2.113087,0.094094,0.43,moderate,0.04046,0.0,0.04046,0
2026-07-26T07:38:49.370638,07/11 08:15,21.7,0.0,,,,18.0,29.0,0.3764,0.094094,0.562039,0.094094,0.094306,0.0,0.0,2.2736,0.094094,0.43,moderate,0.04046,0.0,0.04046,0
2026-07-26T07:38:49.395641,07/11 09:23,21.82,52.0,22.52,21.72,23.19,18.0,29.0,0.3764,0.094094,0.568917,0.094094,0.100707,0.0,0.0,2.295149,0.094094,0.43,moderate,0.04046,0.0,0.04046,0
2026-07-26T07:38:49.416636,07/11 10:15,22.2,52.0,23.96,23.01,24.74,18.0,29.0,0.3764,0.094094,0.584123,0.094094,0.112102,0.0,0.0,2.346925,0.094094,0.3,low,0.028228,0.0,0.028228,0
2026-07-26T07:38:49.434634,07/11 11:15,22.35,52.0,24.72,23.78,25.6,18.0,29.0,0.3764,0.094094,0.62624,0.094094,0.123369,0.0,0.0,2.538011,0.094094,0.3,low,0.028228,0.0,0.028228,0
2026-07-26T07:38:49.452633,07/11 12:15,22.93,41.6,25.2,24.32,26.21,18.0,29.0,0.3764,0.094094,0.640407,0.094094,0.124171,0.0,0.0,2.592071,0.094094,0.3,low,0.028228,0.0,0.028228,1
2026-07-26T07:39:08.854308,07/11 13:15,23.45,20.8,25.07,24.25,26.15,20.0,27.0,0.3764,0.094094,0.675317,0.094094,0.128495,0.0,0.0,2.738511,0.094094,0.3,low,0.028228,0.0,0.028228,1
2026-07-26T07:39:08.876314,07/11 14:15,24.02,41.6,25.59,24.82,26.64,20.0,27.0,0.3764,0.094094,0.690253,0.094094,0.130134,0.0,0.0,2.791918,0.094094,0.3,low,0.028228,0.0,0.028228,1
2026-07-26T07:39:08.896845,07/11 15:15,24.7,52.0,25.9,25.17,26.76,20.0,27.0,0.3764,0.094094,0.714178,0.094094,0.132116,0.0,0.0,2.886643,0.094094,0.3,low,0.028228,0.0,0.028228,1
2026-07-26T07:39:08.918242,07/11 16:15,25.6,52.0,26.08,25.06,26.65,20.0,27.0,0.3764,0.094094,0.748058,0.094094,0.134831,0.0,0.0,3.004983,0.094094,0.55,high,0.051752,0.0,0.051752,1
2026-07-26T07:39:08.937544,07/11 17:15,25.6,52.0,25.87,24.66,26.65,20.0,27.0,0.3764,0.094094,0.731883,0.094094,0.132172,0.0,0.0,2.935273,0.094094,0.55,high,0.051752,0.0,0.051752,1
2026-07-26T07:39:08.959093,07/11 18:15,25.45,52.0,25.54,24.31,26.09,20.0,27.0,0.3764,0.094094,0.733164,0.094094,0.132172,0.0,0.0,2.941197,0.094094,0.55,high,0.051752,0.0,0.051752,1
2026-07-26T07:39:26.650187,07/11 19:23,24.85,26.0,23.95,22.97,24.37,20.0,25.0,0.3764,0.094094,0.703023,0.094094,0.129655,0.0,0.0,2.822512,0.094094,0.55,high,0.051752,0.0,0.051752,0
2026-07-26T07:39:26.671187,07/11 20:15,24.27,0.0,,,,20.0,25.0,0.3764,0.094094,0.65007,0.094094,0.124687,0.0,0.0,2.602178,0.094094,0.55,high,0.051752,0.0,0.051752,0
2026-07-26T07:39:26.690188,07/11 21:15,23.75,0.0,,,,20.0,25.0,0.0,0.0,0.0,0.0,0.0,0.0,0.0,0.0,0.0,0.4,moderate,0.0,0.0,0.0,0
2026-07-26T07:39:26.708190,07/11 22:15,22.75,0.0,,,,20.0,25.0,0.0,0.0,0.0,0.0,0.0,0.0,0.0,0.0,0.0,0.4,moderate,0.0,0.0,0.0,0
2026-07-26T07:39:26.726189,07/11 23:15,21.38,0.0,,,,20.0,25.0,0.0,0.0,0.0,0.0,0.0,0.0,0.0,0.0,0.0,0.4,moderate,0.0,0.0,0.0,0
2026-07-26T07:39:26.744189,07/12 00:15,22.07,0.0,,,,20.0,25.0,0.0,0.0,0.0,0.0,0.0,0.0,0.0,0.0,0.0,0.34,low,0.0,0.0,0.0,0
2026-07-26T07:39:44.502361,07/12 01:15,21.27,0.0,,,,18.0,27.0,0.0,0.0,0.0,0.0,0.0,0.0,0.0,0.0,0.0,0.34,low,0.0,0.0,0.0,0
2026-07-26T07:39:44.522359,07/12 02:15,19.85,0.0,,,,18.0,27.0,0.0,0.0,0.0,0.0,0.0,0.0,0.0,0.0,0.0,0.34,low,0.0,0.0,0.0,0
2026-07-26T07:39:44.544356,07/12 03:15,19.27,0.0,,,,18.0,27.0,0.0,0.0,0.0,0.0,0.0,0.0,0.0,0.0,0.0,0.34,low,0.0,0.0,0.0,0
2026-07-26T07:39:44.563362,07/12 04:15,19.02,0.0,,,,18.0,27.0,0.0,0.0,0.0,0.0,0.0,0.0,0.0,0.0,0.0,0.34,low,0.0,0.0,0.0,0
2026-07-26T07:39:44.580356,07/12 05:15,19.7,0.0,,,,18.0,27.0,0.0,0.0,0.0,0.0,0.0,0.0,0.0,0.0,0.0,0.34,low,0.0,0.0,0.0,0
2026-07-26T07:39:44.598357,07/12 06:15,20.73,0.0,,,,18.0,27.0,0.0,0.0,0.0,0.0,0.0,0.0,0.0,0.0,0.0,0.43,moderate,0.0,0.0,0.0,0
2026-07-26T07:40:01.902303,07/12 07:15,21.38,0.0,,,,18.0,29.0,0.3764,0.094094,0.55414,0.094094,0.098405,0.0,0.0,2.242904,0.094094,0.43,moderate,0.04046,0.0,0.04046,0
2026-07-26T07:40:01.926307,07/12 08:15,22.07,0.0,,,,18.0,29.0,0.3764,0.094094,0.62413,0.094094,0.103608,0.0,0.0,2.5495,0.094094,0.43,moderate,0.04046,0.0,0.04046,0
2026-07-26T07:40:01.946303,07/12 09:23,22.25,52.0,22.6,21.78,23.32,18.0,29.0,0.3764,0.094094,0.59822,0.094094,0.105535,0.0,0.0,2.428199,0.094094,0.43,moderate,0.04046,0.0,0.04046,0
2026-07-26T07:40:01.969306,07/12 10:23,24.17,52.0,24.46,23.51,25.38,18.0,29.0,0.3764,0.094094,0.698732,0.094094,0.128395,0.0,0.0,2.828708,0.094094,0.3,low,0.028228,0.0,0.028228,0
2026-07-26T07:40:01.989312,07/12 11:23,24.85,52.0,25.18,24.19,26.11,18.0,29.0,0.3764,0.094094,0.636503,0.094094,0.123281,0.0,0.0,2.52959,0.094094,0.3,low,0.028228,0.0,0.028228,1
2026-07-26T07:40:02.008303,07/12 12:15,24.7,41.6,25.46,24.48,26.43,18.0,29.0,0.3764,0.094094,0.655533,0.094094,0.124687,0.0,0.0,2.629348,0.094094,0.3,low,0.028228,0.0,0.028228,1
2026-07-26T07:40:20.832614,07/12 13:15,25.88,20.8,25.41,24.51,26.43,20.0,27.0,0.3764,0.094094,0.669146,0.094094,0.125497,0.0,0.0,2.663598,0.094094,0.3,low,0.028228,0.0,0.028228,1
2026-07-26T07:40:20.854065,07/12 14:15,26.97,41.6,26.03,25.42,26.98,20.0,27.0,0.3764,0.094097,0.71201,0.094097,0.130203,0.0,0.0,2.824429,0.094097,0.3,low,0.028229,0.0,0.028229,1
2026-07-26T07:40:20.876253,07/12 15:15,27.53,52.0,26.36,25.55,27.0,20.0,27.0,0.3772,0.094305,0.758081,0.094305,0.13323,0.0,0.0,2.990286,0.094305,0.3,low,0.028291,0.0,0.028291,1
2026-07-26T07:40:20.898250,07/12 16:15,26.7,52.0,26.02,25.12,26.68,20.0,27.0,0.3764,0.094094,0.726473,0.094094,0.130215,0.0,0.0,2.885702,0.094094,0.55,high,0.051752,0.0,0.051752,1
2026-07-26T07:40:20.917301,07/12 17:15,26.55,52.0,25.83,24.79,26.33,20.0,27.0,0.3764,0.094094,0.706547,0.094094,0.127365,0.0,0.0,2.801067,0.094094,0.55,high,0.051752,0.0,0.051752,1
2026-07-26T07:40:20.935304,07/12 18:15,25.83,52.0,25.49,24.42,25.93,20.0,27.0,0.3764,0.094094,0.687643,0.094094,0.125428,0.0,0.0,2.733989,0.094094,0.55,high,0.051752,0.0,0.051752,0
2026-07-26T07:40:39.571578,07/12 19:15,24.85,26.0,23.99,23.06,24.46,20.0,26.0,0.3764,0.094094,0.675993,0.094094,0.125838,0.0,0.0,2.706616,0.094094,0.55,high,0.051752,0.0,0.051752,0
2026-07-26T07:40:39.591894,07/12 20:23,24.27,0.0,,,,20.0,26.0,0.3764,0.094094,0.677091,0.094094,0.128425,0.0,0.0,2.721911,0.094094,0.55,high,0.051752,0.0,0.051752,0
2026-07-26T07:40:39.611900,07/12 21:15,23.75,0.0,,,,20.0,26.0,0.0,0.0,0.0,0.0,0.0,0.0,0.0,0.0,0.0,0.4,moderate,0.0,0.0,0.0,0
2026-07-26T07:40:39.633039,07/12 22:15,23.3,0.0,,,,20.0,26.0,0.0,0.0,0.0,0.0,0.0,0.0,0.0,0.0,0.0,0.4,moderate,0.0,0.0,0.0,0
2026-07-26T07:40:39.652122,07/12 23:15,23.03,0.0,,,,20.0,26.0,0.0,0.0,0.0,0.0,0.0,0.0,0.0,0.0,0.0,0.4,moderate,0.0,0.0,0.0,0
2026-07-26T07:40:39.669318,07/13 00:15,21.92,0.0,,,,20.0,26.0,0.0,0.0,0.0,0.0,0.0,0.0,0.0,0.0,0.0,0.34,low,0.0,0.0,0.0,0
2026-07-26T07:40:56.719805,07/13 01:15,20.83,0.0,,,,18.0,28.0,0.0,0.0,0.0,0.0,0.0,0.0,0.0,0.0,0.0,0.34,low,0.0,0.0,0.0,0
2026-07-26T07:40:56.738807,07/13 02:15,19.73,0.0,,,,18.0,28.0,0.0,0.0,0.0,0.0,0.0,0.0,0.0,0.0,0.0,0.34,low,0.0,0.0,0.0,0
2026-07-26T07:40:56.756805,07/13 03:15,18.75,0.0,,,,18.0,28.0,0.0,0.0,0.0,0.0,0.0,0.0,0.0,0.0,0.0,0.34,low,0.0,0.0,0.0,0
2026-07-26T07:40:56.772804,07/13 04:15,18.18,0.0,,,,18.0,28.0,0.0,0.0,0.0,0.0,0.0,0.0,0.0,0.0,0.0,0.34,low,0.0,0.0,0.0,0
2026-07-26T07:40:56.790803,07/13 05:15,18.2,0.0,,,,18.0,28.0,0.0,0.0,0.0,0.0,0.0,0.0,0.0,0.0,0.0,0.34,low,0.0,0.0,0.0,0
2026-07-26T07:40:56.807802,07/13 06:23,19.82,0.0,,,,18.0,28.0,0.0,0.0,0.0,0.0,0.0,0.0,0.0,0.0,0.0,0.43,moderate,0.0,0.0,0.0,0
2026-07-26T07:41:13.979962,07/13 07:20,21.65,0.0,,,,18.0,29.0,0.0,0.0,0.0,0.0,0.0,0.0,0.0,0.0,0.0,0.43,moderate,0.0,0.0,0.0,0
2026-07-26T07:41:14.000516,07/13 08:23,23.73,0.0,,,,18.0,29.0,0.0,0.0,0.0,0.0,0.0,0.0,0.0,0.0,0.0,0.43,moderate,0.0,0.0,0.0,0
2026-07-26T07:41:14.019515,07/13 09:23,25.27,0.0,,,,18.0,29.0,0.0,0.0,0.0,0.0,0.0,0.0,0.0,0.0,0.0,0.43,moderate,0.0,0.0,0.0,0
2026-07-26T07:41:14.037518,07/13 10:15,26.38,0.0,,,,18.0,29.0,0.0,0.0,0.0,0.0,0.0,0.0,0.0,0.0,0.0,0.3,low,0.0,0.0,0.0,0
2026-07-26T07:41:14.055526,07/13 11:15,27.62,0.0,,,,18.0,29.0,0.0,0.0,0.0,0.0,0.0,0.0,0.0,0.0,0.0,0.3,low,0.0,0.0,0.0,0
2026-07-26T07:41:14.073525,07/13 12:15,28.9,0.0,,,,18.0,29.0,0.0,0.0,0.0,0.0,0.0,0.0,0.0,0.0,0.0,0.3,low,0.0,0.0,0.0,0
2026-07-26T07:41:30.515304,07/13 13:15,28.9,0.0,,,,18.0,29.0,0.0,0.0,0.0,0.0,0.0,0.0,0.0,0.0,0.0,0.3,low,0.0,0.0,0.0,0
2026-07-26T07:41:30.536461,07/13 14:15,28.9,0.0,,,,18.0,29.0,0.0,0.0,0.0,0.0,0.0,0.0,0.0,0.0,0.0,0.3,low,0.0,0.0,0.0,0
2026-07-26T07:41:30.555458,07/13 15:23,28.75,0.0,,,,18.0,29.0,0.0,0.0,0.0,0.0,0.0,0.0,0.0,0.0,0.0,0.3,low,0.0,0.0,0.0,0
2026-07-26T07:41:30.574458,07/13 16:23,28.3,0.0,,,,18.0,29.0,0.0,0.0,0.0,0.0,0.0,0.0,0.0,0.0,0.0,0.55,high,0.0,0.0,0.0,0
2026-07-26T07:41:30.593459,07/13 17:15,28.03,0.0,,,,18.0,29.0,0.0,0.0,0.0,0.0,0.0,0.0,0.0,0.0,0.0,0.55,high,0.0,0.0,0.0,0
2026-07-26T07:41:30.612345,07/13 18:15,26.8,0.0,,,,18.0,29.0,0.0,0.0,0.0,0.0,0.0,0.0,0.0,0.0,0.0,0.55,high,0.0,0.0,0.0,0
2026-07-26T07:41:47.796549,07/13 19:23,25.03,0.0,,,,18.0,29.0,0.0,0.0,0.0,0.0,0.0,0.0,0.0,0.0,0.0,0.55,high,0.0,0.0,0.0,0
2026-07-26T07:41:47.819548,07/13 20:23,22.9,0.0,,,,18.0,29.0,0.0,0.0,0.0,0.0,0.0,0.0,0.0,0.0,0.0,0.55,high,0.0,0.0,0.0,0
2026-07-26T07:41:47.838544,07/13 21:23,21.42,0.0,,,,18.0,29.0,0.0,0.0,0.0,0.0,0.0,0.0,0.0,0.0,0.0,0.4,moderate,0.0,0.0,0.0,0
2026-07-26T07:41:47.857544,07/13 22:15,20.18,0.0,,,,18.0,29.0,0.0,0.0,0.0,0.0,0.0,0.0,0.0,0.0,0.0,0.4,moderate,0.0,0.0,0.0,0
2026-07-26T07:41:47.875546,07/13 23:15,18.75,0.0,,,,18.0,29.0,0.0,0.0,0.0,0.0,0.0,0.0,0.0,0.0,0.0,0.4,moderate,0.0,0.0,0.0,0
2026-07-26T07:41:47.893545,07/14 00:15,18.3,0.0,,,,18.0,29.0,0.0,0.0,0.0,0.0,0.0,0.0,0.0,0.0,0.0,0.34,low,0.0,0.0,0.0,0
2026-07-26T07:42:06.047514,07/14 01:15,18.18,0.0,,,,18.0,29.0,0.0,0.0,0.0,0.0,0.0,0.0,0.0,0.0,0.0,0.34,low,0.0,0.0,0.0,0
2026-07-26T07:42:06.070514,07/14 02:15,17.65,0.0,,,,18.0,29.0,0.0,0.0,0.0,0.0,0.0,0.0,0.0,0.0,0.0,0.34,low,0.0,0.0,0.0,0
2026-07-26T07:42:06.090517,07/14 03:15,17.2,0.0,,,,18.0,29.0,0.0,0.0,0.0,0.0,0.0,0.0,0.0,0.0,0.0,0.34,low,0.0,0.0,0.0,0
2026-07-26T07:42:06.109514,07/14 04:15,17.47,0.0,,,,18.0,29.0,0.0,0.0,0.0,0.0,0.0,0.0,0.0,0.0,0.0,0.34,low,0.0,0.0,0.0,0
2026-07-26T07:42:06.127514,07/14 05:15,18.58,0.0,,,,18.0,29.0,0.0,0.0,0.0,0.0,0.0,0.0,0.0,0.0,0.0,0.34,low,0.0,0.0,0.0,0
2026-07-26T07:42:06.145036,07/14 06:15,19.7,0.0,,,,18.0,29.0,0.0,0.0,0.0,0.0,0.0,0.0,0.0,0.0,0.0,0.43,moderate,0.0,0.0,0.0,0
2026-07-26T07:42:23.934459,07/14 07:23,20.88,0.0,,,,18.0,29.0,0.0,0.0,0.0,0.0,0.0,0.0,0.0,0.0,0.0,0.43,moderate,0.0,0.0,0.0,0
2026-07-26T07:42:23.956523,07/14 08:23,21.97,0.0,,,,18.0,29.0,0.0,0.0,0.0,0.0,0.0,0.0,0.0,0.0,0.0,0.43,moderate,0.0,0.0,0.0,0
2026-07-26T07:42:23.977527,07/14 09:23,22.93,0.0,,,,18.0,29.0,0.0,0.0,0.0,0.0,0.0,0.0,0.0,0.0,0.0,0.43,moderate,0.0,0.0,0.0,0
2026-07-26T07:42:23.999528,07/14 10:15,23.45,0.0,,,,18.0,29.0,0.0,0.0,0.0,0.0,0.0,0.0,0.0,0.0,0.0,0.3,low,0.0,0.0,0.0,0
2026-07-26T07:42:24.017523,07/14 11:15,24.02,0.0,,,,18.0,29.0,0.0,0.0,0.0,0.0,0.0,0.0,0.0,0.0,0.0,0.3,low,0.0,0.0,0.0,0
2026-07-26T07:42:24.035522,07/14 12:15,24.55,0.0,,,,18.0,29.0,0.0,0.0,0.0,0.0,0.0,0.0,0.0,0.0,0.0,0.3,low,0.0,0.0,0.0,0
2026-07-26T07:42:41.591078,07/14 13:15,24.85,0.0,,,,18.0,29.0,0.0,0.0,0.0,0.0,0.0,0.0,0.0,0.0,0.0,0.3,low,0.0,0.0,0.0,0
2026-07-26T07:42:41.611071,07/14 14:15,24.27,0.0,,,,18.0,29.0,0.0,0.0,0.0,0.0,0.0,0.0,0.0,0.0,0.0,0.3,low,0.0,0.0,0.0,0
2026-07-26T07:42:41.634070,07/14 15:23,23.75,0.0,,,,18.0,29.0,0.0,0.0,0.0,0.0,0.0,0.0,0.0,0.0,0.0,0.3,low,0.0,0.0,0.0,0
2026-07-26T07:42:41.658076,07/14 16:15,23.03,0.0,,,,18.0,29.0,0.0,0.0,0.0,0.0,0.0,0.0,0.0,0.0,0.0,0.55,high,0.0,0.0,0.0,0
2026-07-26T07:42:41.677273,07/14 17:15,21.92,0.0,,,,18.0,29.0,0.0,0.0,0.0,0.0,0.0,0.0,0.0,0.0,0.0,0.55,high,0.0,0.0,0.0,0
2026-07-26T07:42:41.695789,07/14 18:15,20.98,0.0,,,,18.0,29.0,0.0,0.0,0.0,0.0,0.0,0.0,0.0,0.0,0.0,0.55,high,0.0,0.0,0.0,0
2026-07-26T07:42:58.350345,07/14 19:23,20.6,0.0,,,,18.0,29.0,0.0,0.0,0.0,0.0,0.0,0.0,0.0,0.0,0.0,0.55,high,0.0,0.0,0.0,0
2026-07-26T07:42:58.370805,07/14 20:23,20.3,0.0,,,,18.0,29.0,0.0,0.0,0.0,0.0,0.0,0.0,0.0,0.0,0.0,0.55,high,0.0,0.0,0.0,0
2026-07-26T07:42:58.391804,07/14 21:23,19.55,0.0,,,,18.0,29.0,0.0,0.0,0.0,0.0,0.0,0.0,0.0,0.0,0.0,0.4,moderate,0.0,0.0,0.0,0
2026-07-26T07:42:58.407804,07/14 22:15,20.0,0.0,,,,18.0,29.0,0.0,0.0,0.0,0.0,0.0,0.0,0.0,0.0,0.0,0.4,moderate,0.0,0.0,0.0,0
2026-07-26T07:42:58.424804,07/14 23:15,20.15,0.0,,,,18.0,29.0,0.0,0.0,0.0,0.0,0.0,0.0,0.0,0.0,0.0,0.4,moderate,0.0,0.0,0.0,0
2026-07-26T07:42:58.442805,07/15 00:15,20.45,0.0,,,,18.0,29.0,0.0,0.0,0.0,0.0,0.0,0.0,0.0,0.0,0.0,0.34,low,0.0,0.0,0.0,0
2026-07-26T07:43:15.224687,07/15 01:15,20.0,0.0,,,,18.0,29.0,0.0,0.0,0.0,0.0,0.0,0.0,0.0,0.0,0.0,0.34,low,0.0,0.0,0.0,0
2026-07-26T07:43:15.243688,07/15 02:15,19.85,0.0,,,,18.0,29.0,0.0,0.0,0.0,0.0,0.0,0.0,0.0,0.0,0.0,0.34,low,0.0,0.0,0.0,0
2026-07-26T07:43:15.262689,07/15 03:15,19.27,0.0,,,,18.0,29.0,0.0,0.0,0.0,0.0,0.0,0.0,0.0,0.0,0.0,0.34,low,0.0,0.0,0.0,0
2026-07-26T07:43:15.278688,07/15 04:15,18.9,0.0,,,,18.0,29.0,0.0,0.0,0.0,0.0,0.0,0.0,0.0,0.0,0.0,0.34,low,0.0,0.0,0.0,0
2026-07-26T07:43:15.297693,07/15 05:15,19.32,0.0,,,,18.0,29.0,0.0,0.0,0.0,0.0,0.0,0.0,0.0,0.0,0.0,0.34,low,0.0,0.0,0.0,0
2026-07-26T07:43:15.313063,07/15 06:23,21.0,0.0,,,,18.0,29.0,0.0,0.0,0.0,0.0,0.0,0.0,0.0,0.0,0.0,0.43,moderate,0.0,0.0,0.0,0
2026-07-26T07:43:32.490256,07/15 07:15,22.75,0.0,,,,18.0,29.0,0.3764,0.094094,0.491256,0.094094,0.089334,0.0,0.0,1.933706,0.094094,0.43,moderate,0.04046,0.0,0.04046,0
2026-07-26T07:43:32.512250,07/15 08:15,24.7,0.0,,,,18.0,29.0,0.3764,0.094094,0.595474,0.094094,0.09908,0.0,0.0,2.382651,0.094094,0.43,moderate,0.04046,0.0,0.04046,0
2026-07-26T07:43:32.536243,07/15 09:23,26.15,52.0,23.82,22.41,25.11,18.0,29.0,0.3764,0.094094,0.710409,0.094094,0.120582,0.0,0.0,2.851935,0.094094,0.43,moderate,0.04046,0.0,0.04046,0
2026-07-26T07:43:32.556689,07/15 10:23,28.08,52.0,25.56,24.02,26.83,18.0,29.0,0.3764,0.094094,0.829985,0.094094,0.146727,0.0,0.0,3.279805,0.094094,0.3,low,0.028228,0.0,0.028228,1
2026-07-26T07:43:32.576688,07/15 11:23,29.32,52.0,26.33,24.82,27.5,18.0,29.0,0.3764,0.094094,0.818899,0.094094,0.141832,0.0,0.0,3.209153,0.094094,0.3,low,0.028228,0.0,0.028228,1
2026-07-26T07:43:32.596265,07/15 12:23,30.88,41.6,26.57,25.18,27.43,18.0,29.0,0.3764,0.094094,0.905583,0.094094,0.147458,0.0,0.0,3.501698,0.094094,0.3,low,0.028228,0.0,0.028228,1
2026-07-26T07:43:52.192256,07/15 13:15,31.7,20.8,26.27,25.15,27.0,20.0,27.0,0.3785,0.094634,0.987238,0.094634,0.147458,0.0,0.0,3.776988,0.094634,0.3,low,0.02839,0.0,0.02839,1
2026-07-26T07:43:52.214257,07/15 14:15,31.7,41.6,26.61,26.09,27.0,20.0,27.0,0.385,0.096248,1.074538,0.096248,0.147458,0.0,0.0,4.11504,0.096248,0.3,low,0.028874,0.0,0.028874,1
2026-07-26T07:43:52.233863,07/15 15:15,31.82,52.0,26.84,26.39,27.0,20.0,27.0,0.3881,0.097022,1.114933,0.097022,0.147458,0.0,0.0,4.266444,0.097022,0.3,low,0.029107,0.0,0.029107,1
2026-07-26T07:43:52.253860,07/15 16:15,32.2,52.0,26.76,26.06,27.0,20.0,27.0,0.3855,0.096366,1.145438,0.096366,0.147458,0.0,0.0,4.352203,0.096366,0.55,high,0.053001,0.0,0.053001,1
2026-07-26T07:43:52.272860,07/15 17:15,31.5,52.0,26.4,25.47,26.95,20.0,27.0,0.3764,0.094094,1.025282,0.094094,0.147458,0.0,0.0,3.898136,0.094094,0.55,high,0.051752,0.0,0.051752,1
2026-07-26T07:43:52.291859,07/15 18:15,29.27,52.0,25.77,24.87,26.38,20.0,27.0,0.3764,0.094094,0.910312,0.094094,0.147458,0.0,0.0,3.553934,0.094094,0.55,high,0.051752,0.0,0.051752,1
2026-07-26T07:44:10.763053,07/15 19:15,27.22,26.0,24.25,23.47,24.85,20.0,25.0,0.3764,0.094094,0.921872,0.094094,0.147458,0.0,0.0,3.626387,0.094094,0.55,high,0.051752,0.0,0.051752,0
2026-07-26T07:44:10.787053,07/15 20:23,22.35,0.0,,,,20.0,25.0,0.3764,0.094094,0.578888,0.094094,0.115792,0.0,0.0,2.311386,0.094094,0.55,high,0.051752,0.0,0.051752,0
2026-07-26T07:44:10.808050,07/15 21:15,23.08,0.0,,,,20.0,25.0,0.0,0.0,0.0,0.0,0.0,0.0,0.0,0.0,0.0,0.4,moderate,0.0,0.0,0.0,0
2026-07-26T07:44:10.829063,07/15 22:15,24.32,0.0,,,,20.0,25.0,0.0,0.0,0.0,0.0,0.0,0.0,0.0,0.0,0.0,0.4,moderate,0.0,0.0,0.0,0
2026-07-26T07:44:10.850058,07/15 23:15,25.6,0.0,,,,20.0,25.0,0.0,0.0,0.0,0.0,0.0,0.0,0.0,0.0,0.0,0.4,moderate,0.0,0.0,0.0,0
2026-07-26T07:44:10.868049,07/16 00:15,24.9,0.0,,,,20.0,25.0,0.0,0.0,0.0,0.0,0.0,0.0,0.0,0.0,0.0,0.34,low,0.0,0.0,0.0,0
2026-07-26T07:44:28.469884,07/16 01:15,22.65,0.0,,,,18.0,27.0,0.0,0.0,0.0,0.0,0.0,0.0,0.0,0.0,0.0,0.34,low,0.0,0.0,0.0,0
2026-07-26T07:44:28.490887,07/16 02:15,22.62,0.0,,,,18.0,27.0,0.0,0.0,0.0,0.0,0.0,0.0,0.0,0.0,0.0,0.34,low,0.0,0.0,0.0,0
2026-07-26T07:44:28.512573,07/16 03:15,23.9,0.0,,,,18.0,27.0,0.0,0.0,0.0,0.0,0.0,0.0,0.0,0.0,0.0,0.34,low,0.0,0.0,0.0,0
2026-07-26T07:44:28.531522,07/16 04:15,23.9,0.0,,,,18.0,27.0,0.0,0.0,0.0,0.0,0.0,0.0,0.0,0.0,0.0,0.34,low,0.0,0.0,0.0,0
2026-07-26T07:44:28.549986,07/16 05:23,24.32,0.0,,,,18.0,27.0,0.0,0.0,0.0,0.0,0.0,0.0,0.0,0.0,0.0,0.34,low,0.0,0.0,0.0,0
2026-07-26T07:44:28.569016,07/16 06:23,25.88,0.0,,,,18.0,27.0,0.0,0.0,0.0,0.0,0.0,0.0,0.0,0.0,0.0,0.43,moderate,0.0,0.0,0.0,0
2026-07-26T07:44:45.848352,07/16 07:23,27.1,0.0,,,,18.0,29.0,0.3764,0.094094,0.787878,0.094094,0.130205,0.0,0.0,3.154709,0.094094,0.43,moderate,0.04046,0.0,0.04046,0
2026-07-26T07:44:45.872343,07/16 08:23,28.73,0.0,,,,18.0,29.0,0.3764,0.094094,0.833295,0.094094,0.131948,0.0,0.0,3.296867,0.094094,0.43,moderate,0.04046,0.0,0.04046,0
2026-07-26T07:44:45.894344,07/16 09:23,30.27,52.0,24.86,22.8,27.12,18.0,29.0,0.3764,0.094094,0.885889,0.094094,0.142948,0.0,0.0,3.443391,0.094094,0.43,moderate,0.04046,0.0,0.04046,1
2026-07-26T07:44:45.914345,07/16 10:23,31.25,52.0,26.29,24.26,28.49,18.0,29.0,0.3764,0.094094,0.931664,0.094094,0.147458,0.0,0.0,3.58636,0.094094,0.3,low,0.028228,0.0,0.028228,1
2026-07-26T07:44:45.932345,07/16 11:23,31.82,52.0,26.78,24.93,28.51,18.0,29.0,0.3764,0.094094,0.996635,0.094094,0.147458,0.0,0.0,3.815446,0.094094,0.3,low,0.028228,0.0,0.028228,1
2026-07-26T07:44:45.949352,07/16 12:15,32.35,41.6,26.8,25.19,27.75,18.0,29.0,0.3764,0.094094,0.999463,0.094094,0.147458,0.0,0.0,3.800775,0.094094,0.3,low,0.028228,0.0,0.028228,1
2026-07-26T07:45:04.711084,07/16 13:15,32.92,20.8,26.38,25.14,27.0,20.0,27.0,0.3795,0.094869,1.080827,0.094869,0.147458,0.0,0.0,4.084514,0.094869,0.3,low,0.028461,0.0,0.028461,1
2026-07-26T07:45:04.732088,07/16 14:15,33.3,41.6,26.69,26.18,27.0,20.0,27.0,0.3872,0.096794,1.158676,0.096794,0.147458,0.0,0.0,4.348527,0.096794,0.3,low,0.029038,0.0,0.029038,1
2026-07-26T07:45:04.752083,07/16 15:15,33.17,52.0,26.88,26.5,27.0,20.0,27.0,0.3924,0.098104,1.182085,0.098104,0.147458,0.0,0.0,4.434455,0.098104,0.3,low,0.029431,0.0,0.029431,1
2026-07-26T07:45:04.772083,07/16 16:15,32.8,52.0,26.79,26.11,27.0,20.0,27.0,0.3914,0.097858,1.172027,0.097858,0.147458,0.0,0.0,4.421858,0.097858,0.55,high,0.053822,0.0,0.053822,1
2026-07-26T07:45:04.790084,07/16 17:15,32.52,52.0,26.61,25.58,27.0,20.0,27.0,0.3844,0.09609,1.143209,0.09609,0.147458,0.0,0.0,4.314781,0.09609,0.55,high,0.05285,0.0,0.05285,1
2026-07-26T07:45:04.809083,07/16 18:15,31.42,52.0,26.42,25.16,27.0,20.0,27.0,0.3801,0.095025,1.022005,0.095025,0.147458,0.0,0.0,3.903154,0.095025,0.55,high,0.052264,0.0,0.052264,1
2026-07-26T07:45:23.337909,07/16 19:15,30.45,26.0,24.74,23.78,25.0,20.0,25.0,0.3801,0.095035,1.002913,0.095035,0.147458,0.0,0.0,3.855473,0.095035,0.55,high,0.052269,0.0,0.052269,0
2026-07-26T07:45:23.361911,07/16 20:23,29.73,0.0,,,,20.0,25.0,0.3764,0.094094,0.974625,0.094094,0.147458,0.0,0.0,3.795852,0.094094,0.55,high,0.051752,0.0,0.051752,0
2026-07-26T07:45:23.380909,07/16 21:15,28.62,0.0,,,,20.0,25.0,0.0,0.0,0.0,0.0,0.0,0.0,0.0,0.0,0.0,0.4,moderate,0.0,0.0,0.0,0
2026-07-26T07:45:23.396910,07/16 22:15,27.65,0.0,,,,20.0,25.0,0.0,0.0,0.0,0.0,0.0,0.0,0.0,0.0,0.0,0.4,moderate,0.0,0.0,0.0,0
2026-07-26T07:45:23.413908,07/16 23:15,26.92,0.0,,,,20.0,25.0,0.0,0.0,0.0,0.0,0.0,0.0,0.0,0.0,0.0,0.4,moderate,0.0,0.0,0.0,0
2026-07-26T07:45:23.430906,07/17 00:15,25.98,0.0,,,,20.0,25.0,0.0,0.0,0.0,0.0,0.0,0.0,0.0,0.0,0.0,0.34,low,0.0,0.0,0.0,0
2026-07-26T07:45:41.036725,07/17 01:15,25.45,0.0,,,,18.0,27.0,0.0,0.0,0.0,0.0,0.0,0.0,0.0,0.0,0.0,0.34,low,0.0,0.0,0.0,0
2026-07-26T07:45:41.061721,07/17 02:15,24.85,0.0,,,,18.0,27.0,0.0,0.0,0.0,0.0,0.0,0.0,0.0,0.0,0.0,0.34,low,0.0,0.0,0.0,0
2026-07-26T07:45:41.083728,07/17 03:15,24.27,0.0,,,,18.0,27.0,0.0,0.0,0.0,0.0,0.0,0.0,0.0,0.0,0.0,0.34,low,0.0,0.0,0.0,0
2026-07-26T07:45:41.104719,07/17 04:15,23.75,0.0,,,,18.0,27.0,0.0,0.0,0.0,0.0,0.0,0.0,0.0,0.0,0.0,0.34,low,0.0,0.0,0.0,0
2026-07-26T07:45:41.125718,07/17 05:15,23.73,0.0,,,,18.0,27.0,0.0,0.0,0.0,0.0,0.0,0.0,0.0,0.0,0.0,0.34,low,0.0,0.0,0.0,0
2026-07-26T07:45:41.147724,07/17 06:23,25.55,0.0,,,,18.0,27.0,0.0,0.0,0.0,0.0,0.0,0.0,0.0,0.0,0.0,0.43,moderate,0.0,0.0,0.0,0
2026-07-26T07:45:58.832346,07/17 07:15,27.75,0.0,,,,18.0,29.0,0.3764,0.094094,0.824918,0.094094,0.135085,0.0,0.0,3.295138,0.094094,0.43,moderate,0.04046,0.0,0.04046,0
2026-07-26T07:45:58.855349,07/17 08:23,29.82,0.0,,,,18.0,29.0,0.3764,0.094094,0.909192,0.094094,0.133233,0.0,0.0,3.573625,0.094094,0.43,moderate,0.04046,0.0,0.04046,0
2026-07-26T07:45:58.875343,07/17 09:23,31.25,52.0,24.76,23.05,26.46,18.0,29.0,0.3764,0.094094,0.91599,0.094094,0.143669,0.0,0.0,3.519422,0.094094,0.43,moderate,0.04046,0.0,0.04046,1
2026-07-26T07:45:58.895349,07/17 10:23,31.82,52.0,26.33,24.56,28.13,18.0,29.0,0.3764,0.094094,0.951027,0.094094,0.147458,0.0,0.0,3.636195,0.094094,0.3,low,0.028228,0.0,0.028228,1
2026-07-26T07:45:58.915344,07/17 11:23,32.48,52.0,26.94,25.3,28.4,18.0,29.0,0.3764,0.094094,0.991351,0.094094,0.147458,0.0,0.0,3.772083,0.094094,0.3,low,0.028228,0.0,0.028228,1
2026-07-26T07:45:58.935342,07/17 12:15,33.3,41.6,27.09,25.66,28.03,18.0,29.0,0.3764,0.094094,1.025971,0.094094,0.147458,0.0,0.0,3.85415,0.094094,0.3,low,0.028228,0.0,0.028228,1
2026-07-26T07:46:17.445055,07/17 13:15,33.3,20.8,26.53,25.57,27.0,20.0,27.0,0.384,0.096005,1.061231,0.096005,0.147458,0.0,0.0,3.975966,0.096005,0.3,low,0.028801,0.0,0.028801,1
2026-07-26T07:46:17.466054,07/17 14:15,33.45,41.6,26.79,26.45,27.0,20.0,27.0,0.3901,0.097517,1.071546,0.097517,0.147458,0.0,0.0,4.023342,0.097517,0.3,low,0.029255,0.0,0.029255,1
2026-07-26T07:46:17.487052,07/17 15:15,33.75,52.0,26.94,26.72,27.0,20.0,27.0,0.3959,0.098965,1.224867,0.098965,0.147458,0.0,0.0,4.561722,0.098965,0.3,low,0.029689,0.0,0.029689,1
2026-07-26T07:46:17.507049,07/17 16:15,33.17,52.0,26.85,26.38,27.0,20.0,27.0,0.3923,0.098069,1.115486,0.098069,0.147458,0.0,0.0,4.18099,0.098069,0.55,high,0.053938,0.0,0.053938,1
2026-07-26T07:46:17.529144,07/17 17:15,32.38,52.0,26.66,25.8,27.0,20.0,27.0,0.381,0.095241,1.004273,0.095241,0.147458,0.0,0.0,3.788242,0.095241,0.55,high,0.052383,0.0,0.052383,1
2026-07-26T07:46:17.547139,07/17 18:15,31.1,52.0,26.36,25.23,26.8,20.0,27.0,0.3764,0.094094,0.903035,0.094094,0.146455,0.0,0.0,3.468324,0.094094,0.55,high,0.051752,0.0,0.051752,1
2026-07-26T07:46:37.155524,07/17 19:15,30.68,26.0,24.67,23.79,25.0,20.0,25.0,0.3765,0.094133,0.893424,0.094133,0.146455,0.0,0.0,3.415272,0.094133,0.55,high,0.051773,0.0,0.051773,0
2026-07-26T07:46:37.178534,07/17 20:23,29.4,0.0,,,,20.0,25.0,0.3764,0.094094,0.828745,0.094094,0.142805,0.0,0.0,3.229277,0.094094,0.55,high,0.051752,0.0,0.051752,0
2026-07-26T07:46:37.199522,07/17 21:15,28.72,0.0,,,,20.0,25.0,0.0,0.0,0.0,0.0,0.0,0.0,0.0,0.0,0.0,0.4,moderate,0.0,0.0,0.0,0
2026-07-26T07:46:37.217523,07/17 22:15,26.55,0.0,,,,20.0,25.0,0.0,0.0,0.0,0.0,0.0,0.0,0.0,0.0,0.0,0.4,moderate,0.0,0.0,0.0,0
2026-07-26T07:46:37.235524,07/17 23:15,26.1,0.0,,,,20.0,25.0,0.0,0.0,0.0,0.0,0.0,0.0,0.0,0.0,0.0,0.4,moderate,0.0,0.0,0.0,0
2026-07-26T07:46:37.254522,07/18 00:15,25.98,0.0,,,,20.0,25.0,0.0,0.0,0.0,0.0,0.0,0.0,0.0,0.0,0.0,0.34,low,0.0,0.0,0.0,0
2026-07-26T07:46:55.050005,07/18 01:15,25.45,0.0,,,,18.0,27.0,0.0,0.0,0.0,0.0,0.0,0.0,0.0,0.0,0.0,0.34,low,0.0,0.0,0.0,0
2026-07-26T07:46:55.074007,07/18 02:15,25.0,0.0,,,,18.0,27.0,0.0,0.0,0.0,0.0,0.0,0.0,0.0,0.0,0.0,0.34,low,0.0,0.0,0.0,0
2026-07-26T07:46:55.094998,07/18 03:15,24.85,0.0,,,,18.0,27.0,0.0,0.0,0.0,0.0,0.0,0.0,0.0,0.0,0.0,0.34,low,0.0,0.0,0.0,0
2026-07-26T07:46:55.115340,07/18 04:15,24.27,0.0,,,,18.0,27.0,0.0,0.0,0.0,0.0,0.0,0.0,0.0,0.0,0.0,0.34,low,0.0,0.0,0.0,0
2026-07-26T07:46:55.134346,07/18 05:15,24.32,0.0,,,,18.0,27.0,0.0,0.0,0.0,0.0,0.0,0.0,0.0,0.0,0.0,0.34,low,0.0,0.0,0.0,0
2026-07-26T07:46:55.154349,07/18 06:23,26.0,0.0,,,,18.0,27.0,0.0,0.0,0.0,0.0,0.0,0.0,0.0,0.0,0.0,0.43,moderate,0.0,0.0,0.0,0
2026-07-26T07:47:12.956037,07/18 07:23,27.62,0.0,,,,18.0,29.0,0.3764,0.094094,0.771499,0.094094,0.128231,0.0,0.0,3.073368,0.094094,0.43,moderate,0.04046,0.0,0.04046,0
2026-07-26T07:47:12.981040,07/18 08:23,29.17,0.0,,,,18.0,29.0,0.3764,0.094094,0.819168,0.094094,0.129725,0.0,0.0,3.220381,0.094094,0.43,moderate,0.04046,0.0,0.04046,0
2026-07-26T07:47:13.006038,07/18 09:23,30.43,52.0,24.77,22.94,26.65,18.0,29.0,0.3764,0.094094,0.862019,0.094094,0.142203,0.0,0.0,3.346721,0.094094,0.43,moderate,0.04046,0.0,0.04046,1
2026-07-26T07:47:13.027038,07/18 10:23,31.82,52.0,26.32,24.45,28.31,18.0,29.0,0.3764,0.094094,0.913895,0.094094,0.147458,0.0,0.0,3.490517,0.094094,0.3,low,0.028228,0.0,0.028228,1
2026-07-26T07:47:13.046044,07/18 11:23,32.48,52.0,26.9,25.15,28.53,18.0,29.0,0.3764,0.094094,0.990553,0.094094,0.147458,0.0,0.0,3.771121,0.094094,0.3,low,0.028228,0.0,0.028228,1
2026-07-26T07:47:13.065039,07/18 12:15,33.3,41.6,26.97,25.43,27.88,18.0,29.0,0.3764,0.094094,1.026235,0.094094,0.147458,0.0,0.0,3.855249,0.094094,0.3,low,0.028228,0.0,0.028228,1
2026-07-26T07:47:32.075742,07/18 13:15,33.3,20.8,26.43,25.3,27.0,20.0,27.0,0.3812,0.095305,1.071608,0.095305,0.147458,0.0,0.0,4.019481,0.095305,0.3,low,0.028591,0.0,0.028591,1
2026-07-26T07:47:32.096738,07/18 14:15,33.3,41.6,26.71,26.24,27.0,20.0,27.0,0.3875,0.096876,1.160099,0.096876,0.147458,0.0,0.0,4.355298,0.096876,0.3,low,0.029063,0.0,0.029063,1
2026-07-26T07:47:32.118741,07/18 15:15,33.45,52.0,26.88,26.49,27.0,20.0,27.0,0.3926,0.098149,1.111325,0.098149,0.147458,0.0,0.0,4.170005,0.098149,0.3,low,0.029445,0.0,0.029445,1
2026-07-26T07:47:32.137734,07/18 16:15,33.47,52.0,26.81,26.22,27.0,20.0,27.0,0.3932,0.098307,1.196149,0.098307,0.147458,0.0,0.0,4.455496,0.098307,0.55,high,0.054069,0.0,0.054069,1
2026-07-26T07:47:32.155734,07/18 17:15,32.08,52.0,26.63,25.67,27.0,20.0,27.0,0.3829,0.095724,1.074429,0.095724,0.147458,0.0,0.0,4.08173,0.095724,0.55,high,0.052648,0.0,0.052648,1
2026-07-26T07:47:32.172734,07/18 18:15,31.42,52.0,26.43,25.21,27.0,20.0,27.0,0.3775,0.094371,0.994317,0.094371,0.147458,0.0,0.0,3.798521,0.094371,0.55,high,0.051904,0.0,0.051904,1
2026-07-26T07:47:50.778269,07/18 19:15,30.3,26.0,24.73,23.79,25.0,20.0,25.0,0.3766,0.094138,0.942022,0.094138,0.147458,0.0,0.0,3.617056,0.094138,0.55,high,0.051776,0.0,0.051776,0
2026-07-26T07:47:50.801270,07/18 20:23,29.27,0.0,,,,20.0,25.0,0.3764,0.094094,0.885587,0.094094,0.147458,0.0,0.0,3.456483,0.094094,0.55,high,0.051752,0.0,0.051752,0
2026-07-26T07:47:50.821268,07/18 21:15,28.47,0.0,,,,20.0,25.0,0.0,0.0,0.0,0.0,0.0,0.0,0.0,0.0,0.0,0.4,moderate,0.0,0.0,0.0,0
2026-07-26T07:47:50.841271,07/18 22:15,27.07,0.0,,,,20.0,25.0,0.0,0.0,0.0,0.0,0.0,0.0,0.0,0.0,0.0,0.4,moderate,0.0,0.0,0.0,0
2026-07-26T07:47:50.860267,07/18 23:15,26.55,0.0,,,,20.0,25.0,0.0,0.0,0.0,0.0,0.0,0.0,0.0,0.0,0.0,0.4,moderate,0.0,0.0,0.0,0
2026-07-26T07:47:50.876267,07/19 00:15,25.98,0.0,,,,20.0,25.0,0.0,0.0,0.0,0.0,0.0,0.0,0.0,0.0,0.0,0.34,low,0.0,0.0,0.0,0
2026-07-26T07:48:08.273013,07/19 01:15,25.3,0.0,,,,18.0,27.0,0.0,0.0,0.0,0.0,0.0,0.0,0.0,0.0,0.0,0.34,low,0.0,0.0,0.0,0
2026-07-26T07:48:08.294017,07/19 02:15,24.4,0.0,,,,18.0,27.0,0.0,0.0,0.0,0.0,0.0,0.0,0.0,0.0,0.0,0.34,low,0.0,0.0,0.0,0
2026-07-26T07:48:08.314014,07/19 03:15,24.27,0.0,,,,18.0,27.0,0.0,0.0,0.0,0.0,0.0,0.0,0.0,0.0,0.0,0.34,low,0.0,0.0,0.0,0
2026-07-26T07:48:08.334013,07/19 04:15,23.75,0.0,,,,18.0,27.0,0.0,0.0,0.0,0.0,0.0,0.0,0.0,0.0,0.0,0.34,low,0.0,0.0,0.0,0
2026-07-26T07:48:08.351012,07/19 05:15,23.58,0.0,,,,18.0,27.0,0.0,0.0,0.0,0.0,0.0,0.0,0.0,0.0,0.0,0.34,low,0.0,0.0,0.0,0
2026-07-26T07:48:08.370012,07/19 06:23,25.1,0.0,,,,18.0,27.0,0.0,0.0,0.0,0.0,0.0,0.0,0.0,0.0,0.0,0.43,moderate,0.0,0.0,0.0,0
2026-07-26T07:48:26.073146,07/19 07:15,27.47,0.0,,,,18.0,29.0,0.3764,0.094094,0.773542,0.094094,0.130065,0.0,0.0,3.079359,0.094094,0.43,moderate,0.04046,0.0,0.04046,0
2026-07-26T07:48:26.097145,07/19 08:15,28.88,0.0,,,,18.0,29.0,0.3764,0.094094,0.833805,0.094094,0.13307,0.0,0.0,3.298871,0.094094,0.43,moderate,0.04046,0.0,0.04046,0
2026-07-26T07:48:26.120141,07/19 09:23,30.88,52.0,24.46,22.95,25.86,18.0,29.0,0.3764,0.094094,0.904148,0.094094,0.142466,0.0,0.0,3.496265,0.094094,0.43,moderate,0.04046,0.0,0.04046,0
2026-07-26T07:48:26.144145,07/19 10:23,31.97,52.0,26.05,24.6,27.25,18.0,29.0,0.3764,0.094094,0.914445,0.094094,0.147458,0.0,0.0,3.490227,0.094094,0.3,low,0.028228,0.0,0.028228,1
2026-07-26T07:48:26.166142,07/19 11:23,32.8,52.0,26.78,25.46,27.92,18.0,29.0,0.3764,0.094094,1.042819,0.094094,0.147458,0.0,0.0,3.946995,0.094094,0.3,low,0.028228,0.0,0.028228,1
2026-07-26T07:48:26.186144,07/19 12:15,32.92,41.6,26.91,25.7,28.04,18.0,29.0,0.3764,0.094094,1.086742,0.094094,0.147458,0.0,0.0,4.107554,0.094094,0.3,low,0.028228,0.0,0.028228,1
2026-07-26T07:48:45.148836,07/19 13:15,33.57,20.8,26.44,25.57,27.0,20.0,27.0,0.3826,0.095642,1.049716,0.095642,0.147458,0.0,0.0,3.929455,0.095642,0.3,low,0.028693,0.0,0.028693,1
2026-07-26T07:48:45.169835,07/19 14:15,34.55,41.6,26.7,26.32,27.0,20.0,27.0,0.3886,0.09714,1.096199,0.09714,0.147458,0.0,0.0,4.061915,0.09714,0.3,low,0.029142,0.0,0.029142,1
2026-07-26T07:48:45.189995,07/19 15:15,34.73,52.0,26.88,26.53,27.0,20.0,27.0,0.3932,0.098306,1.183636,0.098306,0.147458,0.0,0.0,4.350022,0.098306,0.3,low,0.029492,0.0,0.029492,1
2026-07-26T07:48:45.212996,07/19 16:15,33.62,52.0,26.8,26.2,27.0,20.0,27.0,0.39,0.097503,1.262027,0.097503,0.147458,0.0,0.0,4.693141,0.097503,0.55,high,0.053627,0.0,0.053627,1
2026-07-26T07:48:45.233995,07/19 17:15,32.52,52.0,26.62,25.69,27.0,20.0,27.0,0.3789,0.094736,1.196586,0.094736,0.147458,0.0,0.0,4.507053,0.094736,0.55,high,0.052105,0.0,0.052105,1
2026-07-26T07:48:45.253002,07/19 18:23,31.42,52.0,26.21,25.19,26.75,20.0,27.0,0.3764,0.094094,1.099208,0.094094,0.147458,0.0,0.0,4.200631,0.094094,0.55,high,0.051752,0.0,0.051752,1
2026-07-26T07:49:04.305819,07/19 19:23,29.35,26.0,24.47,23.69,24.95,20.0,25.0,0.3764,0.094094,1.075968,0.094094,0.147458,0.0,0.0,4.161874,0.094094,0.55,high,0.051752,0.0,0.051752,0
2026-07-26T07:49:04.328816,07/19 20:23,25.45,0.0,,,,20.0,25.0,0.3764,0.094094,0.7146,0.094094,0.131779,0.0,0.0,2.851114,0.094094,0.55,high,0.051752,0.0,0.051752,0
2026-07-26T07:49:04.348655,07/19 21:15,24.85,0.0,,,,20.0,25.0,0.0,0.0,0.0,0.0,0.0,0.0,0.0,0.0,0.0,0.4,moderate,0.0,0.0,0.0,0
2026-07-26T07:49:04.368651,07/19 22:15,24.4,0.0,,,,20.0,25.0,0.0,0.0,0.0,0.0,0.0,0.0,0.0,0.0,0.0,0.4,moderate,0.0,0.0,0.0,0
2026-07-26T07:49:04.386651,07/19 23:15,24.55,0.0,,,,20.0,25.0,0.0,0.0,0.0,0.0,0.0,0.0,0.0,0.0,0.0,0.4,moderate,0.0,0.0,0.0,0
2026-07-26T07:49:04.405650,07/20 00:15,24.85,0.0,,,,20.0,25.0,0.0,0.0,0.0,0.0,0.0,0.0,0.0,0.0,0.0,0.34,low,0.0,0.0,0.0,0
2026-07-26T07:49:22.266375,07/20 01:15,24.27,0.0,,,,18.0,27.0,0.0,0.0,0.0,0.0,0.0,0.0,0.0,0.0,0.0,0.34,low,0.0,0.0,0.0,0
2026-07-26T07:49:22.287374,07/20 02:15,23.75,0.0,,,,18.0,27.0,0.0,0.0,0.0,0.0,0.0,0.0,0.0,0.0,0.0,0.34,low,0.0,0.0,0.0,0
2026-07-26T07:49:22.310370,07/20 03:15,23.18,0.0,,,,18.0,27.0,0.0,0.0,0.0,0.0,0.0,0.0,0.0,0.0,0.0,0.34,low,0.0,0.0,0.0,0
2026-07-26T07:49:22.330526,07/20 04:15,22.65,0.0,,,,18.0,27.0,0.0,0.0,0.0,0.0,0.0,0.0,0.0,0.0,0.0,0.34,low,0.0,0.0,0.0,0
2026-07-26T07:49:22.348525,07/20 05:15,22.35,0.0,,,,18.0,27.0,0.0,0.0,0.0,0.0,0.0,0.0,0.0,0.0,0.0,0.34,low,0.0,0.0,0.0,0
2026-07-26T07:49:22.364525,07/20 06:23,23.08,0.0,,,,18.0,27.0,0.0,0.0,0.0,0.0,0.0,0.0,0.0,0.0,0.0,0.43,moderate,0.0,0.0,0.0,0
2026-07-26T07:49:39.828095,07/20 07:23,24.32,0.0,,,,18.0,29.0,0.0,0.0,0.0,0.0,0.0,0.0,0.0,0.0,0.0,0.43,moderate,0.0,0.0,0.0,0
2026-07-26T07:49:39.852098,07/20 08:23,25.88,0.0,,,,18.0,29.0,0.0,0.0,0.0,0.0,0.0,0.0,0.0,0.0,0.0,0.43,moderate,0.0,0.0,0.0,0
2026-07-26T07:49:39.875094,07/20 09:23,26.97,0.0,,,,18.0,29.0,0.0,0.0,0.0,0.0,0.0,0.0,0.0,0.0,0.0,0.43,moderate,0.0,0.0,0.0,0
2026-07-26T07:49:39.894098,07/20 10:15,28.08,0.0,,,,18.0,29.0,0.0,0.0,0.0,0.0,0.0,0.0,0.0,0.0,0.0,0.3,low,0.0,0.0,0.0,0
2026-07-26T07:49:39.912094,07/20 11:15,28.9,0.0,,,,18.0,29.0,0.0,0.0,0.0,0.0,0.0,0.0,0.0,0.0,0.0,0.3,low,0.0,0.0,0.0,0
2026-07-26T07:49:39.930619,07/20 12:15,28.9,0.0,,,,18.0,29.0,0.0,0.0,0.0,0.0,0.0,0.0,0.0,0.0,0.0,0.3,low,0.0,0.0,0.0,0
2026-07-26T07:49:57.596535,07/20 13:15,29.02,0.0,,,,18.0,29.0,0.0,0.0,0.0,0.0,0.0,0.0,0.0,0.0,0.0,0.3,low,0.0,0.0,0.0,0
2026-07-26T07:49:57.618527,07/20 14:15,29.4,0.0,,,,18.0,29.0,0.0,0.0,0.0,0.0,0.0,0.0,0.0,0.0,0.0,0.3,low,0.0,0.0,0.0,0
2026-07-26T07:49:57.639967,07/20 15:23,29.27,0.0,,,,18.0,29.0,0.0,0.0,0.0,0.0,0.0,0.0,0.0,0.0,0.0,0.3,low,0.0,0.0,0.0,0
2026-07-26T07:49:57.661518,07/20 16:15,28.47,0.0,,,,18.0,29.0,0.0,0.0,0.0,0.0,0.0,0.0,0.0,0.0,0.0,0.55,high,0.0,0.0,0.0,0
2026-07-26T07:49:57.679157,07/20 17:15,27.07,0.0,,,,18.0,29.0,0.0,0.0,0.0,0.0,0.0,0.0,0.0,0.0,0.0,0.55,high,0.0,0.0,0.0,0
2026-07-26T07:49:57.699886,07/20 18:23,26.27,0.0,,,,18.0,29.0,0.0,0.0,0.0,0.0,0.0,0.0,0.0,0.0,0.0,0.55,high,0.0,0.0,0.0,0
2026-07-26T07:50:16.054045,07/20 19:23,24.73,0.0,,,,18.0,29.0,0.0,0.0,0.0,0.0,0.0,0.0,0.0,0.0,0.0,0.55,high,0.0,0.0,0.0,0
2026-07-26T07:50:16.077043,07/20 20:23,23.47,0.0,,,,18.0,29.0,0.0,0.0,0.0,0.0,0.0,0.0,0.0,0.0,0.0,0.55,high,0.0,0.0,0.0,0
2026-07-26T07:50:16.097050,07/20 21:15,21.8,0.0,,,,18.0,29.0,0.0,0.0,0.0,0.0,0.0,0.0,0.0,0.0,0.0,0.4,moderate,0.0,0.0,0.0,0
2026-07-26T07:50:16.116043,07/20 22:15,20.45,0.0,,,,18.0,29.0,0.0,0.0,0.0,0.0,0.0,0.0,0.0,0.0,0.0,0.4,moderate,0.0,0.0,0.0,0
2026-07-26T07:50:16.133042,07/20 23:15,20.0,0.0,,,,18.0,29.0,0.0,0.0,0.0,0.0,0.0,0.0,0.0,0.0,0.0,0.4,moderate,0.0,0.0,0.0,0
2026-07-26T07:50:16.151043,07/21 00:15,19.85,0.0,,,,18.0,29.0,0.0,0.0,0.0,0.0,0.0,0.0,0.0,0.0,0.0,0.34,low,0.0,0.0,0.0,0
2026-07-26T07:50:34.022434,07/21 01:15,19.27,0.0,,,,18.0,29.0,0.0,0.0,0.0,0.0,0.0,0.0,0.0,0.0,0.0,0.34,low,0.0,0.0,0.0,0
2026-07-26T07:50:34.042432,07/21 02:15,18.75,0.0,,,,18.0,29.0,0.0,0.0,0.0,0.0,0.0,0.0,0.0,0.0,0.0,0.34,low,0.0,0.0,0.0,0
2026-07-26T07:50:34.059432,07/21 03:15,18.18,0.0,,,,18.0,29.0,0.0,0.0,0.0,0.0,0.0,0.0,0.0,0.0,0.0,0.34,low,0.0,0.0,0.0,0
2026-07-26T07:50:34.077431,07/21 04:15,17.93,0.0,,,,18.0,29.0,0.0,0.0,0.0,0.0,0.0,0.0,0.0,0.0,0.0,0.34,low,0.0,0.0,0.0,0
2026-07-26T07:50:34.096434,07/21 05:23,18.58,0.0,,,,18.0,29.0,0.0,0.0,0.0,0.0,0.0,0.0,0.0,0.0,0.0,0.34,low,0.0,0.0,0.0,0
2026-07-26T07:50:34.121430,07/21 06:23,19.97,0.0,,,,18.0,29.0,0.0,0.0,0.0,0.0,0.0,0.0,0.0,0.0,0.0,0.43,moderate,0.0,0.0,0.0,0
2026-07-26T07:50:51.894787,07/21 07:20,22.1,0.0,,,,18.0,29.0,0.0,0.0,0.0,0.0,0.0,0.0,0.0,0.0,0.0,0.43,moderate,0.0,0.0,0.0,0
2026-07-26T07:50:51.919780,07/21 08:23,23.58,0.0,,,,18.0,29.0,0.0,0.0,0.0,0.0,0.0,0.0,0.0,0.0,0.0,0.43,moderate,0.0,0.0,0.0,0
2026-07-26T07:50:51.942777,07/21 09:23,24.82,0.0,,,,18.0,29.0,0.0,0.0,0.0,0.0,0.0,0.0,0.0,0.0,0.0,0.43,moderate,0.0,0.0,0.0,0
2026-07-26T07:50:51.962780,07/21 10:15,26.1,0.0,,,,18.0,29.0,0.0,0.0,0.0,0.0,0.0,0.0,0.0,0.0,0.0,0.3,low,0.0,0.0,0.0,0
2026-07-26T07:50:51.978777,07/21 11:23,26.53,0.0,,,,18.0,29.0,0.0,0.0,0.0,0.0,0.0,0.0,0.0,0.0,0.0,0.3,low,0.0,0.0,0.0,0
2026-07-26T07:50:51.997785,07/21 12:15,27.8,0.0,,,,18.0,29.0,0.0,0.0,0.0,0.0,0.0,0.0,0.0,0.0,0.0,0.3,low,0.0,0.0,0.0,0
2026-07-26T07:51:10.227461,07/21 13:15,27.8,0.0,,,,18.0,29.0,0.0,0.0,0.0,0.0,0.0,0.0,0.0,0.0,0.0,0.3,low,0.0,0.0,0.0,0
2026-07-26T07:51:10.248459,07/21 14:15,27.25,0.0,,,,18.0,29.0,0.0,0.0,0.0,0.0,0.0,0.0,0.0,0.0,0.0,0.3,low,0.0,0.0,0.0,0
2026-07-26T07:51:10.268958,07/21 15:15,25.45,0.0,,,,18.0,29.0,0.0,0.0,0.0,0.0,0.0,0.0,0.0,0.0,0.0,0.3,low,0.0,0.0,0.0,0
2026-07-26T07:51:10.287966,07/21 16:15,24.3,0.0,,,,18.0,29.0,0.0,0.0,0.0,0.0,0.0,0.0,0.0,0.0,0.0,0.55,high,0.0,0.0,0.0,0
2026-07-26T07:51:10.306165,07/21 17:15,22.07,0.0,,,,18.0,29.0,0.0,0.0,0.0,0.0,0.0,0.0,0.0,0.0,0.0,0.55,high,0.0,0.0,0.0,0
2026-07-26T07:51:10.324165,07/21 18:15,21.97,0.0,,,,18.0,29.0,0.0,0.0,0.0,0.0,0.0,0.0,0.0,0.0,0.0,0.55,high,0.0,0.0,0.0,0
2026-07-26T07:51:28.203388,07/21 19:15,22.65,0.0,,,,18.0,29.0,0.0,0.0,0.0,0.0,0.0,0.0,0.0,0.0,0.0,0.55,high,0.0,0.0,0.0,0
2026-07-26T07:51:28.223383,07/21 20:15,22.07,0.0,,,,18.0,29.0,0.0,0.0,0.0,0.0,0.0,0.0,0.0,0.0,0.0,0.55,high,0.0,0.0,0.0,0
2026-07-26T07:51:28.243384,07/21 21:15,21.7,0.0,,,,18.0,29.0,0.0,0.0,0.0,0.0,0.0,0.0,0.0,0.0,0.0,0.4,moderate,0.0,0.0,0.0,0
2026-07-26T07:51:28.261383,07/21 22:15,21.7,0.0,,,,18.0,29.0,0.0,0.0,0.0,0.0,0.0,0.0,0.0,0.0,0.0,0.4,moderate,0.0,0.0,0.0,0
2026-07-26T07:51:28.282390,07/21 23:15,21.27,0.0,,,,18.0,29.0,0.0,0.0,0.0,0.0,0.0,0.0,0.0,0.0,0.0,0.4,moderate,0.0,0.0,0.0,0
2026-07-26T07:51:28.301616,07/22 00:15,19.85,0.0,,,,18.0,29.0,0.0,0.0,0.0,0.0,0.0,0.0,0.0,0.0,0.0,0.34,low,0.0,0.0,0.0,0
2026-07-26T07:51:46.082194,07/22 01:15,19.27,0.0,,,,18.0,29.0,0.0,0.0,0.0,0.0,0.0,0.0,0.0,0.0,0.0,0.34,low,0.0,0.0,0.0,0
2026-07-26T07:51:46.104184,07/22 02:15,18.9,0.0,,,,18.0,29.0,0.0,0.0,0.0,0.0,0.0,0.0,0.0,0.0,0.0,0.34,low,0.0,0.0,0.0,0
2026-07-26T07:51:46.125182,07/22 03:15,18.9,0.0,,,,18.0,29.0,0.0,0.0,0.0,0.0,0.0,0.0,0.0,0.0,0.0,0.34,low,0.0,0.0,0.0,0
2026-07-26T07:51:46.144181,07/22 04:15,18.75,0.0,,,,18.0,29.0,0.0,0.0,0.0,0.0,0.0,0.0,0.0,0.0,0.0,0.34,low,0.0,0.0,0.0,0
2026-07-26T07:51:46.162182,07/22 05:15,18.73,0.0,,,,18.0,29.0,0.0,0.0,0.0,0.0,0.0,0.0,0.0,0.0,0.0,0.34,low,0.0,0.0,0.0,0
2026-07-26T07:51:46.181195,07/22 06:23,20.82,0.0,,,,18.0,29.0,0.0,0.0,0.0,0.0,0.0,0.0,0.0,0.0,0.0,0.43,moderate,0.0,0.0,0.0,0
2026-07-26T07:52:03.966912,07/22 07:23,23.73,0.0,,,,18.0,29.0,0.3764,0.094094,0.575178,0.094094,0.098025,0.0,0.0,2.309451,0.094094,0.43,moderate,0.04046,0.0,0.04046,0
2026-07-26T07:52:03.991909,07/22 08:23,25.43,0.0,,,,18.0,29.0,0.3764,0.094094,0.615613,0.094094,0.100384,0.0,0.0,2.458852,0.094094,0.43,moderate,0.04046,0.0,0.04046,0
2026-07-26T07:52:04.012921,07/22 09:23,26.97,52.0,24.43,22.41,26.89,18.0,29.0,0.3764,0.094094,0.646707,0.094094,0.112353,0.0,0.0,2.548946,0.094094,0.43,moderate,0.04046,0.0,0.04046,1
2026-07-26T07:52:04.033917,07/22 10:23,27.8,52.0,25.96,23.99,28.23,18.0,29.0,0.3764,0.094094,0.661324,0.094094,0.123407,0.0,0.0,2.579583,0.094094,0.3,low,0.028228,0.0,0.028228,1
2026-07-26T07:52:04.051909,07/22 11:23,27.93,52.0,26.35,24.69,27.69,18.0,29.0,0.3764,0.094094,0.602731,0.094094,0.114817,0.0,0.0,2.326837,0.094094,0.3,low,0.028228,0.0,0.028228,1
2026-07-26T07:52:04.070909,07/22 12:15,28.45,41.6,26.42,24.94,27.25,18.0,29.0,0.3764,0.094094,0.634639,0.094094,0.118124,0.0,0.0,2.457158,0.094094,0.3,low,0.028228,0.0,0.028228,1
2026-07-26T07:52:22.968696,07/22 13:15,28.75,20.8,26.1,24.87,27.0,20.0,27.0,0.3769,0.094229,0.561738,0.094229,0.107265,0.0,0.0,2.125336,0.094229,0.3,low,0.028269,0.0,0.028269,1
2026-07-26T07:52:22.991693,07/22 14:15,28.58,41.6,26.45,25.65,27.0,20.0,27.0,0.3795,0.094885,0.73477,0.094885,0.127115,0.0,0.0,2.88718,0.094885,0.3,low,0.028465,0.0,0.028465,1
2026-07-26T07:52:23.012702,07/22 15:15,28.85,52.0,26.74,26.17,27.0,20.0,27.0,0.3835,0.095874,0.776143,0.095874,0.125711,0.0,0.0,3.029462,0.095874,0.3,low,0.028762,0.0,0.028762,1
2026-07-26T07:52:23.034699,07/22 16:15,27.2,52.0,26.71,25.84,27.0,20.0,27.0,0.3805,0.095127,0.699144,0.095127,0.120573,0.0,0.0,2.759901,0.095127,0.55,high,0.05232,0.0,0.05232,1
2026-07-26T07:52:23.053694,07/22 17:15,27.07,52.0,26.42,25.28,26.99,20.0,27.0,0.3764,0.094094,0.621934,0.094094,0.115074,0.0,0.0,2.424591,0.094094,0.55,high,0.051752,0.0,0.051752,1
2026-07-26T07:52:23.074687,07/22 18:15,26.55,52.0,25.95,24.76,26.27,20.0,27.0,0.3764,0.094094,0.613893,0.094094,0.114438,0.0,0.0,2.401913,0.094094,0.55,high,0.051752,0.0,0.051752,1
2026-07-26T07:52:43.572170,07/22 19:23,25.98,26.0,24.34,23.31,24.68,20.0,25.0,0.3764,0.094094,0.588948,0.094094,0.113034,0.0,0.0,2.300966,0.094094,0.55,high,0.051752,0.0,0.051752,0
2026-07-26T07:52:43.594168,07/22 20:23,25.3,0.0,,,,20.0,25.0,0.3764,0.094094,0.531047,0.094094,0.107385,0.0,0.0,2.048179,0.094094,0.55,high,0.051752,0.0,0.051752,0
2026-07-26T07:52:43.613179,07/22 21:15,24.0,0.0,,,,20.0,25.0,0.0,0.0,0.0,0.0,0.0,0.0,0.0,0.0,0.0,0.4,moderate,0.0,0.0,0.0,0
2026-07-26T07:52:43.629170,07/22 22:15,22.53,0.0,,,,20.0,25.0,0.0,0.0,0.0,0.0,0.0,0.0,0.0,0.0,0.0,0.4,moderate,0.0,0.0,0.0,0
2026-07-26T07:52:43.646175,07/22 23:15,21.27,0.0,,,,20.0,25.0,0.0,0.0,0.0,0.0,0.0,0.0,0.0,0.0,0.0,0.4,moderate,0.0,0.0,0.0,0
2026-07-26T07:52:43.661172,07/23 00:15,19.85,0.0,,,,20.0,25.0,0.0,0.0,0.0,0.0,0.0,0.0,0.0,0.0,0.0,0.34,low,0.0,0.0,0.0,0
2026-07-26T07:53:01.197680,07/23 01:15,19.12,0.0,,,,18.0,27.0,0.0,0.0,0.0,0.0,0.0,0.0,0.0,0.0,0.0,0.34,low,0.0,0.0,0.0,0
2026-07-26T07:53:01.218675,07/23 02:15,18.3,0.0,,,,18.0,27.0,0.0,0.0,0.0,0.0,0.0,0.0,0.0,0.0,0.0,0.34,low,0.0,0.0,0.0,0
2026-07-26T07:53:01.236675,07/23 03:15,18.18,0.0,,,,18.0,27.0,0.0,0.0,0.0,0.0,0.0,0.0,0.0,0.0,0.0,0.34,low,0.0,0.0,0.0,0
2026-07-26T07:53:01.254677,07/23 04:15,17.8,0.0,,,,18.0,27.0,0.0,0.0,0.0,0.0,0.0,0.0,0.0,0.0,0.0,0.34,low,0.0,0.0,0.0,0
2026-07-26T07:53:01.272675,07/23 05:15,18.2,0.0,,,,18.0,27.0,0.0,0.0,0.0,0.0,0.0,0.0,0.0,0.0,0.0,0.34,low,0.0,0.0,0.0,0
2026-07-26T07:53:01.290674,07/23 06:23,20.65,0.0,,,,18.0,27.0,0.0,0.0,0.0,0.0,0.0,0.0,0.0,0.0,0.0,0.43,moderate,0.0,0.0,0.0,0
2026-07-26T07:53:19.208428,07/23 07:23,24.97,0.0,,,,18.0,29.0,0.3764,0.094094,0.592231,0.094094,0.099796,0.0,0.0,2.371171,0.094094,0.43,moderate,0.04046,0.0,0.04046,0
2026-07-26T07:53:19.233538,07/23 08:23,27.1,0.0,,,,18.0,29.0,0.3764,0.094094,0.655878,0.094094,0.103953,0.0,0.0,2.601677,0.094094,0.43,moderate,0.04046,0.0,0.04046,0
2026-07-26T07:53:19.256707,07/23 09:23,28.58,52.0,24.31,22.5,26.35,18.0,29.0,0.3764,0.094094,0.63823,0.094094,0.108548,0.0,0.0,2.477144,0.094094,0.43,moderate,0.04046,0.0,0.04046,1
2026-07-26T07:53:19.274669,07/23 10:23,29.4,52.0,25.96,24.15,27.97,18.0,29.0,0.3764,0.094094,0.631818,0.094094,0.117691,0.0,0.0,2.414221,0.094094,0.3,low,0.028228,0.0,0.028228,1
2026-07-26T07:53:19.294721,07/23 11:23,29.7,52.0,26.6,24.92,28.21,18.0,29.0,0.3764,0.094094,0.661108,0.094094,0.120824,0.0,0.0,2.54349,0.094094,0.3,low,0.028228,0.0,0.028228,1
2026-07-26T07:53:19.315337,07/23 12:15,30.6,41.6,26.72,25.2,27.7,18.0,29.0,0.3764,0.094094,0.648981,0.094094,0.117198,0.0,0.0,2.462343,0.094094,0.3,low,0.028228,0.0,0.028228,1
2026-07-26T07:53:37.747214,07/23 13:15,30.73,20.8,26.29,25.06,27.0,20.0,27.0,0.3781,0.094523,0.707972,0.094523,0.122274,0.0,0.0,2.708731,0.094523,0.3,low,0.028357,0.0,0.028357,1
2026-07-26T07:53:37.769213,07/23 14:15,30.83,41.6,26.59,25.92,27.0,20.0,27.0,0.3837,0.095925,0.799519,0.095925,0.127412,0.0,0.0,3.071619,0.095925,0.3,low,0.028777,0.0,0.028777,1
2026-07-26T07:53:37.790215,07/23 15:15,30.15,52.0,26.75,26.3,27.0,20.0,27.0,0.3843,0.096063,0.783874,0.096063,0.125032,0.0,0.0,3.041226,0.096063,0.3,low,0.028819,0.0,0.028819,1
2026-07-26T07:53:37.810213,07/23 16:15,30.45,52.0,26.74,25.96,27.0,20.0,27.0,0.384,0.095997,0.80198,0.095997,0.125815,0.0,0.0,3.098409,0.095997,0.55,high,0.052798,0.0,0.052798,1
2026-07-26T07:53:37.830227,07/23 17:15,29.73,52.0,26.53,25.43,27.0,20.0,27.0,0.3778,0.094438,0.734661,0.094438,0.125071,0.0,0.0,2.834591,0.094438,0.55,high,0.051941,0.0,0.051941,1
2026-07-26T07:53:37.849219,07/23 18:15,28.47,52.0,26.16,24.96,26.6,20.0,27.0,0.3764,0.094094,0.691166,0.094094,0.122276,0.0,0.0,2.682658,0.094094,0.55,high,0.051752,0.0,0.051752,1
2026-07-26T07:53:56.600772,07/23 19:15,26.92,26.0,24.5,23.46,24.82,20.0,25.0,0.3764,0.094094,0.655461,0.094094,0.120691,0.0,0.0,2.569363,0.094094,0.55,high,0.051752,0.0,0.051752,0
2026-07-26T07:53:56.622770,07/23 20:23,25.83,0.0,,,,20.0,25.0,0.3764,0.094094,0.625466,0.094094,0.119545,0.0,0.0,2.461149,0.094094,0.55,high,0.051752,0.0,0.051752,0
2026-07-26T07:53:56.641771,07/23 21:15,25.0,0.0,,,,20.0,25.0,0.0,0.0,0.0,0.0,0.0,0.0,0.0,0.0,0.0,0.4,moderate,0.0,0.0,0.0,0
2026-07-26T07:53:56.658769,07/23 22:15,24.85,0.0,,,,20.0,25.0,0.0,0.0,0.0,0.0,0.0,0.0,0.0,0.0,0.0,0.4,moderate,0.0,0.0,0.0,0
2026-07-26T07:53:56.676770,07/23 23:15,24.12,0.0,,,,20.0,25.0,0.0,0.0,0.0,0.0,0.0,0.0,0.0,0.0,0.0,0.4,moderate,0.0,0.0,0.0,0
2026-07-26T07:53:56.693770,07/24 00:15,23.18,0.0,,,,20.0,25.0,0.0,0.0,0.0,0.0,0.0,0.0,0.0,0.0,0.0,0.34,low,0.0,0.0,0.0,0
2026-07-26T07:54:13.996594,07/24 01:15,22.8,0.0,,,,18.0,27.0,0.0,0.0,0.0,0.0,0.0,0.0,0.0,0.0,0.0,0.34,low,0.0,0.0,0.0,0
2026-07-26T07:54:14.017303,07/24 02:15,22.65,0.0,,,,18.0,27.0,0.0,0.0,0.0,0.0,0.0,0.0,0.0,0.0,0.0,0.34,low,0.0,0.0,0.0,0
2026-07-26T07:54:14.036305,07/24 03:15,22.35,0.0,,,,18.0,27.0,0.0,0.0,0.0,0.0,0.0,0.0,0.0,0.0,0.0,0.34,low,0.0,0.0,0.0,0
2026-07-26T07:54:14.055263,07/24 04:15,22.8,0.0,,,,18.0,27.0,0.0,0.0,0.0,0.0,0.0,0.0,0.0,0.0,0.0,0.34,low,0.0,0.0,0.0,0
2026-07-26T07:54:14.073305,07/24 05:15,22.93,0.0,,,,18.0,27.0,0.0,0.0,0.0,0.0,0.0,0.0,0.0,0.0,0.0,0.34,low,0.0,0.0,0.0,0
2026-07-26T07:54:14.092260,07/24 06:23,23.73,0.0,,,,18.0,27.0,0.0,0.0,0.0,0.0,0.0,0.0,0.0,0.0,0.0,0.43,moderate,0.0,0.0,0.0,0
2026-07-26T07:54:30.472443,07/24 07:23,25.43,0.0,,,,18.0,29.0,0.3764,0.094094,0.618122,0.094094,0.10637,0.0,0.0,2.468811,0.094094,0.43,moderate,0.04046,0.0,0.04046,0
2026-07-26T07:54:30.495446,07/24 08:15,26.82,0.0,,,,18.0,29.0,0.3764,0.094094,0.681426,0.094094,0.110815,0.0,0.0,2.708287,0.094094,0.43,moderate,0.04046,0.0,0.04046,0
2026-07-26T07:54:30.518452,07/24 09:23,27.47,52.0,24.34,22.71,25.93,18.0,29.0,0.3764,0.094094,0.703826,0.094094,0.12171,0.0,0.0,2.780457,0.094094,0.43,moderate,0.04046,0.0,0.04046,0
2026-07-26T07:54:30.540446,07/24 10:23,28.3,52.0,25.76,24.22,26.96,18.0,29.0,0.3764,0.094094,0.764275,0.094094,0.136751,0.0,0.0,3.001079,0.094094,0.3,low,0.028228,0.0,0.028228,1
2026-07-26T07:54:30.562452,07/24 11:15,28.73,52.0,26.35,24.9,27.32,18.0,29.0,0.3764,0.094094,0.801453,0.094094,0.139987,0.0,0.0,3.15464,0.094094,0.3,low,0.028228,0.0,0.028228,1
2026-07-26T07:54:30.583453,07/24 12:15,30.15,41.6,26.49,25.13,27.36,18.0,29.0,0.3764,0.094094,0.886736,0.094094,0.147458,0.0,0.0,3.445593,0.094094,0.3,low,0.028228,0.0,0.028228,1
2026-07-26T07:54:49.744911,07/24 13:15,30.88,20.8,26.17,25.07,27.0,20.0,27.0,0.3781,0.094521,0.893287,0.094521,0.146029,0.0,0.0,3.448449,0.094521,0.3,low,0.028356,0.0,0.028356,1
2026-07-26T07:54:49.766915,07/24 14:15,31.82,41.6,26.55,25.98,27.0,20.0,27.0,0.3834,0.095848,1.024954,0.095848,0.147458,0.0,0.0,3.927397,0.095848,0.3,low,0.028754,0.0,0.028754,1
2026-07-26T07:54:49.786911,07/24 15:15,31.93,52.0,26.79,26.25,27.0,20.0,27.0,0.3864,0.0966,1.058601,0.0966,0.147458,0.0,0.0,4.028543,0.0966,0.3,low,0.02898,0.0,0.02898,1
2026-07-26T07:54:49.808914,07/24 16:15,31.1,52.0,26.72,25.93,27.0,20.0,27.0,0.3862,0.096548,0.991419,0.096548,0.146645,0.0,0.0,3.815532,0.096548,0.55,high,0.053101,0.0,0.053101,1
2026-07-26T07:54:49.828911,07/24 17:15,30.98,52.0,26.54,25.43,27.0,20.0,27.0,0.3797,0.094915,0.963431,0.094915,0.147458,0.0,0.0,3.707608,0.094915,0.55,high,0.052203,0.0,0.052203,1
2026-07-26T07:54:49.847920,07/24 18:15,30.3,52.0,26.3,25.0,27.0,20.0,27.0,0.3768,0.094195,0.925773,0.094195,0.147458,0.0,0.0,3.57399,0.094195,0.55,high,0.051807,0.0,0.051807,1
2026-07-26T07:55:08.032275,07/24 19:15,29.12,26.0,24.63,23.59,24.94,20.0,25.0,0.3764,0.094095,0.898243,0.094095,0.147458,0.0,0.0,3.493289,0.094095,0.55,high,0.051752,0.0,0.051752,0
2026-07-26T07:55:08.056760,07/24 20:23,28.18,0.0,,,,20.0,25.0,0.3764,0.094094,0.88469,0.094094,0.147458,0.0,0.0,3.49314,0.094094,0.55,high,0.051752,0.0,0.051752,0
2026-07-26T07:55:08.076761,07/24 21:15,27.8,0.0,,,,20.0,25.0,0.0,0.0,0.0,0.0,0.0,0.0,0.0,0.0,0.0,0.4,moderate,0.0,0.0,0.0,0
2026-07-26T07:55:08.095760,07/24 22:15,27.53,0.0,,,,20.0,25.0,0.0,0.0,0.0,0.0,0.0,0.0,0.0,0.0,0.0,0.4,moderate,0.0,0.0,0.0,0
2026-07-26T07:55:08.113762,07/24 23:15,26.7,0.0,,,,20.0,25.0,0.0,0.0,0.0,0.0,0.0,0.0,0.0,0.0,0.0,0.4,moderate,0.0,0.0,0.0,0
2026-07-26T07:55:08.131762,07/25 00:15,26.42,0.0,,,,20.0,25.0,0.0,0.0,0.0,0.0,0.0,0.0,0.0,0.0,0.0,0.34,low,0.0,0.0,0.0,0
2026-07-26T07:55:25.952715,07/25 01:15,25.6,0.0,,,,18.0,27.0,0.0,0.0,0.0,0.0,0.0,0.0,0.0,0.0,0.0,0.34,low,0.0,0.0,0.0,0
2026-07-26T07:55:25.975051,07/25 02:15,25.03,0.0,,,,18.0,27.0,0.0,0.0,0.0,0.0,0.0,0.0,0.0,0.0,0.0,0.34,low,0.0,0.0,0.0,0
2026-07-26T07:55:25.994049,07/25 03:15,23.3,0.0,,,,18.0,27.0,0.0,0.0,0.0,0.0,0.0,0.0,0.0,0.0,0.0,0.34,low,0.0,0.0,0.0,0
2026-07-26T07:55:26.012050,07/25 04:15,23.03,0.0,,,,18.0,27.0,0.0,0.0,0.0,0.0,0.0,0.0,0.0,0.0,0.0,0.34,low,0.0,0.0,0.0,0
2026-07-26T07:55:26.029050,07/25 05:15,22.07,0.0,,,,18.0,27.0,0.0,0.0,0.0,0.0,0.0,0.0,0.0,0.0,0.0,0.34,low,0.0,0.0,0.0,0
2026-07-26T07:55:26.049052,07/25 06:15,21.7,0.0,,,,18.0,27.0,0.0,0.0,0.0,0.0,0.0,0.0,0.0,0.0,0.0,0.43,moderate,0.0,0.0,0.0,0
2026-07-26T07:55:43.063044,07/25 07:15,21.97,0.0,,,,18.0,29.0,0.3764,0.094094,0.56612,0.094094,0.103088,0.0,0.0,2.284271,0.094094,0.43,moderate,0.04046,0.0,0.04046,0
2026-07-26T07:55:43.084043,07/25 08:15,23.35,0.0,,,,18.0,29.0,0.3764,0.094094,0.611343,0.094094,0.103969,0.0,0.0,2.479255,0.094094,0.43,moderate,0.04046,0.0,0.04046,0
2026-07-26T07:55:43.107039,07/25 09:23,24.73,52.0,23.24,22.17,24.02,18.0,29.0,0.3764,0.094094,0.698257,0.094094,0.119993,0.0,0.0,2.811872,0.094094,0.43,moderate,0.04046,0.0,0.04046,0
2026-07-26T07:55:43.126040,07/25 10:23,24.17,52.0,24.71,23.63,25.6,18.0,29.0,0.3764,0.094094,0.674987,0.094094,0.128497,0.0,0.0,2.717464,0.094094,0.3,low,0.028228,0.0,0.028228,0
2026-07-26T07:55:43.143040,07/25 11:15,25.43,52.0,25.37,24.31,26.3,18.0,29.0,0.3764,0.094094,0.718105,0.094094,0.133199,0.0,0.0,2.889651,0.094094,0.3,low,0.028228,0.0,0.028228,1
2026-07-26T07:55:43.160039,07/25 12:15,27.1,41.6,25.63,24.62,26.64,18.0,29.0,0.3764,0.094094,0.797643,0.094094,0.141463,0.0,0.0,3.184798,0.094094,0.3,low,0.028228,0.0,0.028228,1
2026-07-26T07:56:01.610216,07/25 13:15,28.73,20.8,25.45,24.46,26.45,20.0,27.0,0.3764,0.094094,0.863994,0.094094,0.147458,0.0,0.0,3.410559,0.094094,0.3,low,0.028228,0.0,0.028228,1
2026-07-26T07:56:01.629188,07/25 14:15,29.73,41.6,26.06,25.36,26.96,20.0,27.0,0.3764,0.094094,0.849973,0.094094,0.144705,0.0,0.0,3.295144,0.094094,0.3,low,0.028228,0.0,0.028228,1
2026-07-26T07:56:01.649190,07/25 15:15,28.9,52.0,26.44,25.62,27.0,20.0,27.0,0.3781,0.094515,0.793512,0.094515,0.135373,0.0,0.0,3.10529,0.094515,0.3,low,0.028354,0.0,0.028354,1
2026-07-26T07:56:01.666188,07/25 16:15,28.47,52.0,26.55,25.36,27.0,20.0,27.0,0.3795,0.094875,0.789183,0.094875,0.132141,0.0,0.0,3.094023,0.094875,0.55,high,0.052181,0.0,0.052181,1
2026-07-26T07:56:01.685188,07/25 17:15,26.65,52.0,26.23,24.87,27.0,20.0,27.0,0.3801,0.095027,0.773927,0.095027,0.130954,0.0,0.0,3.077144,0.095027,0.55,high,0.052265,0.0,0.052265,1
2026-07-26T07:56:01.702188,07/25 18:15,24.57,52.0,25.94,24.43,27.0,20.0,27.0,0.3778,0.094445,0.677787,0.094445,0.122959,0.0,0.0,2.712277,0.094445,0.55,high,0.051945,0.0,0.051945,1
2026-07-26T07:56:20.339456,07/25 19:15,23.18,26.0,24.29,23.01,24.9,20.0,25.0,0.3764,0.094094,0.594716,0.094094,0.115807,0.0,0.0,2.368978,0.094094,0.55,high,0.051752,0.0,0.051752,0
2026-07-26T07:56:20.364456,07/25 20:23,22.65,0.0,,,,20.0,25.0,0.3764,0.094094,0.573218,0.094094,0.115267,0.0,0.0,2.28443,0.094094,0.55,high,0.051752,0.0,0.051752,0
2026-07-26T07:56:20.385454,07/25 21:15,22.07,0.0,,,,20.0,25.0,0.0,0.0,0.0,0.0,0.0,0.0,0.0,0.0,0.0,0.4,moderate,0.0,0.0,0.0,0
2026-07-26T07:56:20.403452,07/25 22:15,21.42,0.0,,,,20.0,25.0,0.0,0.0,0.0,0.0,0.0,0.0,0.0,0.0,0.0,0.4,moderate,0.0,0.0,0.0,0
2026-07-26T07:56:20.420452,07/25 23:15,20.45,0.0,,,,20.0,25.0,0.0,0.0,0.0,0.0,0.0,0.0,0.0,0.0,0.0,0.4,moderate,0.0,0.0,0.0,0
2026-07-26T07:56:20.438453,07/26 00:15,20.0,0.0,,,,20.0,25.0,0.0,0.0,0.0,0.0,0.0,0.0,0.0,0.0,0.0,0.34,low,0.0,0.0,0.0,0
2026-07-26T07:56:37.888823,07/26 01:15,19.85,0.0,,,,18.0,27.0,0.0,0.0,0.0,0.0,0.0,0.0,0.0,0.0,0.0,0.34,low,0.0,0.0,0.0,0
2026-07-26T07:56:37.909830,07/26 02:15,19.12,0.0,,,,18.0,27.0,0.0,0.0,0.0,0.0,0.0,0.0,0.0,0.0,0.0,0.34,low,0.0,0.0,0.0,0
2026-07-26T07:56:37.928822,07/26 03:15,18.45,0.0,,,,18.0,27.0,0.0,0.0,0.0,0.0,0.0,0.0,0.0,0.0,0.0,0.34,low,0.0,0.0,0.0,0
2026-07-26T07:56:37.949817,07/26 04:15,18.9,0.0,,,,18.0,27.0,0.0,0.0,0.0,0.0,0.0,0.0,0.0,0.0,0.0,0.34,low,0.0,0.0,0.0,0
2026-07-26T07:56:37.966819,07/26 05:15,19.32,0.0,,,,18.0,27.0,0.0,0.0,0.0,0.0,0.0,0.0,0.0,0.0,0.0,0.34,low,0.0,0.0,0.0,0
2026-07-26T07:56:37.986815,07/26 06:23,21.0,0.0,,,,18.0,27.0,0.0,0.0,0.0,0.0,0.0,0.0,0.0,0.0,0.0,0.43,moderate,0.0,0.0,0.0,0
2026-07-26T07:56:55.546733,07/26 07:15,22.35,0.0,,,,18.0,29.0,0.3764,0.094094,0.527566,0.094094,0.094368,0.0,0.0,2.103125,0.094094,0.43,moderate,0.04046,0.0,0.04046,0
2026-07-26T07:56:55.570723,07/26 08:15,23.08,0.0,,,,18.0,29.0,0.3764,0.094094,0.52598,0.094094,0.09047,0.0,0.0,2.087929,0.094094,0.43,moderate,0.04046,0.0,0.04046,0
2026-07-26T07:56:55.592723,07/26 09:23,24.32,52.0,23.77,22.17,25.27,18.0,29.0,0.3764,0.094094,0.557979,0.094094,0.101321,0.0,0.0,2.208787,0.094094,0.43,moderate,0.04046,0.0,0.04046,0
2026-07-26T07:56:55.611722,07/26 10:23,25.73,52.0,25.45,23.63,27.42,18.0,29.0,0.3764,0.094094,0.606274,0.094094,0.118521,0.0,0.0,2.38234,0.094094,0.3,low,0.028228,0.0,0.028228,1
2026-07-26T07:56:55.631729,07/26 11:23,26.25,52.0,26.08,24.35,27.71,18.0,29.0,0.3764,0.094094,0.641271,0.094094,0.122202,0.0,0.0,2.532279,0.094094,0.3,low,0.028228,0.0,0.028228,1
2026-07-26T07:56:55.651724,07/26 12:15,26.97,41.6,26.11,24.56,27.02,18.0,29.0,0.3764,0.094094,0.67226,0.094094,0.124013,0.0,0.0,2.654516,0.094094,0.3,low,0.028228,0.0,0.028228,1
2026-07-26T07:57:14.992497,07/26 13:15,27.8,20.8,25.77,24.44,26.49,20.0,27.0,0.3764,0.094094,0.632444,0.094094,0.117848,0.0,0.0,2.45605,0.094094,0.3,low,0.028228,0.0,0.028228,1
2026-07-26T07:57:15.012501,07/26 14:15,27.53,41.6,26.31,25.44,27.0,20.0,27.0,0.377,0.094245,0.592626,0.094245,0.112204,0.0,0.0,2.286073,0.094245,0.3,low,0.028273,0.0,0.028273,1
2026-07-26T07:57:15.033496,07/26 15:15,26.7,52.0,26.62,25.9,27.0,20.0,27.0,0.3795,0.094869,0.541772,0.094869,0.103085,0.0,0.0,2.083215,0.094869,0.3,low,0.028461,0.0,0.028461,1
2026-07-26T07:57:15.050496,07/26 16:15,26.55,52.0,26.62,25.69,27.0,20.0,27.0,0.3772,0.094306,0.578204,0.094306,0.109383,0.0,0.0,2.246101,0.094306,0.55,high,0.051868,0.0,0.051868,1
2026-07-26T07:57:15.066499,07/26 17:15,25.98,52.0,26.18,25.07,26.55,20.0,27.0,0.3764,0.094094,0.579927,0.094094,0.110707,0.0,0.0,2.264194,0.094094,0.55,high,0.051752,0.0,0.051752,1
2026-07-26T07:57:15.083497,07/26 18:15,25.3,52.0,25.97,24.6,26.84,20.0,27.0,0.3764,0.094094,0.552574,0.094094,0.107546,0.0,0.0,2.14908,0.094094,0.55,high,0.051752,0.0,0.051752,1
2026-07-26T07:57:32.378652,07/26 19:15,24.0,26.0,24.36,23.17,24.84,20.0,25.0,0.3764,0.094094,0.499098,0.094094,0.102494,0.0,0.0,1.915653,0.094094,0.55,high,0.051752,0.0,0.051752,0
2026-07-26T07:57:32.400650,07/26 20:23,22.65,0.0,,,,20.0,25.0,0.3764,0.094094,0.548751,0.094094,0.1121,0.0,0.0,2.175193,0.094094,0.55,high,0.051752,0.0,0.051752,0
2026-07-26T07:57:32.417649,07/26 21:15,22.07,0.0,,,,20.0,25.0,0.0,0.0,0.0,0.0,0.0,0.0,0.0,0.0,0.0,0.4,moderate,0.0,0.0,0.0,0
2026-07-26T07:57:32.434651,07/26 22:15,21.27,0.0,,,,20.0,25.0,0.0,0.0,0.0,0.0,0.0,0.0,0.0,0.0,0.0,0.4,moderate,0.0,0.0,0.0,0
2026-07-26T07:57:32.450868,07/26 23:15,20.0,0.0,,,,20.0,25.0,0.0,0.0,0.0,0.0,0.0,0.0,0.0,0.0,0.0,0.4,moderate,0.0,0.0,0.0,0
2026-07-26T07:57:32.466875,07/27 00:15,20.0,0.0,,,,20.0,25.0,0.0,0.0,0.0,0.0,0.0,0.0,0.0,0.0,0.0,0.34,low,0.0,0.0,0.0,0
2026-07-26T07:57:50.448686,07/27 01:15,19.57,0.0,,,,18.0,27.0,0.0,0.0,0.0,0.0,0.0,0.0,0.0,0.0,0.0,0.34,low,0.0,0.0,0.0,0
2026-07-26T07:57:50.466687,07/27 02:15,18.3,0.0,,,,18.0,27.0,0.0,0.0,0.0,0.0,0.0,0.0,0.0,0.0,0.0,0.34,low,0.0,0.0,0.0,0
2026-07-26T07:57:50.483686,07/27 03:15,18.45,0.0,,,,18.0,27.0,0.0,0.0,0.0,0.0,0.0,0.0,0.0,0.0,0.0,0.34,low,0.0,0.0,0.0,0
2026-07-26T07:57:50.501683,07/27 04:15,18.47,0.0,,,,18.0,27.0,0.0,0.0,0.0,0.0,0.0,0.0,0.0,0.0,0.0,0.34,low,0.0,0.0,0.0,0
2026-07-26T07:57:50.518686,07/27 05:15,18.05,0.0,,,,18.0,27.0,0.0,0.0,0.0,0.0,0.0,0.0,0.0,0.0,0.0,0.34,low,0.0,0.0,0.0,0
2026-07-26T07:57:50.536968,07/27 06:23,21.28,0.0,,,,18.0,27.0,0.0,0.0,0.0,0.0,0.0,0.0,0.0,0.0,0.0,0.43,moderate,0.0,0.0,0.0,0
2026-07-26T07:58:07.473804,07/27 07:20,23.88,0.0,,,,18.0,29.0,0.0,0.0,0.0,0.0,0.0,0.0,0.0,0.0,0.0,0.43,moderate,0.0,0.0,0.0,0
2026-07-26T07:58:07.495803,07/27 08:23,25.88,0.0,,,,18.0,29.0,0.0,0.0,0.0,0.0,0.0,0.0,0.0,0.0,0.0,0.43,moderate,0.0,0.0,0.0,0
2026-07-26T07:58:07.516804,07/27 09:23,27.1,0.0,,,,18.0,29.0,0.0,0.0,0.0,0.0,0.0,0.0,0.0,0.0,0.0,0.43,moderate,0.0,0.0,0.0,0
2026-07-26T07:58:07.535803,07/27 10:15,28.45,0.0,,,,18.0,29.0,0.0,0.0,0.0,0.0,0.0,0.0,0.0,0.0,0.0,0.3,low,0.0,0.0,0.0,0
2026-07-26T07:58:07.553803,07/27 11:23,29.17,0.0,,,,18.0,29.0,0.0,0.0,0.0,0.0,0.0,0.0,0.0,0.0,0.0,0.3,low,0.0,0.0,0.0,0
2026-07-26T07:58:07.571805,07/27 12:23,30.15,0.0,,,,18.0,29.0,0.0,0.0,0.0,0.0,0.0,0.0,0.0,0.0,0.0,0.3,low,0.0,0.0,0.0,0
2026-07-26T07:58:25.645415,07/27 13:15,30.73,0.0,,,,18.0,29.0,0.0,0.0,0.0,0.0,0.0,0.0,0.0,0.0,0.0,0.3,low,0.0,0.0,0.0,0
2026-07-26T07:58:25.666418,07/27 14:15,31.25,0.0,,,,18.0,29.0,0.0,0.0,0.0,0.0,0.0,0.0,0.0,0.0,0.0,0.3,low,0.0,0.0,0.0,0
2026-07-26T07:58:25.686414,07/27 15:23,31.7,0.0,,,,18.0,29.0,0.0,0.0,0.0,0.0,0.0,0.0,0.0,0.0,0.0,0.3,low,0.0,0.0,0.0,0
2026-07-26T07:58:25.705415,07/27 16:15,31.42,0.0,,,,18.0,29.0,0.0,0.0,0.0,0.0,0.0,0.0,0.0,0.0,0.0,0.55,high,0.0,0.0,0.0,0
2026-07-26T07:58:25.724420,07/27 17:15,30.3,0.0,,,,18.0,29.0,0.0,0.0,0.0,0.0,0.0,0.0,0.0,0.0,0.0,0.55,high,0.0,0.0,0.0,0
2026-07-26T07:58:25.742418,07/27 18:15,29.27,0.0,,,,18.0,29.0,0.0,0.0,0.0,0.0,0.0,0.0,0.0,0.0,0.0,0.55,high,0.0,0.0,0.0,0
2026-07-26T07:58:44.224992,07/27 19:23,28.47,0.0,,,,18.0,29.0,0.0,0.0,0.0,0.0,0.0,0.0,0.0,0.0,0.0,0.55,high,0.0,0.0,0.0,0
2026-07-26T07:58:44.249203,07/27 20:23,27.07,0.0,,,,18.0,29.0,0.0,0.0,0.0,0.0,0.0,0.0,0.0,0.0,0.0,0.55,high,0.0,0.0,0.0,0
2026-07-26T07:58:44.269112,07/27 21:15,26.55,0.0,,,,18.0,29.0,0.0,0.0,0.0,0.0,0.0,0.0,0.0,0.0,0.0,0.4,moderate,0.0,0.0,0.0,0
2026-07-26T07:58:44.286350,07/27 22:15,25.98,0.0,,,,18.0,29.0,0.0,0.0,0.0,0.0,0.0,0.0,0.0,0.0,0.0,0.4,moderate,0.0,0.0,0.0,0
2026-07-26T07:58:44.304370,07/27 23:15,25.45,0.0,,,,18.0,29.0,0.0,0.0,0.0,0.0,0.0,0.0,0.0,0.0,0.0,0.4,moderate,0.0,0.0,0.0,0
2026-07-26T07:58:44.324056,07/28 00:15,23.48,0.0,,,,18.0,29.0,0.0,0.0,0.0,0.0,0.0,0.0,0.0,0.0,0.0,0.34,low,0.0,0.0,0.0,0
2026-07-26T07:59:02.432919,07/28 01:15,18.9,0.0,,,,18.0,29.0,0.0,0.0,0.0,0.0,0.0,0.0,0.0,0.0,0.0,0.34,low,0.0,0.0,0.0,0
2026-07-26T07:59:02.453918,07/28 02:15,18.9,0.0,,,,18.0,29.0,0.0,0.0,0.0,0.0,0.0,0.0,0.0,0.0,0.0,0.34,low,0.0,0.0,0.0,0
2026-07-26T07:59:02.475916,07/28 03:15,18.9,0.0,,,,18.0,29.0,0.0,0.0,0.0,0.0,0.0,0.0,0.0,0.0,0.0,0.34,low,0.0,0.0,0.0,0
2026-07-26T07:59:02.494917,07/28 04:15,19.02,0.0,,,,18.0,29.0,0.0,0.0,0.0,0.0,0.0,0.0,0.0,0.0,0.0,0.34,low,0.0,0.0,0.0,0
2026-07-26T07:59:02.514924,07/28 05:15,19.55,0.0,,,,18.0,29.0,0.0,0.0,0.0,0.0,0.0,0.0,0.0,0.0,0.0,0.34,low,0.0,0.0,0.0,0
2026-07-26T07:59:02.531917,07/28 06:23,20.55,0.0,,,,18.0,29.0,0.0,0.0,0.0,0.0,0.0,0.0,0.0,0.0,0.0,0.43,moderate,0.0,0.0,0.0,0
2026-07-26T07:59:20.233290,07/28 07:23,22.62,0.0,,,,18.0,29.0,0.0,0.0,0.0,0.0,0.0,0.0,0.0,0.0,0.0,0.43,moderate,0.0,0.0,0.0,0
2026-07-26T07:59:20.253288,07/28 08:15,24.02,0.0,,,,18.0,29.0,0.0,0.0,0.0,0.0,0.0,0.0,0.0,0.0,0.0,0.43,moderate,0.0,0.0,0.0,0
2026-07-26T07:59:20.273290,07/28 09:15,24.97,0.0,,,,18.0,29.0,0.0,0.0,0.0,0.0,0.0,0.0,0.0,0.0,0.0,0.43,moderate,0.0,0.0,0.0,0
2026-07-26T07:59:20.290287,07/28 10:15,27.1,0.0,,,,18.0,29.0,0.0,0.0,0.0,0.0,0.0,0.0,0.0,0.0,0.0,0.3,low,0.0,0.0,0.0,0
2026-07-26T07:59:20.309288,07/28 11:15,28.58,0.0,,,,18.0,29.0,0.0,0.0,0.0,0.0,0.0,0.0,0.0,0.0,0.0,0.3,low,0.0,0.0,0.0,0
2026-07-26T07:59:20.327291,07/28 12:15,29.55,0.0,,,,18.0,29.0,0.0,0.0,0.0,0.0,0.0,0.0,0.0,0.0,0.0,0.3,low,0.0,0.0,0.0,0
2026-07-26T07:59:37.755222,07/28 13:15,30.0,0.0,,,,18.0,29.0,0.0,0.0,0.0,0.0,0.0,0.0,0.0,0.0,0.0,0.3,low,0.0,0.0,0.0,0
2026-07-26T07:59:37.772224,07/28 14:15,29.85,0.0,,,,18.0,29.0,0.0,0.0,0.0,0.0,0.0,0.0,0.0,0.0,0.0,0.3,low,0.0,0.0,0.0,0
2026-07-26T07:59:37.791219,07/28 15:15,28.57,0.0,,,,18.0,29.0,0.0,0.0,0.0,0.0,0.0,0.0,0.0,0.0,0.0,0.3,low,0.0,0.0,0.0,0
2026-07-26T07:59:37.809218,07/28 16:15,26.25,0.0,,,,18.0,29.0,0.0,0.0,0.0,0.0,0.0,0.0,0.0,0.0,0.0,0.55,high,0.0,0.0,0.0,0
2026-07-26T07:59:37.834413,07/28 17:15,26.42,0.0,,,,18.0,29.0,0.0,0.0,0.0,0.0,0.0,0.0,0.0,0.0,0.0,0.55,high,0.0,0.0,0.0,0
2026-07-26T07:59:37.850408,07/28 18:15,25.45,0.0,,,,18.0,29.0,0.0,0.0,0.0,0.0,0.0,0.0,0.0,0.0,0.0,0.55,high,0.0,0.0,0.0,0
2026-07-26T07:59:54.547639,07/28 19:23,24.3,0.0,,,,18.0,29.0,0.0,0.0,0.0,0.0,0.0,0.0,0.0,0.0,0.0,0.55,high,0.0,0.0,0.0,0
2026-07-26T07:59:54.568637,07/28 20:23,22.07,0.0,,,,18.0,29.0,0.0,0.0,0.0,0.0,0.0,0.0,0.0,0.0,0.0,0.55,high,0.0,0.0,0.0,0
2026-07-26T07:59:54.589638,07/28 21:15,21.55,0.0,,,,18.0,29.0,0.0,0.0,0.0,0.0,0.0,0.0,0.0,0.0,0.0,0.4,moderate,0.0,0.0,0.0,0
2026-07-26T07:59:54.608637,07/28 22:15,20.68,0.0,,,,18.0,29.0,0.0,0.0,0.0,0.0,0.0,0.0,0.0,0.0,0.0,0.4,moderate,0.0,0.0,0.0,0
2026-07-26T07:59:54.625636,07/28 23:15,19.4,0.0,,,,18.0,29.0,0.0,0.0,0.0,0.0,0.0,0.0,0.0,0.0,0.0,0.4,moderate,0.0,0.0,0.0,0
2026-07-26T07:59:54.641637,07/29 00:15,19.55,0.0,,,,18.0,29.0,0.0,0.0,0.0,0.0,0.0,0.0,0.0,0.0,0.0,0.34,low,0.0,0.0,0.0,0
2026-07-26T08:00:12.617635,07/29 01:15,20.0,0.0,,,,18.0,29.0,0.0,0.0,0.0,0.0,0.0,0.0,0.0,0.0,0.0,0.34,low,0.0,0.0,0.0,0
2026-07-26T08:00:12.635936,07/29 02:15,20.0,0.0,,,,18.0,29.0,0.0,0.0,0.0,0.0,0.0,0.0,0.0,0.0,0.0,0.34,low,0.0,0.0,0.0,0
2026-07-26T08:00:12.656936,07/29 03:15,20.0,0.0,,,,18.0,29.0,0.0,0.0,0.0,0.0,0.0,0.0,0.0,0.0,0.0,0.34,low,0.0,0.0,0.0,0
2026-07-26T08:00:12.682284,07/29 04:15,20.0,0.0,,,,18.0,29.0,0.0,0.0,0.0,0.0,0.0,0.0,0.0,0.0,0.0,0.34,low,0.0,0.0,0.0,0
2026-07-26T08:00:12.699289,07/29 05:15,20.27,0.0,,,,18.0,29.0,0.0,0.0,0.0,0.0,0.0,0.0,0.0,0.0,0.0,0.34,low,0.0,0.0,0.0,0
2026-07-26T08:00:12.718278,07/29 06:23,21.38,0.0,,,,18.0,29.0,0.0,0.0,0.0,0.0,0.0,0.0,0.0,0.0,0.0,0.43,moderate,0.0,0.0,0.0,0
2026-07-26T08:00:29.942838,07/29 07:23,22.47,0.0,,,,18.0,29.0,0.3764,0.094094,0.51357,0.094094,0.091638,0.0,0.0,2.039706,0.094094,0.43,moderate,0.04046,0.0,0.04046,0
2026-07-26T08:00:29.963833,07/29 08:23,23.58,0.0,,,,18.0,29.0,0.3764,0.094094,0.517667,0.094094,0.08885,0.0,0.0,2.041875,0.094094,0.43,moderate,0.04046,0.0,0.04046,0
2026-07-26T08:00:29.987202,07/29 09:23,24.55,52.0,24.16,22.14,26.53,18.0,29.0,0.3764,0.094094,0.547245,0.094094,0.100477,0.0,0.0,2.150747,0.094094,0.43,moderate,0.04046,0.0,0.04046,1
2026-07-26T08:00:30.009202,07/29 10:23,25.27,52.0,25.51,23.56,27.57,18.0,29.0,0.3764,0.094094,0.572095,0.094094,0.114302,0.0,0.0,2.241754,0.094094,0.3,low,0.028228,0.0,0.028228,1
2026-07-26T08:00:30.029202,07/29 11:23,26.25,52.0,26.09,24.24,27.86,18.0,29.0,0.3764,0.094094,0.556454,0.094094,0.110677,0.0,0.0,2.1559,0.094094,0.3,low,0.028228,0.0,0.028228,1
2026-07-26T08:00:30.047205,07/29 12:15,26.82,41.6,26.16,24.51,27.22,18.0,29.0,0.3764,0.094094,0.554477,0.094094,0.109388,0.0,0.0,2.137352,0.094094,0.3,low,0.028228,0.0,0.028228,1
2026-07-26T08:00:48.453920,07/29 13:15,27.35,20.8,25.77,24.36,26.45,20.0,27.0,0.3764,0.094094,0.553939,0.094094,0.108533,0.0,0.0,2.12651,0.094094,0.3,low,0.028228,0.0,0.028228,1
2026-07-26T08:00:48.474924,07/29 14:15,27.8,41.6,26.25,25.32,26.89,20.0,27.0,0.3764,0.094094,0.536785,0.094094,0.105376,0.0,0.0,2.039509,0.094094,0.3,low,0.028228,0.0,0.028228,1
2026-07-26T08:00:48.499922,07/29 15:23,27.65,52.0,26.63,25.79,27.0,20.0,27.0,0.379,0.094749,0.542756,0.094749,0.102716,0.0,0.0,2.072545,0.094749,0.3,low,0.028425,0.0,0.028425,1
2026-07-26T08:00:48.519403,07/29 16:15,27.07,52.0,26.62,25.48,27.0,20.0,27.0,0.382,0.095511,0.545521,0.095511,0.099556,0.0,0.0,2.099731,0.095511,0.55,high,0.052531,0.0,0.052531,1
2026-07-26T08:00:48.536398,07/29 17:15,26.42,52.0,26.33,24.97,27.0,20.0,27.0,0.3813,0.095337,0.517163,0.095337,0.096988,0.0,0.0,1.976664,0.095337,0.55,high,0.052435,0.0,0.052435,1
2026-07-26T08:00:48.554477,07/29 18:15,25.18,52.0,26.06,24.55,27.0,20.0,27.0,0.379,0.094761,0.492886,0.094761,0.09712,0.0,0.0,1.876129,0.094761,0.55,high,0.052119,0.0,0.052119,1
2026-07-26T08:01:07.170695,07/29 19:15,23.62,26.0,24.43,23.13,24.99,20.0,25.0,0.3764,0.094094,0.409899,0.094094,0.091469,0.0,0.0,1.488916,0.094094,0.55,high,0.051752,0.0,0.051752,0
2026-07-26T08:01:07.193684,07/29 20:23,22.53,0.0,,,,20.0,25.0,0.3764,0.094094,0.355557,0.094094,0.086083,0.0,0.0,1.252797,0.094094,0.55,high,0.051752,0.0,0.051752,0
2026-07-26T08:01:07.211463,07/29 21:15,21.55,0.0,,,,20.0,25.0,0.0,0.0,0.0,0.0,0.0,0.0,0.0,0.0,0.0,0.4,moderate,0.0,0.0,0.0,0
2026-07-26T08:01:07.230472,07/29 22:15,20.4,0.0,,,,20.0,25.0,0.0,0.0,0.0,0.0,0.0,0.0,0.0,0.0,0.0,0.4,moderate,0.0,0.0,0.0,0
2026-07-26T08:01:07.249836,07/29 23:15,18.18,0.0,,,,20.0,25.0,0.0,0.0,0.0,0.0,0.0,0.0,0.0,0.0,0.0,0.4,moderate,0.0,0.0,0.0,0
2026-07-26T08:01:07.266505,07/30 00:15,17.8,0.0,,,,20.0,25.0,0.0,0.0,0.0,0.0,0.0,0.0,0.0,0.0,0.0,0.34,low,0.0,0.0,0.0,0
2026-07-26T08:01:25.214346,07/30 01:15,17.8,0.0,,,,18.0,27.0,0.0,0.0,0.0,0.0,0.0,0.0,0.0,0.0,0.0,0.34,low,0.0,0.0,0.0,0
2026-07-26T08:01:25.235344,07/30 02:15,17.25,0.0,,,,18.0,27.0,0.0,0.0,0.0,0.0,0.0,0.0,0.0,0.0,0.0,0.34,low,0.0,0.0,0.0,0
2026-07-26T08:01:25.255344,07/30 03:15,15.72,0.0,,,,18.0,27.0,0.0,0.0,0.0,0.0,0.0,0.0,0.0,0.0,0.0,0.34,low,0.0,0.0,0.0,0
2026-07-26T08:01:25.274343,07/30 04:15,15.98,0.0,,,,18.0,27.0,0.0,0.0,0.0,0.0,0.0,0.0,0.0,0.0,0.0,0.34,low,0.0,0.0,0.0,0
2026-07-26T08:01:25.292342,07/30 05:15,15.88,0.0,,,,18.0,27.0,0.0,0.0,0.0,0.0,0.0,0.0,0.0,0.0,0.0,0.34,low,0.0,0.0,0.0,0
2026-07-26T08:01:25.310343,07/30 06:15,17.52,0.0,,,,18.0,27.0,0.0,0.0,0.0,0.0,0.0,0.0,0.0,0.0,0.0,0.43,moderate,0.0,0.0,0.0,0
2026-07-26T08:01:42.585200,07/30 07:15,20.7,0.0,,,,18.0,29.0,0.3764,0.094094,0.405227,0.094094,0.07515,0.0,0.0,1.551847,0.094094,0.43,moderate,0.04046,0.0,0.04046,0
2026-07-26T08:01:42.608197,07/30 08:15,23.08,0.0,,,,18.0,29.0,0.3764,0.094094,0.484129,0.094094,0.080465,0.0,0.0,1.900507,0.094094,0.43,moderate,0.04046,0.0,0.04046,0
2026-07-26T08:01:42.633212,07/30 09:23,24.32,52.0,23.18,22.06,24.07,18.0,29.0,0.3764,0.094094,0.474457,0.094094,0.084528,0.0,0.0,1.826296,0.094094,0.43,moderate,0.04046,0.0,0.04046,0
2026-07-26T08:01:42.656197,07/30 10:23,26.15,52.0,25.07,23.66,26.19,18.0,29.0,0.3764,0.094094,0.520482,0.094094,0.101904,0.0,0.0,2.002029,0.094094,0.3,low,0.028228,0.0,0.028228,1
2026-07-26T08:01:42.677197,07/30 11:23,28.2,52.0,25.98,24.5,27.18,18.0,29.0,0.3764,0.094094,0.555013,0.094094,0.109443,0.0,0.0,2.120695,0.094094,0.3,low,0.028228,0.0,0.028228,1
2026-07-26T08:01:42.697198,07/30 12:23,29.27,41.6,26.25,24.86,27.0,18.0,29.0,0.3764,0.094094,0.602335,0.094094,0.113274,0.0,0.0,2.295124,0.094094,0.3,low,0.028228,0.0,0.028228,1
2026-07-26T08:02:01.105144,07/30 13:15,28.75,20.8,25.98,24.77,26.83,20.0,27.0,0.3764,0.094094,0.567923,0.094094,0.108868,0.0,0.0,2.154433,0.094094,0.3,low,0.028228,0.0,0.028228,1
2026-07-26T08:02:01.126139,07/30 14:15,28.45,41.6,26.45,25.75,27.0,20.0,27.0,0.3793,0.094827,0.525055,0.094827,0.101382,0.0,0.0,1.978721,0.094827,0.3,low,0.028448,0.0,0.028448,1
2026-07-26T08:02:01.145139,07/30 15:15,28.9,52.0,26.66,26.02,27.0,20.0,27.0,0.3812,0.095292,0.520259,0.095292,0.097576,0.0,0.0,1.952485,0.095292,0.3,low,0.028588,0.0,0.028588,1
2026-07-26T08:02:01.162139,07/30 16:15,28.9,52.0,26.65,25.74,27.0,20.0,27.0,0.3783,0.094582,0.584354,0.094582,0.107414,0.0,0.0,2.231559,0.094582,0.55,high,0.05202,0.0,0.05202,1
2026-07-26T08:02:01.179138,07/30 17:15,28.75,52.0,26.2,25.15,26.63,20.0,27.0,0.3764,0.094094,0.535137,0.094094,0.103143,0.0,0.0,2.0124,0.094094,0.55,high,0.051752,0.0,0.051752,1
2026-07-26T08:02:01.196140,07/30 18:15,27.9,52.0,25.79,24.69,26.19,20.0,27.0,0.3764,0.094094,0.516889,0.094094,0.1014,0.0,0.0,1.943106,0.094094,0.55,high,0.051752,0.0,0.051752,1
2026-07-26T08:02:18.889604,07/30 19:15,26.42,26.0,24.29,23.26,24.65,20.0,25.0,0.3764,0.094094,0.443688,0.094094,0.094628,0.0,0.0,1.630287,0.094094,0.55,high,0.051752,0.0,0.051752,0
2026-07-26T08:02:18.911604,07/30 20:23,25.3,0.0,,,,20.0,25.0,0.3764,0.094094,0.494483,0.094094,0.102869,0.0,0.0,1.886339,0.094094,0.55,high,0.051752,0.0,0.051752,0
2026-07-26T08:02:18.932605,07/30 21:15,24.27,0.0,,,,20.0,25.0,0.0,0.0,0.0,0.0,0.0,0.0,0.0,0.0,0.0,0.4,moderate,0.0,0.0,0.0,0
2026-07-26T08:02:18.948996,07/30 22:15,23.47,0.0,,,,20.0,25.0,0.0,0.0,0.0,0.0,0.0,0.0,0.0,0.0,0.0,0.4,moderate,0.0,0.0,0.0,0
2026-07-26T08:02:18.965266,07/30 23:15,22.07,0.0,,,,20.0,25.0,0.0,0.0,0.0,0.0,0.0,0.0,0.0,0.0,0.0,0.4,moderate,0.0,0.0,0.0,0
2026-07-26T08:02:18.981557,07/31 00:15,21.12,0.0,,,,20.0,25.0,0.0,0.0,0.0,0.0,0.0,0.0,0.0,0.0,0.0,0.34,low,0.0,0.0,0.0,0
2026-07-26T08:02:36.071374,07/31 01:15,19.82,0.0,,,,18.0,27.0,0.0,0.0,0.0,0.0,0.0,0.0,0.0,0.0,0.0,0.34,low,0.0,0.0,0.0,0
2026-07-26T08:02:36.092374,07/31 02:15,21.1,0.0,,,,18.0,27.0,0.0,0.0,0.0,0.0,0.0,0.0,0.0,0.0,0.0,0.34,low,0.0,0.0,0.0,0
2026-07-26T08:02:36.112374,07/31 03:15,20.98,0.0,,,,18.0,27.0,0.0,0.0,0.0,0.0,0.0,0.0,0.0,0.0,0.0,0.34,low,0.0,0.0,0.0,0
2026-07-26T08:02:36.128375,07/31 04:15,20.18,0.0,,,,18.0,27.0,0.0,0.0,0.0,0.0,0.0,0.0,0.0,0.0,0.0,0.34,low,0.0,0.0,0.0,0
2026-07-26T08:02:36.144379,07/31 05:15,19.6,0.0,,,,18.0,27.0,0.0,0.0,0.0,0.0,0.0,0.0,0.0,0.0,0.0,0.34,low,0.0,0.0,0.0,0
2026-07-26T08:02:36.163380,07/31 06:23,22.25,0.0,,,,18.0,27.0,0.0,0.0,0.0,0.0,0.0,0.0,0.0,0.0,0.0,0.43,moderate,0.0,0.0,0.0,0
2026-07-26T08:02:54.485889,07/31 07:23,24.02,0.0,,,,18.0,29.0,0.3764,0.094094,0.48563,0.094094,0.086041,0.0,0.0,1.887992,0.094094,0.43,moderate,0.04046,0.0,0.04046,0
2026-07-26T08:02:54.509243,07/31 08:23,24.97,0.0,,,,18.0,29.0,0.3764,0.094094,0.521925,0.094094,0.087872,0.0,0.0,2.047773,0.094094,0.43,moderate,0.04046,0.0,0.04046,0
2026-07-26T08:02:54.533342,07/31 09:23,27.1,52.0,24.15,22.45,26.04,18.0,29.0,0.3764,0.094094,0.578005,0.094094,0.102506,0.0,0.0,2.25026,0.094094,0.43,moderate,0.04046,0.0,0.04046,1
2026-07-26T08:02:54.553754,07/31 10:23,28.58,52.0,25.88,24.05,28.02,18.0,29.0,0.3764,0.094094,0.627242,0.094094,0.118396,0.0,0.0,2.421297,0.094094,0.3,low,0.028228,0.0,0.028228,1
2026-07-26T08:02:54.573758,07/31 11:23,29.7,52.0,26.62,24.86,28.5,18.0,29.0,0.3764,0.094094,0.61565,0.094094,0.114881,0.0,0.0,2.349863,0.094094,0.3,low,0.028228,0.0,0.028228,1
2026-07-26T08:02:54.592753,07/31 12:23,30.88,41.6,26.79,25.22,27.95,18.0,29.0,0.3764,0.094094,0.691459,0.094094,0.122569,0.0,0.0,2.641236,0.094094,0.3,low,0.028228,0.0,0.028228,1
2026-07-26T08:03:13.403028,07/31 13:15,31.55,20.8,26.44,25.24,27.0,20.0,27.0,0.3799,0.094966,0.892818,0.094966,0.141841,0.0,0.0,3.411567,0.094966,0.3,low,0.02849,0.0,0.02849,1
2026-07-26T08:03:13.426019,07/31 14:15,30.4,41.6,26.72,26.11,27.0,20.0,27.0,0.387,0.096755,0.845712,0.096755,0.129607,0.0,0.0,3.254481,0.096755,0.3,low,0.029026,0.0,0.029026,1
2026-07-26T08:03:13.445018,07/31 15:15,28.58,52.0,26.83,26.6,27.0,20.0,27.0,0.3857,0.096414,0.800184,0.096414,0.127576,0.0,0.0,3.156197,0.096414,0.3,low,0.028924,0.0,0.028924,1
2026-07-26T08:03:13.466029,07/31 16:15,28.72,52.0,26.65,26.11,27.0,20.0,27.0,0.38,0.094996,0.808134,0.094996,0.132663,0.0,0.0,3.152961,0.094996,0.55,high,0.052248,0.0,0.052248,1
2026-07-26T08:03:13.485018,07/31 17:15,26.7,52.0,26.06,25.34,26.73,20.0,27.0,0.3764,0.094094,0.731512,0.094094,0.129854,0.0,0.0,2.907247,0.094094,0.55,high,0.051752,0.0,0.051752,1
2026-07-26T08:03:13.501019,07/31 18:15,26.42,52.0,25.55,24.74,26.17,20.0,27.0,0.3764,0.094094,0.635172,0.094094,0.117361,0.0,0.0,2.491674,0.094094,0.55,high,0.051752,0.0,0.051752,1
2026-07-26T08:03:32.497319,07/31 19:15,25.45,26.0,23.96,23.14,24.6,20.0,25.0,0.3764,0.094094,0.580284,0.094094,0.112451,0.0,0.0,2.27099,0.094094,0.55,high,0.051752,0.0,0.051752,0
2026-07-26T08:03:32.521323,07/31 20:23,24.73,0.0,,,,20.0,25.0,0.3764,0.094094,0.517001,0.094094,0.106204,0.0,0.0,1.993143,0.094094,0.55,high,0.051752,0.0,0.051752,0
2026-07-26T08:03:32.541314,07/31 21:15,23.67,0.0,,,,20.0,25.0,0.0,0.0,0.0,0.0,0.0,0.0,0.0,0.0,0.0,0.4,moderate,0.0,0.0,0.0,0
2026-07-26T08:03:32.561324,07/31 22:15,22.8,0.0,,,,20.0,25.0,0.0,0.0,0.0,0.0,0.0,0.0,0.0,0.0,0.0,0.4,moderate,0.0,0.0,0.0,0
2026-07-26T08:03:32.581319,07/31 23:15,21.97,0.0,,,,20.0,25.0,0.0,0.0,0.0,0.0,0.0,0.0,0.0,0.0,0.0,0.4,moderate,0.0,0.0,0.0,0
2026-07-26T08:03:32.600322,08/01 00:15,21.08,0.0,,,,20.0,25.0,0.0,0.0,0.0,0.0,0.0,0.0,0.0,0.0,0.0,0.34,low,0.0,0.0,0.0,0
2026-07-26T08:03:50.654703,08/01 01:15,20.17,0.0,,,,18.0,27.0,0.0,0.0,0.0,0.0,0.0,0.0,0.0,0.0,0.0,0.34,low,0.0,0.0,0.0,0
2026-07-26T08:03:50.676698,08/01 02:15,19.3,0.0,,,,18.0,27.0,0.0,0.0,0.0,0.0,0.0,0.0,0.0,0.0,0.0,0.34,low,0.0,0.0,0.0,0
2026-07-26T08:03:50.694700,08/01 03:15,18.47,0.0,,,,18.0,27.0,0.0,0.0,0.0,0.0,0.0,0.0,0.0,0.0,0.0,0.34,low,0.0,0.0,0.0,0
2026-07-26T08:03:50.714060,08/01 04:15,17.8,0.0,,,,18.0,27.0,0.0,0.0,0.0,0.0,0.0,0.0,0.0,0.0,0.0,0.34,low,0.0,0.0,0.0,0
2026-07-26T08:03:50.734069,08/01 05:15,17.93,0.0,,,,18.0,27.0,0.0,0.0,0.0,0.0,0.0,0.0,0.0,0.0,0.0,0.34,low,0.0,0.0,0.0,0
2026-07-26T08:03:50.751064,08/01 06:23,18.73,0.0,,,,18.0,27.0,0.0,0.0,0.0,0.0,0.0,0.0,0.0,0.0,0.0,0.43,moderate,0.0,0.0,0.0,0
2026-07-26T08:04:08.199051,08/01 07:15,20.55,0.0,,,,18.0,29.0,0.3764,0.094094,0.425412,0.094094,0.080194,0.0,0.0,1.645043,0.094094,0.43,moderate,0.04046,0.0,0.04046,0
2026-07-26T08:04:08.221044,08/01 08:15,22.62,0.0,,,,18.0,29.0,0.3764,0.094094,0.448184,0.094094,0.07863,0.0,0.0,1.732098,0.094094,0.43,moderate,0.04046,0.0,0.04046,0
2026-07-26T08:04:08.243043,08/01 09:20,24.32,52.0,23.49,22.02,24.65,18.0,29.0,0.3764,0.094094,0.476784,0.094094,0.087853,0.0,0.0,1.832258,0.094094,0.43,moderate,0.04046,0.0,0.04046,0
2026-07-26T08:04:08.264049,08/01 10:23,25.88,52.0,25.27,23.5,27.08,18.0,29.0,0.3764,0.094094,0.539339,0.094094,0.107745,0.0,0.0,2.085909,0.094094,0.3,low,0.028228,0.0,0.028228,1
2026-07-26T08:04:08.283053,08/01 11:23,26.82,52.0,26.0,24.24,27.69,18.0,29.0,0.3764,0.094094,0.586582,0.094094,0.114422,0.0,0.0,2.281231,0.094094,0.3,low,0.028228,0.0,0.028228,1
2026-07-26T08:04:08.304495,08/01 12:23,27.2,41.6,26.14,24.53,27.18,18.0,29.0,0.3764,0.094094,0.600902,0.094094,0.115107,0.0,0.0,2.333612,0.094094,0.3,low,0.028228,0.0,0.028228,1
2026-07-26T08:04:26.855627,08/01 13:15,27.35,20.8,25.78,24.39,26.43,20.0,27.0,0.3764,0.094094,0.604173,0.094094,0.115107,0.0,0.0,2.347689,0.094094,0.3,low,0.028228,0.0,0.028228,1
2026-07-26T08:04:26.877626,08/01 14:15,27.53,41.6,26.23,25.23,26.88,20.0,27.0,0.3764,0.094094,0.610393,0.094094,0.114935,0.0,0.0,2.36305,0.094094,0.3,low,0.028228,0.0,0.028228,1
2026-07-26T08:04:26.898627,08/01 15:23,26.97,52.0,26.55,25.7,27.0,20.0,27.0,0.3766,0.094159,0.548695,0.094159,0.106759,0.0,0.0,2.114638,0.094159,0.3,low,0.028248,0.0,0.028248,1
2026-07-26T08:04:26.919623,08/01 16:15,27.65,52.0,26.6,25.45,27.0,20.0,27.0,0.381,0.095254,0.619479,0.095254,0.109365,0.0,0.0,2.41337,0.095254,0.55,high,0.05239,0.0,0.05239,1
2026-07-26T08:04:26.938624,08/01 17:15,26.92,52.0,26.32,24.95,27.0,20.0,27.0,0.3814,0.09534,0.57074,0.09534,0.103298,0.0,0.0,2.206388,0.09534,0.55,high,0.052437,0.0,0.052437,1
2026-07-26T08:04:26.958623,08/01 18:15,26.1,52.0,26.09,24.57,27.0,20.0,27.0,0.3799,0.09497,0.541669,0.09497,0.102091,0.0,0.0,2.091961,0.09497,0.55,high,0.052234,0.0,0.052234,1
2026-07-26T08:04:46.073858,08/01 19:15,25.4,26.0,24.52,23.24,25.0,20.0,25.0,0.3783,0.094578,0.517783,0.094578,0.102091,0.0,0.0,1.965715,0.094578,0.55,high,0.052018,0.0,0.052018,0
2026-07-26T08:04:46.097866,08/01 20:23,23.18,0.0,,,,20.0,25.0,0.3764,0.094094,0.464268,0.094094,0.100038,0.0,0.0,1.772012,0.094094,0.55,high,0.051752,0.0,0.051752,0
2026-07-26T08:04:46.116868,08/01 21:15,21.83,0.0,,,,20.0,25.0,0.0,0.0,0.0,0.0,0.0,0.0,0.0,0.0,0.0,0.4,moderate,0.0,0.0,0.0,0
2026-07-26T08:04:46.135856,08/01 22:15,18.9,0.0,,,,20.0,25.0,0.0,0.0,0.0,0.0,0.0,0.0,0.0,0.0,0.0,0.4,moderate,0.0,0.0,0.0,0
2026-07-26T08:04:46.150861,08/01 23:15,18.75,0.0,,,,20.0,25.0,0.0,0.0,0.0,0.0,0.0,0.0,0.0,0.0,0.0,0.4,moderate,0.0,0.0,0.0,0
2026-07-26T08:04:46.166859,08/02 00:15,18.18,0.0,,,,20.0,25.0,0.0,0.0,0.0,0.0,0.0,0.0,0.0,0.0,0.0,0.34,low,0.0,0.0,0.0,0
2026-07-26T08:05:03.773329,08/02 01:15,17.65,0.0,,,,18.0,27.0,0.0,0.0,0.0,0.0,0.0,0.0,0.0,0.0,0.0,0.34,low,0.0,0.0,0.0,0
2026-07-26T08:05:03.795329,08/02 02:15,17.35,0.0,,,,18.0,27.0,0.0,0.0,0.0,0.0,0.0,0.0,0.0,0.0,0.0,0.34,low,0.0,0.0,0.0,0
2026-07-26T08:05:03.818517,08/02 03:15,17.65,0.0,,,,18.0,27.0,0.0,0.0,0.0,0.0,0.0,0.0,0.0,0.0,0.0,0.34,low,0.0,0.0,0.0,0
2026-07-26T08:05:03.844515,08/02 04:15,17.47,0.0,,,,18.0,27.0,0.0,0.0,0.0,0.0,0.0,0.0,0.0,0.0,0.0,0.34,low,0.0,0.0,0.0,0
2026-07-26T08:05:03.868522,08/02 05:15,18.3,0.0,,,,18.0,27.0,0.0,0.0,0.0,0.0,0.0,0.0,0.0,0.0,0.0,0.34,low,0.0,0.0,0.0,0
2026-07-26T08:05:03.889523,08/02 06:23,19.15,0.0,,,,18.0,27.0,0.0,0.0,0.0,0.0,0.0,0.0,0.0,0.0,0.0,0.43,moderate,0.0,0.0,0.0,0
2026-07-26T08:05:21.679342,08/02 07:23,22.25,0.0,,,,18.0,29.0,0.3764,0.094094,0.462466,0.094094,0.083278,0.0,0.0,1.810943,0.094094,0.43,moderate,0.04046,0.0,0.04046,0
2026-07-26T08:05:21.702389,08/02 08:23,24.6,0.0,,,,18.0,29.0,0.3764,0.094094,0.509273,0.094094,0.086164,0.0,0.0,1.996985,0.094094,0.43,moderate,0.04046,0.0,0.04046,0
2026-07-26T08:05:21.727389,08/02 09:23,26.82,52.0,24.39,22.26,27.01,18.0,29.0,0.3764,0.094094,0.596052,0.094094,0.104716,0.0,0.0,2.330807,0.094094,0.43,moderate,0.04046,0.0,0.04046,1
2026-07-26T08:05:21.747389,08/02 10:23,27.62,52.0,25.93,23.79,28.55,18.0,29.0,0.3764,0.094094,0.574106,0.094094,0.112438,0.0,0.0,2.210065,0.094094,0.3,low,0.028228,0.0,0.028228,1
2026-07-26T08:05:21.765713,08/02 11:23,28.9,52.0,26.55,24.58,28.68,18.0,29.0,0.3764,0.094094,0.643485,0.094094,0.119161,0.0,0.0,2.482232,0.094094,0.3,low,0.028228,0.0,0.028228,1
2026-07-26T08:05:21.784912,08/02 12:23,29.02,41.6,26.58,24.86,27.85,18.0,29.0,0.3764,0.094094,0.626032,0.094094,0.116184,0.0,0.0,2.405563,0.094094,0.3,low,0.028228,0.0,0.028228,1
2026-07-26T08:05:41.412180,08/02 13:15,29.4,20.8,26.16,24.73,26.89,20.0,27.0,0.3764,0.094094,0.672999,0.094094,0.121025,0.0,0.0,2.594398,0.094094,0.3,low,0.028228,0.0,0.028228,1
2026-07-26T08:05:41.437181,08/02 14:15,29.4,41.6,26.5,25.61,27.0,20.0,27.0,0.3795,0.094874,0.71151,0.094874,0.122676,0.0,0.0,2.758058,0.094874,0.3,low,0.028462,0.0,0.028462,1
2026-07-26T08:05:41.462178,08/02 15:23,29.4,52.0,26.76,26.07,27.0,20.0,27.0,0.3828,0.095691,0.749225,0.095691,0.122677,0.0,0.0,2.919183,0.095691,0.3,low,0.028707,0.0,0.028707,1
2026-07-26T08:05:41.484179,08/02 16:15,29.27,52.0,26.71,25.74,27.0,20.0,27.0,0.3859,0.09647,0.80921,0.09647,0.12595,0.0,0.0,3.168299,0.09647,0.55,high,0.053059,0.0,0.053059,1
2026-07-26T08:05:41.506177,08/02 17:15,28.47,52.0,26.48,25.23,27.0,20.0,27.0,0.3823,0.095565,0.771028,0.095565,0.125608,0.0,0.0,3.019131,0.095565,0.55,high,0.052561,0.0,0.052561,1
2026-07-26T08:05:41.528178,08/02 18:15,26.92,52.0,26.23,24.79,27.0,20.0,27.0,0.3794,0.094846,0.727124,0.094846,0.125058,0.0,0.0,2.876296,0.094846,0.55,high,0.052165,0.0,0.052165,1
2026-07-26T08:06:02.041225,08/02 19:15,25.68,26.0,24.59,23.38,25.0,20.0,25.0,0.3771,0.094274,0.646834,0.094274,0.119664,0.0,0.0,2.536875,0.094274,0.55,high,0.051851,0.0,0.051851,0
2026-07-26T08:06:02.063215,08/02 20:23,24.12,0.0,,,,20.0,25.0,0.3764,0.094094,0.607937,0.094094,0.118336,0.0,0.0,2.414644,0.094094,0.55,high,0.051752,0.0,0.051752,0
2026-07-26T08:06:02.081215,08/02 21:15,23.3,0.0,,,,20.0,25.0,0.0,0.0,0.0,0.0,0.0,0.0,0.0,0.0,0.0,0.4,moderate,0.0,0.0,0.0,0
2026-07-26T08:06:02.100215,08/02 22:15,23.18,0.0,,,,20.0,25.0,0.0,0.0,0.0,0.0,0.0,0.0,0.0,0.0,0.0,0.4,moderate,0.0,0.0,0.0,0
2026-07-26T08:06:02.118216,08/02 23:15,22.65,0.0,,,,20.0,25.0,0.0,0.0,0.0,0.0,0.0,0.0,0.0,0.0,0.0,0.4,moderate,0.0,0.0,0.0,0
2026-07-26T08:06:02.137214,08/03 00:15,22.07,0.0,,,,20.0,25.0,0.0,0.0,0.0,0.0,0.0,0.0,0.0,0.0,0.0,0.34,low,0.0,0.0,0.0,0
2026-07-26T08:06:20.726624,08/03 01:15,21.7,0.0,,,,18.0,27.0,0.0,0.0,0.0,0.0,0.0,0.0,0.0,0.0,0.0,0.34,low,0.0,0.0,0.0,0
2026-07-26T08:06:20.748618,08/03 02:15,21.55,0.0,,,,18.0,27.0,0.0,0.0,0.0,0.0,0.0,0.0,0.0,0.0,0.0,0.34,low,0.0,0.0,0.0,0
2026-07-26T08:06:20.768615,08/03 03:15,21.25,0.0,,,,18.0,27.0,0.0,0.0,0.0,0.0,0.0,0.0,0.0,0.0,0.0,0.34,low,0.0,0.0,0.0,0
2026-07-26T08:06:20.786614,08/03 04:15,21.7,0.0,,,,18.0,27.0,0.0,0.0,0.0,0.0,0.0,0.0,0.0,0.0,0.0,0.34,low,0.0,0.0,0.0,0
2026-07-26T08:06:20.804615,08/03 05:15,21.97,0.0,,,,18.0,27.0,0.0,0.0,0.0,0.0,0.0,0.0,0.0,0.0,0.0,0.34,low,0.0,0.0,0.0,0
2026-07-26T08:06:20.821615,08/03 06:23,23.35,0.0,,,,18.0,27.0,0.0,0.0,0.0,0.0,0.0,0.0,0.0,0.0,0.0,0.43,moderate,0.0,0.0,0.0,0
2026-07-26T08:06:39.020797,08/03 07:20,25.43,0.0,,,,18.0,29.0,0.0,0.0,0.0,0.0,0.0,0.0,0.0,0.0,0.0,0.43,moderate,0.0,0.0,0.0,0
2026-07-26T08:06:39.042788,08/03 08:23,27.1,0.0,,,,18.0,29.0,0.0,0.0,0.0,0.0,0.0,0.0,0.0,0.0,0.0,0.43,moderate,0.0,0.0,0.0,0
2026-07-26T08:06:39.064794,08/03 09:23,28.58,0.0,,,,18.0,29.0,0.0,0.0,0.0,0.0,0.0,0.0,0.0,0.0,0.0,0.43,moderate,0.0,0.0,0.0,0
2026-07-26T08:06:39.083798,08/03 10:15,29.7,0.0,,,,18.0,29.0,0.0,0.0,0.0,0.0,0.0,0.0,0.0,0.0,0.0,0.3,low,0.0,0.0,0.0,0
2026-07-26T08:06:39.100790,08/03 11:15,30.6,0.0,,,,18.0,29.0,0.0,0.0,0.0,0.0,0.0,0.0,0.0,0.0,0.0,0.3,low,0.0,0.0,0.0,0
2026-07-26T08:06:39.117790,08/03 12:15,30.6,0.0,,,,18.0,29.0,0.0,0.0,0.0,0.0,0.0,0.0,0.0,0.0,0.0,0.3,low,0.0,0.0,0.0,0
2026-07-26T08:06:59.018557,08/03 13:15,30.88,0.0,,,,18.0,29.0,0.0,0.0,0.0,0.0,0.0,0.0,0.0,0.0,0.0,0.3,low,0.0,0.0,0.0,0
2026-07-26T08:06:59.041558,08/03 14:15,31.7,0.0,,,,18.0,29.0,0.0,0.0,0.0,0.0,0.0,0.0,0.0,0.0,0.0,0.3,low,0.0,0.0,0.0,0
2026-07-26T08:06:59.063557,08/03 15:23,31.7,0.0,,,,18.0,29.0,0.0,0.0,0.0,0.0,0.0,0.0,0.0,0.0,0.0,0.3,low,0.0,0.0,0.0,0
2026-07-26T08:06:59.086563,08/03 16:15,31.42,0.0,,,,18.0,29.0,0.0,0.0,0.0,0.0,0.0,0.0,0.0,0.0,0.0,0.55,high,0.0,0.0,0.0,0
2026-07-26T08:06:59.103557,08/03 17:15,30.6,0.0,,,,18.0,29.0,0.0,0.0,0.0,0.0,0.0,0.0,0.0,0.0,0.0,0.55,high,0.0,0.0,0.0,0
2026-07-26T08:06:59.122560,08/03 18:15,30.3,0.0,,,,18.0,29.0,0.0,0.0,0.0,0.0,0.0,0.0,0.0,0.0,0.0,0.55,high,0.0,0.0,0.0,0
2026-07-26T08:07:16.850520,08/03 19:23,29.4,0.0,,,,18.0,29.0,0.0,0.0,0.0,0.0,0.0,0.0,0.0,0.0,0.0,0.55,high,0.0,0.0,0.0,0
2026-07-26T08:07:16.872520,08/03 20:23,28.57,0.0,,,,18.0,29.0,0.0,0.0,0.0,0.0,0.0,0.0,0.0,0.0,0.0,0.55,high,0.0,0.0,0.0,0
2026-07-26T08:07:16.891519,08/03 21:15,25.98,0.0,,,,18.0,29.0,0.0,0.0,0.0,0.0,0.0,0.0,0.0,0.0,0.0,0.4,moderate,0.0,0.0,0.0,0
2026-07-26T08:07:16.910518,08/03 22:15,25.6,0.0,,,,18.0,29.0,0.0,0.0,0.0,0.0,0.0,0.0,0.0,0.0,0.0,0.4,moderate,0.0,0.0,0.0,0
2026-07-26T08:07:16.927518,08/03 23:15,25.73,0.0,,,,18.0,29.0,0.0,0.0,0.0,0.0,0.0,0.0,0.0,0.0,0.0,0.4,moderate,0.0,0.0,0.0,0
2026-07-26T08:07:16.945518,08/04 00:15,26.1,0.0,,,,18.0,29.0,0.0,0.0,0.0,0.0,0.0,0.0,0.0,0.0,0.0,0.34,low,0.0,0.0,0.0,0
2026-07-26T08:07:34.383872,08/04 01:15,25.4,0.0,,,,18.0,29.0,0.0,0.0,0.0,0.0,0.0,0.0,0.0,0.0,0.0,0.34,low,0.0,0.0,0.0,0
2026-07-26T08:07:34.404882,08/04 02:15,23.58,0.0,,,,18.0,29.0,0.0,0.0,0.0,0.0,0.0,0.0,0.0,0.0,0.0,0.34,low,0.0,0.0,0.0,0
2026-07-26T08:07:34.423877,08/04 03:15,24.4,0.0,,,,18.0,29.0,0.0,0.0,0.0,0.0,0.0,0.0,0.0,0.0,0.0,0.34,low,0.0,0.0,0.0,0
2026-07-26T08:07:34.444874,08/04 04:15,24.27,0.0,,,,18.0,29.0,0.0,0.0,0.0,0.0,0.0,0.0,0.0,0.0,0.0,0.34,low,0.0,0.0,0.0,0
2026-07-26T08:07:34.464876,08/04 05:15,23.9,0.0,,,,18.0,29.0,0.0,0.0,0.0,0.0,0.0,0.0,0.0,0.0,0.0,0.34,low,0.0,0.0,0.0,0
2026-07-26T08:07:34.485879,08/04 06:15,23.75,0.0,,,,18.0,29.0,0.0,0.0,0.0,0.0,0.0,0.0,0.0,0.0,0.0,0.43,moderate,0.0,0.0,0.0,0
2026-07-26T08:07:51.740203,08/04 07:15,23.58,0.0,,,,18.0,29.0,0.0,0.0,0.0,0.0,0.0,0.0,0.0,0.0,0.0,0.43,moderate,0.0,0.0,0.0,0
2026-07-26T08:07:51.761205,08/04 08:15,24.82,0.0,,,,18.0,29.0,0.0,0.0,0.0,0.0,0.0,0.0,0.0,0.0,0.0,0.43,moderate,0.0,0.0,0.0,0
2026-07-26T08:07:51.781282,08/04 09:15,26.38,0.0,,,,18.0,29.0,0.0,0.0,0.0,0.0,0.0,0.0,0.0,0.0,0.0,0.43,moderate,0.0,0.0,0.0,0
2026-07-26T08:07:51.800410,08/04 10:15,27.75,0.0,,,,18.0,29.0,0.0,0.0,0.0,0.0,0.0,0.0,0.0,0.0,0.0,0.3,low,0.0,0.0,0.0,0
2026-07-26T08:07:51.818539,08/04 11:15,29.55,0.0,,,,18.0,29.0,0.0,0.0,0.0,0.0,0.0,0.0,0.0,0.0,0.0,0.3,low,0.0,0.0,0.0,0
2026-07-26T08:07:51.837795,08/04 12:15,30.15,0.0,,,,18.0,29.0,0.0,0.0,0.0,0.0,0.0,0.0,0.0,0.0,0.0,0.3,low,0.0,0.0,0.0,0
2026-07-26T08:08:09.865871,08/04 13:15,30.6,0.0,,,,18.0,29.0,0.0,0.0,0.0,0.0,0.0,0.0,0.0,0.0,0.0,0.3,low,0.0,0.0,0.0,0
2026-07-26T08:08:09.887864,08/04 14:23,30.73,0.0,,,,18.0,29.0,0.0,0.0,0.0,0.0,0.0,0.0,0.0,0.0,0.0,0.3,low,0.0,0.0,0.0,0
2026-07-26T08:08:09.907865,08/04 15:23,31.1,0.0,,,,18.0,29.0,0.0,0.0,0.0,0.0,0.0,0.0,0.0,0.0,0.0,0.3,low,0.0,0.0,0.0,0
2026-07-26T08:08:09.927864,08/04 16:23,31.1,0.0,,,,18.0,29.0,0.0,0.0,0.0,0.0,0.0,0.0,0.0,0.0,0.0,0.55,high,0.0,0.0,0.0,0
2026-07-26T08:08:09.944864,08/04 17:15,30.83,0.0,,,,18.0,29.0,0.0,0.0,0.0,0.0,0.0,0.0,0.0,0.0,0.0,0.55,high,0.0,0.0,0.0,0
2026-07-26T08:08:09.962865,08/04 18:15,29.73,0.0,,,,18.0,29.0,0.0,0.0,0.0,0.0,0.0,0.0,0.0,0.0,0.0,0.55,high,0.0,0.0,0.0,0
2026-07-26T08:08:27.474414,08/04 19:23,28.75,0.0,,,,18.0,29.0,0.0,0.0,0.0,0.0,0.0,0.0,0.0,0.0,0.0,0.55,high,0.0,0.0,0.0,0
2026-07-26T08:08:27.494529,08/04 20:23,28.18,0.0,,,,18.0,29.0,0.0,0.0,0.0,0.0,0.0,0.0,0.0,0.0,0.0,0.55,high,0.0,0.0,0.0,0
2026-07-26T08:08:27.512760,08/04 21:15,27.93,0.0,,,,18.0,29.0,0.0,0.0,0.0,0.0,0.0,0.0,0.0,0.0,0.0,0.4,moderate,0.0,0.0,0.0,0
2026-07-26T08:08:27.535716,08/04 22:15,28.3,0.0,,,,18.0,29.0,0.0,0.0,0.0,0.0,0.0,0.0,0.0,0.0,0.0,0.4,moderate,0.0,0.0,0.0,0
2026-07-26T08:08:27.556483,08/04 23:15,26.65,0.0,,,,18.0,29.0,0.0,0.0,0.0,0.0,0.0,0.0,0.0,0.0,0.0,0.4,moderate,0.0,0.0,0.0,0
2026-07-26T08:08:27.574553,08/05 00:15,21.27,0.0,,,,18.0,29.0,0.0,0.0,0.0,0.0,0.0,0.0,0.0,0.0,0.0,0.34,low,0.0,0.0,0.0,0
2026-07-26T08:08:45.780358,08/05 01:15,20.15,0.0,,,,18.0,29.0,0.0,0.0,0.0,0.0,0.0,0.0,0.0,0.0,0.0,0.34,low,0.0,0.0,0.0,0
2026-07-26T08:08:45.802354,08/05 02:15,20.6,0.0,,,,18.0,29.0,0.0,0.0,0.0,0.0,0.0,0.0,0.0,0.0,0.0,0.34,low,0.0,0.0,0.0,0
2026-07-26T08:08:45.821359,08/05 03:15,20.45,0.0,,,,18.0,29.0,0.0,0.0,0.0,0.0,0.0,0.0,0.0,0.0,0.0,0.34,low,0.0,0.0,0.0,0
2026-07-26T08:08:45.838355,08/05 04:15,20.15,0.0,,,,18.0,29.0,0.0,0.0,0.0,0.0,0.0,0.0,0.0,0.0,0.0,0.34,low,0.0,0.0,0.0,0
2026-07-26T08:08:45.856353,08/05 05:15,20.73,0.0,,,,18.0,29.0,0.0,0.0,0.0,0.0,0.0,0.0,0.0,0.0,0.0,0.34,low,0.0,0.0,0.0,0
2026-07-26T08:08:45.874355,08/05 06:15,21.25,0.0,,,,18.0,29.0,0.0,0.0,0.0,0.0,0.0,0.0,0.0,0.0,0.0,0.43,moderate,0.0,0.0,0.0,0
2026-07-26T08:09:03.731705,08/05 07:15,21.97,0.0,,,,18.0,29.0,0.3764,0.094094,0.544078,0.094094,0.098416,0.0,0.0,2.185733,0.094094,0.43,moderate,0.04046,0.0,0.04046,0
2026-07-26T08:09:03.751694,08/05 08:15,22.93,0.0,,,,18.0,29.0,0.3764,0.094094,0.611632,0.094094,0.102935,0.0,0.0,2.481775,0.094094,0.43,moderate,0.04046,0.0,0.04046,0
2026-07-26T08:09:03.775689,08/05 09:20,23.88,52.0,23.17,22.0,23.85,18.0,29.0,0.3764,0.094094,0.612611,0.094094,0.108337,0.0,0.0,2.46237,0.094094,0.43,moderate,0.04046,0.0,0.04046,0
2026-07-26T08:09:03.796689,08/05 10:23,26.0,52.0,25.03,23.44,26.44,18.0,29.0,0.3764,0.094094,0.671886,0.094094,0.126044,0.0,0.0,2.675,0.094094,0.3,low,0.028228,0.0,0.028228,1
2026-07-26T08:09:03.816694,08/05 11:23,27.47,52.0,25.89,24.31,27.18,18.0,29.0,0.3764,0.094094,0.735536,0.094094,0.134168,0.0,0.0,2.910662,0.094094,0.3,low,0.028228,0.0,0.028228,1
2026-07-26T08:09:03.836691,08/05 12:23,28.3,41.6,26.02,24.53,26.76,18.0,29.0,0.3764,0.094094,0.807423,0.094094,0.140457,0.0,0.0,3.179886,0.094094,0.3,low,0.028228,0.0,0.028228,1
2026-07-26T08:09:23.576211,08/05 13:15,28.18,20.8,25.7,24.45,26.48,20.0,27.0,0.3764,0.094094,0.808764,0.094094,0.140457,0.0,0.0,3.184036,0.094094,0.3,low,0.028228,0.0,0.028228,1
2026-07-26T08:09:23.596329,08/05 14:15,28.35,41.6,26.07,25.05,26.9,20.0,27.0,0.3764,0.094094,0.611682,0.094094,0.115295,0.0,0.0,2.362291,0.094094,0.3,low,0.028228,0.0,0.028228,1
2026-07-26T08:09:23.618930,08/05 15:23,30.0,52.0,26.51,25.76,27.0,20.0,27.0,0.3779,0.09448,0.700578,0.09448,0.122212,0.0,0.0,2.697903,0.09448,0.3,low,0.028344,0.0,0.028344,1
2026-07-26T08:09:23.639003,08/05 16:15,29.85,52.0,26.62,25.53,27.0,20.0,27.0,0.3802,0.095042,0.754463,0.095042,0.125616,0.0,0.0,2.923782,0.095042,0.55,high,0.052273,0.0,0.052273,1
2026-07-26T08:09:23.659008,08/05 17:15,29.0,52.0,26.34,25.03,27.0,20.0,27.0,0.3807,0.095185,0.737339,0.095185,0.123093,0.0,0.0,2.867247,0.095185,0.55,high,0.052352,0.0,0.052352,1
2026-07-26T08:09:23.677007,08/05 18:15,27.38,52.0,26.11,24.63,27.0,20.0,27.0,0.3801,0.095027,0.703316,0.095027,0.121117,0.0,0.0,2.762223,0.095027,0.55,high,0.052265,0.0,0.052265,1
2026-07-26T08:09:41.936417,08/05 19:15,25.68,26.0,24.51,23.26,25.0,20.0,25.0,0.3784,0.0946,0.656343,0.0946,0.120029,0.0,0.0,2.581709,0.0946,0.55,high,0.05203,0.0,0.05203,0
2026-07-26T08:09:41.971504,08/05 20:23,24.27,0.0,,,,20.0,25.0,0.3764,0.094094,0.60657,0.094094,0.118673,0.0,0.0,2.409472,0.094094,0.55,high,0.051752,0.0,0.051752,0
2026-07-26T08:09:41.992513,08/05 21:15,23.9,0.0,,,,20.0,25.0,0.0,0.0,0.0,0.0,0.0,0.0,0.0,0.0,0.0,0.4,moderate,0.0,0.0,0.0,0
2026-07-26T08:09:42.011502,08/05 22:15,23.47,0.0,,,,20.0,25.0,0.0,0.0,0.0,0.0,0.0,0.0,0.0,0.0,0.0,0.4,moderate,0.0,0.0,0.0,0
2026-07-26T08:09:42.032502,08/05 23:15,22.2,0.0,,,,20.0,25.0,0.0,0.0,0.0,0.0,0.0,0.0,0.0,0.0,0.0,0.4,moderate,0.0,0.0,0.0,0
2026-07-26T08:09:42.052507,08/06 00:15,21.65,0.0,,,,20.0,25.0,0.0,0.0,0.0,0.0,0.0,0.0,0.0,0.0,0.0,0.34,low,0.0,0.0,0.0,0
2026-07-26T08:09:59.724649,08/06 01:15,20.0,0.0,,,,18.0,27.0,0.0,0.0,0.0,0.0,0.0,0.0,0.0,0.0,0.0,0.34,low,0.0,0.0,0.0,0
2026-07-26T08:09:59.745644,08/06 02:15,19.85,0.0,,,,18.0,27.0,0.0,0.0,0.0,0.0,0.0,0.0,0.0,0.0,0.0,0.34,low,0.0,0.0,0.0,0
2026-07-26T08:09:59.763232,08/06 03:15,19.12,0.0,,,,18.0,27.0,0.0,0.0,0.0,0.0,0.0,0.0,0.0,0.0,0.0,0.34,low,0.0,0.0,0.0,0
2026-07-26T08:09:59.781233,08/06 04:15,18.18,0.0,,,,18.0,27.0,0.0,0.0,0.0,0.0,0.0,0.0,0.0,0.0,0.0,0.34,low,0.0,0.0,0.0,0
2026-07-26T08:09:59.797231,08/06 05:15,17.93,0.0,,,,18.0,27.0,0.0,0.0,0.0,0.0,0.0,0.0,0.0,0.0,0.0,0.34,low,0.0,0.0,0.0,0
2026-07-26T08:09:59.817232,08/06 06:23,18.73,0.0,,,,18.0,27.0,0.0,0.0,0.0,0.0,0.0,0.0,0.0,0.0,0.0,0.43,moderate,0.0,0.0,0.0,0
2026-07-26T08:10:17.272910,08/06 07:23,20.27,0.0,,,,18.0,29.0,0.3764,0.094094,0.346814,0.094094,0.069852,0.0,0.0,1.255488,0.094094,0.43,moderate,0.04046,0.0,0.04046,0
2026-07-26T08:10:17.294910,08/06 08:15,21.25,0.0,,,,18.0,29.0,0.3764,0.094094,0.366488,0.094094,0.069219,0.0,0.0,1.344269,0.094094,0.43,moderate,0.04046,0.0,0.04046,0
2026-07-26T08:10:17.316453,08/06 09:23,21.55,52.0,23.58,21.96,24.8,18.0,29.0,0.3764,0.094094,0.400194,0.094094,0.079893,0.0,0.0,1.495814,0.094094,0.43,moderate,0.04046,0.0,0.04046,0
2026-07-26T08:10:17.336457,08/06 10:15,20.12,52.0,24.67,23.28,25.68,18.0,29.0,0.3764,0.094094,0.39835,0.094094,0.090742,0.0,0.0,1.477254,0.094094,0.3,low,0.028228,0.0,0.028228,0
2026-07-26T08:10:17.353452,08/06 11:15,16.92,52.0,24.78,23.54,25.6,18.0,29.0,0.3764,0.094094,0.300625,0.094094,0.08137,0.0,0.0,1.003477,0.094094,0.3,low,0.028228,0.0,0.028228,0
2026-07-26T08:10:17.370453,08/06 12:15,16.38,41.6,24.69,23.57,25.55,18.0,29.0,0.3764,0.094094,0.302322,0.094094,0.080792,0.0,0.0,1.027421,0.094094,0.3,low,0.028228,0.0,0.028228,0
2026-07-26T08:10:36.261093,08/06 13:15,17.35,20.8,24.47,23.47,25.3,20.0,27.0,0.3764,0.094094,0.291132,0.094094,0.07953,0.0,0.0,0.962569,0.094094,0.3,low,0.028228,0.0,0.028228,0
2026-07-26T08:10:36.281836,08/06 14:15,17.38,41.6,24.91,24.05,25.67,20.0,27.0,0.3764,0.094094,0.238348,0.094094,0.073065,0.0,0.0,0.679575,0.094094,0.3,low,0.028228,0.0,0.028228,0
2026-07-26T08:10:36.300838,08/06 15:15,15.98,52.0,24.92,24.11,25.85,20.0,27.0,0.3764,0.094094,0.213329,0.094094,0.071435,0.0,0.0,0.550832,0.094094,0.3,low,0.028228,0.0,0.028228,0
2026-07-26T08:10:36.318850,08/06 16:15,15.72,52.0,24.72,23.9,25.77,20.0,27.0,0.3764,0.094094,0.205961,0.094094,0.071818,0.0,0.0,0.513182,0.094094,0.55,high,0.051752,0.0,0.051752,0
2026-07-26T08:10:36.337429,08/06 17:15,16.25,52.0,24.28,23.41,25.42,20.0,27.0,0.3764,0.094094,0.212652,0.094094,0.073045,0.0,0.0,0.550483,0.094094,0.55,high,0.051752,0.0,0.051752,0
2026-07-26T08:10:36.355431,08/06 18:15,16.42,52.0,24.22,23.1,25.31,20.0,27.0,0.3764,0.094094,0.22143,0.094094,0.076162,0.0,0.0,0.594288,0.094094,0.55,high,0.051752,0.0,0.051752,0
2026-07-26T08:10:56.005741,08/06 19:15,15.17,26.0,22.84,21.77,23.92,20.0,26.0,0.3764,0.094094,0.202568,0.094094,0.072446,0.0,0.0,0.493564,0.094094,0.55,high,0.051752,0.0,0.051752,0
2026-07-26T08:10:56.028117,08/06 20:15,13.62,0.0,,,,20.0,26.0,0.3764,0.094094,0.171048,0.094094,0.05302,0.0,0.0,0.336467,0.094094,0.55,high,0.051752,0.0,0.051752,0
2026-07-26T08:10:56.046117,08/06 21:15,12.8,0.0,,,,20.0,26.0,0.0,0.0,0.0,0.0,0.0,0.0,0.0,0.0,0.0,0.4,moderate,0.0,0.0,0.0,0
2026-07-26T08:10:56.063119,08/06 22:15,12.65,0.0,,,,20.0,26.0,0.0,0.0,0.0,0.0,0.0,0.0,0.0,0.0,0.0,0.4,moderate,0.0,0.0,0.0,0
2026-07-26T08:10:56.080119,08/06 23:15,12.2,0.0,,,,20.0,26.0,0.0,0.0,0.0,0.0,0.0,0.0,0.0,0.0,0.0,0.4,moderate,0.0,0.0,0.0,0
2026-07-26T08:10:56.099120,08/07 00:15,12.07,0.0,,,,20.0,26.0,0.0,0.0,0.0,0.0,0.0,0.0,0.0,0.0,0.0,0.34,low,0.0,0.0,0.0,0
2026-07-26T08:11:14.124250,08/07 01:15,11.97,0.0,,,,18.0,28.0,0.0,0.0,0.0,0.0,0.0,0.0,0.0,0.0,0.0,0.34,low,0.0,0.0,0.0,0
2026-07-26T08:11:14.144246,08/07 02:15,12.8,0.0,,,,18.0,28.0,0.0,0.0,0.0,0.0,0.0,0.0,0.0,0.0,0.0,0.34,low,0.0,0.0,0.0,0
2026-07-26T08:11:14.164245,08/07 03:15,12.53,0.0,,,,18.0,28.0,0.0,0.0,0.0,0.0,0.0,0.0,0.0,0.0,0.0,0.34,low,0.0,0.0,0.0,0
2026-07-26T08:11:14.184254,08/07 04:15,11.7,0.0,,,,18.0,28.0,0.0,0.0,0.0,0.0,0.0,0.0,0.0,0.0,0.0,0.34,low,0.0,0.0,0.0,0
2026-07-26T08:11:14.201248,08/07 05:15,11.97,0.0,,,,18.0,28.0,0.0,0.0,0.0,0.0,0.0,0.0,0.0,0.0,0.0,0.34,low,0.0,0.0,0.0,0
2026-07-26T08:11:14.220246,08/07 06:23,13.5,0.0,,,,18.0,28.0,0.0,0.0,0.0,0.0,0.0,0.0,0.0,0.0,0.0,0.43,moderate,0.0,0.0,0.0,0
2026-07-26T08:11:31.505799,08/07 07:23,16.0,0.0,,,,18.0,29.0,0.3764,0.094094,0.177907,0.094094,0.033181,0.0,0.0,0.403848,0.094094,0.43,moderate,0.04046,0.0,0.04046,0
2026-07-26T08:11:31.528802,08/07 08:23,17.75,0.0,,,,18.0,29.0,0.3764,0.094094,0.20662,0.094094,0.044144,0.0,0.0,0.539332,0.094094,0.43,moderate,0.04046,0.0,0.04046,0
2026-07-26T08:11:31.551799,08/07 09:23,19.55,52.0,23.62,21.49,26.24,18.0,29.0,0.3764,0.094094,0.248222,0.094094,0.062379,0.0,0.0,0.742551,0.094094,0.43,moderate,0.04046,0.0,0.04046,1
2026-07-26T08:11:31.572800,08/07 10:23,20.15,52.0,25.11,23.0,27.67,18.0,29.0,0.3764,0.094094,0.262404,0.094094,0.062922,0.0,0.0,0.818666,0.094094,0.3,low,0.028228,0.0,0.028228,1
2026-07-26T08:11:31.592800,08/07 11:23,20.6,52.0,25.72,23.82,27.7,18.0,29.0,0.3764,0.094094,0.280797,0.094094,0.079303,0.0,0.0,0.892347,0.094094,0.3,low,0.028228,0.0,0.028228,1
2026-07-26T08:11:31.611800,08/07 12:15,20.88,41.6,25.75,24.19,26.81,18.0,29.0,0.3764,0.094094,0.285528,0.094094,0.089172,0.0,0.0,0.910113,0.094094,0.3,low,0.028228,0.0,0.028228,1
2026-07-26T08:11:51.244360,08/07 13:15,21.42,20.8,25.24,23.91,25.89,20.0,27.0,0.3764,0.094094,0.304745,0.094094,0.088734,0.0,0.0,1.007349,0.094094,0.3,low,0.028228,0.0,0.028228,0
2026-07-26T08:11:51.266371,08/07 14:15,20.6,41.6,25.68,24.83,26.28,20.0,27.0,0.3764,0.094094,0.287916,0.094094,0.082352,0.0,0.0,0.928832,0.094094,0.3,low,0.028228,0.0,0.028228,1
2026-07-26T08:11:51.285365,08/07 15:23,20.45,52.0,25.97,25.08,26.33,20.0,27.0,0.3764,0.094094,0.289345,0.094094,0.079079,0.0,0.0,0.941396,0.094094,0.3,low,0.028228,0.0,0.028228,1
2026-07-26T08:11:51.302360,08/07 16:15,20.0,52.0,26.07,24.77,26.84,20.0,27.0,0.3764,0.094094,0.281565,0.094094,0.077959,0.0,0.0,0.902197,0.094094,0.55,high,0.051752,0.0,0.051752,1
2026-07-26T08:11:51.321359,08/07 17:15,19.85,52.0,25.73,24.3,26.8,20.0,27.0,0.3764,0.094094,0.282306,0.094094,0.07929,0.0,0.0,0.905206,0.094094,0.55,high,0.051752,0.0,0.051752,1
2026-07-26T08:11:51.340360,08/07 18:15,18.85,52.0,25.46,23.83,26.83,20.0,27.0,0.3764,0.094094,0.272154,0.094094,0.078079,0.0,0.0,0.854879,0.094094,0.55,high,0.051752,0.0,0.051752,1
2026-07-26T08:12:10.102206,08/07 19:23,16.8,26.0,23.69,22.34,24.45,20.0,25.0,0.3764,0.094094,0.233679,0.094094,0.073595,0.0,0.0,0.656549,0.094094,0.55,high,0.051752,0.0,0.051752,0
2026-07-26T08:12:10.127212,08/07 20:23,15.3,0.0,,,,20.0,25.0,0.3764,0.094094,0.204074,0.094094,0.069934,0.0,0.0,0.501662,0.094094,0.55,high,0.051752,0.0,0.051752,0
2026-07-26T08:12:10.147207,08/07 21:15,14.28,0.0,,,,20.0,25.0,0.0,0.0,0.0,0.0,0.0,0.0,0.0,0.0,0.0,0.4,moderate,0.0,0.0,0.0,0
2026-07-26T08:12:10.165208,08/07 22:15,13.75,0.0,,,,20.0,25.0,0.0,0.0,0.0,0.0,0.0,0.0,0.0,0.0,0.0,0.4,moderate,0.0,0.0,0.0,0
2026-07-26T08:12:10.183207,08/07 23:15,13.18,0.0,,,,20.0,25.0,0.0,0.0,0.0,0.0,0.0,0.0,0.0,0.0,0.0,0.4,moderate,0.0,0.0,0.0,0
2026-07-26T08:12:10.200214,08/08 00:15,12.93,0.0,,,,20.0,25.0,0.0,0.0,0.0,0.0,0.0,0.0,0.0,0.0,0.0,0.34,low,0.0,0.0,0.0,0
2026-07-26T08:12:27.874533,08/08 01:15,13.3,0.0,,,,18.0,27.0,0.0,0.0,0.0,0.0,0.0,0.0,0.0,0.0,0.0,0.34,low,0.0,0.0,0.0,0
2026-07-26T08:12:27.896618,08/08 02:15,13.18,0.0,,,,18.0,27.0,0.0,0.0,0.0,0.0,0.0,0.0,0.0,0.0,0.0,0.34,low,0.0,0.0,0.0,0
2026-07-26T08:12:27.917089,08/08 03:15,12.53,0.0,,,,18.0,27.0,0.0,0.0,0.0,0.0,0.0,0.0,0.0,0.0,0.0,0.34,low,0.0,0.0,0.0,0
2026-07-26T08:12:27.936110,08/08 04:15,11.7,0.0,,,,18.0,27.0,0.0,0.0,0.0,0.0,0.0,0.0,0.0,0.0,0.0,0.34,low,0.0,0.0,0.0,0
2026-07-26T08:12:27.956296,08/08 05:15,11.97,0.0,,,,18.0,27.0,0.0,0.0,0.0,0.0,0.0,0.0,0.0,0.0,0.0,0.34,low,0.0,0.0,0.0,0
2026-07-26T08:12:27.974300,08/08 06:23,13.5,0.0,,,,18.0,27.0,0.0,0.0,0.0,0.0,0.0,0.0,0.0,0.0,0.0,0.43,moderate,0.0,0.0,0.0,0
2026-07-26T08:12:45.774140,08/08 07:23,16.27,0.0,,,,18.0,29.0,0.3764,0.094094,0.178129,0.094094,0.035913,0.0,0.0,0.407184,0.094094,0.43,moderate,0.04046,0.0,0.04046,0
2026-07-26T08:12:45.797144,08/08 08:23,18.88,0.0,,,,18.0,29.0,0.3764,0.094094,0.220844,0.094094,0.040167,0.0,0.0,0.62841,0.094094,0.43,moderate,0.04046,0.0,0.04046,0
2026-07-26T08:12:45.818142,08/08 09:23,21.15,52.0,23.65,21.56,26.22,18.0,29.0,0.3764,0.094094,0.266689,0.094094,0.054774,0.0,0.0,0.839584,0.094094,0.43,moderate,0.04046,0.0,0.04046,1
2026-07-26T08:12:45.838137,08/08 10:23,23.08,52.0,25.26,23.24,27.68,18.0,29.0,0.3764,0.094094,0.311512,0.094094,0.073086,0.0,0.0,1.044043,0.094094,0.3,low,0.028228,0.0,0.028228,1
2026-07-26T08:12:45.858136,08/08 11:23,23.75,52.0,25.96,24.21,27.7,18.0,29.0,0.3764,0.094094,0.336708,0.094094,0.083483,0.0,0.0,1.158632,0.094094,0.3,low,0.028228,0.0,0.028228,1
2026-07-26T08:12:45.879136,08/08 12:15,23.73,41.6,26.01,24.46,27.03,18.0,29.0,0.3764,0.094094,0.331125,0.094094,0.086254,0.0,0.0,1.128105,0.094094,0.3,low,0.028228,0.0,0.028228,1
2026-07-26T08:13:04.559360,08/08 13:15,24.73,20.8,25.61,24.3,26.35,20.0,27.0,0.3764,0.094094,0.36698,0.094094,0.086698,0.0,0.0,1.298485,0.094094,0.3,low,0.028228,0.0,0.028228,1
2026-07-26T08:13:04.578355,08/08 14:15,23.9,41.6,25.97,24.96,26.74,20.0,27.0,0.3764,0.094094,0.351287,0.094094,0.084755,0.0,0.0,1.226415,0.094094,0.3,low,0.028228,0.0,0.028228,1
2026-07-26T08:13:04.599787,08/08 15:15,24.02,52.0,26.21,25.58,26.95,20.0,27.0,0.3764,0.094094,0.375074,0.094094,0.087591,0.0,0.0,1.345334,0.094094,0.3,low,0.028228,0.0,0.028228,1
2026-07-26T08:13:04.620140,08/08 16:15,24.0,52.0,26.1,25.26,26.69,20.0,27.0,0.3764,0.094094,0.396527,0.094094,0.089988,0.0,0.0,1.443157,0.094094,0.55,high,0.051752,0.0,0.051752,1
2026-07-26T08:13:04.638776,08/08 17:15,22.8,52.0,25.64,24.67,26.08,20.0,27.0,0.3764,0.094094,0.366584,0.094094,0.08609,0.0,0.0,1.313145,0.094094,0.55,high,0.051752,0.0,0.051752,1
2026-07-26T08:13:04.654775,08/08 18:15,21.95,52.0,25.21,24.18,25.93,20.0,27.0,0.3764,0.094094,0.387613,0.094094,0.088778,0.0,0.0,1.416437,0.094094,0.55,high,0.051752,0.0,0.051752,0
2026-07-26T08:13:23.400435,08/08 19:23,19.27,26.0,23.48,22.6,24.41,20.0,26.0,0.3764,0.094094,0.350543,0.094094,0.085733,0.0,0.0,1.25307,0.094094,0.55,high,0.051752,0.0,0.051752,0
2026-07-26T08:13:23.424437,08/08 20:23,18.47,0.0,,,,20.0,26.0,0.3764,0.094094,0.342644,0.094094,0.0866,0.0,0.0,1.219377,0.094094,0.55,high,0.051752,0.0,0.051752,0
2026-07-26T08:13:23.443435,08/08 21:15,17.2,0.0,,,,20.0,26.0,0.0,0.0,0.0,0.0,0.0,0.0,0.0,0.0,0.0,0.4,moderate,0.0,0.0,0.0,0
2026-07-26T08:13:23.461438,08/08 22:15,17.2,0.0,,,,20.0,26.0,0.0,0.0,0.0,0.0,0.0,0.0,0.0,0.0,0.0,0.4,moderate,0.0,0.0,0.0,0
2026-07-26T08:13:23.480768,08/08 23:15,17.2,0.0,,,,20.0,26.0,0.0,0.0,0.0,0.0,0.0,0.0,0.0,0.0,0.0,0.4,moderate,0.0,0.0,0.0,0
2026-07-26T08:13:23.501772,08/09 00:15,17.2,0.0,,,,20.0,26.0,0.0,0.0,0.0,0.0,0.0,0.0,0.0,0.0,0.0,0.34,low,0.0,0.0,0.0,0
2026-07-26T08:13:41.281038,08/09 01:15,17.35,0.0,,,,18.0,28.0,0.0,0.0,0.0,0.0,0.0,0.0,0.0,0.0,0.0,0.34,low,0.0,0.0,0.0,0
2026-07-26T08:13:41.306036,08/09 02:15,17.8,0.0,,,,18.0,28.0,0.0,0.0,0.0,0.0,0.0,0.0,0.0,0.0,0.0,0.34,low,0.0,0.0,0.0,0
2026-07-26T08:13:41.331038,08/09 03:15,17.38,0.0,,,,18.0,28.0,0.0,0.0,0.0,0.0,0.0,0.0,0.0,0.0,0.0,0.34,low,0.0,0.0,0.0,0
2026-07-26T08:13:41.355035,08/09 04:15,15.98,0.0,,,,18.0,28.0,0.0,0.0,0.0,0.0,0.0,0.0,0.0,0.0,0.0,0.34,low,0.0,0.0,0.0,0
2026-07-26T08:13:41.375035,08/09 05:15,15.6,0.0,,,,18.0,28.0,0.0,0.0,0.0,0.0,0.0,0.0,0.0,0.0,0.0,0.34,low,0.0,0.0,0.0,0
2026-07-26T08:13:41.396392,08/09 06:23,16.27,0.0,,,,18.0,28.0,0.0,0.0,0.0,0.0,0.0,0.0,0.0,0.0,0.0,0.43,moderate,0.0,0.0,0.0,0
2026-07-26T08:13:57.747412,08/09 07:23,19.0,0.0,,,,18.0,29.0,0.3764,0.094094,0.310368,0.094094,0.061052,0.0,0.0,1.087947,0.094094,0.43,moderate,0.04046,0.0,0.04046,0
2026-07-26T08:13:57.771410,08/09 08:23,21.53,0.0,,,,18.0,29.0,0.3764,0.094094,0.349174,0.094094,0.062671,0.0,0.0,1.26358,0.094094,0.43,moderate,0.04046,0.0,0.04046,0
2026-07-26T08:13:57.794410,08/09 09:23,23.35,52.0,23.87,21.87,26.57,18.0,29.0,0.3764,0.094094,0.406504,0.094094,0.078104,0.0,0.0,1.518187,0.094094,0.43,moderate,0.04046,0.0,0.04046,1
2026-07-26T08:13:57.816415,08/09 10:23,25.27,52.0,25.52,23.43,28.33,18.0,29.0,0.3764,0.094094,0.473729,0.094094,0.098463,0.0,0.0,1.794854,0.094094,0.3,low,0.028228,0.0,0.028228,1
2026-07-26T08:13:57.836409,08/09 11:23,26.25,52.0,26.19,24.22,28.51,18.0,29.0,0.3764,0.094094,0.489106,0.094094,0.102071,0.0,0.0,1.85285,0.094094,0.3,low,0.028228,0.0,0.028228,1
2026-07-26T08:13:57.855416,08/09 12:23,26.42,41.6,26.28,24.56,27.69,18.0,29.0,0.3764,0.094094,0.457887,0.094094,0.096935,0.0,0.0,1.699166,0.094094,0.3,low,0.028228,0.0,0.028228,1
2026-07-26T08:14:17.694827,08/09 13:15,26.0,20.8,25.85,24.46,26.54,20.0,27.0,0.3764,0.094094,0.455134,0.094094,0.097065,0.0,0.0,1.70311,0.094094,0.3,low,0.028228,0.0,0.028228,1
2026-07-26T08:14:17.715831,08/09 14:15,26.65,41.6,26.33,25.34,27.0,20.0,27.0,0.3782,0.094549,0.495559,0.094549,0.099493,0.0,0.0,1.868729,0.094549,0.3,low,0.028365,0.0,0.028365,1
2026-07-26T08:14:17.737827,08/09 15:15,24.85,52.0,26.52,25.97,27.0,20.0,27.0,0.3783,0.094584,0.492579,0.094584,0.099341,0.0,0.0,1.884985,0.094584,0.3,low,0.028375,0.0,0.028375,1
2026-07-26T08:14:17.756827,08/09 16:15,24.12,52.0,26.3,25.46,26.8,20.0,27.0,0.3764,0.094094,0.486362,0.094094,0.100261,0.0,0.0,1.86625,0.094094,0.55,high,0.051752,0.0,0.051752,1
2026-07-26T08:14:17.776827,08/09 17:15,23.18,52.0,25.69,24.77,26.17,20.0,27.0,0.3764,0.094094,0.45069,0.094094,0.096057,0.0,0.0,1.710312,0.094094,0.55,high,0.051752,0.0,0.051752,1
2026-07-26T08:14:17.795827,08/09 18:15,22.38,52.0,25.24,24.2,26.01,20.0,27.0,0.3764,0.094094,0.425772,0.094094,0.093325,0.0,0.0,1.597349,0.094094,0.55,high,0.051752,0.0,0.051752,1
2026-07-26T08:14:37.171432,08/09 19:23,20.83,26.0,23.56,22.69,24.44,20.0,25.0,0.3764,0.094094,0.395659,0.094094,0.091043,0.0,0.0,1.465547,0.094094,0.55,high,0.051752,0.0,0.051752,0
2026-07-26T08:14:37.194434,08/09 20:23,19.73,0.0,,,,20.0,25.0,0.3764,0.094094,0.381125,0.094094,0.091244,0.0,0.0,1.403857,0.094094,0.55,high,0.051752,0.0,0.051752,0
2026-07-26T08:14:37.213649,08/09 21:15,19.02,0.0,,,,20.0,25.0,0.0,0.0,0.0,0.0,0.0,0.0,0.0,0.0,0.0,0.4,moderate,0.0,0.0,0.0,0
2026-07-26T08:14:37.232656,08/09 22:15,19.0,0.0,,,,20.0,25.0,0.0,0.0,0.0,0.0,0.0,0.0,0.0,0.0,0.0,0.4,moderate,0.0,0.0,0.0,0
2026-07-26T08:14:37.250653,08/09 23:15,17.8,0.0,,,,20.0,25.0,0.0,0.0,0.0,0.0,0.0,0.0,0.0,0.0,0.0,0.4,moderate,0.0,0.0,0.0,0
2026-07-26T08:14:37.268651,08/10 00:15,17.8,0.0,,,,20.0,25.0,0.0,0.0,0.0,0.0,0.0,0.0,0.0,0.0,0.0,0.34,low,0.0,0.0,0.0,0
2026-07-26T08:14:55.073665,08/10 01:15,17.8,0.0,,,,18.0,27.0,0.0,0.0,0.0,0.0,0.0,0.0,0.0,0.0,0.0,0.34,low,0.0,0.0,0.0,0
2026-07-26T08:14:55.092659,08/10 02:15,17.65,0.0,,,,18.0,27.0,0.0,0.0,0.0,0.0,0.0,0.0,0.0,0.0,0.0,0.34,low,0.0,0.0,0.0,0
2026-07-26T08:14:55.109930,08/10 03:15,17.2,0.0,,,,18.0,27.0,0.0,0.0,0.0,0.0,0.0,0.0,0.0,0.0,0.0,0.34,low,0.0,0.0,0.0,0
2026-07-26T08:14:55.126930,08/10 04:15,17.07,0.0,,,,18.0,27.0,0.0,0.0,0.0,0.0,0.0,0.0,0.0,0.0,0.0,0.34,low,0.0,0.0,0.0,0
2026-07-26T08:14:55.143465,08/10 05:15,16.82,0.0,,,,18.0,27.0,0.0,0.0,0.0,0.0,0.0,0.0,0.0,0.0,0.0,0.34,low,0.0,0.0,0.0,0
2026-07-26T08:14:55.160546,08/10 06:23,17.75,0.0,,,,18.0,27.0,0.0,0.0,0.0,0.0,0.0,0.0,0.0,0.0,0.0,0.43,moderate,0.0,0.0,0.0,0
2026-07-26T08:15:12.944787,08/10 07:20,20.1,0.0,,,,18.0,29.0,0.0,0.0,0.0,0.0,0.0,0.0,0.0,0.0,0.0,0.43,moderate,0.0,0.0,0.0,0
2026-07-26T08:15:12.967786,08/10 08:20,22.75,0.0,,,,18.0,29.0,0.0,0.0,0.0,0.0,0.0,0.0,0.0,0.0,0.0,0.43,moderate,0.0,0.0,0.0,0
2026-07-26T08:15:12.990786,08/10 09:23,24.7,0.0,,,,18.0,29.0,0.0,0.0,0.0,0.0,0.0,0.0,0.0,0.0,0.0,0.43,moderate,0.0,0.0,0.0,0
2026-07-26T08:15:13.007785,08/10 10:15,25.88,0.0,,,,18.0,29.0,0.0,0.0,0.0,0.0,0.0,0.0,0.0,0.0,0.0,0.3,low,0.0,0.0,0.0,0
2026-07-26T08:15:13.025784,08/10 11:23,26.82,0.0,,,,18.0,29.0,0.0,0.0,0.0,0.0,0.0,0.0,0.0,0.0,0.0,0.3,low,0.0,0.0,0.0,0
2026-07-26T08:15:13.042784,08/10 12:23,27.35,0.0,,,,18.0,29.0,0.0,0.0,0.0,0.0,0.0,0.0,0.0,0.0,0.0,0.3,low,0.0,0.0,0.0,0
2026-07-26T08:15:30.492824,08/10 13:15,27.93,0.0,,,,18.0,29.0,0.0,0.0,0.0,0.0,0.0,0.0,0.0,0.0,0.0,0.3,low,0.0,0.0,0.0,0
2026-07-26T08:15:30.511824,08/10 14:15,28.3,0.0,,,,18.0,29.0,0.0,0.0,0.0,0.0,0.0,0.0,0.0,0.0,0.0,0.3,low,0.0,0.0,0.0,0
2026-07-26T08:15:30.528824,08/10 15:15,27.48,0.0,,,,18.0,29.0,0.0,0.0,0.0,0.0,0.0,0.0,0.0,0.0,0.0,0.3,low,0.0,0.0,0.0,0
2026-07-26T08:15:30.546236,08/10 16:15,24.3,0.0,,,,18.0,29.0,0.0,0.0,0.0,0.0,0.0,0.0,0.0,0.0,0.0,0.55,high,0.0,0.0,0.0,0
2026-07-26T08:15:30.566239,08/10 17:15,21.92,0.0,,,,18.0,29.0,0.0,0.0,0.0,0.0,0.0,0.0,0.0,0.0,0.0,0.55,high,0.0,0.0,0.0,0
2026-07-26T08:15:30.584242,08/10 18:15,20.68,0.0,,,,18.0,29.0,0.0,0.0,0.0,0.0,0.0,0.0,0.0,0.0,0.0,0.55,high,0.0,0.0,0.0,0
2026-07-26T08:15:47.706499,08/10 19:15,19.55,0.0,,,,18.0,29.0,0.0,0.0,0.0,0.0,0.0,0.0,0.0,0.0,0.0,0.55,high,0.0,0.0,0.0,0
2026-07-26T08:15:47.725498,08/10 20:15,20.27,0.0,,,,18.0,29.0,0.0,0.0,0.0,0.0,0.0,0.0,0.0,0.0,0.0,0.55,high,0.0,0.0,0.0,0
2026-07-26T08:15:47.744497,08/10 21:15,20.98,0.0,,,,18.0,29.0,0.0,0.0,0.0,0.0,0.0,0.0,0.0,0.0,0.0,0.4,moderate,0.0,0.0,0.0,0
2026-07-26T08:15:47.761499,08/10 22:15,20.3,0.0,,,,18.0,29.0,0.0,0.0,0.0,0.0,0.0,0.0,0.0,0.0,0.0,0.4,moderate,0.0,0.0,0.0,0
2026-07-26T08:15:47.777500,08/10 23:15,19.27,0.0,,,,18.0,29.0,0.0,0.0,0.0,0.0,0.0,0.0,0.0,0.0,0.0,0.4,moderate,0.0,0.0,0.0,0
2026-07-26T08:15:47.794497,08/11 00:15,18.75,0.0,,,,18.0,29.0,0.0,0.0,0.0,0.0,0.0,0.0,0.0,0.0,0.0,0.34,low,0.0,0.0,0.0,0
2026-07-26T08:16:04.720627,08/11 01:15,18.18,0.0,,,,18.0,29.0,0.0,0.0,0.0,0.0,0.0,0.0,0.0,0.0,0.0,0.34,low,0.0,0.0,0.0,0
2026-07-26T08:16:04.739627,08/11 02:15,17.65,0.0,,,,18.0,29.0,0.0,0.0,0.0,0.0,0.0,0.0,0.0,0.0,0.0,0.34,low,0.0,0.0,0.0,0
2026-07-26T08:16:04.757627,08/11 03:15,17.07,0.0,,,,18.0,29.0,0.0,0.0,0.0,0.0,0.0,0.0,0.0,0.0,0.0,0.34,low,0.0,0.0,0.0,0
2026-07-26T08:16:04.774628,08/11 04:15,16.55,0.0,,,,18.0,29.0,0.0,0.0,0.0,0.0,0.0,0.0,0.0,0.0,0.0,0.34,low,0.0,0.0,0.0,0
2026-07-26T08:16:04.790625,08/11 05:15,16.1,0.0,,,,18.0,29.0,0.0,0.0,0.0,0.0,0.0,0.0,0.0,0.0,0.0,0.34,low,0.0,0.0,0.0,0
2026-07-26T08:16:04.808273,08/11 06:23,17.08,0.0,,,,18.0,29.0,0.0,0.0,0.0,0.0,0.0,0.0,0.0,0.0,0.0,0.43,moderate,0.0,0.0,0.0,0
2026-07-26T08:16:21.937659,08/11 07:20,20.98,0.0,,,,18.0,29.0,0.0,0.0,0.0,0.0,0.0,0.0,0.0,0.0,0.0,0.43,moderate,0.0,0.0,0.0,0
2026-07-26T08:16:21.960652,08/11 08:20,24.02,0.0,,,,18.0,29.0,0.0,0.0,0.0,0.0,0.0,0.0,0.0,0.0,0.0,0.43,moderate,0.0,0.0,0.0,0
2026-07-26T08:16:21.982656,08/11 09:23,24.97,0.0,,,,18.0,29.0,0.0,0.0,0.0,0.0,0.0,0.0,0.0,0.0,0.0,0.43,moderate,0.0,0.0,0.0,0
2026-07-26T08:16:22.001659,08/11 10:23,26.7,0.0,,,,18.0,29.0,0.0,0.0,0.0,0.0,0.0,0.0,0.0,0.0,0.0,0.3,low,0.0,0.0,0.0,0
2026-07-26T08:16:22.020652,08/11 11:23,25.57,0.0,,,,18.0,29.0,0.0,0.0,0.0,0.0,0.0,0.0,0.0,0.0,0.0,0.3,low,0.0,0.0,0.0,0
2026-07-26T08:16:22.038652,08/11 12:23,23.05,0.0,,,,18.0,29.0,0.0,0.0,0.0,0.0,0.0,0.0,0.0,0.0,0.0,0.3,low,0.0,0.0,0.0,0
2026-07-26T08:16:40.007852,08/11 13:23,24.75,0.0,,,,18.0,29.0,0.0,0.0,0.0,0.0,0.0,0.0,0.0,0.0,0.0,0.3,low,0.0,0.0,0.0,0
2026-07-26T08:16:40.028856,08/11 14:15,22.35,0.0,,,,18.0,29.0,0.0,0.0,0.0,0.0,0.0,0.0,0.0,0.0,0.0,0.3,low,0.0,0.0,0.0,0
2026-07-26T08:16:40.047990,08/11 15:23,23.2,0.0,,,,18.0,29.0,0.0,0.0,0.0,0.0,0.0,0.0,0.0,0.0,0.0,0.3,low,0.0,0.0,0.0,0
2026-07-26T08:16:40.071194,08/11 16:23,24.7,0.0,,,,18.0,29.0,0.0,0.0,0.0,0.0,0.0,0.0,0.0,0.0,0.0,0.55,high,0.0,0.0,0.0,0
2026-07-26T08:16:40.090195,08/11 17:15,25.3,0.0,,,,18.0,29.0,0.0,0.0,0.0,0.0,0.0,0.0,0.0,0.0,0.0,0.55,high,0.0,0.0,0.0,0
2026-07-26T08:16:40.108197,08/11 18:15,23.85,0.0,,,,18.0,29.0,0.0,0.0,0.0,0.0,0.0,0.0,0.0,0.0,0.0,0.55,high,0.0,0.0,0.0,0
2026-07-26T08:16:58.019554,08/11 19:20,21.65,0.0,,,,18.0,29.0,0.0,0.0,0.0,0.0,0.0,0.0,0.0,0.0,0.0,0.55,high,0.0,0.0,0.0,0
2026-07-26T08:16:58.041373,08/11 20:23,19.73,0.0,,,,18.0,29.0,0.0,0.0,0.0,0.0,0.0,0.0,0.0,0.0,0.0,0.55,high,0.0,0.0,0.0,0
2026-07-26T08:16:58.061611,08/11 21:23,18.62,0.0,,,,18.0,29.0,0.0,0.0,0.0,0.0,0.0,0.0,0.0,0.0,0.0,0.4,moderate,0.0,0.0,0.0,0
2026-07-26T08:16:58.077720,08/11 22:15,17.8,0.0,,,,18.0,29.0,0.0,0.0,0.0,0.0,0.0,0.0,0.0,0.0,0.0,0.4,moderate,0.0,0.0,0.0,0
2026-07-26T08:16:58.095752,08/11 23:15,17.93,0.0,,,,18.0,29.0,0.0,0.0,0.0,0.0,0.0,0.0,0.0,0.0,0.0,0.4,moderate,0.0,0.0,0.0,0
2026-07-26T08:16:58.113714,08/12 00:15,18.03,0.0,,,,18.0,29.0,0.0,0.0,0.0,0.0,0.0,0.0,0.0,0.0,0.0,0.34,low,0.0,0.0,0.0,0
2026-07-26T08:17:15.635765,08/12 01:15,17.2,0.0,,,,18.0,29.0,0.0,0.0,0.0,0.0,0.0,0.0,0.0,0.0,0.0,0.34,low,0.0,0.0,0.0,0
2026-07-26T08:17:15.654765,08/12 02:15,17.2,0.0,,,,18.0,29.0,0.0,0.0,0.0,0.0,0.0,0.0,0.0,0.0,0.0,0.34,low,0.0,0.0,0.0,0
2026-07-26T08:17:15.673769,08/12 03:15,16.92,0.0,,,,18.0,29.0,0.0,0.0,0.0,0.0,0.0,0.0,0.0,0.0,0.0,0.34,low,0.0,0.0,0.0,0
2026-07-26T08:17:15.690762,08/12 04:15,16.25,0.0,,,,18.0,29.0,0.0,0.0,0.0,0.0,0.0,0.0,0.0,0.0,0.0,0.34,low,0.0,0.0,0.0,0
2026-07-26T08:17:15.707768,08/12 05:15,16.55,0.0,,,,18.0,29.0,0.0,0.0,0.0,0.0,0.0,0.0,0.0,0.0,0.0,0.34,low,0.0,0.0,0.0,0
2026-07-26T08:17:15.724862,08/12 06:15,17.08,0.0,,,,18.0,29.0,0.0,0.0,0.0,0.0,0.0,0.0,0.0,0.0,0.0,0.43,moderate,0.0,0.0,0.0,0
2026-07-26T08:17:32.424949,08/12 07:23,20.82,0.0,,,,18.0,29.0,0.3764,0.094094,0.384541,0.094094,0.070448,0.0,0.0,1.461294,0.094094,0.43,moderate,0.04046,0.0,0.04046,0
2026-07-26T08:17:32.447950,08/12 08:23,23.73,0.0,,,,18.0,29.0,0.3764,0.094094,0.472719,0.094094,0.077682,0.0,0.0,1.841167,0.094094,0.43,moderate,0.04046,0.0,0.04046,0
2026-07-26T08:17:32.468948,08/12 09:23,25.27,52.0,23.79,22.13,25.79,18.0,29.0,0.3764,0.094094,0.498268,0.094094,0.08856,0.0,0.0,1.92128,0.094094,0.43,moderate,0.04046,0.0,0.04046,0
2026-07-26T08:17:32.487948,08/12 10:23,26.38,52.0,25.56,23.75,27.78,18.0,29.0,0.3764,0.094094,0.511678,0.094094,0.102931,0.0,0.0,1.950168,0.094094,0.3,low,0.028228,0.0,0.028228,1
2026-07-26T08:17:32.505948,08/12 11:23,27.07,52.0,26.36,24.62,28.28,18.0,29.0,0.3764,0.094094,0.525141,0.094094,0.105793,0.0,0.0,1.998321,0.094094,0.3,low,0.028228,0.0,0.028228,1
2026-07-26T08:17:32.523948,08/12 12:23,27.1,41.6,26.53,24.98,27.75,18.0,29.0,0.3764,0.094094,0.505796,0.094094,0.102991,0.0,0.0,1.918506,0.094094,0.3,low,0.028228,0.0,0.028228,1
2026-07-26T08:17:51.199414,08/12 13:15,26.65,20.8,26.24,24.97,27.0,20.0,27.0,0.3775,0.094378,0.568229,0.094378,0.108116,0.0,0.0,2.175929,0.094378,0.3,low,0.028313,0.0,0.028313,1
2026-07-26T08:17:51.219414,08/12 14:15,21.42,41.6,26.39,25.45,27.0,20.0,27.0,0.3776,0.094392,0.488822,0.094392,0.101541,0.0,0.0,1.904096,0.094392,0.3,low,0.028318,0.0,0.028318,1
2026-07-26T08:17:51.239411,08/12 15:15,20.73,52.0,26.31,25.63,26.93,20.0,27.0,0.3764,0.094094,0.429506,0.094094,0.09475,0.0,0.0,1.636556,0.094094,0.3,low,0.028228,0.0,0.028228,1
2026-07-26T08:17:51.256411,08/12 16:15,20.83,52.0,26.1,25.27,26.6,20.0,27.0,0.3764,0.094094,0.509709,0.094094,0.104834,0.0,0.0,2.022814,0.094094,0.55,high,0.051752,0.0,0.051752,1
2026-07-26T08:17:51.274410,08/12 17:15,20.0,52.0,25.43,24.54,26.12,20.0,27.0,0.3764,0.094094,0.405204,0.094094,0.091255,0.0,0.0,1.519178,0.094094,0.55,high,0.051752,0.0,0.051752,1
2026-07-26T08:17:51.292410,08/12 18:15,20.15,52.0,24.84,23.93,25.91,20.0,27.0,0.3764,0.094094,0.413602,0.094094,0.092817,0.0,0.0,1.567806,0.094094,0.55,high,0.051752,0.0,0.051752,0
2026-07-26T08:18:10.171569,08/12 19:15,20.18,26.0,23.34,22.51,24.37,20.0,26.0,0.3764,0.094094,0.371555,0.094094,0.088325,0.0,0.0,1.350187,0.094094,0.55,high,0.051752,0.0,0.051752,0
2026-07-26T08:18:10.195568,08/12 20:23,18.75,0.0,,,,20.0,26.0,0.3764,0.094094,0.357804,0.094094,0.088707,0.0,0.0,1.294892,0.094094,0.55,high,0.051752,0.0,0.051752,0
2026-07-26T08:18:10.212570,08/12 21:15,18.18,0.0,,,,20.0,26.0,0.0,0.0,0.0,0.0,0.0,0.0,0.0,0.0,0.0,0.4,moderate,0.0,0.0,0.0,0
2026-07-26T08:18:10.230568,08/12 22:15,17.53,0.0,,,,20.0,26.0,0.0,0.0,0.0,0.0,0.0,0.0,0.0,0.0,0.0,0.4,moderate,0.0,0.0,0.0,0
2026-07-26T08:18:10.247567,08/12 23:15,16.7,0.0,,,,20.0,26.0,0.0,0.0,0.0,0.0,0.0,0.0,0.0,0.0,0.0,0.4,moderate,0.0,0.0,0.0,0
2026-07-26T08:18:10.265570,08/13 00:15,16.7,0.0,,,,20.0,26.0,0.0,0.0,0.0,0.0,0.0,0.0,0.0,0.0,0.0,0.34,low,0.0,0.0,0.0,0
2026-07-26T08:18:28.214392,08/13 01:15,16.42,0.0,,,,18.0,28.0,0.0,0.0,0.0,0.0,0.0,0.0,0.0,0.0,0.0,0.34,low,0.0,0.0,0.0,0
2026-07-26T08:18:28.236395,08/13 02:15,15.72,0.0,,,,18.0,28.0,0.0,0.0,0.0,0.0,0.0,0.0,0.0,0.0,0.0,0.34,low,0.0,0.0,0.0,0
2026-07-26T08:18:28.256390,08/13 03:15,15.98,0.0,,,,18.0,28.0,0.0,0.0,0.0,0.0,0.0,0.0,0.0,0.0,0.0,0.34,low,0.0,0.0,0.0,0
2026-07-26T08:18:28.274391,08/13 04:15,15.45,0.0,,,,18.0,28.0,0.0,0.0,0.0,0.0,0.0,0.0,0.0,0.0,0.0,0.34,low,0.0,0.0,0.0,0
2026-07-26T08:18:28.292391,08/13 05:15,15.28,0.0,,,,18.0,28.0,0.0,0.0,0.0,0.0,0.0,0.0,0.0,0.0,0.0,0.34,low,0.0,0.0,0.0,0
2026-07-26T08:18:28.311390,08/13 06:23,16.65,0.0,,,,18.0,28.0,0.0,0.0,0.0,0.0,0.0,0.0,0.0,0.0,0.0,0.43,moderate,0.0,0.0,0.0,0
2026-07-26T08:18:48.925280,08/13 07:23,19.15,0.0,,,,18.0,29.0,0.3764,0.094094,0.338855,0.094094,0.063751,0.0,0.0,1.239311,0.094094,0.43,moderate,0.04046,0.0,0.04046,0
2026-07-26T08:18:48.950278,08/13 08:23,22.25,0.0,,,,18.0,29.0,0.3764,0.094094,0.420548,0.094094,0.071283,0.0,0.0,1.61088,0.094094,0.43,moderate,0.04046,0.0,0.04046,0
2026-07-26T08:18:48.977294,08/13 09:23,24.17,52.0,23.85,21.87,26.5,18.0,29.0,0.3764,0.094094,0.490171,0.094094,0.088381,0.0,0.0,1.90133,0.094094,0.43,moderate,0.04046,0.0,0.04046,1
2026-07-26T08:18:49.000279,08/13 10:23,25.43,52.0,25.5,23.42,28.28,18.0,29.0,0.3764,0.094094,0.491519,0.094094,0.100684,0.0,0.0,1.873219,0.094094,0.3,low,0.028228,0.0,0.028228,1
2026-07-26T08:18:49.020282,08/13 11:23,26.82,52.0,26.22,24.26,28.56,18.0,29.0,0.3764,0.094094,0.54807,0.094094,0.109338,0.0,0.0,2.111139,0.094094,0.3,low,0.028228,0.0,0.028228,1
2026-07-26T08:18:49.042282,08/13 12:23,27.47,41.6,26.35,24.62,27.84,18.0,29.0,0.3764,0.094094,0.601211,0.094094,0.115179,0.0,0.0,2.336409,0.094094,0.3,low,0.028228,0.0,0.028228,1
2026-07-26T08:19:09.694347,08/13 13:15,28.03,20.8,26.08,24.65,26.78,20.0,27.0,0.3764,0.094094,0.686593,0.094094,0.124291,0.0,0.0,2.679544,0.094094,0.3,low,0.028228,0.0,0.028228,1
2026-07-26T08:19:09.715346,08/13 14:15,27.2,41.6,26.47,25.5,27.0,20.0,27.0,0.3781,0.094515,0.622645,0.094515,0.115234,0.0,0.0,2.429996,0.094515,0.3,low,0.028354,0.0,0.028354,1
2026-07-26T08:19:09.735346,08/13 15:15,27.35,52.0,26.65,26.1,27.0,20.0,27.0,0.381,0.095246,0.633253,0.095246,0.112557,0.0,0.0,2.481144,0.095246,0.3,low,0.028574,0.0,0.028574,1
2026-07-26T08:19:09.756348,08/13 16:15,27.38,52.0,26.7,25.77,27.0,20.0,27.0,0.3802,0.095056,0.634572,0.095056,0.112264,0.0,0.0,2.474169,0.095056,0.55,high,0.052281,0.0,0.052281,1
2026-07-26T08:19:09.775346,08/13 17:15,25.98,52.0,26.29,25.15,26.78,20.0,27.0,0.3764,0.094094,0.541675,0.094094,0.105766,0.0,0.0,2.090215,0.094094,0.55,high,0.051752,0.0,0.051752,1
2026-07-26T08:19:09.794347,08/13 18:15,24.05,52.0,25.54,24.5,26.21,20.0,27.0,0.3764,0.094094,0.551627,0.094094,0.107544,0.0,0.0,2.146368,0.094094,0.55,high,0.051752,0.0,0.051752,1
2026-07-26T08:19:42.723298,08/13 19:23,19.55,26.0,23.74,22.87,24.61,21.0,25.0,0.3764,0.094094,0.470718,0.094094,0.10087,0.0,0.0,1.843856,0.094094,0.55,high,0.051752,0.0,0.051752,0
2026-07-26T08:19:42.755299,08/13 20:23,20.0,0.0,,,,21.0,25.0,0.3764,0.094094,0.468406,0.094094,0.102569,0.0,0.0,1.829503,0.094094,0.55,high,0.051752,0.0,0.051752,0
2026-07-26T08:19:42.784565,08/13 21:15,20.27,0.0,,,,21.0,25.0,0.0,0.0,0.0,0.0,0.0,0.0,0.0,0.0,0.0,0.4,moderate,0.0,0.0,0.0,0
2026-07-26T08:19:42.818569,08/13 22:15,21.1,0.0,,,,21.0,25.0,0.0,0.0,0.0,0.0,0.0,0.0,0.0,0.0,0.0,0.4,moderate,0.0,0.0,0.0,0
2026-07-26T08:19:42.844565,08/13 23:15,21.1,0.0,,,,21.0,25.0,0.0,0.0,0.0,0.0,0.0,0.0,0.0,0.0,0.0,0.4,moderate,0.0,0.0,0.0,0
2026-07-26T08:19:42.867564,08/14 00:15,21.1,0.0,,,,21.0,25.0,0.0,0.0,0.0,0.0,0.0,0.0,0.0,0.0,0.0,0.34,low,0.0,0.0,0.0,0
2026-07-26T08:20:05.425250,08/14 01:15,21.1,0.0,,,,19.0,27.0,0.0,0.0,0.0,0.0,0.0,0.0,0.0,0.0,0.0,0.34,low,0.0,0.0,0.0,0
2026-07-26T08:20:05.445239,08/14 02:15,21.1,0.0,,,,19.0,27.0,0.0,0.0,0.0,0.0,0.0,0.0,0.0,0.0,0.0,0.34,low,0.0,0.0,0.0,0
2026-07-26T08:20:05.464241,08/14 03:15,20.83,0.0,,,,19.0,27.0,0.0,0.0,0.0,0.0,0.0,0.0,0.0,0.0,0.0,0.34,low,0.0,0.0,0.0,0
2026-07-26T08:20:05.485243,08/14 04:15,19.85,0.0,,,,19.0,27.0,0.0,0.0,0.0,0.0,0.0,0.0,0.0,0.0,0.0,0.34,low,0.0,0.0,0.0,0
2026-07-26T08:20:05.507244,08/14 05:15,19.4,0.0,,,,19.0,27.0,0.0,0.0,0.0,0.0,0.0,0.0,0.0,0.0,0.0,0.34,low,0.0,0.0,0.0,0
2026-07-26T08:20:05.528242,08/14 06:15,19.82,0.0,,,,19.0,27.0,0.0,0.0,0.0,0.0,0.0,0.0,0.0,0.0,0.0,0.43,moderate,0.0,0.0,0.0,0
2026-07-26T08:20:24.444123,08/14 07:15,21.1,0.0,,,,18.0,29.0,0.3764,0.094094,0.432367,0.094094,0.079739,0.0,0.0,1.669363,0.094094,0.43,moderate,0.04046,0.0,0.04046,0
2026-07-26T08:20:24.471153,08/14 08:15,21.38,0.0,,,,18.0,29.0,0.3764,0.094094,0.432293,0.094094,0.075557,0.0,0.0,1.668112,0.094094,0.43,moderate,0.04046,0.0,0.04046,0
2026-07-26T08:20:24.498234,08/14 09:23,22.9,52.0,22.71,21.85,23.37,18.0,29.0,0.3764,0.094094,0.496716,0.094094,0.088572,0.0,0.0,1.953471,0.094094,0.43,moderate,0.04046,0.0,0.04046,0
2026-07-26T08:20:24.523081,08/14 10:23,25.15,52.0,24.44,23.36,25.17,18.0,29.0,0.3764,0.094094,0.583362,0.094094,0.109647,0.0,0.0,2.298011,0.094094,0.3,low,0.028228,0.0,0.028228,0
2026-07-26T08:20:24.544618,08/14 11:23,25.6,52.0,25.32,24.22,26.14,18.0,29.0,0.3764,0.094094,0.624549,0.094094,0.12118,0.0,0.0,2.46856,0.094094,0.3,low,0.028228,0.0,0.028228,1
2026-07-26T08:20:24.563894,08/14 12:15,25.18,41.6,25.37,24.27,26.18,18.0,29.0,0.3764,0.094094,0.635644,0.094094,0.12118,0.0,0.0,2.517496,0.094094,0.3,low,0.028228,0.0,0.028228,1
2026-07-26T08:20:46.407490,08/14 13:15,23.75,20.8,25.11,24.13,26.04,20.0,27.0,0.3764,0.094094,0.479816,0.094094,0.101636,0.0,0.0,1.832134,0.094094,0.3,low,0.028228,0.0,0.028228,1
2026-07-26T08:20:46.435519,08/14 14:15,22.48,41.6,25.47,24.56,26.37,20.0,27.0,0.3764,0.094094,0.515335,0.094094,0.107234,0.0,0.0,2.014972,0.094094,0.3,low,0.028228,0.0,0.028228,1
2026-07-26T08:20:46.460992,08/14 15:15,19.85,52.0,25.28,24.29,26.08,20.0,27.0,0.3764,0.094094,0.399333,0.094094,0.092893,0.0,0.0,1.487577,0.094094,0.3,low,0.028228,0.0,0.028228,1
2026-07-26T08:20:46.484675,08/14 16:15,19.7,52.0,25.13,24.22,25.99,20.0,27.0,0.3764,0.094094,0.449336,0.094094,0.09855,0.0,0.0,1.749648,0.094094,0.55,high,0.051752,0.0,0.051752,0
2026-07-26T08:20:46.505961,08/14 17:15,20.45,52.0,24.65,23.72,25.65,20.0,27.0,0.3764,0.094094,0.49506,0.094094,0.104188,0.0,0.0,1.956357,0.094094,0.55,high,0.051752,0.0,0.051752,0
2026-07-26T08:20:46.527598,08/14 18:15,20.0,52.0,24.24,23.19,25.5,20.0,27.0,0.3764,0.094094,0.462981,0.094094,0.100156,0.0,0.0,1.804893,0.094094,0.55,high,0.051752,0.0,0.051752,0
2026-07-26T08:21:07.884236,08/14 19:15,20.0,26.0,22.89,21.91,24.03,20.0,26.0,0.3764,0.094094,0.517952,0.094094,0.108544,0.0,0.0,2.071664,0.094094,0.55,high,0.051752,0.0,0.051752,0
2026-07-26T08:21:07.913771,08/14 20:15,19.85,0.0,,,,20.0,26.0,0.3764,0.094094,0.506593,0.094094,0.108544,0.0,0.0,2.012969,0.094094,0.55,high,0.051752,0.0,0.051752,0
2026-07-26T08:21:07.936314,08/14 21:15,19.4,0.0,,,,20.0,26.0,0.0,0.0,0.0,0.0,0.0,0.0,0.0,0.0,0.0,0.4,moderate,0.0,0.0,0.0,0
2026-07-26T08:21:07.956678,08/14 22:15,19.0,0.0,,,,20.0,26.0,0.0,0.0,0.0,0.0,0.0,0.0,0.0,0.0,0.0,0.4,moderate,0.0,0.0,0.0,0
2026-07-26T08:21:07.976093,08/14 23:15,17.65,0.0,,,,20.0,26.0,0.0,0.0,0.0,0.0,0.0,0.0,0.0,0.0,0.0,0.4,moderate,0.0,0.0,0.0,0
2026-07-26T08:21:07.995217,08/15 00:15,17.2,0.0,,,,20.0,26.0,0.0,0.0,0.0,0.0,0.0,0.0,0.0,0.0,0.0,0.34,low,0.0,0.0,0.0,0
2026-07-26T08:21:29.622949,08/15 01:15,17.2,0.0,,,,18.0,28.0,0.0,0.0,0.0,0.0,0.0,0.0,0.0,0.0,0.0,0.34,low,0.0,0.0,0.0,0
2026-07-26T08:21:29.654150,08/15 02:15,17.2,0.0,,,,18.0,28.0,0.0,0.0,0.0,0.0,0.0,0.0,0.0,0.0,0.0,0.34,low,0.0,0.0,0.0,0
2026-07-26T08:21:29.678972,08/15 03:15,17.07,0.0,,,,18.0,28.0,0.0,0.0,0.0,0.0,0.0,0.0,0.0,0.0,0.0,0.34,low,0.0,0.0,0.0,0
2026-07-26T08:21:29.700613,08/15 04:15,16.97,0.0,,,,18.0,28.0,0.0,0.0,0.0,0.0,0.0,0.0,0.0,0.0,0.0,0.34,low,0.0,0.0,0.0,0
2026-07-26T08:21:29.721462,08/15 05:15,17.93,0.0,,,,18.0,28.0,0.0,0.0,0.0,0.0,0.0,0.0,0.0,0.0,0.0,0.34,low,0.0,0.0,0.0,0
2026-07-26T08:21:29.742248,08/15 06:15,18.58,0.0,,,,18.0,28.0,0.0,0.0,0.0,0.0,0.0,0.0,0.0,0.0,0.0,0.43,moderate,0.0,0.0,0.0,0
2026-07-26T08:21:51.470742,08/15 07:15,19.7,0.0,,,,18.0,29.0,0.3764,0.094094,0.426755,0.094094,0.076742,0.0,0.0,1.661522,0.094094,0.43,moderate,0.04046,0.0,0.04046,0
2026-07-26T08:21:51.495542,08/15 08:23,21.0,0.0,,,,18.0,29.0,0.3764,0.094094,0.454233,0.094094,0.076068,0.0,0.0,1.784238,0.094094,0.43,moderate,0.04046,0.0,0.04046,0
2026-07-26T08:21:51.518529,08/15 09:23,22.62,52.0,22.97,21.85,23.62,18.0,29.0,0.3764,0.094094,0.531316,0.094094,0.092709,0.0,0.0,2.114336,0.094094,0.43,moderate,0.04046,0.0,0.04046,0
2026-07-26T08:21:51.540838,08/15 10:23,23.9,52.0,24.61,23.36,25.29,18.0,29.0,0.3764,0.094094,0.561718,0.094094,0.108176,0.0,0.0,2.215824,0.094094,0.3,low,0.028228,0.0,0.028228,0
2026-07-26T08:21:51.562836,08/15 11:23,24.02,52.0,25.46,24.17,26.14,18.0,29.0,0.3764,0.094094,0.56687,0.094094,0.114696,0.0,0.0,2.240021,0.094094,0.3,low,0.028228,0.0,0.028228,1
2026-07-26T08:21:51.581319,08/15 12:15,24.0,41.6,25.57,24.39,26.35,18.0,29.0,0.3764,0.094094,0.582732,0.094094,0.114877,0.0,0.0,2.304727,0.094094,0.3,low,0.028228,0.0,0.028228,1
2026-07-26T08:22:15.268836,08/15 13:15,22.8,20.8,25.09,24.01,25.9,20.0,27.0,0.3764,0.094094,0.517389,0.094094,0.107018,0.0,0.0,2.02689,0.094094,0.3,low,0.028228,0.0,0.028228,0
2026-07-26T08:22:15.290558,08/15 14:15,22.8,41.6,25.49,24.58,26.31,20.0,27.0,0.3764,0.094094,0.553307,0.094094,0.112121,0.0,0.0,2.198051,0.094094,0.3,low,0.028228,0.0,0.028228,1
2026-07-26T08:22:15.311863,08/15 15:15,22.93,52.0,25.67,24.84,26.48,20.0,27.0,0.3764,0.094094,0.535591,0.094094,0.109052,0.0,0.0,2.114488,0.094094,0.3,low,0.028228,0.0,0.028228,1
2026-07-26T08:22:15.334848,08/15 16:15,22.9,52.0,25.54,24.74,26.2,20.0,27.0,0.3764,0.094094,0.568159,0.094094,0.112563,0.0,0.0,2.259023,0.094094,0.55,high,0.051752,0.0,0.051752,1
2026-07-26T08:22:15.358759,08/15 17:15,21.42,52.0,25.23,24.28,25.81,20.0,27.0,0.3764,0.094094,0.482627,0.094094,0.101705,0.0,0.0,1.877879,0.094094,0.55,high,0.051752,0.0,0.051752,0
2026-07-26T08:22:15.381765,08/15 18:15,20.45,52.0,24.71,23.75,25.7,20.0,27.0,0.3764,0.094094,0.446105,0.094094,0.097375,0.0,0.0,1.717257,0.094094,0.55,high,0.051752,0.0,0.051752,0
2026-07-26T08:22:38.519674,08/15 19:15,20.0,26.0,23.16,22.32,24.2,20.0,26.0,0.3764,0.094094,0.403241,0.094094,0.092918,0.0,0.0,1.511853,0.094094,0.55,high,0.051752,0.0,0.051752,0
2026-07-26T08:22:38.553549,08/15 20:15,19.85,0.0,,,,20.0,26.0,0.3764,0.094094,0.390244,0.094094,0.092918,0.0,0.0,1.449197,0.094094,0.55,high,0.051752,0.0,0.051752,0
2026-07-26T08:22:38.579001,08/15 21:15,19.27,0.0,,,,20.0,26.0,0.0,0.0,0.0,0.0,0.0,0.0,0.0,0.0,0.0,0.4,moderate,0.0,0.0,0.0,0
2026-07-26T08:22:38.602680,08/15 22:15,18.75,0.0,,,,20.0,26.0,0.0,0.0,0.0,0.0,0.0,0.0,0.0,0.0,0.0,0.4,moderate,0.0,0.0,0.0,0
2026-07-26T08:22:38.624177,08/15 23:15,18.03,0.0,,,,20.0,26.0,0.0,0.0,0.0,0.0,0.0,0.0,0.0,0.0,0.0,0.4,moderate,0.0,0.0,0.0,0
2026-07-26T08:22:38.645168,08/16 00:15,16.92,0.0,,,,20.0,26.0,0.0,0.0,0.0,0.0,0.0,0.0,0.0,0.0,0.0,0.34,low,0.0,0.0,0.0,0
2026-07-26T08:22:58.590756,08/16 01:15,15.83,0.0,,,,18.0,28.0,0.0,0.0,0.0,0.0,0.0,0.0,0.0,0.0,0.0,0.34,low,0.0,0.0,0.0,0
2026-07-26T08:22:58.612480,08/16 02:15,15.0,0.0,,,,18.0,28.0,0.0,0.0,0.0,0.0,0.0,0.0,0.0,0.0,0.0,0.34,low,0.0,0.0,0.0,0
2026-07-26T08:22:58.635205,08/16 03:15,15.0,0.0,,,,18.0,28.0,0.0,0.0,0.0,0.0,0.0,0.0,0.0,0.0,0.0,0.34,low,0.0,0.0,0.0,0
2026-07-26T08:22:58.655557,08/16 04:15,15.0,0.0,,,,18.0,28.0,0.0,0.0,0.0,0.0,0.0,0.0,0.0,0.0,0.0,0.34,low,0.0,0.0,0.0,0
2026-07-26T08:22:58.675555,08/16 05:15,15.15,0.0,,,,18.0,28.0,0.0,0.0,0.0,0.0,0.0,0.0,0.0,0.0,0.0,0.34,low,0.0,0.0,0.0,0
2026-07-26T08:22:58.695555,08/16 06:15,16.15,0.0,,,,18.0,28.0,0.0,0.0,0.0,0.0,0.0,0.0,0.0,0.0,0.0,0.43,moderate,0.0,0.0,0.0,0
2026-07-26T08:23:16.307453,08/16 07:15,18.08,0.0,,,,18.0,29.0,0.3764,0.094094,0.273009,0.094094,0.054932,0.0,0.0,0.898863,0.094094,0.43,moderate,0.04046,0.0,0.04046,0
2026-07-26T08:23:16.332019,08/16 08:15,19.32,0.0,,,,18.0,29.0,0.3764,0.094094,0.334366,0.094094,0.059006,0.0,0.0,1.210645,0.094094,0.43,moderate,0.04046,0.0,0.04046,0
2026-07-26T08:23:16.362540,08/16 09:23,20.88,52.0,22.6,21.56,23.17,18.0,29.0,0.3764,0.094094,0.361833,0.094094,0.066637,0.0,0.0,1.319336,0.094094,0.43,moderate,0.04046,0.0,0.04046,0
2026-07-26T08:23:16.386626,08/16 10:23,21.82,52.0,24.47,23.1,25.43,18.0,29.0,0.3764,0.094094,0.35519,0.094094,0.077985,0.0,0.0,1.264321,0.094094,0.3,low,0.028228,0.0,0.028228,0
2026-07-26T08:23:16.408904,08/16 11:23,22.07,52.0,25.32,23.85,26.4,18.0,29.0,0.3764,0.094094,0.368599,0.094094,0.089277,0.0,0.0,1.325317,0.094094,0.3,low,0.028228,0.0,0.028228,1
2026-07-26T08:23:16.429400,08/16 12:23,22.1,41.6,25.57,24.18,26.28,18.0,29.0,0.3764,0.094094,0.352084,0.094094,0.086736,0.0,0.0,1.246827,0.094094,0.3,low,0.028228,0.0,0.028228,1
2026-07-26T08:23:34.769369,08/16 13:15,23.18,20.8,25.31,24.08,25.98,20.0,27.0,0.3764,0.094094,0.430677,0.094094,0.096108,0.0,0.0,1.620813,0.094094,0.3,low,0.028228,0.0,0.028228,0
2026-07-26T08:23:34.791934,08/16 14:15,22.93,41.6,25.74,24.85,26.37,20.0,27.0,0.3764,0.094094,0.426196,0.094094,0.09523,0.0,0.0,1.599344,0.094094,0.3,low,0.028228,0.0,0.028228,1
2026-07-26T08:23:34.814420,08/16 15:15,23.18,52.0,26.1,25.19,26.56,20.0,27.0,0.3764,0.094094,0.422791,0.094094,0.09417,0.0,0.0,1.578112,0.094094,0.3,low,0.028228,0.0,0.028228,1
2026-07-26T08:23:34.836191,08/16 16:15,22.65,52.0,26.21,24.85,26.89,20.0,27.0,0.3764,0.094094,0.386701,0.094094,0.088764,0.0,0.0,1.410495,0.094094,0.55,high,0.051752,0.0,0.051752,1
2026-07-26T08:23:34.855004,08/16 17:15,21.92,52.0,25.95,24.36,27.0,20.0,27.0,0.3776,0.094411,0.401602,0.094411,0.089278,0.0,0.0,1.490678,0.094411,0.55,high,0.051926,0.0,0.051926,1
2026-07-26T08:23:34.874208,08/16 18:15,20.98,52.0,25.65,23.93,26.86,20.0,27.0,0.3764,0.094094,0.390573,0.094094,0.089428,0.0,0.0,1.444128,0.094094,0.55,high,0.051752,0.0,0.051752,1
2026-07-26T08:23:53.444337,08/16 19:23,20.3,26.0,23.88,22.55,24.52,20.0,25.0,0.3764,0.094094,0.373175,0.094094,0.088353,0.0,0.0,1.359939,0.094094,0.55,high,0.051752,0.0,0.051752,0
2026-07-26T08:23:53.467100,08/16 20:23,19.12,0.0,,,,20.0,25.0,0.3764,0.094094,0.338478,0.094094,0.08572,0.0,0.0,1.192931,0.094094,0.55,high,0.051752,0.0,0.051752,0
2026-07-26T08:23:53.487099,08/16 21:15,18.18,0.0,,,,20.0,25.0,0.0,0.0,0.0,0.0,0.0,0.0,0.0,0.0,0.0,0.4,moderate,0.0,0.0,0.0,0
2026-07-26T08:23:53.505092,08/16 22:15,17.1,0.0,,,,20.0,25.0,0.0,0.0,0.0,0.0,0.0,0.0,0.0,0.0,0.0,0.4,moderate,0.0,0.0,0.0,0
2026-07-26T08:23:53.521555,08/16 23:15,14.72,0.0,,,,20.0,25.0,0.0,0.0,0.0,0.0,0.0,0.0,0.0,0.0,0.0,0.4,moderate,0.0,0.0,0.0,0
2026-07-26T08:23:53.537573,08/17 00:15,14.03,0.0,,,,20.0,25.0,0.0,0.0,0.0,0.0,0.0,0.0,0.0,0.0,0.0,0.34,low,0.0,0.0,0.0,0
2026-07-26T08:24:11.086149,08/17 01:15,14.4,0.0,,,,18.0,27.0,0.0,0.0,0.0,0.0,0.0,0.0,0.0,0.0,0.0,0.34,low,0.0,0.0,0.0,0
2026-07-26T08:24:11.105155,08/17 02:15,14.12,0.0,,,,18.0,27.0,0.0,0.0,0.0,0.0,0.0,0.0,0.0,0.0,0.0,0.34,low,0.0,0.0,0.0,0
2026-07-26T08:24:11.125150,08/17 03:15,13.03,0.0,,,,18.0,27.0,0.0,0.0,0.0,0.0,0.0,0.0,0.0,0.0,0.0,0.34,low,0.0,0.0,0.0,0
2026-07-26T08:24:11.146147,08/17 04:15,12.2,0.0,,,,18.0,27.0,0.0,0.0,0.0,0.0,0.0,0.0,0.0,0.0,0.0,0.34,low,0.0,0.0,0.0,0
2026-07-26T08:24:11.166151,08/17 05:15,12.62,0.0,,,,18.0,27.0,0.0,0.0,0.0,0.0,0.0,0.0,0.0,0.0,0.0,0.34,low,0.0,0.0,0.0,0
2026-07-26T08:24:11.186153,08/17 06:15,14.73,0.0,,,,18.0,27.0,0.0,0.0,0.0,0.0,0.0,0.0,0.0,0.0,0.0,0.43,moderate,0.0,0.0,0.0,0
2026-07-26T08:24:28.091719,08/17 07:23,17.75,0.0,,,,18.0,29.0,0.0,0.0,0.0,0.0,0.0,0.0,0.0,0.0,0.0,0.43,moderate,0.0,0.0,0.0,0
2026-07-26T08:24:28.117277,08/17 08:23,19.97,0.0,,,,18.0,29.0,0.0,0.0,0.0,0.0,0.0,0.0,0.0,0.0,0.0,0.43,moderate,0.0,0.0,0.0,0
2026-07-26T08:24:28.137268,08/17 09:23,22.1,0.0,,,,18.0,29.0,0.0,0.0,0.0,0.0,0.0,0.0,0.0,0.0,0.0,0.43,moderate,0.0,0.0,0.0,0
2026-07-26T08:24:28.156375,08/17 10:15,23.45,0.0,,,,18.0,29.0,0.0,0.0,0.0,0.0,0.0,0.0,0.0,0.0,0.0,0.3,low,0.0,0.0,0.0,0
2026-07-26T08:24:28.174370,08/17 11:23,24.17,0.0,,,,18.0,29.0,0.0,0.0,0.0,0.0,0.0,0.0,0.0,0.0,0.0,0.3,low,0.0,0.0,0.0,0
2026-07-26T08:24:28.194369,08/17 12:15,25.15,0.0,,,,18.0,29.0,0.0,0.0,0.0,0.0,0.0,0.0,0.0,0.0,0.0,0.3,low,0.0,0.0,0.0,0
2026-07-26T08:24:44.904053,08/17 13:15,25.45,0.0,,,,18.0,29.0,0.0,0.0,0.0,0.0,0.0,0.0,0.0,0.0,0.0,0.3,low,0.0,0.0,0.0,0
2026-07-26T08:24:44.922054,08/17 14:15,24.85,0.0,,,,18.0,29.0,0.0,0.0,0.0,0.0,0.0,0.0,0.0,0.0,0.0,0.3,low,0.0,0.0,0.0,0
2026-07-26T08:24:44.940054,08/17 15:15,24.27,0.0,,,,18.0,29.0,0.0,0.0,0.0,0.0,0.0,0.0,0.0,0.0,0.0,0.3,low,0.0,0.0,0.0,0
2026-07-26T08:24:44.960054,08/17 16:15,23.62,0.0,,,,18.0,29.0,0.0,0.0,0.0,0.0,0.0,0.0,0.0,0.0,0.0,0.55,high,0.0,0.0,0.0,0
2026-07-26T08:24:44.978053,08/17 17:15,22.53,0.0,,,,18.0,29.0,0.0,0.0,0.0,0.0,0.0,0.0,0.0,0.0,0.0,0.55,high,0.0,0.0,0.0,0
2026-07-26T08:24:44.994052,08/17 18:23,21.42,0.0,,,,18.0,29.0,0.0,0.0,0.0,0.0,0.0,0.0,0.0,0.0,0.0,0.55,high,0.0,0.0,0.0,0
2026-07-26T08:25:01.007776,08/17 19:23,20.18,0.0,,,,18.0,29.0,0.0,0.0,0.0,0.0,0.0,0.0,0.0,0.0,0.0,0.55,high,0.0,0.0,0.0,0
2026-07-26T08:25:01.029773,08/17 20:23,18.75,0.0,,,,18.0,29.0,0.0,0.0,0.0,0.0,0.0,0.0,0.0,0.0,0.0,0.55,high,0.0,0.0,0.0,0
2026-07-26T08:25:01.046773,08/17 21:15,18.18,0.0,,,,18.0,29.0,0.0,0.0,0.0,0.0,0.0,0.0,0.0,0.0,0.0,0.4,moderate,0.0,0.0,0.0,0
2026-07-26T08:25:01.063774,08/17 22:15,17.53,0.0,,,,18.0,29.0,0.0,0.0,0.0,0.0,0.0,0.0,0.0,0.0,0.0,0.4,moderate,0.0,0.0,0.0,0
2026-07-26T08:25:01.079773,08/17 23:15,16.82,0.0,,,,18.0,29.0,0.0,0.0,0.0,0.0,0.0,0.0,0.0,0.0,0.0,0.4,moderate,0.0,0.0,0.0,0
2026-07-26T08:25:01.095772,08/18 00:15,16.65,0.0,,,,18.0,29.0,0.0,0.0,0.0,0.0,0.0,0.0,0.0,0.0,0.0,0.34,low,0.0,0.0,0.0,0
2026-07-26T08:25:17.685995,08/18 01:15,14.72,0.0,,,,18.0,29.0,0.0,0.0,0.0,0.0,0.0,0.0,0.0,0.0,0.0,0.34,low,0.0,0.0,0.0,0
2026-07-26T08:25:17.705993,08/18 02:15,13.75,0.0,,,,18.0,29.0,0.0,0.0,0.0,0.0,0.0,0.0,0.0,0.0,0.0,0.34,low,0.0,0.0,0.0,0
2026-07-26T08:25:17.723993,08/18 03:15,13.3,0.0,,,,18.0,29.0,0.0,0.0,0.0,0.0,0.0,0.0,0.0,0.0,0.0,0.34,low,0.0,0.0,0.0,0
2026-07-26T08:25:17.739992,08/18 04:15,13.3,0.0,,,,18.0,29.0,0.0,0.0,0.0,0.0,0.0,0.0,0.0,0.0,0.0,0.34,low,0.0,0.0,0.0,0
2026-07-26T08:25:17.755994,08/18 05:15,13.58,0.0,,,,18.0,29.0,0.0,0.0,0.0,0.0,0.0,0.0,0.0,0.0,0.0,0.34,low,0.0,0.0,0.0,0
2026-07-26T08:25:17.772992,08/18 06:23,15.38,0.0,,,,18.0,29.0,0.0,0.0,0.0,0.0,0.0,0.0,0.0,0.0,0.0,0.43,moderate,0.0,0.0,0.0,0
2026-07-26T08:25:33.541199,08/18 07:20,18.88,0.0,,,,18.0,29.0,0.0,0.0,0.0,0.0,0.0,0.0,0.0,0.0,0.0,0.43,moderate,0.0,0.0,0.0,0
2026-07-26T08:25:33.562200,08/18 08:23,21.15,0.0,,,,18.0,29.0,0.0,0.0,0.0,0.0,0.0,0.0,0.0,0.0,0.0,0.43,moderate,0.0,0.0,0.0,0
2026-07-26T08:25:33.581199,08/18 09:23,23.08,0.0,,,,18.0,29.0,0.0,0.0,0.0,0.0,0.0,0.0,0.0,0.0,0.0,0.43,moderate,0.0,0.0,0.0,0
2026-07-26T08:25:33.598201,08/18 10:15,24.17,0.0,,,,18.0,29.0,0.0,0.0,0.0,0.0,0.0,0.0,0.0,0.0,0.0,0.3,low,0.0,0.0,0.0,0
2026-07-26T08:25:33.615200,08/18 11:15,25.0,0.0,,,,18.0,29.0,0.0,0.0,0.0,0.0,0.0,0.0,0.0,0.0,0.0,0.3,low,0.0,0.0,0.0,0
2026-07-26T08:25:33.632199,08/18 12:23,25.0,0.0,,,,18.0,29.0,0.0,0.0,0.0,0.0,0.0,0.0,0.0,0.0,0.0,0.3,low,0.0,0.0,0.0,0
2026-07-26T08:25:49.614034,08/18 13:23,24.85,0.0,,,,18.0,29.0,0.0,0.0,0.0,0.0,0.0,0.0,0.0,0.0,0.0,0.3,low,0.0,0.0,0.0,0
2026-07-26T08:25:49.635033,08/18 14:15,24.4,0.0,,,,18.0,29.0,0.0,0.0,0.0,0.0,0.0,0.0,0.0,0.0,0.0,0.3,low,0.0,0.0,0.0,0
2026-07-26T08:25:49.657032,08/18 15:23,24.4,0.0,,,,18.0,29.0,0.0,0.0,0.0,0.0,0.0,0.0,0.0,0.0,0.0,0.3,low,0.0,0.0,0.0,0
2026-07-26T08:25:49.677031,08/18 16:23,24.12,0.0,,,,18.0,29.0,0.0,0.0,0.0,0.0,0.0,0.0,0.0,0.0,0.0,0.55,high,0.0,0.0,0.0,0
2026-07-26T08:25:49.694032,08/18 17:15,23.03,0.0,,,,18.0,29.0,0.0,0.0,0.0,0.0,0.0,0.0,0.0,0.0,0.0,0.55,high,0.0,0.0,0.0,0
2026-07-26T08:25:49.711032,08/18 18:15,21.8,0.0,,,,18.0,29.0,0.0,0.0,0.0,0.0,0.0,0.0,0.0,0.0,0.0,0.55,high,0.0,0.0,0.0,0
2026-07-26T08:26:05.099455,08/18 19:20,20.3,0.0,,,,18.0,29.0,0.0,0.0,0.0,0.0,0.0,0.0,0.0,0.0,0.0,0.55,high,0.0,0.0,0.0,0
2026-07-26T08:26:05.120449,08/18 20:23,19.12,0.0,,,,18.0,29.0,0.0,0.0,0.0,0.0,0.0,0.0,0.0,0.0,0.0,0.55,high,0.0,0.0,0.0,0
2026-07-26T08:26:05.137450,08/18 21:23,18.3,0.0,,,,18.0,29.0,0.0,0.0,0.0,0.0,0.0,0.0,0.0,0.0,0.0,0.4,moderate,0.0,0.0,0.0,0
2026-07-26T08:26:05.155450,08/18 22:15,17.75,0.0,,,,18.0,29.0,0.0,0.0,0.0,0.0,0.0,0.0,0.0,0.0,0.0,0.4,moderate,0.0,0.0,0.0,0
2026-07-26T08:26:05.172449,08/18 23:15,16.1,0.0,,,,18.0,29.0,0.0,0.0,0.0,0.0,0.0,0.0,0.0,0.0,0.0,0.4,moderate,0.0,0.0,0.0,0
2026-07-26T08:26:05.189448,08/19 00:15,15.68,0.0,,,,18.0,29.0,0.0,0.0,0.0,0.0,0.0,0.0,0.0,0.0,0.0,0.34,low,0.0,0.0,0.0,0
2026-07-26T08:26:21.478356,08/19 01:15,14.28,0.0,,,,18.0,29.0,0.0,0.0,0.0,0.0,0.0,0.0,0.0,0.0,0.0,0.34,low,0.0,0.0,0.0,0
2026-07-26T08:26:21.497350,08/19 02:15,13.9,0.0,,,,18.0,29.0,0.0,0.0,0.0,0.0,0.0,0.0,0.0,0.0,0.0,0.34,low,0.0,0.0,0.0,0
2026-07-26T08:26:21.516352,08/19 03:15,13.75,0.0,,,,18.0,29.0,0.0,0.0,0.0,0.0,0.0,0.0,0.0,0.0,0.0,0.34,low,0.0,0.0,0.0,0
2026-07-26T08:26:21.533353,08/19 04:15,13.45,0.0,,,,18.0,29.0,0.0,0.0,0.0,0.0,0.0,0.0,0.0,0.0,0.0,0.34,low,0.0,0.0,0.0,0
2026-07-26T08:26:21.551350,08/19 05:15,14.03,0.0,,,,18.0,29.0,0.0,0.0,0.0,0.0,0.0,0.0,0.0,0.0,0.0,0.34,low,0.0,0.0,0.0,0
2026-07-26T08:26:21.569355,08/19 06:23,15.25,0.0,,,,18.0,29.0,0.0,0.0,0.0,0.0,0.0,0.0,0.0,0.0,0.0,0.43,moderate,0.0,0.0,0.0,0
2026-07-26T08:26:37.131379,08/19 07:23,18.5,0.0,,,,18.0,29.0,0.3764,0.094094,0.286544,0.094094,0.056174,0.0,0.0,0.974046,0.094094,0.43,moderate,0.04046,0.0,0.04046,0
2026-07-26T08:26:37.152380,08/19 08:23,21.15,0.0,,,,18.0,29.0,0.3764,0.094094,0.355273,0.094094,0.061865,0.0,0.0,1.302356,0.094094,0.43,moderate,0.04046,0.0,0.04046,0
2026-07-26T08:26:37.175379,08/19 09:23,23.2,52.0,23.67,21.71,26.29,18.0,29.0,0.3764,0.094094,0.420026,0.094094,0.077553,0.0,0.0,1.580934,0.094094,0.43,moderate,0.04046,0.0,0.04046,1
2026-07-26T08:26:37.196385,08/19 10:23,24.55,52.0,25.31,23.29,27.91,18.0,29.0,0.3764,0.094094,0.428329,0.094094,0.091664,0.0,0.0,1.587512,0.094094,0.3,low,0.028228,0.0,0.028228,1
2026-07-26T08:26:37.215381,08/19 11:23,25.15,52.0,26.09,24.23,28.22,18.0,29.0,0.3764,0.094094,0.428136,0.094094,0.095052,0.0,0.0,1.583849,0.094094,0.3,low,0.028228,0.0,0.028228,1
2026-07-26T08:26:37.235379,08/19 12:23,25.6,41.6,26.21,24.57,27.53,18.0,29.0,0.3764,0.094094,0.45141,0.094094,0.097101,0.0,0.0,1.687156,0.094094,0.3,low,0.028228,0.0,0.028228,1
2026-07-26T08:26:54.594352,08/19 13:15,25.73,20.8,25.88,24.53,26.61,20.0,27.0,0.3764,0.094094,0.454424,0.094094,0.097101,0.0,0.0,1.700152,0.094094,0.3,low,0.028228,0.0,0.028228,1
2026-07-26T08:26:54.613449,08/19 14:15,26.1,41.6,26.25,25.25,27.0,20.0,27.0,0.3767,0.094173,0.500075,0.094173,0.102145,0.0,0.0,1.906393,0.094173,0.3,low,0.028252,0.0,0.028252,1
2026-07-26T08:26:54.631349,08/19 15:15,25.98,52.0,26.41,25.82,27.0,20.0,27.0,0.3772,0.09431,0.519626,0.09431,0.103388,0.0,0.0,1.993919,0.09431,0.3,low,0.028293,0.0,0.028293,1
2026-07-26T08:26:54.648348,08/19 16:15,25.45,52.0,26.28,25.44,26.84,20.0,27.0,0.3764,0.094094,0.493027,0.094094,0.100553,0.0,0.0,1.878259,0.094094,0.55,high,0.051752,0.0,0.051752,1
2026-07-26T08:26:54.664353,08/19 17:15,24.85,52.0,25.68,24.77,26.18,20.0,27.0,0.3764,0.094094,0.499794,0.094094,0.101694,0.0,0.0,1.919408,0.094094,0.55,high,0.051752,0.0,0.051752,1
2026-07-26T08:26:54.682349,08/19 18:15,24.27,52.0,25.19,24.22,25.97,20.0,27.0,0.3764,0.094094,0.486113,0.094094,0.100426,0.0,0.0,1.863388,0.094094,0.55,high,0.051752,0.0,0.051752,0
2026-07-26T08:27:10.498000,08/19 19:15,23.9,26.0,23.65,22.8,24.47,20.0,26.0,0.3764,0.094094,0.469259,0.094094,0.099631,0.0,0.0,1.79018,0.094094,0.55,high,0.051752,0.0,0.051752,0
2026-07-26T08:27:10.518994,08/19 20:23,23.75,0.0,,,,20.0,26.0,0.3764,0.094094,0.458199,0.094094,0.099631,0.0,0.0,1.737609,0.094094,0.55,high,0.051752,0.0,0.051752,0
2026-07-26T08:27:10.536995,08/19 21:15,23.18,0.0,,,,20.0,26.0,0.0,0.0,0.0,0.0,0.0,0.0,0.0,0.0,0.0,0.4,moderate,0.0,0.0,0.0,0
2026-07-26T08:27:10.553998,08/19 22:15,22.53,0.0,,,,20.0,26.0,0.0,0.0,0.0,0.0,0.0,0.0,0.0,0.0,0.0,0.4,moderate,0.0,0.0,0.0,0
2026-07-26T08:27:10.570997,08/19 23:15,21.27,0.0,,,,20.0,26.0,0.0,0.0,0.0,0.0,0.0,0.0,0.0,0.0,0.0,0.4,moderate,0.0,0.0,0.0,0
2026-07-26T08:27:10.586994,08/20 00:15,20.0,0.0,,,,20.0,26.0,0.0,0.0,0.0,0.0,0.0,0.0,0.0,0.0,0.0,0.34,low,0.0,0.0,0.0,0
2026-07-26T08:27:27.172970,08/20 01:15,20.27,0.0,,,,18.0,28.0,0.0,0.0,0.0,0.0,0.0,0.0,0.0,0.0,0.0,0.34,low,0.0,0.0,0.0,0
2026-07-26T08:27:27.192544,08/20 02:15,21.1,0.0,,,,18.0,28.0,0.0,0.0,0.0,0.0,0.0,0.0,0.0,0.0,0.0,0.34,low,0.0,0.0,0.0,0
2026-07-26T08:27:27.209509,08/20 03:15,21.25,0.0,,,,18.0,28.0,0.0,0.0,0.0,0.0,0.0,0.0,0.0,0.0,0.0,0.34,low,0.0,0.0,0.0,0
2026-07-26T08:27:27.228698,08/20 04:15,21.7,0.0,,,,18.0,28.0,0.0,0.0,0.0,0.0,0.0,0.0,0.0,0.0,0.0,0.34,low,0.0,0.0,0.0,0
2026-07-26T08:27:27.244655,08/20 05:15,21.7,0.0,,,,18.0,28.0,0.0,0.0,0.0,0.0,0.0,0.0,0.0,0.0,0.0,0.34,low,0.0,0.0,0.0,0
2026-07-26T08:27:27.262083,08/20 06:15,21.82,0.0,,,,18.0,28.0,0.0,0.0,0.0,0.0,0.0,0.0,0.0,0.0,0.0,0.43,moderate,0.0,0.0,0.0,0
2026-07-26T08:27:43.266209,08/20 07:15,22.35,0.0,,,,18.0,29.0,0.3764,0.094094,0.573239,0.094094,0.100126,0.0,0.0,2.313224,0.094094,0.43,moderate,0.04046,0.0,0.04046,0
2026-07-26T08:27:43.287214,08/20 08:15,23.2,0.0,,,,18.0,29.0,0.3764,0.094094,0.610284,0.094094,0.101226,0.0,0.0,2.475994,0.094094,0.43,moderate,0.04046,0.0,0.04046,0
2026-07-26T08:27:43.308206,08/20 09:23,24.82,52.0,23.21,22.24,23.97,18.0,29.0,0.3764,0.094094,0.657939,0.094094,0.112992,0.0,0.0,2.646168,0.094094,0.43,moderate,0.04046,0.0,0.04046,0
2026-07-26T08:27:43.330214,08/20 10:23,26.25,52.0,24.95,23.74,25.67,18.0,29.0,0.3764,0.094094,0.656299,0.094094,0.122793,0.0,0.0,2.591459,0.094094,0.3,low,0.028228,0.0,0.028228,0
2026-07-26T08:27:43.351207,08/20 11:23,26.97,52.0,25.91,24.56,26.79,18.0,29.0,0.3764,0.094094,0.679268,0.094094,0.12717,0.0,0.0,2.682757,0.094094,0.3,low,0.028228,0.0,0.028228,1
2026-07-26T08:27:43.371207,08/20 12:23,28.08,41.6,26.13,24.84,26.88,18.0,29.0,0.3764,0.094094,0.699174,0.094094,0.126972,0.0,0.0,2.742515,0.094094,0.3,low,0.028228,0.0,0.028228,1
2026-07-26T08:28:01.141915,08/20 13:15,28.62,20.8,25.94,24.79,26.84,20.0,27.0,0.3764,0.094094,0.700298,0.094094,0.125823,0.0,0.0,2.719197,0.094094,0.3,low,0.028228,0.0,0.028228,1
2026-07-26T08:28:01.161918,08/20 14:15,28.08,41.6,26.32,25.49,27.0,20.0,27.0,0.3787,0.094672,0.64904,0.094672,0.118092,0.0,0.0,2.530006,0.094672,0.3,low,0.028402,0.0,0.028402,1
2026-07-26T08:28:01.181915,08/20 15:15,28.47,52.0,26.56,25.98,27.0,20.0,27.0,0.3804,0.095106,0.715536,0.095106,0.122644,0.0,0.0,2.790137,0.095106,0.3,low,0.028532,0.0,0.028532,1
2026-07-26T08:28:01.197914,08/20 16:15,27.35,52.0,26.48,25.59,27.0,20.0,27.0,0.3764,0.09411,0.619624,0.09411,0.115465,0.0,0.0,2.41248,0.09411,0.55,high,0.051761,0.0,0.051761,1
2026-07-26T08:28:01.214915,08/20 17:15,27.38,52.0,26.03,25.01,26.5,20.0,27.0,0.3764,0.094094,0.622581,0.094094,0.115253,0.0,0.0,2.416625,0.094094,0.55,high,0.051752,0.0,0.051752,1
2026-07-26T08:28:01.230916,08/20 18:15,25.4,52.0,25.51,24.45,26.08,20.0,27.0,0.3764,0.094094,0.510593,0.094094,0.10226,0.0,0.0,1.946723,0.094094,0.55,high,0.051752,0.0,0.051752,1
2026-07-26T08:28:17.379539,08/20 19:23,23.03,26.0,23.8,22.92,24.53,20.0,25.0,0.3764,0.094094,0.457465,0.094094,0.098194,0.0,0.0,1.739258,0.094094,0.55,high,0.051752,0.0,0.051752,0
2026-07-26T08:28:17.399538,08/20 20:23,21.65,0.0,,,,20.0,25.0,0.3764,0.094094,0.422552,0.094094,0.095648,0.0,0.0,1.585566,0.094094,0.55,high,0.051752,0.0,0.051752,0
2026-07-26T08:28:17.415539,08/20 21:15,19.85,0.0,,,,20.0,25.0,0.0,0.0,0.0,0.0,0.0,0.0,0.0,0.0,0.0,0.4,moderate,0.0,0.0,0.0,0
2026-07-26T08:28:17.430537,08/20 22:15,19.12,0.0,,,,20.0,25.0,0.0,0.0,0.0,0.0,0.0,0.0,0.0,0.0,0.0,0.4,moderate,0.0,0.0,0.0,0
2026-07-26T08:28:17.446537,08/20 23:15,18.45,0.0,,,,20.0,25.0,0.0,0.0,0.0,0.0,0.0,0.0,0.0,0.0,0.0,0.4,moderate,0.0,0.0,0.0,0
2026-07-26T08:28:17.461536,08/21 00:15,18.62,0.0,,,,20.0,25.0,0.0,0.0,0.0,0.0,0.0,0.0,0.0,0.0,0.0,0.34,low,0.0,0.0,0.0,0
2026-07-26T08:28:34.499497,08/21 01:15,17.65,0.0,,,,18.0,27.0,0.0,0.0,0.0,0.0,0.0,0.0,0.0,0.0,0.0,0.34,low,0.0,0.0,0.0,0
2026-07-26T08:28:34.522504,08/21 02:15,16.92,0.0,,,,18.0,27.0,0.0,0.0,0.0,0.0,0.0,0.0,0.0,0.0,0.0,0.34,low,0.0,0.0,0.0,0
2026-07-26T08:28:34.543498,08/21 03:15,16.1,0.0,,,,18.0,27.0,0.0,0.0,0.0,0.0,0.0,0.0,0.0,0.0,0.0,0.34,low,0.0,0.0,0.0,0
2026-07-26T08:28:34.564500,08/21 04:15,16.25,0.0,,,,18.0,27.0,0.0,0.0,0.0,0.0,0.0,0.0,0.0,0.0,0.0,0.34,low,0.0,0.0,0.0,0
2026-07-26T08:28:34.586498,08/21 05:15,16.7,0.0,,,,18.0,27.0,0.0,0.0,0.0,0.0,0.0,0.0,0.0,0.0,0.0,0.34,low,0.0,0.0,0.0,0
2026-07-26T08:28:34.606494,08/21 06:15,17.8,0.0,,,,18.0,27.0,0.0,0.0,0.0,0.0,0.0,0.0,0.0,0.0,0.0,0.43,moderate,0.0,0.0,0.0,0
2026-07-26T08:28:54.395911,08/21 07:23,21.53,0.0,,,,18.0,29.0,0.3764,0.094094,0.429111,0.094094,0.075996,0.0,0.0,1.663033,0.094094,0.43,moderate,0.04046,0.0,0.04046,0
2026-07-26T08:28:54.420050,08/21 08:23,23.5,0.0,,,,18.0,29.0,0.3764,0.094094,0.42837,0.094094,0.072286,0.0,0.0,1.63164,0.094094,0.43,moderate,0.04046,0.0,0.04046,0
2026-07-26T08:28:54.445042,08/21 09:23,26.0,52.0,23.87,22.07,26.16,18.0,29.0,0.3764,0.094094,0.47802,0.094094,0.086053,0.0,0.0,1.820278,0.094094,0.43,moderate,0.04046,0.0,0.04046,1
2026-07-26T08:28:54.465581,08/21 10:23,27.47,52.0,25.62,23.68,28.08,18.0,29.0,0.3764,0.094094,0.521252,0.094094,0.103639,0.0,0.0,1.975715,0.094094,0.3,low,0.028228,0.0,0.028228,1
2026-07-26T08:28:54.484541,08/21 11:23,28.45,52.0,26.37,24.48,28.54,18.0,29.0,0.3764,0.094094,0.530446,0.094094,0.105485,0.0,0.0,2.002679,0.094094,0.3,low,0.028228,0.0,0.028228,1
2026-07-26T08:28:54.505093,08/21 12:23,29.02,41.6,26.56,24.85,28.01,18.0,29.0,0.3764,0.094094,0.555392,0.094094,0.107413,0.0,0.0,2.102387,0.094094,0.3,low,0.028228,0.0,0.028228,1
2026-07-26T08:29:15.765306,08/21 13:15,29.7,20.8,26.26,24.81,26.96,20.0,27.0,0.3764,0.094094,0.645238,0.094094,0.117974,0.0,0.0,2.479253,0.094094,0.3,low,0.028228,0.0,0.028228,1
2026-07-26T08:29:15.789813,08/21 14:15,30.3,41.6,26.55,25.59,27.0,20.0,27.0,0.3816,0.095399,0.697676,0.095399,0.11743,0.0,0.0,2.671774,0.095399,0.3,low,0.02862,0.0,0.02862,1
2026-07-26T08:29:15.811747,08/21 15:15,29.27,52.0,26.68,26.26,27.0,20.0,27.0,0.3829,0.095713,0.647754,0.095713,0.110281,0.0,0.0,2.493782,0.095713,0.3,low,0.028714,0.0,0.028714,1
2026-07-26T08:29:15.831250,08/21 16:15,28.62,52.0,26.72,25.84,27.0,20.0,27.0,0.3802,0.095047,0.61552,0.095047,0.108892,0.0,0.0,2.362762,0.095047,0.55,high,0.052276,0.0,0.052276,1
2026-07-26T08:29:15.849263,08/21 17:15,27.65,52.0,26.22,25.16,26.73,20.0,27.0,0.3764,0.094094,0.602538,0.094094,0.112284,0.0,0.0,2.330879,0.094094,0.55,high,0.051752,0.0,0.051752,1
2026-07-26T08:29:15.868772,08/21 18:15,26.92,52.0,25.71,24.63,26.23,20.0,27.0,0.3764,0.094094,0.60092,0.094094,0.112617,0.0,0.0,2.335028,0.094094,0.55,high,0.051752,0.0,0.051752,1
2026-07-26T08:29:34.606258,08/21 19:23,25.83,26.0,24.05,23.18,24.66,20.0,25.0,0.3764,0.094094,0.608579,0.094094,0.115843,0.0,0.0,2.388626,0.094094,0.55,high,0.051752,0.0,0.051752,0
2026-07-26T08:29:34.633927,08/21 20:23,24.73,0.0,,,,20.0,25.0,0.3764,0.094094,0.613515,0.094094,0.119292,0.0,0.0,2.430561,0.094094,0.55,high,0.051752,0.0,0.051752,0
2026-07-26T08:29:34.656384,08/21 21:15,24.02,0.0,,,,20.0,25.0,0.0,0.0,0.0,0.0,0.0,0.0,0.0,0.0,0.0,0.4,moderate,0.0,0.0,0.0,0
2026-07-26T08:29:34.677372,08/21 22:15,24.27,0.0,,,,20.0,25.0,0.0,0.0,0.0,0.0,0.0,0.0,0.0,0.0,0.0,0.4,moderate,0.0,0.0,0.0,0
2026-07-26T08:29:34.695366,08/21 23:15,23.9,0.0,,,,20.0,25.0,0.0,0.0,0.0,0.0,0.0,0.0,0.0,0.0,0.0,0.4,moderate,0.0,0.0,0.0,0
2026-07-26T08:29:34.717581,08/22 00:15,23.62,0.0,,,,20.0,25.0,0.0,0.0,0.0,0.0,0.0,0.0,0.0,0.0,0.0,0.34,low,0.0,0.0,0.0,0
2026-07-26T08:29:51.989388,08/22 01:15,22.8,0.0,,,,18.0,27.0,0.0,0.0,0.0,0.0,0.0,0.0,0.0,0.0,0.0,0.34,low,0.0,0.0,0.0,0
2026-07-26T08:29:52.013386,08/22 02:15,22.93,0.0,,,,18.0,27.0,0.0,0.0,0.0,0.0,0.0,0.0,0.0,0.0,0.0,0.34,low,0.0,0.0,0.0,0
2026-07-26T08:29:52.037386,08/22 03:15,23.18,0.0,,,,18.0,27.0,0.0,0.0,0.0,0.0,0.0,0.0,0.0,0.0,0.0,0.34,low,0.0,0.0,0.0,0
2026-07-26T08:29:52.058389,08/22 04:15,22.8,0.0,,,,18.0,27.0,0.0,0.0,0.0,0.0,0.0,0.0,0.0,0.0,0.0,0.34,low,0.0,0.0,0.0,0
2026-07-26T08:29:52.077387,08/22 05:15,22.8,0.0,,,,18.0,27.0,0.0,0.0,0.0,0.0,0.0,0.0,0.0,0.0,0.0,0.34,low,0.0,0.0,0.0,0
2026-07-26T08:29:52.096399,08/22 06:15,22.65,0.0,,,,18.0,27.0,0.0,0.0,0.0,0.0,0.0,0.0,0.0,0.0,0.0,0.43,moderate,0.0,0.0,0.0,0
2026-07-26T08:30:15.675204,08/22 07:15,22.07,0.0,,,,18.0,29.0,0.3764,0.094094,0.574131,0.094094,0.101772,0.0,0.0,2.314996,0.094094,0.43,moderate,0.04046,0.0,0.04046,0
2026-07-26T08:30:15.703736,08/22 08:15,21.82,0.0,,,,18.0,29.0,0.3764,0.094094,0.563047,0.094094,0.096131,0.0,0.0,2.275788,0.094094,0.43,moderate,0.04046,0.0,0.04046,0
2026-07-26T08:30:15.733943,08/22 09:23,22.47,52.0,22.7,21.88,23.36,18.0,29.0,0.3764,0.094094,0.608109,0.094094,0.10667,0.0,0.0,2.464793,0.094094,0.43,moderate,0.04046,0.0,0.04046,0
2026-07-26T08:30:15.759596,08/22 10:15,23.45,52.0,24.37,23.42,25.2,18.0,29.0,0.3764,0.094094,0.631419,0.094094,0.118781,0.0,0.0,2.541632,0.094094,0.3,low,0.028228,0.0,0.028228,0
2026-07-26T08:30:15.782595,08/22 11:15,24.17,52.0,25.11,24.16,26.03,18.0,29.0,0.3764,0.094094,0.683822,0.094094,0.129892,0.0,0.0,2.764394,0.094094,0.3,low,0.028228,0.0,0.028228,1
2026-07-26T08:30:15.804605,08/22 12:15,25.15,41.6,25.51,24.6,26.54,18.0,29.0,0.3764,0.094094,0.750721,0.094094,0.137176,0.0,0.0,3.030312,0.094094,0.3,low,0.028228,0.0,0.028228,1
2026-07-26T08:30:35.131226,08/22 13:15,25.88,20.8,25.26,24.36,26.3,20.0,27.0,0.3764,0.094094,0.797083,0.094094,0.142801,0.0,0.0,3.210758,0.094094,0.3,low,0.028228,0.0,0.028228,1
2026-07-26T08:30:35.157473,08/22 14:15,27.1,41.6,25.68,24.87,26.62,20.0,27.0,0.3764,0.094094,0.795277,0.094094,0.141563,0.0,0.0,3.172993,0.094094,0.3,low,0.028228,0.0,0.028228,1
2026-07-26T08:30:35.180571,08/22 15:15,28.3,52.0,26.19,25.26,26.89,20.0,27.0,0.3764,0.094094,0.867633,0.094094,0.147458,0.0,0.0,3.42633,0.094094,0.3,low,0.028228,0.0,0.028228,1
2026-07-26T08:30:35.202105,08/22 16:15,28.45,52.0,26.29,25.09,26.79,20.0,27.0,0.3764,0.094094,0.875612,0.094094,0.147458,0.0,0.0,3.456717,0.094094,0.55,high,0.051752,0.0,0.051752,1
2026-07-26T08:30:35.222557,08/22 17:15,28.62,52.0,26.1,24.68,26.84,20.0,27.0,0.3764,0.094094,0.902364,0.094094,0.147458,0.0,0.0,3.547006,0.094094,0.55,high,0.051752,0.0,0.051752,1
2026-07-26T08:30:35.243106,08/22 18:15,27.53,52.0,25.74,24.34,26.29,20.0,27.0,0.3764,0.094094,0.866361,0.094094,0.147219,0.0,0.0,3.432865,0.094094,0.55,high,0.051752,0.0,0.051752,1
2026-07-26T08:30:54.213947,08/22 19:23,26.42,26.0,24.11,23.01,24.6,20.0,25.0,0.3764,0.094094,0.827793,0.094094,0.14463,0.0,0.0,3.307084,0.094094,0.55,high,0.051752,0.0,0.051752,0
2026-07-26T08:30:54.237750,08/22 20:15,25.3,0.0,,,,20.0,25.0,0.3764,0.094094,0.793073,0.094094,0.142886,0.0,0.0,3.191703,0.094094,0.55,high,0.051752,0.0,0.051752,0
2026-07-26T08:30:54.262336,08/22 21:15,24.4,0.0,,,,20.0,25.0,0.0,0.0,0.0,0.0,0.0,0.0,0.0,0.0,0.0,0.4,moderate,0.0,0.0,0.0,0
2026-07-26T08:30:54.285164,08/22 22:15,24.4,0.0,,,,20.0,25.0,0.0,0.0,0.0,0.0,0.0,0.0,0.0,0.0,0.0,0.4,moderate,0.0,0.0,0.0,0
2026-07-26T08:30:54.306338,08/22 23:15,24.0,0.0,,,,20.0,25.0,0.0,0.0,0.0,0.0,0.0,0.0,0.0,0.0,0.0,0.4,moderate,0.0,0.0,0.0,0
2026-07-26T08:30:54.323912,08/23 00:15,22.8,0.0,,,,20.0,25.0,0.0,0.0,0.0,0.0,0.0,0.0,0.0,0.0,0.0,0.34,low,0.0,0.0,0.0,0
2026-07-26T08:31:11.381291,08/23 01:15,22.8,0.0,,,,18.0,27.0,0.0,0.0,0.0,0.0,0.0,0.0,0.0,0.0,0.0,0.34,low,0.0,0.0,0.0,0
2026-07-26T08:31:11.406806,08/23 02:15,22.8,0.0,,,,18.0,27.0,0.0,0.0,0.0,0.0,0.0,0.0,0.0,0.0,0.0,0.34,low,0.0,0.0,0.0,0
2026-07-26T08:31:11.429847,08/23 03:15,22.65,0.0,,,,18.0,27.0,0.0,0.0,0.0,0.0,0.0,0.0,0.0,0.0,0.0,0.34,low,0.0,0.0,0.0,0
2026-07-26T08:31:11.454856,08/23 04:15,22.07,0.0,,,,18.0,27.0,0.0,0.0,0.0,0.0,0.0,0.0,0.0,0.0,0.0,0.34,low,0.0,0.0,0.0,0
2026-07-26T08:31:11.475377,08/23 05:15,21.7,0.0,,,,18.0,27.0,0.0,0.0,0.0,0.0,0.0,0.0,0.0,0.0,0.0,0.34,low,0.0,0.0,0.0,0
2026-07-26T08:31:11.494889,08/23 06:15,21.7,0.0,,,,18.0,27.0,0.0,0.0,0.0,0.0,0.0,0.0,0.0,0.0,0.0,0.43,moderate,0.0,0.0,0.0,0
2026-07-26T08:31:32.706642,08/23 07:15,21.7,0.0,,,,18.0,29.0,0.3764,0.094094,0.521479,0.094094,0.095501,0.0,0.0,2.07723,0.094094,0.43,moderate,0.04046,0.0,0.04046,0
2026-07-26T08:31:32.735986,08/23 08:15,21.82,0.0,,,,18.0,29.0,0.3764,0.094094,0.519888,0.094094,0.090193,0.0,0.0,2.075607,0.094094,0.43,moderate,0.04046,0.0,0.04046,0
2026-07-26T08:31:32.770671,08/23 09:23,21.92,52.0,22.62,21.78,23.24,18.0,29.0,0.3764,0.094094,0.534202,0.094094,0.095979,0.0,0.0,2.124604,0.094094,0.43,moderate,0.04046,0.0,0.04046,0
2026-07-26T08:31:32.794303,08/23 10:15,21.1,52.0,23.88,22.89,24.65,18.0,29.0,0.3764,0.094094,0.517011,0.094094,0.104309,0.0,0.0,2.048981,0.094094,0.3,low,0.028228,0.0,0.028228,0
2026-07-26T08:31:32.818143,08/23 11:15,21.1,52.0,24.5,23.49,25.25,18.0,29.0,0.3764,0.094094,0.500232,0.094094,0.107612,0.0,0.0,1.968389,0.094094,0.3,low,0.028228,0.0,0.028228,0
2026-07-26T08:31:32.840327,08/23 12:15,21.1,41.6,24.66,23.67,25.45,18.0,29.0,0.3764,0.094094,0.511239,0.094094,0.107623,0.0,0.0,2.023528,0.094094,0.3,low,0.028228,0.0,0.028228,0
2026-07-26T08:31:54.610046,08/23 13:15,21.25,20.8,24.6,23.69,25.51,20.0,27.0,0.3764,0.094094,0.470519,0.094094,0.102253,0.0,0.0,1.827146,0.094094,0.3,low,0.028228,0.0,0.028228,0
2026-07-26T08:31:54.713665,08/23 14:15,21.7,41.6,25.11,24.23,26.02,20.0,27.0,0.3764,0.094094,0.500752,0.094094,0.106283,0.0,0.0,1.967872,0.094094,0.3,low,0.028228,0.0,0.028228,1
2026-07-26T08:31:54.772764,08/23 15:15,21.42,52.0,25.31,24.51,26.13,20.0,27.0,0.3764,0.094094,0.492549,0.094094,0.104455,0.0,0.0,1.927756,0.094094,0.3,low,0.028228,0.0,0.028228,1
2026-07-26T08:31:54.803442,08/23 16:15,20.6,52.0,25.11,24.25,25.86,20.0,27.0,0.3764,0.094094,0.453416,0.094094,0.099033,0.0,0.0,1.751984,0.094094,0.55,high,0.051752,0.0,0.051752,0
2026-07-26T08:31:54.827765,08/23 17:15,20.6,52.0,24.59,23.74,25.55,20.0,27.0,0.3764,0.094094,0.454321,0.094094,0.099033,0.0,0.0,1.758589,0.094094,0.55,high,0.051752,0.0,0.051752,0
2026-07-26T08:31:54.857692,08/23 18:15,20.45,52.0,24.28,23.38,25.43,20.0,27.0,0.3764,0.094094,0.45388,0.094094,0.099033,0.0,0.0,1.756249,0.094094,0.55,high,0.051752,0.0,0.051752,0
2026-07-26T08:32:17.360633,08/23 19:15,20.0,26.0,22.88,22.0,23.99,20.0,26.0,0.3764,0.094094,0.387992,0.094094,0.091313,0.0,0.0,1.434373,0.094094,0.55,high,0.051752,0.0,0.051752,0
2026-07-26T08:32:17.392952,08/23 20:15,20.0,0.0,,,,20.0,26.0,0.3764,0.094094,0.387824,0.094094,0.092876,0.0,0.0,1.437887,0.094094,0.55,high,0.051752,0.0,0.051752,0
2026-07-26T08:32:17.418662,08/23 21:15,20.15,0.0,,,,20.0,26.0,0.0,0.0,0.0,0.0,0.0,0.0,0.0,0.0,0.0,0.4,moderate,0.0,0.0,0.0,0
2026-07-26T08:32:17.438793,08/23 22:15,20.73,0.0,,,,20.0,26.0,0.0,0.0,0.0,0.0,0.0,0.0,0.0,0.0,0.0,0.4,moderate,0.0,0.0,0.0,0
2026-07-26T08:32:17.460406,08/23 23:15,21.1,0.0,,,,20.0,26.0,0.0,0.0,0.0,0.0,0.0,0.0,0.0,0.0,0.0,0.4,moderate,0.0,0.0,0.0,0
2026-07-26T08:32:17.481479,08/24 00:15,20.98,0.0,,,,20.0,26.0,0.0,0.0,0.0,0.0,0.0,0.0,0.0,0.0,0.0,0.34,low,0.0,0.0,0.0,0
2026-07-26T08:32:39.253497,08/24 01:15,20.45,0.0,,,,18.0,28.0,0.0,0.0,0.0,0.0,0.0,0.0,0.0,0.0,0.0,0.34,low,0.0,0.0,0.0,0
2026-07-26T08:32:39.280720,08/24 02:15,20.0,0.0,,,,18.0,28.0,0.0,0.0,0.0,0.0,0.0,0.0,0.0,0.0,0.0,0.34,low,0.0,0.0,0.0,0
2026-07-26T08:32:39.307293,08/24 03:15,19.85,0.0,,,,18.0,28.0,0.0,0.0,0.0,0.0,0.0,0.0,0.0,0.0,0.0,0.34,low,0.0,0.0,0.0,0
2026-07-26T08:32:39.328353,08/24 04:15,19.55,0.0,,,,18.0,28.0,0.0,0.0,0.0,0.0,0.0,0.0,0.0,0.0,0.0,0.34,low,0.0,0.0,0.0,0
2026-07-26T08:32:39.352734,08/24 05:15,20.0,0.0,,,,18.0,28.0,0.0,0.0,0.0,0.0,0.0,0.0,0.0,0.0,0.0,0.34,low,0.0,0.0,0.0,0
2026-07-26T08:32:39.377396,08/24 06:15,20.15,0.0,,,,18.0,28.0,0.0,0.0,0.0,0.0,0.0,0.0,0.0,0.0,0.0,0.43,moderate,0.0,0.0,0.0,0
2026-07-26T08:33:01.011744,08/24 07:15,20.6,0.0,,,,18.0,29.0,0.0,0.0,0.0,0.0,0.0,0.0,0.0,0.0,0.0,0.43,moderate,0.0,0.0,0.0,0
2026-07-26T08:33:01.037386,08/24 08:15,20.73,0.0,,,,18.0,29.0,0.0,0.0,0.0,0.0,0.0,0.0,0.0,0.0,0.0,0.43,moderate,0.0,0.0,0.0,0
2026-07-26T08:33:01.061879,08/24 09:15,21.25,0.0,,,,18.0,29.0,0.0,0.0,0.0,0.0,0.0,0.0,0.0,0.0,0.0,0.43,moderate,0.0,0.0,0.0,0
2026-07-26T08:33:01.085101,08/24 10:23,21.7,0.0,,,,18.0,29.0,0.0,0.0,0.0,0.0,0.0,0.0,0.0,0.0,0.0,0.3,low,0.0,0.0,0.0,0
2026-07-26T08:33:01.107326,08/24 11:15,21.82,0.0,,,,18.0,29.0,0.0,0.0,0.0,0.0,0.0,0.0,0.0,0.0,0.0,0.3,low,0.0,0.0,0.0,0
2026-07-26T08:33:01.127970,08/24 12:15,22.35,0.0,,,,18.0,29.0,0.0,0.0,0.0,0.0,0.0,0.0,0.0,0.0,0.0,0.3,low,0.0,0.0,0.0,0
2026-07-26T08:33:22.786707,08/24 13:15,22.65,0.0,,,,18.0,29.0,0.0,0.0,0.0,0.0,0.0,0.0,0.0,0.0,0.0,0.3,low,0.0,0.0,0.0,0
2026-07-26T08:33:22.823162,08/24 14:15,22.2,0.0,,,,18.0,29.0,0.0,0.0,0.0,0.0,0.0,0.0,0.0,0.0,0.0,0.3,low,0.0,0.0,0.0,0
2026-07-26T08:33:22.851021,08/24 15:15,22.35,0.0,,,,18.0,29.0,0.0,0.0,0.0,0.0,0.0,0.0,0.0,0.0,0.0,0.3,low,0.0,0.0,0.0,0
2026-07-26T08:33:22.879625,08/24 16:23,22.65,0.0,,,,18.0,29.0,0.0,0.0,0.0,0.0,0.0,0.0,0.0,0.0,0.0,0.55,high,0.0,0.0,0.0,0
2026-07-26T08:33:22.908702,08/24 17:15,22.07,0.0,,,,18.0,29.0,0.0,0.0,0.0,0.0,0.0,0.0,0.0,0.0,0.0,0.55,high,0.0,0.0,0.0,0
2026-07-26T08:33:22.938336,08/24 18:15,21.42,0.0,,,,18.0,29.0,0.0,0.0,0.0,0.0,0.0,0.0,0.0,0.0,0.0,0.55,high,0.0,0.0,0.0,0
2026-07-26T08:33:44.579565,08/24 19:23,20.6,0.0,,,,18.0,29.0,0.0,0.0,0.0,0.0,0.0,0.0,0.0,0.0,0.0,0.55,high,0.0,0.0,0.0,0
2026-07-26T08:33:44.612387,08/24 20:23,20.45,0.0,,,,18.0,29.0,0.0,0.0,0.0,0.0,0.0,0.0,0.0,0.0,0.0,0.55,high,0.0,0.0,0.0,0
2026-07-26T08:33:44.641234,08/24 21:15,19.85,0.0,,,,18.0,29.0,0.0,0.0,0.0,0.0,0.0,0.0,0.0,0.0,0.0,0.4,moderate,0.0,0.0,0.0,0
2026-07-26T08:33:44.665419,08/24 22:15,19.82,0.0,,,,18.0,29.0,0.0,0.0,0.0,0.0,0.0,0.0,0.0,0.0,0.0,0.4,moderate,0.0,0.0,0.0,0
2026-07-26T08:33:44.691293,08/24 23:15,20.83,0.0,,,,18.0,29.0,0.0,0.0,0.0,0.0,0.0,0.0,0.0,0.0,0.0,0.4,moderate,0.0,0.0,0.0,0
2026-07-26T08:33:44.713749,08/25 00:15,19.85,0.0,,,,18.0,29.0,0.0,0.0,0.0,0.0,0.0,0.0,0.0,0.0,0.0,0.34,low,0.0,0.0,0.0,0
2026-07-26T08:34:06.279805,08/25 01:15,19.12,0.0,,,,18.0,29.0,0.0,0.0,0.0,0.0,0.0,0.0,0.0,0.0,0.0,0.34,low,0.0,0.0,0.0,0
2026-07-26T08:34:06.311636,08/25 02:15,18.45,0.0,,,,18.0,29.0,0.0,0.0,0.0,0.0,0.0,0.0,0.0,0.0,0.0,0.34,low,0.0,0.0,0.0,0
2026-07-26T08:34:06.345728,08/25 03:15,18.9,0.0,,,,18.0,29.0,0.0,0.0,0.0,0.0,0.0,0.0,0.0,0.0,0.0,0.34,low,0.0,0.0,0.0,0
2026-07-26T08:34:06.370515,08/25 04:15,18.47,0.0,,,,18.0,29.0,0.0,0.0,0.0,0.0,0.0,0.0,0.0,0.0,0.0,0.34,low,0.0,0.0,0.0,0
2026-07-26T08:34:06.396722,08/25 05:15,17.47,0.0,,,,18.0,29.0,0.0,0.0,0.0,0.0,0.0,0.0,0.0,0.0,0.0,0.34,low,0.0,0.0,0.0,0
2026-07-26T08:34:06.420908,08/25 06:23,18.58,0.0,,,,18.0,29.0,0.0,0.0,0.0,0.0,0.0,0.0,0.0,0.0,0.0,0.43,moderate,0.0,0.0,0.0,0
2026-07-26T08:34:28.936548,08/25 07:23,19.82,0.0,,,,18.0,29.0,0.0,0.0,0.0,0.0,0.0,0.0,0.0,0.0,0.0,0.43,moderate,0.0,0.0,0.0,0
2026-07-26T08:34:28.968599,08/25 08:23,21.38,0.0,,,,18.0,29.0,0.0,0.0,0.0,0.0,0.0,0.0,0.0,0.0,0.0,0.43,moderate,0.0,0.0,0.0,0
2026-07-26T08:34:28.999164,08/25 09:23,22.47,0.0,,,,18.0,29.0,0.0,0.0,0.0,0.0,0.0,0.0,0.0,0.0,0.0,0.43,moderate,0.0,0.0,0.0,0
2026-07-26T08:34:29.023633,08/25 10:15,23.45,0.0,,,,18.0,29.0,0.0,0.0,0.0,0.0,0.0,0.0,0.0,0.0,0.0,0.3,low,0.0,0.0,0.0,0
2026-07-26T08:34:29.059709,08/25 11:15,24.02,0.0,,,,18.0,29.0,0.0,0.0,0.0,0.0,0.0,0.0,0.0,0.0,0.0,0.3,low,0.0,0.0,0.0,0
2026-07-26T08:34:29.081104,08/25 12:15,24.55,0.0,,,,18.0,29.0,0.0,0.0,0.0,0.0,0.0,0.0,0.0,0.0,0.0,0.3,low,0.0,0.0,0.0,0
2026-07-26T08:34:51.489976,08/25 13:23,24.85,0.0,,,,18.0,29.0,0.0,0.0,0.0,0.0,0.0,0.0,0.0,0.0,0.0,0.3,low,0.0,0.0,0.0,0
2026-07-26T08:34:51.524961,08/25 14:15,24.4,0.0,,,,18.0,29.0,0.0,0.0,0.0,0.0,0.0,0.0,0.0,0.0,0.0,0.3,low,0.0,0.0,0.0,0
2026-07-26T08:34:51.555770,08/25 15:23,24.12,0.0,,,,18.0,29.0,0.0,0.0,0.0,0.0,0.0,0.0,0.0,0.0,0.0,0.3,low,0.0,0.0,0.0,0
2026-07-26T08:34:51.581223,08/25 16:23,23.18,0.0,,,,18.0,29.0,0.0,0.0,0.0,0.0,0.0,0.0,0.0,0.0,0.0,0.55,high,0.0,0.0,0.0,0
2026-07-26T08:34:51.608465,08/25 17:15,22.53,0.0,,,,18.0,29.0,0.0,0.0,0.0,0.0,0.0,0.0,0.0,0.0,0.0,0.55,high,0.0,0.0,0.0,0
2026-07-26T08:34:51.629917,08/25 18:15,21.42,0.0,,,,18.0,29.0,0.0,0.0,0.0,0.0,0.0,0.0,0.0,0.0,0.0,0.55,high,0.0,0.0,0.0,0
2026-07-26T08:35:13.790613,08/25 19:23,20.45,0.0,,,,18.0,29.0,0.0,0.0,0.0,0.0,0.0,0.0,0.0,0.0,0.0,0.55,high,0.0,0.0,0.0,0
2026-07-26T08:35:13.831204,08/25 20:23,19.73,0.0,,,,18.0,29.0,0.0,0.0,0.0,0.0,0.0,0.0,0.0,0.0,0.0,0.55,high,0.0,0.0,0.0,0
2026-07-26T08:35:13.857473,08/25 21:15,19.02,0.0,,,,18.0,29.0,0.0,0.0,0.0,0.0,0.0,0.0,0.0,0.0,0.0,0.4,moderate,0.0,0.0,0.0,0
2026-07-26T08:35:13.885639,08/25 22:15,19.27,0.0,,,,18.0,29.0,0.0,0.0,0.0,0.0,0.0,0.0,0.0,0.0,0.0,0.4,moderate,0.0,0.0,0.0,0
2026-07-26T08:35:13.907266,08/25 23:15,18.62,0.0,,,,18.0,29.0,0.0,0.0,0.0,0.0,0.0,0.0,0.0,0.0,0.0,0.4,moderate,0.0,0.0,0.0,0
2026-07-26T08:35:13.930713,08/26 00:15,17.93,0.0,,,,18.0,29.0,0.0,0.0,0.0,0.0,0.0,0.0,0.0,0.0,0.0,0.34,low,0.0,0.0,0.0,0
2026-07-26T08:35:37.044205,08/26 01:15,18.03,0.0,,,,18.0,29.0,0.0,0.0,0.0,0.0,0.0,0.0,0.0,0.0,0.0,0.34,low,0.0,0.0,0.0,0
2026-07-26T08:35:37.071248,08/26 02:15,17.2,0.0,,,,18.0,29.0,0.0,0.0,0.0,0.0,0.0,0.0,0.0,0.0,0.0,0.34,low,0.0,0.0,0.0,0
2026-07-26T08:35:37.100551,08/26 03:15,17.2,0.0,,,,18.0,29.0,0.0,0.0,0.0,0.0,0.0,0.0,0.0,0.0,0.0,0.34,low,0.0,0.0,0.0,0
2026-07-26T08:35:37.124124,08/26 04:15,17.62,0.0,,,,18.0,29.0,0.0,0.0,0.0,0.0,0.0,0.0,0.0,0.0,0.0,0.34,low,0.0,0.0,0.0,0
2026-07-26T08:35:37.144707,08/26 05:15,18.9,0.0,,,,18.0,29.0,0.0,0.0,0.0,0.0,0.0,0.0,0.0,0.0,0.0,0.34,low,0.0,0.0,0.0,0
2026-07-26T08:35:37.163959,08/26 06:15,19.32,0.0,,,,18.0,29.0,0.0,0.0,0.0,0.0,0.0,0.0,0.0,0.0,0.0,0.43,moderate,0.0,0.0,0.0,0
2026-07-26T08:35:58.462957,08/26 07:15,20.6,0.0,,,,18.0,29.0,0.3764,0.094094,0.339492,0.094094,0.064765,0.0,0.0,1.214311,0.094094,0.43,moderate,0.04046,0.0,0.04046,0
2026-07-26T08:35:58.493868,08/26 08:15,20.88,0.0,,,,18.0,29.0,0.3764,0.094094,0.338814,0.094094,0.060941,0.0,0.0,1.214471,0.094094,0.43,moderate,0.04046,0.0,0.04046,0
2026-07-26T08:35:58.526226,08/26 09:23,21.82,52.0,22.52,21.68,23.17,18.0,29.0,0.3764,0.094094,0.38098,0.094094,0.070595,0.0,0.0,1.405657,0.094094,0.43,moderate,0.04046,0.0,0.04046,0
2026-07-26T08:35:58.553449,08/26 10:23,22.35,52.0,24.17,23.21,24.98,18.0,29.0,0.3764,0.094094,0.410824,0.094094,0.085835,0.0,0.0,1.533785,0.094094,0.3,low,0.028228,0.0,0.028228,0
2026-07-26T08:35:58.577786,08/26 11:15,23.08,52.0,24.96,24.0,25.86,18.0,29.0,0.3764,0.094094,0.465322,0.094094,0.101933,0.0,0.0,1.786778,0.094094,0.3,low,0.028228,0.0,0.028228,0
2026-07-26T08:35:58.603053,08/26 12:15,24.17,41.6,25.2,24.25,26.15,18.0,29.0,0.3764,0.094094,0.526221,0.094094,0.109036,0.0,0.0,2.057047,0.094094,0.3,low,0.028228,0.0,0.028228,1
2026-07-26T08:36:21.459358,08/26 13:15,25.43,20.8,25.03,24.13,26.04,20.0,27.0,0.3764,0.094094,0.573793,0.094094,0.114285,0.0,0.0,2.254828,0.094094,0.3,low,0.028228,0.0,0.028228,1
2026-07-26T08:36:21.493703,08/26 14:15,26.42,41.6,25.57,24.68,26.6,20.0,27.0,0.3764,0.094094,0.639634,0.094094,0.121282,0.0,0.0,2.51356,0.094094,0.3,low,0.028228,0.0,0.028228,1
2026-07-26T08:36:21.522278,08/26 15:15,25.45,52.0,25.69,24.8,26.62,20.0,27.0,0.3764,0.094094,0.61461,0.094094,0.118608,0.0,0.0,2.423451,0.094094,0.3,low,0.028228,0.0,0.028228,1
2026-07-26T08:36:21.547718,08/26 16:15,24.45,52.0,25.5,24.62,26.31,20.0,27.0,0.3764,0.094094,0.627071,0.094094,0.119214,0.0,0.0,2.492728,0.094094,0.55,high,0.051752,0.0,0.051752,1
2026-07-26T08:36:21.575817,08/26 17:15,22.93,52.0,24.82,23.84,25.74,20.0,27.0,0.3764,0.094094,0.588562,0.094094,0.115272,0.0,0.0,2.357474,0.094094,0.55,high,0.051752,0.0,0.051752,0
2026-07-26T08:36:21.599751,08/26 18:15,23.03,52.0,24.52,23.5,25.6,20.0,27.0,0.3764,0.094094,0.593289,0.094094,0.115769,0.0,0.0,2.371972,0.094094,0.55,high,0.051752,0.0,0.051752,0
2026-07-26T08:36:44.674464,08/26 19:15,22.2,26.0,23.14,22.17,24.14,20.0,26.0,0.3764,0.094094,0.559053,0.094094,0.112769,0.0,0.0,2.230399,0.094094,0.55,high,0.051752,0.0,0.051752,0
2026-07-26T08:36:44.707036,08/26 20:15,22.2,0.0,,,,20.0,26.0,0.3764,0.094094,0.508567,0.094094,0.107826,0.0,0.0,1.992496,0.094094,0.55,high,0.051752,0.0,0.051752,0
2026-07-26T08:36:44.734191,08/26 21:15,22.07,0.0,,,,20.0,26.0,0.0,0.0,0.0,0.0,0.0,0.0,0.0,0.0,0.0,0.4,moderate,0.0,0.0,0.0,0
2026-07-26T08:36:44.761400,08/26 22:15,21.55,0.0,,,,20.0,26.0,0.0,0.0,0.0,0.0,0.0,0.0,0.0,0.0,0.0,0.4,moderate,0.0,0.0,0.0,0
2026-07-26T08:36:44.784148,08/26 23:15,21.1,0.0,,,,20.0,26.0,0.0,0.0,0.0,0.0,0.0,0.0,0.0,0.0,0.0,0.4,moderate,0.0,0.0,0.0,0
2026-07-26T08:36:44.812764,08/27 00:15,20.83,0.0,,,,20.0,26.0,0.0,0.0,0.0,0.0,0.0,0.0,0.0,0.0,0.0,0.34,low,0.0,0.0,0.0,0
2026-07-26T08:37:08.950209,08/27 01:15,20.15,0.0,,,,18.0,28.0,0.0,0.0,0.0,0.0,0.0,0.0,0.0,0.0,0.0,0.34,low,0.0,0.0,0.0,0
2026-07-26T08:37:08.980003,08/27 02:15,20.3,0.0,,,,18.0,28.0,0.0,0.0,0.0,0.0,0.0,0.0,0.0,0.0,0.0,0.34,low,0.0,0.0,0.0,0
2026-07-26T08:37:09.005459,08/27 03:15,19.4,0.0,,,,18.0,28.0,0.0,0.0,0.0,0.0,0.0,0.0,0.0,0.0,0.0,0.34,low,0.0,0.0,0.0,0
2026-07-26T08:37:09.030582,08/27 04:15,19.27,0.0,,,,18.0,28.0,0.0,0.0,0.0,0.0,0.0,0.0,0.0,0.0,0.0,0.34,low,0.0,0.0,0.0,0
2026-07-26T08:37:09.054252,08/27 05:15,18.9,0.0,,,,18.0,28.0,0.0,0.0,0.0,0.0,0.0,0.0,0.0,0.0,0.0,0.34,low,0.0,0.0,0.0,0
2026-07-26T08:37:09.077544,08/27 06:15,20.0,0.0,,,,18.0,28.0,0.0,0.0,0.0,0.0,0.0,0.0,0.0,0.0,0.0,0.43,moderate,0.0,0.0,0.0,0
2026-07-26T08:37:30.862246,08/27 07:23,23.58,0.0,,,,18.0,29.0,0.3764,0.094094,0.59787,0.094094,0.10052,0.0,0.0,2.417473,0.094094,0.43,moderate,0.04046,0.0,0.04046,0
2026-07-26T08:37:30.908914,08/27 08:23,24.82,0.0,,,,18.0,29.0,0.3764,0.094094,0.620324,0.094094,0.099987,0.0,0.0,2.492475,0.094094,0.43,moderate,0.04046,0.0,0.04046,0
2026-07-26T08:37:30.938196,08/27 09:23,26.38,52.0,23.77,22.23,25.43,18.0,29.0,0.3764,0.094094,0.675242,0.094094,0.114302,0.0,0.0,2.688566,0.094094,0.43,moderate,0.04046,0.0,0.04046,0
2026-07-26T08:37:30.964075,08/27 10:23,27.47,52.0,25.38,23.89,26.65,18.0,29.0,0.3764,0.094094,0.72909,0.094094,0.133026,0.0,0.0,2.87683,0.094094,0.3,low,0.028228,0.0,0.028228,1
2026-07-26T08:37:30.988781,08/27 11:23,28.3,52.0,26.22,24.78,27.3,18.0,29.0,0.3764,0.094094,0.769488,0.094094,0.13671,0.0,0.0,3.025156,0.094094,0.3,low,0.028228,0.0,0.028228,1
2026-07-26T08:37:31.012122,08/27 12:23,28.03,41.6,26.49,25.16,27.33,18.0,29.0,0.3764,0.094094,0.781499,0.094094,0.13671,0.0,0.0,3.072892,0.094094,0.3,low,0.028228,0.0,0.028228,1
2026-07-26T08:37:54.605592,08/27 13:15,27.2,20.8,26.09,24.89,26.96,20.0,27.0,0.3764,0.094094,0.806643,0.094094,0.141196,0.0,0.0,3.207622,0.094094,0.3,low,0.028228,0.0,0.028228,1
2026-07-26T08:37:54.644432,08/27 14:15,27.2,41.6,26.38,25.53,27.0,20.0,27.0,0.3779,0.094475,0.795668,0.094475,0.138173,0.0,0.0,3.163407,0.094475,0.3,low,0.028342,0.0,0.028342,1
2026-07-26T08:37:54.674595,08/27 15:15,27.2,52.0,26.58,25.91,27.0,20.0,27.0,0.3801,0.095022,0.788214,0.095022,0.133691,0.0,0.0,3.136749,0.095022,0.3,low,0.028507,0.0,0.028507,1
2026-07-26T08:37:54.701010,08/27 16:15,26.92,52.0,26.61,25.61,27.0,20.0,27.0,0.3778,0.094455,0.80892,0.094455,0.138222,0.0,0.0,3.219552,0.094455,0.55,high,0.05195,0.0,0.05195,1
2026-07-26T08:37:54.734535,08/27 17:15,25.83,52.0,26.16,24.97,26.67,20.0,27.0,0.3764,0.094094,0.740403,0.094094,0.131699,0.0,0.0,2.959575,0.094094,0.55,high,0.051752,0.0,0.051752,1
2026-07-26T08:37:54.759769,08/27 18:15,24.57,52.0,25.51,24.4,26.15,20.0,27.0,0.3764,0.094094,0.684317,0.094094,0.125318,0.0,0.0,2.743407,0.094094,0.55,high,0.051752,0.0,0.051752,1
2026-07-26T08:38:19.170320,08/27 19:23,23.18,26.0,23.82,22.91,24.58,20.0,25.0,0.3764,0.094094,0.641835,0.094094,0.122241,0.0,0.0,2.588137,0.094094,0.55,high,0.051752,0.0,0.051752,0
2026-07-26T08:38:19.209045,08/27 20:23,22.65,0.0,,,,20.0,25.0,0.3764,0.094094,0.610971,0.094094,0.120363,0.0,0.0,2.456827,0.094094,0.55,high,0.051752,0.0,0.051752,0
2026-07-26T08:38:19.232645,08/27 21:15,22.2,0.0,,,,20.0,25.0,0.0,0.0,0.0,0.0,0.0,0.0,0.0,0.0,0.0,0.4,moderate,0.0,0.0,0.0,0
2026-07-26T08:38:19.254111,08/27 22:15,22.2,0.0,,,,20.0,25.0,0.0,0.0,0.0,0.0,0.0,0.0,0.0,0.0,0.0,0.4,moderate,0.0,0.0,0.0,0
2026-07-26T08:38:19.277761,08/27 23:15,22.07,0.0,,,,20.0,25.0,0.0,0.0,0.0,0.0,0.0,0.0,0.0,0.0,0.0,0.4,moderate,0.0,0.0,0.0,0
2026-07-26T08:38:19.299394,08/28 00:15,21.7,0.0,,,,20.0,25.0,0.0,0.0,0.0,0.0,0.0,0.0,0.0,0.0,0.0,0.34,low,0.0,0.0,0.0,0
2026-07-26T08:38:41.071059,08/28 01:15,21.7,0.0,,,,18.0,27.0,0.0,0.0,0.0,0.0,0.0,0.0,0.0,0.0,0.0,0.34,low,0.0,0.0,0.0,0
2026-07-26T08:38:41.099669,08/28 02:15,21.7,0.0,,,,18.0,27.0,0.0,0.0,0.0,0.0,0.0,0.0,0.0,0.0,0.0,0.34,low,0.0,0.0,0.0,0
2026-07-26T08:38:41.124932,08/28 03:15,21.7,0.0,,,,18.0,27.0,0.0,0.0,0.0,0.0,0.0,0.0,0.0,0.0,0.0,0.34,low,0.0,0.0,0.0,0
2026-07-26T08:38:41.147198,08/28 04:15,21.7,0.0,,,,18.0,27.0,0.0,0.0,0.0,0.0,0.0,0.0,0.0,0.0,0.0,0.34,low,0.0,0.0,0.0,0
2026-07-26T08:38:41.168066,08/28 05:15,21.7,0.0,,,,18.0,27.0,0.0,0.0,0.0,0.0,0.0,0.0,0.0,0.0,0.0,0.34,low,0.0,0.0,0.0,0
2026-07-26T08:38:41.189430,08/28 06:15,21.7,0.0,,,,18.0,27.0,0.0,0.0,0.0,0.0,0.0,0.0,0.0,0.0,0.0,0.43,moderate,0.0,0.0,0.0,0
2026-07-26T08:39:02.259818,08/28 07:15,21.7,0.0,,,,18.0,29.0,0.3764,0.094094,0.561668,0.094094,0.098624,0.0,0.0,2.267363,0.094094,0.43,moderate,0.04046,0.0,0.04046,0
2026-07-26T08:39:02.296570,08/28 08:15,22.1,0.0,,,,18.0,29.0,0.3764,0.094094,0.560187,0.094094,0.094228,0.0,0.0,2.26421,0.094094,0.43,moderate,0.04046,0.0,0.04046,0
2026-07-26T08:39:02.325879,08/28 09:23,23.58,52.0,22.66,21.85,23.31,18.0,29.0,0.3764,0.094094,0.678523,0.094094,0.114887,0.0,0.0,2.7651,0.094094,0.43,moderate,0.04046,0.0,0.04046,0
2026-07-26T08:39:02.354787,08/28 10:23,24.4,52.0,24.32,23.37,25.15,18.0,29.0,0.3764,0.094094,0.686736,0.094094,0.124969,0.0,0.0,2.763609,0.094094,0.3,low,0.028228,0.0,0.028228,0
2026-07-26T08:39:02.378032,08/28 11:15,24.82,52.0,24.93,23.95,25.8,18.0,29.0,0.3764,0.094094,0.726081,0.094094,0.135343,0.0,0.0,2.937186,0.094094,0.3,low,0.028228,0.0,0.028228,0
2026-07-26T08:39:02.401660,08/28 12:15,26.25,41.6,25.29,24.3,26.22,18.0,29.0,0.3764,0.094094,0.769308,0.094094,0.138804,0.0,0.0,3.080945,0.094094,0.3,low,0.028228,0.0,0.028228,1
2026-07-26T08:39:26.095770,08/28 13:15,27.1,20.8,25.13,24.15,26.07,20.0,27.0,0.3764,0.094094,0.793887,0.094094,0.141364,0.0,0.0,3.167458,0.094094,0.3,low,0.028228,0.0,0.028228,1
2026-07-26T08:39:26.127600,08/28 14:15,27.9,41.6,25.79,24.94,26.77,20.0,27.0,0.3764,0.094094,0.85974,0.094094,0.147458,0.0,0.0,3.393331,0.094094,0.3,low,0.028228,0.0,0.028228,1
2026-07-26T08:39:26.153151,08/28 15:15,26.55,52.0,25.96,25.11,26.88,20.0,27.0,0.3764,0.094094,0.802055,0.094094,0.14143,0.0,0.0,3.201421,0.094094,0.3,low,0.028228,0.0,0.028228,1
2026-07-26T08:39:26.177090,08/28 16:15,26.1,52.0,25.73,24.87,26.55,20.0,27.0,0.3764,0.094094,0.784088,0.094094,0.138871,0.0,0.0,3.143743,0.094094,0.55,high,0.051752,0.0,0.051752,1
2026-07-26T08:39:26.202446,08/28 17:15,26.1,52.0,25.17,24.26,25.87,20.0,27.0,0.3764,0.094094,0.785604,0.094094,0.138871,0.0,0.0,3.150433,0.094094,0.55,high,0.051752,0.0,0.051752,0
2026-07-26T08:39:26.222200,08/28 18:15,25.83,52.0,24.84,23.91,25.73,20.0,27.0,0.3764,0.094094,0.763772,0.094094,0.136045,0.0,0.0,3.057959,0.094094,0.55,high,0.051752,0.0,0.051752,0
2026-07-26T08:39:50.673196,08/28 19:15,24.57,26.0,23.44,22.52,24.27,20.0,26.0,0.3764,0.094094,0.726496,0.094094,0.133146,0.0,0.0,2.924339,0.094094,0.55,high,0.051752,0.0,0.051752,0
2026-07-26T08:39:50.704980,08/28 20:15,23.18,0.0,,,,20.0,26.0,0.3764,0.094094,0.641677,0.094094,0.124687,0.0,0.0,2.584764,0.094094,0.55,high,0.051752,0.0,0.051752,0
2026-07-26T08:39:50.729192,08/28 21:15,22.65,0.0,,,,20.0,26.0,0.0,0.0,0.0,0.0,0.0,0.0,0.0,0.0,0.0,0.4,moderate,0.0,0.0,0.0,0
2026-07-26T08:39:50.750285,08/28 22:15,22.2,0.0,,,,20.0,26.0,0.0,0.0,0.0,0.0,0.0,0.0,0.0,0.0,0.0,0.4,moderate,0.0,0.0,0.0,0
2026-07-26T08:39:50.776203,08/28 23:15,22.2,0.0,,,,20.0,26.0,0.0,0.0,0.0,0.0,0.0,0.0,0.0,0.0,0.0,0.4,moderate,0.0,0.0,0.0,0
2026-07-26T08:39:50.798812,08/29 00:15,21.92,0.0,,,,20.0,26.0,0.0,0.0,0.0,0.0,0.0,0.0,0.0,0.0,0.0,0.34,low,0.0,0.0,0.0,0
2026-07-26T08:40:15.229252,08/29 01:15,21.1,0.0,,,,18.0,28.0,0.0,0.0,0.0,0.0,0.0,0.0,0.0,0.0,0.0,0.34,low,0.0,0.0,0.0,0
2026-07-26T08:40:15.255407,08/29 02:15,21.1,0.0,,,,18.0,28.0,0.0,0.0,0.0,0.0,0.0,0.0,0.0,0.0,0.0,0.34,low,0.0,0.0,0.0,0
2026-07-26T08:40:15.277985,08/29 03:15,21.1,0.0,,,,18.0,28.0,0.0,0.0,0.0,0.0,0.0,0.0,0.0,0.0,0.0,0.34,low,0.0,0.0,0.0,0
2026-07-26T08:40:15.300301,08/29 04:15,21.1,0.0,,,,18.0,28.0,0.0,0.0,0.0,0.0,0.0,0.0,0.0,0.0,0.0,0.34,low,0.0,0.0,0.0,0
2026-07-26T08:40:15.322977,08/29 05:15,21.1,0.0,,,,18.0,28.0,0.0,0.0,0.0,0.0,0.0,0.0,0.0,0.0,0.0,0.34,low,0.0,0.0,0.0,0
2026-07-26T08:40:15.346062,08/29 06:15,21.25,0.0,,,,18.0,28.0,0.0,0.0,0.0,0.0,0.0,0.0,0.0,0.0,0.0,0.43,moderate,0.0,0.0,0.0,0
2026-07-26T08:40:38.501599,08/29 07:15,21.97,0.0,,,,18.0,29.0,0.3764,0.094094,0.589704,0.094094,0.102784,0.0,0.0,2.3967,0.094094,0.43,moderate,0.04046,0.0,0.04046,0
2026-07-26T08:40:38.537157,08/29 08:15,22.93,0.0,,,,18.0,29.0,0.3764,0.094094,0.606951,0.094094,0.100269,0.0,0.0,2.46113,0.094094,0.43,moderate,0.04046,0.0,0.04046,0
2026-07-26T08:40:38.567396,08/29 09:23,23.88,52.0,22.5,21.63,23.06,18.0,29.0,0.3764,0.094094,0.678988,0.094094,0.11424,0.0,0.0,2.764447,0.094094,0.43,moderate,0.04046,0.0,0.04046,0
2026-07-26T08:40:38.600772,08/29 10:23,25.73,52.0,24.46,23.34,25.13,18.0,29.0,0.3764,0.094094,0.773404,0.094094,0.136515,0.0,0.0,3.110187,0.094094,0.3,low,0.028228,0.0,0.028228,0
2026-07-26T08:40:38.629054,08/29 11:23,26.53,52.0,25.39,24.14,26.04,18.0,29.0,0.3764,0.094094,0.797069,0.094094,0.143167,0.0,0.0,3.196796,0.094094,0.3,low,0.028228,0.0,0.028228,1
2026-07-26T08:40:38.656374,08/29 12:23,27.93,41.6,25.83,24.52,26.49,18.0,29.0,0.3764,0.094094,0.717485,0.094094,0.129749,0.0,0.0,2.816785,0.094094,0.3,low,0.028228,0.0,0.028228,1
2026-07-26T08:41:03.811696,08/29 13:15,28.58,20.8,25.69,24.52,26.52,20.0,27.0,0.3764,0.094094,0.729259,0.094094,0.130595,0.0,0.0,2.855808,0.094094,0.3,low,0.028228,0.0,0.028228,1
2026-07-26T08:41:03.843564,08/29 14:15,29.0,41.6,26.16,25.18,26.97,20.0,27.0,0.3764,0.0941,0.779278,0.0941,0.136052,0.0,0.0,3.032361,0.0941,0.3,low,0.02823,0.0,0.02823,1
2026-07-26T08:41:03.871019,08/29 15:15,27.65,52.0,26.34,25.59,27.0,20.0,27.0,0.3775,0.094384,0.714001,0.094384,0.126746,0.0,0.0,2.808669,0.094384,0.3,low,0.028315,0.0,0.028315,1
2026-07-26T08:41:03.896230,08/29 16:15,27.07,52.0,26.41,25.37,27.0,20.0,27.0,0.3788,0.094694,0.659191,0.094694,0.118089,0.0,0.0,2.586861,0.094694,0.55,high,0.052082,0.0,0.052082,1
2026-07-26T08:41:03.920137,08/29 17:15,26.42,52.0,25.84,24.78,26.51,20.0,27.0,0.3764,0.094094,0.630983,0.094094,0.117369,0.0,0.0,2.47597,0.094094,0.55,high,0.051752,0.0,0.051752,1
2026-07-26T08:41:03.948158,08/29 18:15,25.18,52.0,25.24,24.23,25.98,20.0,27.0,0.3764,0.094094,0.56732,0.094094,0.110008,0.0,0.0,2.213423,0.094094,0.55,high,0.051752,0.0,0.051752,0
2026-07-26T08:41:27.261080,08/29 19:15,23.47,26.0,23.67,22.8,24.48,20.0,26.0,0.3764,0.094094,0.470221,0.094094,0.099585,0.0,0.0,1.790647,0.094094,0.55,high,0.051752,0.0,0.051752,0
2026-07-26T08:41:27.294680,08/29 20:23,21.92,0.0,,,,20.0,26.0,0.3764,0.094094,0.407611,0.094094,0.093753,0.0,0.0,1.511528,0.094094,0.55,high,0.051752,0.0,0.051752,0
2026-07-26T08:41:27.315546,08/29 21:15,20.83,0.0,,,,20.0,26.0,0.0,0.0,0.0,0.0,0.0,0.0,0.0,0.0,0.0,0.4,moderate,0.0,0.0,0.0,0
2026-07-26T08:41:27.339079,08/29 22:15,19.57,0.0,,,,20.0,26.0,0.0,0.0,0.0,0.0,0.0,0.0,0.0,0.0,0.0,0.4,moderate,0.0,0.0,0.0,0
2026-07-26T08:41:27.364992,08/29 23:15,18.18,0.0,,,,20.0,26.0,0.0,0.0,0.0,0.0,0.0,0.0,0.0,0.0,0.0,0.4,moderate,0.0,0.0,0.0,0
2026-07-26T08:41:27.389561,08/30 00:15,17.65,0.0,,,,20.0,26.0,0.0,0.0,0.0,0.0,0.0,0.0,0.0,0.0,0.0,0.34,low,0.0,0.0,0.0,0
2026-07-26T08:41:49.864625,08/30 01:15,17.2,0.0,,,,18.0,28.0,0.0,0.0,0.0,0.0,0.0,0.0,0.0,0.0,0.0,0.34,low,0.0,0.0,0.0,0
2026-07-26T08:41:49.894558,08/30 02:15,17.07,0.0,,,,18.0,28.0,0.0,0.0,0.0,0.0,0.0,0.0,0.0,0.0,0.0,0.34,low,0.0,0.0,0.0,0
2026-07-26T08:41:49.919396,08/30 03:15,16.42,0.0,,,,18.0,28.0,0.0,0.0,0.0,0.0,0.0,0.0,0.0,0.0,0.0,0.34,low,0.0,0.0,0.0,0
2026-07-26T08:41:49.941499,08/30 04:15,15.45,0.0,,,,18.0,28.0,0.0,0.0,0.0,0.0,0.0,0.0,0.0,0.0,0.0,0.34,low,0.0,0.0,0.0,0
2026-07-26T08:41:49.963974,08/30 05:15,15.0,0.0,,,,18.0,28.0,0.0,0.0,0.0,0.0,0.0,0.0,0.0,0.0,0.0,0.34,low,0.0,0.0,0.0,0
2026-07-26T08:41:49.988083,08/30 06:23,15.82,0.0,,,,18.0,28.0,0.0,0.0,0.0,0.0,0.0,0.0,0.0,0.0,0.0,0.43,moderate,0.0,0.0,0.0,0
2026-07-26T08:42:12.792567,08/30 07:23,18.73,0.0,,,,18.0,29.0,0.3764,0.094094,0.254665,0.094094,0.052752,0.0,0.0,0.803496,0.094094,0.43,moderate,0.04046,0.0,0.04046,0
2026-07-26T08:42:12.846975,08/30 08:23,20.43,0.0,,,,18.0,29.0,0.3764,0.094094,0.274169,0.094094,0.051453,0.0,0.0,0.892207,0.094094,0.43,moderate,0.04046,0.0,0.04046,0
2026-07-26T08:42:12.887617,08/30 09:23,21.97,52.0,23.48,21.66,26.12,18.0,29.0,0.3764,0.094094,0.311365,0.094094,0.063666,0.0,0.0,1.060814,0.094094,0.43,moderate,0.04046,0.0,0.04046,1
2026-07-26T08:42:12.918110,08/30 10:23,23.08,52.0,25.17,23.14,27.95,18.0,29.0,0.3764,0.094094,0.343408,0.094094,0.079714,0.0,0.0,1.197547,0.094094,0.3,low,0.028228,0.0,0.028228,1
2026-07-26T08:42:12.949478,08/30 11:23,24.17,52.0,25.91,23.97,28.22,18.0,29.0,0.3764,0.094094,0.364144,0.094094,0.087576,0.0,0.0,1.29104,0.094094,0.3,low,0.028228,0.0,0.028228,1
2026-07-26T08:42:12.979740,08/30 12:23,25.27,41.6,26.02,24.32,27.42,18.0,29.0,0.3764,0.094094,0.406105,0.094094,0.091831,0.0,0.0,1.483241,0.094094,0.3,low,0.028228,0.0,0.028228,1
2026-07-26T08:42:36.893375,08/30 13:15,26.53,20.8,25.63,24.16,26.16,20.0,27.0,0.3764,0.094094,0.430771,0.094094,0.093972,0.0,0.0,1.585026,0.094094,0.3,low,0.028228,0.0,0.028228,1
2026-07-26T08:42:36.925126,08/30 14:15,27.8,41.6,26.13,25.0,26.89,20.0,27.0,0.3764,0.094094,0.441089,0.094094,0.093732,0.0,0.0,1.609711,0.094094,0.3,low,0.028228,0.0,0.028228,1
2026-07-26T08:42:36.948684,08/30 15:15,27.8,52.0,26.46,25.7,27.0,20.0,27.0,0.3824,0.095592,0.497754,0.095592,0.094983,0.0,0.0,1.877799,0.095592,0.3,low,0.028678,0.0,0.028678,1
2026-07-26T08:42:36.972884,08/30 16:15,27.65,52.0,26.55,25.38,27.0,20.0,27.0,0.3853,0.096335,0.56171,0.096335,0.09879,0.0,0.0,2.16558,0.096335,0.55,high,0.052984,0.0,0.052984,1
2026-07-26T08:42:36.996790,08/30 17:15,26.8,52.0,26.3,24.88,27.0,20.0,27.0,0.3836,0.095895,0.574464,0.095895,0.102055,0.0,0.0,2.221341,0.095895,0.55,high,0.052742,0.0,0.052742,1
2026-07-26T08:42:37.019827,08/30 18:15,25.03,52.0,26.04,24.42,26.96,20.0,27.0,0.3764,0.094094,0.531437,0.094094,0.105143,0.0,0.0,2.051054,0.094094,0.55,high,0.051752,0.0,0.051752,1
2026-07-26T08:43:01.432849,08/30 19:23,23.03,26.0,24.13,22.96,24.75,20.0,25.0,0.3764,0.094094,0.458587,0.094094,0.098092,0.0,0.0,1.74395,0.094094,0.55,high,0.051752,0.0,0.051752,0
2026-07-26T08:43:01.466931,08/30 20:23,21.65,0.0,,,,20.0,25.0,0.3764,0.094094,0.410532,0.094094,0.09372,0.0,0.0,1.526859,0.094094,0.55,high,0.051752,0.0,0.051752,0
2026-07-26T08:43:01.500275,08/30 21:15,20.0,0.0,,,,20.0,25.0,0.0,0.0,0.0,0.0,0.0,0.0,0.0,0.0,0.0,0.4,moderate,0.0,0.0,0.0,0
2026-07-26T08:43:01.532419,08/30 22:15,19.73,0.0,,,,20.0,25.0,0.0,0.0,0.0,0.0,0.0,0.0,0.0,0.0,0.0,0.4,moderate,0.0,0.0,0.0,0
2026-07-26T08:43:01.558372,08/30 23:15,18.9,0.0,,,,20.0,25.0,0.0,0.0,0.0,0.0,0.0,0.0,0.0,0.0,0.0,0.4,moderate,0.0,0.0,0.0,0
2026-07-26T08:43:01.586618,08/31 00:15,18.75,0.0,,,,20.0,25.0,0.0,0.0,0.0,0.0,0.0,0.0,0.0,0.0,0.0,0.34,low,0.0,0.0,0.0,0
2026-07-26T08:43:24.728164,08/31 01:15,18.18,0.0,,,,18.0,27.0,0.0,0.0,0.0,0.0,0.0,0.0,0.0,0.0,0.0,0.34,low,0.0,0.0,0.0,0
2026-07-26T08:43:24.756187,08/31 02:15,17.8,0.0,,,,18.0,27.0,0.0,0.0,0.0,0.0,0.0,0.0,0.0,0.0,0.0,0.34,low,0.0,0.0,0.0,0
2026-07-26T08:43:24.782503,08/31 03:15,17.53,0.0,,,,18.0,27.0,0.0,0.0,0.0,0.0,0.0,0.0,0.0,0.0,0.0,0.34,low,0.0,0.0,0.0,0
2026-07-26T08:43:24.803924,08/31 04:15,16.7,0.0,,,,18.0,27.0,0.0,0.0,0.0,0.0,0.0,0.0,0.0,0.0,0.0,0.34,low,0.0,0.0,0.0,0
2026-07-26T08:43:24.826979,08/31 05:15,16.7,0.0,,,,18.0,27.0,0.0,0.0,0.0,0.0,0.0,0.0,0.0,0.0,0.0,0.34,low,0.0,0.0,0.0,0
2026-07-26T08:43:24.854729,08/31 06:23,17.38,0.0,,,,18.0,27.0,0.0,0.0,0.0,0.0,0.0,0.0,0.0,0.0,0.0,0.43,moderate,0.0,0.0,0.0,0
2026-07-26T08:43:46.913120,08/31 07:20,20.25,0.0,,,,18.0,29.0,0.0,0.0,0.0,0.0,0.0,0.0,0.0,0.0,0.0,0.43,moderate,0.0,0.0,0.0,0
2026-07-26T08:43:46.954106,08/31 08:20,23.2,0.0,,,,18.0,29.0,0.0,0.0,0.0,0.0,0.0,0.0,0.0,0.0,0.0,0.43,moderate,0.0,0.0,0.0,0
2026-07-26T08:43:46.978122,08/31 09:23,25.37,0.0,,,,18.0,29.0,0.0,0.0,0.0,0.0,0.0,0.0,0.0,0.0,0.0,0.43,moderate,0.0,0.0,0.0,0
2026-07-26T08:43:47.002825,08/31 10:15,27.9,0.0,,,,18.0,29.0,0.0,0.0,0.0,0.0,0.0,0.0,0.0,0.0,0.0,0.3,low,0.0,0.0,0.0,0
2026-07-26T08:43:47.026266,08/31 11:23,26.42,0.0,,,,18.0,29.0,0.0,0.0,0.0,0.0,0.0,0.0,0.0,0.0,0.0,0.3,low,0.0,0.0,0.0,0
2026-07-26T08:43:47.053489,08/31 12:15,25.45,0.0,,,,18.0,29.0,0.0,0.0,0.0,0.0,0.0,0.0,0.0,0.0,0.0,0.3,low,0.0,0.0,0.0,0
2026-07-26T08:44:08.997297,08/31 13:15,24.73,0.0,,,,18.0,29.0,0.0,0.0,0.0,0.0,0.0,0.0,0.0,0.0,0.0,0.3,low,0.0,0.0,0.0,0
2026-07-26T08:44:09.034324,08/31 14:15,23.9,0.0,,,,18.0,29.0,0.0,0.0,0.0,0.0,0.0,0.0,0.0,0.0,0.0,0.3,low,0.0,0.0,0.0,0
2026-07-26T08:44:09.063435,08/31 15:15,23.9,0.0,,,,18.0,29.0,0.0,0.0,0.0,0.0,0.0,0.0,0.0,0.0,0.0,0.3,low,0.0,0.0,0.0,0
2026-07-26T08:44:09.087378,08/31 16:15,23.62,0.0,,,,18.0,29.0,0.0,0.0,0.0,0.0,0.0,0.0,0.0,0.0,0.0,0.55,high,0.0,0.0,0.0,0
2026-07-26T08:44:09.110935,08/31 17:15,22.53,0.0,,,,18.0,29.0,0.0,0.0,0.0,0.0,0.0,0.0,0.0,0.0,0.0,0.55,high,0.0,0.0,0.0,0
2026-07-26T08:44:09.131646,08/31 18:15,21.55,0.0,,,,18.0,29.0,0.0,0.0,0.0,0.0,0.0,0.0,0.0,0.0,0.0,0.55,high,0.0,0.0,0.0,0
2026-07-26T08:44:30.901664,08/31 19:15,20.98,0.0,,,,18.0,29.0,0.0,0.0,0.0,0.0,0.0,0.0,0.0,0.0,0.0,0.55,high,0.0,0.0,0.0,0
2026-07-26T08:44:30.931858,08/31 20:15,20.6,0.0,,,,18.0,29.0,0.0,0.0,0.0,0.0,0.0,0.0,0.0,0.0,0.0,0.55,high,0.0,0.0,0.0,0
2026-07-26T08:44:30.964175,08/31 21:15,20.25,0.0,,,,18.0,29.0,0.0,0.0,0.0,0.0,0.0,0.0,0.0,0.0,0.0,0.4,moderate,0.0,0.0,0.0,0
2026-07-26T08:44:30.987823,08/31 22:15,18.82,0.0,,,,18.0,29.0,0.0,0.0,0.0,0.0,0.0,0.0,0.0,0.0,0.0,0.4,moderate,0.0,0.0,0.0,0
2026-07-26T08:44:31.014725,08/31 23:15,17.35,0.0,,,,18.0,29.0,0.0,0.0,0.0,0.0,0.0,0.0,0.0,0.0,0.0,0.4,moderate,0.0,0.0,0.0,0
2026-07-26T08:44:31.039652,09/01 00:15,15.95,0.0,,,,18.0,29.0,0.0,0.0,0.0,0.0,0.0,0.0,0.0,0.0,0.0,0.34,low,0.0,0.0,0.0,0
2026-07-26T08:44:52.769088,09/01 01:15,14.55,0.0,,,,18.0,29.0,0.0,0.0,0.0,0.0,0.0,0.0,0.0,0.0,0.0,0.34,low,0.0,0.0,0.0,0
2026-07-26T08:44:52.798114,09/01 02:15,13.12,0.0,,,,18.0,29.0,0.0,0.0,0.0,0.0,0.0,0.0,0.0,0.0,0.0,0.34,low,0.0,0.0,0.0,0
2026-07-26T08:44:52.822224,09/01 03:15,11.65,0.0,,,,18.0,29.0,0.0,0.0,0.0,0.0,0.0,0.0,0.0,0.0,0.0,0.34,low,0.0,0.0,0.0,0
2026-07-26T08:44:52.844870,09/01 04:15,10.45,0.0,,,,18.0,29.0,0.0,0.0,0.0,0.0,0.0,0.0,0.0,0.0,0.0,0.34,low,0.0,0.0,0.0,0
2026-07-26T08:44:52.866719,09/01 05:15,10.15,0.0,,,,18.0,29.0,0.0,0.0,0.0,0.0,0.0,0.0,0.0,0.0,0.0,0.34,low,0.0,0.0,0.0,0
2026-07-26T08:44:52.888519,09/01 06:23,11.42,0.0,,,,18.0,29.0,0.0,0.0,0.0,0.0,0.0,0.0,0.0,0.0,0.0,0.43,moderate,0.0,0.0,0.0,0
2026-07-26T08:45:15.530485,09/01 07:20,14.6,0.0,,,,18.0,29.0,0.0,0.0,0.0,0.0,0.0,0.0,0.0,0.0,0.0,0.43,moderate,0.0,0.0,0.0,0
2026-07-26T08:45:15.571455,09/01 08:20,17.25,0.0,,,,18.0,29.0,0.0,0.0,0.0,0.0,0.0,0.0,0.0,0.0,0.0,0.43,moderate,0.0,0.0,0.0,0
2026-07-26T08:45:15.599347,09/01 09:23,19.32,0.0,,,,18.0,29.0,0.0,0.0,0.0,0.0,0.0,0.0,0.0,0.0,0.0,0.43,moderate,0.0,0.0,0.0,0
2026-07-26T08:45:15.626278,09/01 10:15,20.88,0.0,,,,18.0,29.0,0.0,0.0,0.0,0.0,0.0,0.0,0.0,0.0,0.0,0.3,low,0.0,0.0,0.0,0
2026-07-26T08:45:15.653798,09/01 11:15,21.97,0.0,,,,18.0,29.0,0.0,0.0,0.0,0.0,0.0,0.0,0.0,0.0,0.0,0.3,low,0.0,0.0,0.0,0
2026-07-26T08:45:15.679177,09/01 12:23,23.08,0.0,,,,18.0,29.0,0.0,0.0,0.0,0.0,0.0,0.0,0.0,0.0,0.0,0.3,low,0.0,0.0,0.0,0
2026-07-26T08:45:38.727929,09/01 13:23,24.17,0.0,,,,18.0,29.0,0.0,0.0,0.0,0.0,0.0,0.0,0.0,0.0,0.0,0.3,low,0.0,0.0,0.0,0
2026-07-26T08:45:38.760335,09/01 14:15,25.0,0.0,,,,18.0,29.0,0.0,0.0,0.0,0.0,0.0,0.0,0.0,0.0,0.0,0.3,low,0.0,0.0,0.0,0
2026-07-26T08:45:38.792112,09/01 15:23,25.15,0.0,,,,18.0,29.0,0.0,0.0,0.0,0.0,0.0,0.0,0.0,0.0,0.0,0.3,low,0.0,0.0,0.0,0
2026-07-26T08:45:38.817303,09/01 16:23,25.3,0.0,,,,18.0,29.0,0.0,0.0,0.0,0.0,0.0,0.0,0.0,0.0,0.0,0.55,high,0.0,0.0,0.0,0
2026-07-26T08:45:38.841697,09/01 17:15,23.85,0.0,,,,18.0,29.0,0.0,0.0,0.0,0.0,0.0,0.0,0.0,0.0,0.0,0.55,high,0.0,0.0,0.0,0
2026-07-26T08:45:38.863251,09/01 18:15,21.65,0.0,,,,18.0,29.0,0.0,0.0,0.0,0.0,0.0,0.0,0.0,0.0,0.0,0.55,high,0.0,0.0,0.0,0
2026-07-26T08:46:01.976673,09/01 19:23,20.0,0.0,,,,18.0,29.0,0.0,0.0,0.0,0.0,0.0,0.0,0.0,0.0,0.0,0.55,high,0.0,0.0,0.0,0
2026-07-26T08:46:02.008605,09/01 20:23,19.85,0.0,,,,18.0,29.0,0.0,0.0,0.0,0.0,0.0,0.0,0.0,0.0,0.0,0.55,high,0.0,0.0,0.0,0
2026-07-26T08:46:02.034257,09/01 21:15,19.4,0.0,,,,18.0,29.0,0.0,0.0,0.0,0.0,0.0,0.0,0.0,0.0,0.0,0.4,moderate,0.0,0.0,0.0,0
2026-07-26T08:46:02.058068,09/01 22:15,19.4,0.0,,,,18.0,29.0,0.0,0.0,0.0,0.0,0.0,0.0,0.0,0.0,0.0,0.4,moderate,0.0,0.0,0.0,0
2026-07-26T08:46:02.079588,09/01 23:15,19.0,0.0,,,,18.0,29.0,0.0,0.0,0.0,0.0,0.0,0.0,0.0,0.0,0.0,0.4,moderate,0.0,0.0,0.0,0
2026-07-26T08:46:02.101277,09/02 00:15,17.25,0.0,,,,18.0,29.0,0.0,0.0,0.0,0.0,0.0,0.0,0.0,0.0,0.0,0.34,low,0.0,0.0,0.0,0
2026-07-26T08:46:24.294807,09/02 01:15,15.45,0.0,,,,18.0,29.0,0.0,0.0,0.0,0.0,0.0,0.0,0.0,0.0,0.0,0.34,low,0.0,0.0,0.0,0
2026-07-26T08:46:24.322286,09/02 02:15,15.15,0.0,,,,18.0,29.0,0.0,0.0,0.0,0.0,0.0,0.0,0.0,0.0,0.0,0.34,low,0.0,0.0,0.0,0
2026-07-26T08:46:24.354953,09/02 03:15,15.72,0.0,,,,18.0,29.0,0.0,0.0,0.0,0.0,0.0,0.0,0.0,0.0,0.0,0.34,low,0.0,0.0,0.0,0
2026-07-26T08:46:24.378098,09/02 04:15,15.83,0.0,,,,18.0,29.0,0.0,0.0,0.0,0.0,0.0,0.0,0.0,0.0,0.0,0.34,low,0.0,0.0,0.0,0
2026-07-26T08:46:24.399732,09/02 05:15,15.0,0.0,,,,18.0,29.0,0.0,0.0,0.0,0.0,0.0,0.0,0.0,0.0,0.0,0.34,low,0.0,0.0,0.0,0
2026-07-26T08:46:24.426359,09/02 06:15,15.43,0.0,,,,18.0,29.0,0.0,0.0,0.0,0.0,0.0,0.0,0.0,0.0,0.0,0.43,moderate,0.0,0.0,0.0,0
2026-07-26T08:46:47.145733,09/02 07:15,16.7,0.0,,,,18.0,29.0,0.3764,0.094094,0.244154,0.094094,0.0518,0.0,0.0,0.748143,0.094094,0.43,moderate,0.04046,0.0,0.04046,0
2026-07-26T08:46:47.176180,09/02 08:15,17.1,0.0,,,,18.0,29.0,0.3764,0.094094,0.244681,0.094094,0.047916,0.0,0.0,0.748073,0.094094,0.43,moderate,0.04046,0.0,0.04046,0
2026-07-26T08:46:47.207903,09/02 09:23,18.3,52.0,22.68,21.48,23.49,18.0,29.0,0.3764,0.094094,0.252117,0.094094,0.053206,0.0,0.0,0.7702,0.094094,0.43,moderate,0.04046,0.0,0.04046,0
2026-07-26T08:46:47.236282,09/02 10:23,18.58,52.0,24.22,22.91,24.94,18.0,29.0,0.3764,0.094094,0.235846,0.094094,0.06301,0.0,0.0,0.67205,0.094094,0.3,low,0.028228,0.0,0.028228,0
2026-07-26T08:46:47.260458,09/02 11:15,19.55,52.0,24.83,23.48,25.37,18.0,29.0,0.3764,0.094094,0.277303,0.094094,0.077202,0.0,0.0,0.887617,0.094094,0.3,low,0.028228,0.0,0.028228,0
2026-07-26T08:46:47.281358,09/02 12:15,20.15,41.6,25.01,23.71,25.54,18.0,29.0,0.3764,0.094094,0.2926,0.094094,0.080027,0.0,0.0,0.96064,0.094094,0.3,low,0.028228,0.0,0.028228,0
2026-07-26T08:47:09.764599,09/02 13:15,20.3,20.8,24.72,23.55,25.35,20.0,27.0,0.3764,0.094094,0.294853,0.094094,0.07987,0.0,0.0,0.967921,0.094094,0.3,low,0.028228,0.0,0.028228,0
2026-07-26T08:47:09.789284,09/02 14:15,19.55,41.6,25.21,24.26,25.84,20.0,27.0,0.3764,0.094094,0.26432,0.094094,0.075846,0.0,0.0,0.813014,0.094094,0.3,low,0.028228,0.0,0.028228,0
2026-07-26T08:47:09.808910,09/02 15:15,19.85,52.0,25.59,24.58,26.27,20.0,27.0,0.3764,0.094094,0.275222,0.094094,0.077942,0.0,0.0,0.870759,0.094094,0.3,low,0.028228,0.0,0.028228,1
2026-07-26T08:47:09.829013,09/02 16:15,19.27,52.0,25.7,24.23,26.68,20.0,27.0,0.3764,0.094094,0.267371,0.094094,0.076864,0.0,0.0,0.830962,0.094094,0.55,high,0.051752,0.0,0.051752,1
2026-07-26T08:47:09.850096,09/02 17:15,18.47,52.0,25.5,23.71,26.6,20.0,27.0,0.3764,0.094094,0.260573,0.094094,0.07816,0.0,0.0,0.794944,0.094094,0.55,high,0.051752,0.0,0.051752,1
2026-07-26T08:47:09.869149,09/02 18:15,16.8,52.0,25.11,23.3,25.97,20.0,27.0,0.3764,0.094094,0.233932,0.094094,0.073581,0.0,0.0,0.659656,0.094094,0.55,high,0.051752,0.0,0.051752,0
2026-07-26T08:47:29.026166,09/02 19:23,15.6,26.0,23.18,21.88,24.26,20.0,26.0,0.3764,0.094094,0.20577,0.094094,0.069927,0.0,0.0,0.511341,0.094094,0.55,high,0.051752,0.0,0.051752,0
2026-07-26T08:47:29.053170,09/02 20:23,15.02,0.0,,,,20.0,26.0,0.3764,0.094094,0.199413,0.094094,0.06686,0.0,0.0,0.484347,0.094094,0.55,high,0.051752,0.0,0.051752,0
2026-07-26T08:47:29.077165,09/02 21:15,13.3,0.0,,,,20.0,26.0,0.0,0.0,0.0,0.0,0.0,0.0,0.0,0.0,0.0,0.4,moderate,0.0,0.0,0.0,0
2026-07-26T08:47:29.097164,09/02 22:15,13.03,0.0,,,,20.0,26.0,0.0,0.0,0.0,0.0,0.0,0.0,0.0,0.0,0.0,0.4,moderate,0.0,0.0,0.0,0
2026-07-26T08:47:29.118166,09/02 23:15,11.8,0.0,,,,20.0,26.0,0.0,0.0,0.0,0.0,0.0,0.0,0.0,0.0,0.0,0.4,moderate,0.0,0.0,0.0,0
2026-07-26T08:47:29.141164,09/03 00:15,10.6,0.0,,,,20.0,26.0,0.0,0.0,0.0,0.0,0.0,0.0,0.0,0.0,0.0,0.34,low,0.0,0.0,0.0,0
2026-07-26T08:47:46.412094,09/03 01:15,10.45,0.0,,,,18.0,28.0,0.0,0.0,0.0,0.0,0.0,0.0,0.0,0.0,0.0,0.34,low,0.0,0.0,0.0,0
2026-07-26T08:47:46.431094,09/03 02:15,10.0,0.0,,,,18.0,28.0,0.0,0.0,0.0,0.0,0.0,0.0,0.0,0.0,0.0,0.34,low,0.0,0.0,0.0,0
2026-07-26T08:47:46.448091,09/03 03:15,9.85,0.0,,,,18.0,28.0,0.0,0.0,0.0,0.0,0.0,0.0,0.0,0.0,0.0,0.34,low,0.0,0.0,0.0,0
2026-07-26T08:47:46.465089,09/03 04:15,9.4,0.0,,,,18.0,28.0,0.0,0.0,0.0,0.0,0.0,0.0,0.0,0.0,0.0,0.34,low,0.0,0.0,0.0,0
2026-07-26T08:47:46.481090,09/03 05:15,9.4,0.0,,,,18.0,28.0,0.0,0.0,0.0,0.0,0.0,0.0,0.0,0.0,0.0,0.34,low,0.0,0.0,0.0,0
2026-07-26T08:47:46.498090,09/03 06:23,10.8,0.0,,,,18.0,28.0,0.0,0.0,0.0,0.0,0.0,0.0,0.0,0.0,0.0,0.43,moderate,0.0,0.0,0.0,0
2026-07-26T08:48:02.637843,09/03 07:23,15.82,0.0,,,,18.0,29.0,0.3764,0.094094,0.179202,0.094094,0.034642,0.0,0.0,0.453335,0.094094,0.43,moderate,0.04046,0.0,0.04046,0
2026-07-26T08:48:02.657841,09/03 08:23,18.73,0.0,,,,18.0,29.0,0.3764,0.094094,0.226111,0.094094,0.038718,0.0,0.0,0.655553,0.094094,0.43,moderate,0.04046,0.0,0.04046,0
2026-07-26T08:48:02.678841,09/03 09:23,20.27,52.0,23.08,21.25,25.77,18.0,29.0,0.3764,0.094094,0.253715,0.094094,0.052724,0.0,0.0,0.775047,0.094094,0.43,moderate,0.04046,0.0,0.04046,0
2026-07-26T08:48:02.697840,09/03 10:23,21.25,52.0,24.86,22.83,27.7,18.0,29.0,0.3764,0.094094,0.279519,0.094094,0.068695,0.0,0.0,0.891112,0.094094,0.3,low,0.028228,0.0,0.028228,1
2026-07-26T08:48:02.718840,09/03 11:23,21.7,52.0,25.62,23.65,28.08,18.0,29.0,0.3764,0.094094,0.296918,0.094094,0.083264,0.0,0.0,0.966319,0.094094,0.3,low,0.028228,0.0,0.028228,1
2026-07-26T08:48:02.734841,09/03 12:23,21.82,41.6,25.73,23.97,27.33,18.0,29.0,0.3764,0.094094,0.302199,0.094094,0.090634,0.0,0.0,0.988799,0.094094,0.3,low,0.028228,0.0,0.028228,1
2026-07-26T08:48:20.191953,09/03 13:15,22.2,20.8,25.32,23.83,25.92,20.0,27.0,0.3764,0.094094,0.314214,0.094094,0.097898,0.0,0.0,1.041406,0.094094,0.3,low,0.028228,0.0,0.028228,0
2026-07-26T08:48:20.210959,09/03 14:15,22.07,41.6,25.73,24.61,26.34,20.0,27.0,0.3764,0.094094,0.31641,0.094094,0.096296,0.0,0.0,1.054571,0.094094,0.3,low,0.028228,0.0,0.028228,1
2026-07-26T08:48:20.228954,09/03 15:15,21.55,52.0,26.11,25.24,26.99,20.0,27.0,0.3772,0.094296,0.31358,0.094296,0.09259,0.0,0.0,1.049737,0.094296,0.3,low,0.028289,0.0,0.028289,1
2026-07-26T08:48:20.245956,09/03 16:15,20.98,52.0,26.16,24.83,27.0,20.0,27.0,0.3792,0.0948,0.315163,0.0948,0.088115,0.0,0.0,1.062698,0.0948,0.55,high,0.05214,0.0,0.05214,1
2026-07-26T08:48:20.261953,09/03 17:15,19.9,52.0,25.83,24.22,26.89,20.0,27.0,0.3764,0.094094,0.292476,0.094094,0.084539,0.0,0.0,0.95096,0.094094,0.55,high,0.051752,0.0,0.051752,1
2026-07-26T08:48:20.277954,09/03 18:23,17.53,52.0,25.19,23.66,25.98,20.0,27.0,0.3764,0.094094,0.247392,0.094094,0.079233,0.0,0.0,0.723127,0.094094,0.55,high,0.051752,0.0,0.051752,0
2026-07-26T08:48:39.027840,09/03 19:23,16.7,26.0,23.3,22.14,24.4,20.0,26.0,0.3764,0.094094,0.224734,0.094094,0.076122,0.0,0.0,0.609084,0.094094,0.55,high,0.051752,0.0,0.051752,0
2026-07-26T08:48:39.059840,09/03 20:23,16.27,0.0,,,,20.0,26.0,0.3764,0.094094,0.216485,0.094094,0.06589,0.0,0.0,0.580697,0.094094,0.55,high,0.051752,0.0,0.051752,0
2026-07-26T08:48:39.083841,09/03 21:15,15.28,0.0,,,,20.0,26.0,0.0,0.0,0.0,0.0,0.0,0.0,0.0,0.0,0.0,0.4,moderate,0.0,0.0,0.0,0
2026-07-26T08:48:39.102837,09/03 22:15,15.4,0.0,,,,20.0,26.0,0.0,0.0,0.0,0.0,0.0,0.0,0.0,0.0,0.0,0.4,moderate,0.0,0.0,0.0,0
2026-07-26T08:48:39.121844,09/03 23:15,13.03,0.0,,,,20.0,26.0,0.0,0.0,0.0,0.0,0.0,0.0,0.0,0.0,0.0,0.4,moderate,0.0,0.0,0.0,0
2026-07-26T08:48:39.141838,09/04 00:15,12.2,0.0,,,,20.0,26.0,0.0,0.0,0.0,0.0,0.0,0.0,0.0,0.0,0.0,0.34,low,0.0,0.0,0.0,0
2026-07-26T08:49:00.440029,09/04 01:15,12.35,0.0,,,,18.0,28.0,0.0,0.0,0.0,0.0,0.0,0.0,0.0,0.0,0.0,0.34,low,0.0,0.0,0.0,0
2026-07-26T08:49:00.476986,09/04 02:15,13.08,0.0,,,,18.0,28.0,0.0,0.0,0.0,0.0,0.0,0.0,0.0,0.0,0.0,0.34,low,0.0,0.0,0.0,0
2026-07-26T08:49:00.500544,09/04 03:15,13.75,0.0,,,,18.0,28.0,0.0,0.0,0.0,0.0,0.0,0.0,0.0,0.0,0.0,0.34,low,0.0,0.0,0.0,0
2026-07-26T08:49:00.523545,09/04 04:15,13.03,0.0,,,,18.0,28.0,0.0,0.0,0.0,0.0,0.0,0.0,0.0,0.0,0.0,0.34,low,0.0,0.0,0.0,0
2026-07-26T08:49:00.546100,09/04 05:15,12.47,0.0,,,,18.0,28.0,0.0,0.0,0.0,0.0,0.0,0.0,0.0,0.0,0.0,0.34,low,0.0,0.0,0.0,0
2026-07-26T08:49:00.571668,09/04 06:23,13.88,0.0,,,,18.0,28.0,0.0,0.0,0.0,0.0,0.0,0.0,0.0,0.0,0.0,0.43,moderate,0.0,0.0,0.0,0
2026-07-26T08:49:18.413645,09/04 07:23,16.27,0.0,,,,18.0,29.0,0.3764,0.094094,0.177741,0.094094,0.031769,0.0,0.0,0.404341,0.094094,0.43,moderate,0.04046,0.0,0.04046,0
2026-07-26T08:49:18.444175,09/04 08:23,19.0,0.0,,,,18.0,29.0,0.3764,0.094094,0.219804,0.094094,0.038425,0.0,0.0,0.62331,0.094094,0.43,moderate,0.04046,0.0,0.04046,0
2026-07-26T08:49:18.465233,09/04 09:23,21.53,52.0,23.32,21.35,26.36,18.0,29.0,0.3764,0.094094,0.284753,0.094094,0.055488,0.0,0.0,0.937713,0.094094,0.43,moderate,0.04046,0.0,0.04046,1
2026-07-26T08:49:18.491238,09/04 10:23,23.2,52.0,25.1,22.95,28.21,18.0,29.0,0.3764,0.094094,0.34076,0.094094,0.076287,0.0,0.0,1.189537,0.094094,0.3,low,0.028228,0.0,0.028228,1
2026-07-26T08:49:18.513294,09/04 11:23,24.82,52.0,25.88,23.81,28.54,18.0,29.0,0.3764,0.094094,0.39871,0.094094,0.091935,0.0,0.0,1.455108,0.094094,0.3,low,0.028228,0.0,0.028228,1
2026-07-26T08:49:18.534363,09/04 12:23,26.38,41.6,26.07,24.23,27.83,18.0,29.0,0.3764,0.094094,0.472121,0.094094,0.099676,0.0,0.0,1.778811,0.094094,0.3,low,0.028228,0.0,0.028228,1
2026-07-26T08:49:35.440291,09/04 13:15,27.47,20.8,25.74,24.19,26.45,20.0,27.0,0.3764,0.094094,0.481069,0.094094,0.099509,0.0,0.0,1.800016,0.094094,0.3,low,0.028228,0.0,0.028228,1
2026-07-26T08:49:35.465291,09/04 14:15,28.45,41.6,26.24,25.07,26.99,20.0,27.0,0.3772,0.094292,0.585546,0.094292,0.110945,0.0,0.0,2.25127,0.094292,0.3,low,0.028288,0.0,0.028288,1
2026-07-26T08:49:35.493290,09/04 15:23,28.62,52.0,26.56,25.85,27.0,20.0,27.0,0.3838,0.095941,0.633556,0.095941,0.108758,0.0,0.0,2.450761,0.095941,0.3,low,0.028782,0.0,0.028782,1
2026-07-26T08:49:35.515289,09/04 16:15,27.38,52.0,26.58,25.46,27.0,20.0,27.0,0.3877,0.09692,0.646786,0.09692,0.106658,0.0,0.0,2.535962,0.09692,0.55,high,0.053306,0.0,0.053306,1
2026-07-26T08:49:35.533292,09/04 17:15,25.83,52.0,26.29,24.85,27.0,20.0,27.0,0.3827,0.095675,0.56211,0.095675,0.102071,0.0,0.0,2.182282,0.095675,0.55,high,0.052621,0.0,0.052621,1
2026-07-26T08:49:35.554289,09/04 18:15,24.3,52.0,25.94,24.34,26.86,20.0,27.0,0.3764,0.094094,0.465921,0.094094,0.097161,0.0,0.0,1.760732,0.094094,0.55,high,0.051752,0.0,0.051752,1
2026-07-26T08:49:53.670725,09/04 19:23,21.92,26.0,24.0,22.85,24.68,20.0,25.0,0.3764,0.094094,0.40644,0.094094,0.091882,0.0,0.0,1.506225,0.094094,0.55,high,0.051752,0.0,0.051752,0
2026-07-26T08:49:53.700726,09/04 20:23,21.1,0.0,,,,20.0,25.0,0.3764,0.094094,0.40386,0.094094,0.093526,0.0,0.0,1.507509,0.094094,0.55,high,0.051752,0.0,0.051752,0
2026-07-26T08:49:53.725724,09/04 21:15,21.25,0.0,,,,20.0,25.0,0.0,0.0,0.0,0.0,0.0,0.0,0.0,0.0,0.0,0.4,moderate,0.0,0.0,0.0,0
2026-07-26T08:49:53.750726,09/04 22:15,21.12,0.0,,,,20.0,25.0,0.0,0.0,0.0,0.0,0.0,0.0,0.0,0.0,0.0,0.4,moderate,0.0,0.0,0.0,0
2026-07-26T08:49:53.767725,09/04 23:15,19.4,0.0,,,,20.0,25.0,0.0,0.0,0.0,0.0,0.0,0.0,0.0,0.0,0.0,0.4,moderate,0.0,0.0,0.0,0
2026-07-26T08:49:53.787724,09/05 00:15,19.4,0.0,,,,20.0,25.0,0.0,0.0,0.0,0.0,0.0,0.0,0.0,0.0,0.0,0.34,low,0.0,0.0,0.0,0
2026-07-26T08:50:13.354551,09/05 01:15,19.27,0.0,,,,18.0,27.0,0.0,0.0,0.0,0.0,0.0,0.0,0.0,0.0,0.0,0.34,low,0.0,0.0,0.0,0
2026-07-26T08:50:13.379553,09/05 02:15,18.62,0.0,,,,18.0,27.0,0.0,0.0,0.0,0.0,0.0,0.0,0.0,0.0,0.0,0.34,low,0.0,0.0,0.0,0
2026-07-26T08:50:13.405197,09/05 03:15,17.38,0.0,,,,18.0,27.0,0.0,0.0,0.0,0.0,0.0,0.0,0.0,0.0,0.0,0.34,low,0.0,0.0,0.0,0
2026-07-26T08:50:13.429381,09/05 04:15,15.83,0.0,,,,18.0,27.0,0.0,0.0,0.0,0.0,0.0,0.0,0.0,0.0,0.0,0.34,low,0.0,0.0,0.0,0
2026-07-26T08:50:13.458624,09/05 05:15,14.85,0.0,,,,18.0,27.0,0.0,0.0,0.0,0.0,0.0,0.0,0.0,0.0,0.0,0.34,low,0.0,0.0,0.0,0
2026-07-26T08:50:13.480175,09/05 06:15,15.38,0.0,,,,18.0,27.0,0.0,0.0,0.0,0.0,0.0,0.0,0.0,0.0,0.0,0.43,moderate,0.0,0.0,0.0,0
2026-07-26T08:50:34.278075,09/05 07:23,19.15,0.0,,,,18.0,29.0,0.3764,0.094094,0.294543,0.094094,0.059243,0.0,0.0,1.01178,0.094094,0.43,moderate,0.04046,0.0,0.04046,0
2026-07-26T08:50:34.308077,09/05 08:23,22.38,0.0,,,,18.0,29.0,0.3764,0.094094,0.361509,0.094094,0.063453,0.0,0.0,1.324037,0.094094,0.43,moderate,0.04046,0.0,0.04046,0
2026-07-26T08:50:34.339075,09/05 09:23,24.97,52.0,23.66,21.79,26.42,18.0,29.0,0.3764,0.094094,0.43468,0.094094,0.079748,0.0,0.0,1.63696,0.094094,0.43,moderate,0.04046,0.0,0.04046,1
2026-07-26T08:50:34.365075,09/05 10:23,27.1,52.0,25.49,23.42,28.42,18.0,29.0,0.3764,0.094094,0.512647,0.094094,0.101453,0.0,0.0,1.94942,0.094094,0.3,low,0.028228,0.0,0.028228,1
2026-07-26T08:50:34.387074,09/05 11:23,28.58,52.0,26.32,24.3,28.89,18.0,29.0,0.3764,0.094094,0.550152,0.094094,0.108177,0.0,0.0,2.090546,0.094094,0.3,low,0.028228,0.0,0.028228,1
2026-07-26T08:50:34.408077,09/05 12:23,29.7,41.6,26.52,24.72,28.23,18.0,29.0,0.3764,0.094094,0.533325,0.094094,0.104245,0.0,0.0,1.994465,0.094094,0.3,low,0.028228,0.0,0.028228,1
2026-07-26T08:50:54.857951,09/05 13:15,30.73,20.8,26.22,24.72,26.88,20.0,27.0,0.3764,0.094094,0.546838,0.094094,0.104403,0.0,0.0,2.031021,0.094094,0.3,low,0.028228,0.0,0.028228,1
2026-07-26T08:50:54.883951,09/05 14:15,30.98,41.6,26.53,25.58,27.0,20.0,27.0,0.3835,0.095885,0.55676,0.095885,0.098996,0.0,0.0,2.073136,0.095885,0.3,low,0.028765,0.0,0.028765,1
2026-07-26T08:50:54.908950,09/05 15:15,30.18,52.0,26.75,26.3,27.0,20.0,27.0,0.3893,0.09733,0.640978,0.09733,0.102846,0.0,0.0,2.448008,0.09733,0.3,low,0.029199,0.0,0.029199,1
2026-07-26T08:50:54.932951,09/05 16:15,28.47,52.0,26.72,25.79,27.0,20.0,27.0,0.3884,0.097095,0.631959,0.097095,0.103109,0.0,0.0,2.440948,0.097095,0.55,high,0.053402,0.0,0.053402,1
2026-07-26T08:50:54.955950,09/05 17:15,26.65,52.0,26.39,25.08,27.0,20.0,27.0,0.3811,0.095272,0.505151,0.095272,0.095839,0.0,0.0,1.903248,0.095272,0.55,high,0.0524,0.0,0.0524,1
2026-07-26T08:50:54.976951,09/05 18:23,24.45,52.0,25.9,24.48,26.72,20.0,27.0,0.3764,0.094094,0.40749,0.094094,0.089792,0.0,0.0,1.484714,0.094094,0.55,high,0.051752,0.0,0.051752,1
2026-07-26T08:51:12.281847,09/05 19:23,22.65,26.0,24.02,22.95,24.71,20.0,25.0,0.3764,0.094094,0.397663,0.094094,0.090617,0.0,0.0,1.461153,0.094094,0.55,high,0.051752,0.0,0.051752,0
2026-07-26T08:51:12.310847,09/05 20:23,21.92,0.0,,,,20.0,25.0,0.3764,0.094094,0.362883,0.094094,0.087545,0.0,0.0,1.295021,0.094094,0.55,high,0.051752,0.0,0.051752,0
2026-07-26T08:51:12.336849,09/05 21:15,21.1,0.0,,,,20.0,25.0,0.0,0.0,0.0,0.0,0.0,0.0,0.0,0.0,0.0,0.4,moderate,0.0,0.0,0.0,0
2026-07-26T08:51:12.394264,09/05 22:15,20.83,0.0,,,,20.0,25.0,0.0,0.0,0.0,0.0,0.0,0.0,0.0,0.0,0.0,0.4,moderate,0.0,0.0,0.0,0
2026-07-26T08:51:12.453113,09/05 23:15,19.57,0.0,,,,20.0,25.0,0.0,0.0,0.0,0.0,0.0,0.0,0.0,0.0,0.0,0.4,moderate,0.0,0.0,0.0,0
2026-07-26T08:51:12.506218,09/06 00:15,18.3,0.0,,,,20.0,25.0,0.0,0.0,0.0,0.0,0.0,0.0,0.0,0.0,0.0,0.34,low,0.0,0.0,0.0,0
2026-07-26T08:51:28.071166,09/06 01:15,18.45,0.0,,,,18.0,27.0,0.0,0.0,0.0,0.0,0.0,0.0,0.0,0.0,0.0,0.34,low,0.0,0.0,0.0,0
2026-07-26T08:51:28.091166,09/06 02:15,18.62,0.0,,,,18.0,27.0,0.0,0.0,0.0,0.0,0.0,0.0,0.0,0.0,0.0,0.34,low,0.0,0.0,0.0,0
2026-07-26T08:51:28.117165,09/06 03:15,17.93,0.0,,,,18.0,27.0,0.0,0.0,0.0,0.0,0.0,0.0,0.0,0.0,0.0,0.34,low,0.0,0.0,0.0,0
2026-07-26T08:51:28.190163,09/06 04:15,18.18,0.0,,,,18.0,27.0,0.0,0.0,0.0,0.0,0.0,0.0,0.0,0.0,0.0,0.34,low,0.0,0.0,0.0,0
2026-07-26T08:51:28.208164,09/06 05:15,17.8,0.0,,,,18.0,27.0,0.0,0.0,0.0,0.0,0.0,0.0,0.0,0.0,0.0,0.34,low,0.0,0.0,0.0,0
2026-07-26T08:51:28.226637,09/06 06:23,18.35,0.0,,,,18.0,27.0,0.0,0.0,0.0,0.0,0.0,0.0,0.0,0.0,0.0,0.43,moderate,0.0,0.0,0.0,0
2026-07-26T08:51:45.052562,09/06 07:23,20.55,0.0,,,,18.0,29.0,0.3764,0.094094,0.360483,0.094094,0.068759,0.0,0.0,1.329,0.094094,0.43,moderate,0.04046,0.0,0.04046,0
2026-07-26T08:51:45.117207,09/06 08:23,22.9,0.0,,,,18.0,29.0,0.3764,0.094094,0.420287,0.094094,0.072727,0.0,0.0,1.602728,0.094094,0.43,moderate,0.04046,0.0,0.04046,0
2026-07-26T08:51:45.140976,09/06 09:23,25.7,52.0,23.83,21.84,26.86,18.0,29.0,0.3764,0.094094,0.483677,0.094094,0.087382,0.0,0.0,1.851095,0.094094,0.43,moderate,0.04046,0.0,0.04046,1
2026-07-26T08:51:45.162147,09/06 10:23,28.35,52.0,25.55,23.41,28.58,18.0,29.0,0.3764,0.094094,0.573162,0.094094,0.110443,0.0,0.0,2.196616,0.094094,0.3,low,0.028228,0.0,0.028228,1
2026-07-26T08:51:45.182141,09/06 11:23,29.85,52.0,26.37,24.33,28.94,18.0,29.0,0.3764,0.094094,0.645627,0.094094,0.1186,0.0,0.0,2.465117,0.094094,0.3,low,0.028228,0.0,0.028228,1
2026-07-26T08:51:45.202162,09/06 12:23,29.12,41.6,26.55,24.79,28.16,18.0,29.0,0.3764,0.094094,0.641288,0.094094,0.117977,0.0,0.0,2.459066,0.094094,0.3,low,0.028228,0.0,0.028228,1
2026-07-26T08:52:04.731784,09/06 13:15,28.45,20.8,26.09,24.62,26.72,20.0,27.0,0.3764,0.094094,0.660031,0.094094,0.121346,0.0,0.0,2.564887,0.094094,0.3,low,0.028228,0.0,0.028228,1
2026-07-26T08:52:04.960115,09/06 14:15,28.2,41.6,26.41,25.27,27.0,20.0,27.0,0.378,0.094488,0.604664,0.094488,0.111804,0.0,0.0,2.313519,0.094488,0.3,low,0.028346,0.0,0.028346,1
2026-07-26T08:52:05.000443,09/06 15:15,26.25,52.0,26.34,25.32,27.0,20.0,27.0,0.3768,0.094193,0.59582,0.094193,0.113308,0.0,0.0,2.332661,0.094193,0.3,low,0.028258,0.0,0.028258,1
2026-07-26T08:52:05.032530,09/06 16:15,26.42,52.0,26.24,25.47,26.83,20.0,27.0,0.3764,0.094094,0.590163,0.094094,0.112067,0.0,0.0,2.297272,0.094094,0.55,high,0.051752,0.0,0.051752,1
2026-07-26T08:52:05.132657,09/06 17:15,25.3,52.0,25.83,24.79,26.51,20.0,27.0,0.3764,0.094094,0.684253,0.094094,0.125111,0.0,0.0,2.733966,0.094094,0.55,high,0.051752,0.0,0.051752,1
2026-07-26T08:52:05.163172,09/06 18:15,24.12,52.0,25.29,24.23,26.03,20.0,27.0,0.3764,0.094094,0.626423,0.094094,0.118376,0.0,0.0,2.50005,0.094094,0.55,high,0.051752,0.0,0.051752,1
2026-07-26T08:52:25.989757,09/06 19:15,22.9,26.0,23.68,22.79,24.5,20.0,25.0,0.3764,0.094094,0.59224,0.094094,0.115809,0.0,0.0,2.36554,0.094094,0.55,high,0.051752,0.0,0.051752,0
2026-07-26T08:52:26.014756,09/06 20:23,21.7,0.0,,,,20.0,25.0,0.3764,0.094094,0.543125,0.094094,0.112052,0.0,0.0,2.160465,0.094094,0.55,high,0.051752,0.0,0.051752,0
2026-07-26T08:52:26.035757,09/06 21:15,21.82,0.0,,,,20.0,25.0,0.0,0.0,0.0,0.0,0.0,0.0,0.0,0.0,0.0,0.4,moderate,0.0,0.0,0.0,0
2026-07-26T08:52:26.243132,09/06 22:15,22.07,0.0,,,,20.0,25.0,0.0,0.0,0.0,0.0,0.0,0.0,0.0,0.0,0.0,0.4,moderate,0.0,0.0,0.0,0
2026-07-26T08:52:26.271865,09/06 23:15,21.7,0.0,,,,20.0,25.0,0.0,0.0,0.0,0.0,0.0,0.0,0.0,0.0,0.0,0.4,moderate,0.0,0.0,0.0,0
2026-07-26T08:52:26.296646,09/07 00:15,21.55,0.0,,,,20.0,25.0,0.0,0.0,0.0,0.0,0.0,0.0,0.0,0.0,0.0,0.34,low,0.0,0.0,0.0,0
2026-07-26T08:52:43.290547,09/07 01:15,20.83,0.0,,,,18.0,27.0,0.0,0.0,0.0,0.0,0.0,0.0,0.0,0.0,0.0,0.34,low,0.0,0.0,0.0,0
2026-07-26T08:52:43.321543,09/07 02:15,19.85,0.0,,,,18.0,27.0,0.0,0.0,0.0,0.0,0.0,0.0,0.0,0.0,0.0,0.34,low,0.0,0.0,0.0,0
2026-07-26T08:52:43.359542,09/07 03:15,19.27,0.0,,,,18.0,27.0,0.0,0.0,0.0,0.0,0.0,0.0,0.0,0.0,0.0,0.34,low,0.0,0.0,0.0,0
2026-07-26T08:52:43.387546,09/07 04:15,19.02,0.0,,,,18.0,27.0,0.0,0.0,0.0,0.0,0.0,0.0,0.0,0.0,0.0,0.34,low,0.0,0.0,0.0,0
2026-07-26T08:52:43.411556,09/07 05:15,19.55,0.0,,,,18.0,27.0,0.0,0.0,0.0,0.0,0.0,0.0,0.0,0.0,0.0,0.34,low,0.0,0.0,0.0,0
2026-07-26T08:52:43.439544,09/07 06:15,20.15,0.0,,,,18.0,27.0,0.0,0.0,0.0,0.0,0.0,0.0,0.0,0.0,0.0,0.43,moderate,0.0,0.0,0.0,0
2026-07-26T08:53:00.896767,09/07 07:15,20.6,0.0,,,,18.0,29.0,0.0,0.0,0.0,0.0,0.0,0.0,0.0,0.0,0.0,0.43,moderate,0.0,0.0,0.0,0
2026-07-26T08:53:00.921675,09/07 08:15,20.88,0.0,,,,18.0,29.0,0.0,0.0,0.0,0.0,0.0,0.0,0.0,0.0,0.0,0.43,moderate,0.0,0.0,0.0,0
2026-07-26T08:53:00.944253,09/07 09:15,21.97,0.0,,,,18.0,29.0,0.0,0.0,0.0,0.0,0.0,0.0,0.0,0.0,0.0,0.43,moderate,0.0,0.0,0.0,0
2026-07-26T08:53:00.968414,09/07 10:15,23.08,0.0,,,,18.0,29.0,0.0,0.0,0.0,0.0,0.0,0.0,0.0,0.0,0.0,0.3,low,0.0,0.0,0.0,0
2026-07-26T08:53:00.992717,09/07 11:15,23.9,0.0,,,,18.0,29.0,0.0,0.0,0.0,0.0,0.0,0.0,0.0,0.0,0.0,0.3,low,0.0,0.0,0.0,0
2026-07-26T08:53:01.046668,09/07 12:15,23.75,0.0,,,,18.0,29.0,0.0,0.0,0.0,0.0,0.0,0.0,0.0,0.0,0.0,0.3,low,0.0,0.0,0.0,0
2026-07-26T08:53:17.847424,09/07 13:15,23.18,0.0,,,,18.0,29.0,0.0,0.0,0.0,0.0,0.0,0.0,0.0,0.0,0.0,0.3,low,0.0,0.0,0.0,0
2026-07-26T08:53:17.868424,09/07 14:15,22.65,0.0,,,,18.0,29.0,0.0,0.0,0.0,0.0,0.0,0.0,0.0,0.0,0.0,0.3,low,0.0,0.0,0.0,0
2026-07-26T08:53:17.892423,09/07 15:15,22.07,0.0,,,,18.0,29.0,0.0,0.0,0.0,0.0,0.0,0.0,0.0,0.0,0.0,0.3,low,0.0,0.0,0.0,0
2026-07-26T08:53:17.914424,09/07 16:15,21.7,0.0,,,,18.0,29.0,0.0,0.0,0.0,0.0,0.0,0.0,0.0,0.0,0.0,0.55,high,0.0,0.0,0.0,0
2026-07-26T08:53:17.939428,09/07 17:15,21.55,0.0,,,,18.0,29.0,0.0,0.0,0.0,0.0,0.0,0.0,0.0,0.0,0.0,0.55,high,0.0,0.0,0.0,0
2026-07-26T08:53:17.958426,09/07 18:15,20.98,0.0,,,,18.0,29.0,0.0,0.0,0.0,0.0,0.0,0.0,0.0,0.0,0.0,0.55,high,0.0,0.0,0.0,0
2026-07-26T08:53:34.478992,09/07 19:15,20.6,0.0,,,,18.0,29.0,0.0,0.0,0.0,0.0,0.0,0.0,0.0,0.0,0.0,0.55,high,0.0,0.0,0.0,0
2026-07-26T08:53:34.500991,09/07 20:15,20.45,0.0,,,,18.0,29.0,0.0,0.0,0.0,0.0,0.0,0.0,0.0,0.0,0.0,0.55,high,0.0,0.0,0.0,0
2026-07-26T08:53:34.529991,09/07 21:15,19.85,0.0,,,,18.0,29.0,0.0,0.0,0.0,0.0,0.0,0.0,0.0,0.0,0.0,0.4,moderate,0.0,0.0,0.0,0
2026-07-26T08:53:34.546991,09/07 22:15,19.4,0.0,,,,18.0,29.0,0.0,0.0,0.0,0.0,0.0,0.0,0.0,0.0,0.0,0.4,moderate,0.0,0.0,0.0,0
2026-07-26T08:53:34.563991,09/07 23:15,19.4,0.0,,,,18.0,29.0,0.0,0.0,0.0,0.0,0.0,0.0,0.0,0.0,0.0,0.4,moderate,0.0,0.0,0.0,0
2026-07-26T08:53:34.579990,09/08 00:15,19.4,0.0,,,,18.0,29.0,0.0,0.0,0.0,0.0,0.0,0.0,0.0,0.0,0.0,0.34,low,0.0,0.0,0.0,0
2026-07-26T08:53:50.912884,09/08 01:15,19.27,0.0,,,,18.0,29.0,0.0,0.0,0.0,0.0,0.0,0.0,0.0,0.0,0.0,0.34,low,0.0,0.0,0.0,0
2026-07-26T08:53:50.932933,09/08 02:15,18.75,0.0,,,,18.0,29.0,0.0,0.0,0.0,0.0,0.0,0.0,0.0,0.0,0.0,0.34,low,0.0,0.0,0.0,0
2026-07-26T08:53:50.955918,09/08 03:15,18.18,0.0,,,,18.0,29.0,0.0,0.0,0.0,0.0,0.0,0.0,0.0,0.0,0.0,0.34,low,0.0,0.0,0.0,0
2026-07-26T08:53:50.973960,09/08 04:15,17.8,0.0,,,,18.0,29.0,0.0,0.0,0.0,0.0,0.0,0.0,0.0,0.0,0.0,0.34,low,0.0,0.0,0.0,0
2026-07-26T08:53:50.993192,09/08 05:15,17.93,0.0,,,,18.0,29.0,0.0,0.0,0.0,0.0,0.0,0.0,0.0,0.0,0.0,0.34,low,0.0,0.0,0.0,0
2026-07-26T08:53:51.010207,09/08 06:15,18.45,0.0,,,,18.0,29.0,0.0,0.0,0.0,0.0,0.0,0.0,0.0,0.0,0.0,0.43,moderate,0.0,0.0,0.0,0
2026-07-26T08:54:05.544486,09/08 07:15,19.17,0.0,,,,18.0,29.0,0.0,0.0,0.0,0.0,0.0,0.0,0.0,0.0,0.0,0.43,moderate,0.0,0.0,0.0,0
2026-07-26T08:54:05.564486,09/08 08:15,20.15,0.0,,,,18.0,29.0,0.0,0.0,0.0,0.0,0.0,0.0,0.0,0.0,0.0,0.43,moderate,0.0,0.0,0.0,0
2026-07-26T08:54:05.582485,09/08 09:15,20.6,0.0,,,,18.0,29.0,0.0,0.0,0.0,0.0,0.0,0.0,0.0,0.0,0.0,0.43,moderate,0.0,0.0,0.0,0
2026-07-26T08:54:05.606484,09/08 10:23,21.15,0.0,,,,18.0,29.0,0.0,0.0,0.0,0.0,0.0,0.0,0.0,0.0,0.0,0.3,low,0.0,0.0,0.0,0
2026-07-26T08:54:05.625488,09/08 11:15,23.08,0.0,,,,18.0,29.0,0.0,0.0,0.0,0.0,0.0,0.0,0.0,0.0,0.0,0.3,low,0.0,0.0,0.0,0
2026-07-26T08:54:05.644484,09/08 12:15,24.17,0.0,,,,18.0,29.0,0.0,0.0,0.0,0.0,0.0,0.0,0.0,0.0,0.0,0.3,low,0.0,0.0,0.0,0
2026-07-26T08:54:20.611805,09/08 13:15,25.15,0.0,,,,18.0,29.0,0.0,0.0,0.0,0.0,0.0,0.0,0.0,0.0,0.0,0.3,low,0.0,0.0,0.0,0
2026-07-26T08:54:20.631809,09/08 14:15,25.73,0.0,,,,18.0,29.0,0.0,0.0,0.0,0.0,0.0,0.0,0.0,0.0,0.0,0.3,low,0.0,0.0,0.0,0
2026-07-26T08:54:20.649805,09/08 15:23,26.25,0.0,,,,18.0,29.0,0.0,0.0,0.0,0.0,0.0,0.0,0.0,0.0,0.0,0.3,low,0.0,0.0,0.0,0
2026-07-26T08:54:20.670805,09/08 16:15,26.42,0.0,,,,18.0,29.0,0.0,0.0,0.0,0.0,0.0,0.0,0.0,0.0,0.0,0.55,high,0.0,0.0,0.0,0
2026-07-26T08:54:20.688807,09/08 17:15,25.18,0.0,,,,18.0,29.0,0.0,0.0,0.0,0.0,0.0,0.0,0.0,0.0,0.0,0.55,high,0.0,0.0,0.0,0
2026-07-26T08:54:20.704808,09/08 18:23,23.35,0.0,,,,18.0,29.0,0.0,0.0,0.0,0.0,0.0,0.0,0.0,0.0,0.0,0.55,high,0.0,0.0,0.0,0
2026-07-26T08:54:36.301779,09/08 19:23,21.42,0.0,,,,18.0,29.0,0.0,0.0,0.0,0.0,0.0,0.0,0.0,0.0,0.0,0.55,high,0.0,0.0,0.0,0
2026-07-26T08:54:36.323780,09/08 20:15,20.18,0.0,,,,18.0,29.0,0.0,0.0,0.0,0.0,0.0,0.0,0.0,0.0,0.0,0.55,high,0.0,0.0,0.0,0
2026-07-26T08:54:36.341779,09/08 21:15,18.75,0.0,,,,18.0,29.0,0.0,0.0,0.0,0.0,0.0,0.0,0.0,0.0,0.0,0.4,moderate,0.0,0.0,0.0,0
2026-07-26T08:54:36.358779,09/08 22:15,18.45,0.0,,,,18.0,29.0,0.0,0.0,0.0,0.0,0.0,0.0,0.0,0.0,0.0,0.4,moderate,0.0,0.0,0.0,0
2026-07-26T08:54:36.382779,09/08 23:15,18.62,0.0,,,,18.0,29.0,0.0,0.0,0.0,0.0,0.0,0.0,0.0,0.0,0.0,0.4,moderate,0.0,0.0,0.0,0
2026-07-26T08:54:36.400779,09/09 00:15,17.8,0.0,,,,18.0,29.0,0.0,0.0,0.0,0.0,0.0,0.0,0.0,0.0,0.0,0.34,low,0.0,0.0,0.0,0
2026-07-26T08:54:52.186065,09/09 01:15,17.8,0.0,,,,18.0,29.0,0.0,0.0,0.0,0.0,0.0,0.0,0.0,0.0,0.0,0.34,low,0.0,0.0,0.0,0
2026-07-26T08:54:52.209121,09/09 02:15,17.53,0.0,,,,18.0,29.0,0.0,0.0,0.0,0.0,0.0,0.0,0.0,0.0,0.0,0.34,low,0.0,0.0,0.0,0
2026-07-26T08:54:52.238132,09/09 03:15,16.42,0.0,,,,18.0,29.0,0.0,0.0,0.0,0.0,0.0,0.0,0.0,0.0,0.0,0.34,low,0.0,0.0,0.0,0
2026-07-26T08:54:52.256116,09/09 04:15,15.3,0.0,,,,18.0,29.0,0.0,0.0,0.0,0.0,0.0,0.0,0.0,0.0,0.0,0.34,low,0.0,0.0,0.0,0
2026-07-26T08:54:52.270122,09/09 05:15,14.4,0.0,,,,18.0,29.0,0.0,0.0,0.0,0.0,0.0,0.0,0.0,0.0,0.0,0.34,low,0.0,0.0,0.0,0
2026-07-26T08:54:52.288123,09/09 06:23,15.1,0.0,,,,18.0,29.0,0.0,0.0,0.0,0.0,0.0,0.0,0.0,0.0,0.0,0.43,moderate,0.0,0.0,0.0,0
2026-07-26T08:55:08.028086,09/09 07:15,17.62,0.0,,,,18.0,29.0,0.3764,0.094094,0.292161,0.094094,0.058935,0.0,0.0,0.998471,0.094094,0.43,moderate,0.04046,0.0,0.04046,0
2026-07-26T08:55:08.060402,09/09 08:23,19.6,0.0,,,,18.0,29.0,0.3764,0.094094,0.320672,0.094094,0.058203,0.0,0.0,1.138101,0.094094,0.43,moderate,0.04046,0.0,0.04046,0
2026-07-26T08:55:08.091394,09/09 09:23,21.97,52.0,23.29,21.52,25.74,18.0,29.0,0.3764,0.094094,0.381423,0.094094,0.072687,0.0,0.0,1.409147,0.094094,0.43,moderate,0.04046,0.0,0.04046,0
2026-07-26T08:55:08.116826,09/09 10:23,22.93,52.0,25.06,23.1,27.64,18.0,29.0,0.3764,0.094094,0.413333,0.094094,0.089016,0.0,0.0,1.537419,0.094094,0.3,low,0.028228,0.0,0.028228,1
2026-07-26T08:55:08.138056,09/09 11:23,23.88,52.0,25.74,24.0,27.54,18.0,29.0,0.3764,0.094094,0.4274,0.094094,0.09611,0.0,0.0,1.600226,0.094094,0.3,low,0.028228,0.0,0.028228,1
2026-07-26T08:55:08.156058,09/09 12:15,25.3,41.6,25.97,24.43,27.09,18.0,29.0,0.3764,0.094094,0.449248,0.094094,0.097083,0.0,0.0,1.676272,0.094094,0.3,low,0.028228,0.0,0.028228,1
2026-07-26T08:55:26.021367,09/09 13:15,24.82,20.8,25.57,24.21,26.19,20.0,27.0,0.3764,0.094094,0.407481,0.094094,0.092001,0.0,0.0,1.490467,0.094094,0.3,low,0.028228,0.0,0.028228,1
2026-07-26T08:55:26.043372,09/09 14:15,25.13,41.6,26.07,25.0,26.72,20.0,27.0,0.3764,0.094094,0.477685,0.094094,0.099777,0.0,0.0,1.804661,0.094094,0.3,low,0.028228,0.0,0.028228,1
2026-07-26T08:55:26.062365,09/09 15:15,22.62,52.0,26.32,25.58,26.99,20.0,27.0,0.3772,0.094311,0.442407,0.094311,0.09555,0.0,0.0,1.68776,0.094311,0.3,low,0.028293,0.0,0.028293,1
2026-07-26T08:55:26.089886,09/09 16:15,23.47,52.0,26.35,25.12,27.0,20.0,27.0,0.3806,0.095159,0.478809,0.095159,0.095465,0.0,0.0,1.8436,0.095159,0.55,high,0.052337,0.0,0.052337,1
2026-07-26T08:55:26.108829,09/09 17:15,21.8,52.0,26.01,24.44,27.0,20.0,27.0,0.3765,0.094114,0.38039,0.094114,0.087543,0.0,0.0,1.375245,0.094114,0.55,high,0.051763,0.0,0.051763,1
2026-07-26T08:55:26.127833,09/09 18:23,20.6,52.0,25.42,23.89,26.22,20.0,27.0,0.3764,0.094094,0.350879,0.094094,0.084454,0.0,0.0,1.249559,0.094094,0.55,high,0.051752,0.0,0.051752,1
2026-07-26T08:55:44.779892,09/09 19:23,20.45,26.0,23.58,22.44,24.48,20.0,25.0,0.3764,0.094094,0.306321,0.094094,0.079892,0.0,0.0,1.021464,0.094094,0.55,high,0.051752,0.0,0.051752,0
2026-07-26T08:55:44.802876,09/09 20:23,19.57,0.0,,,,20.0,25.0,0.3764,0.094094,0.306756,0.094094,0.081502,0.0,0.0,1.031834,0.094094,0.55,high,0.051752,0.0,0.051752,0
2026-07-26T08:55:44.823867,09/09 21:15,17.75,0.0,,,,20.0,25.0,0.0,0.0,0.0,0.0,0.0,0.0,0.0,0.0,0.0,0.4,moderate,0.0,0.0,0.0,0
2026-07-26T08:55:44.867871,09/09 22:15,15.98,0.0,,,,20.0,25.0,0.0,0.0,0.0,0.0,0.0,0.0,0.0,0.0,0.0,0.4,moderate,0.0,0.0,0.0,0
2026-07-26T08:55:44.887871,09/09 23:15,15.3,0.0,,,,20.0,25.0,0.0,0.0,0.0,0.0,0.0,0.0,0.0,0.0,0.0,0.4,moderate,0.0,0.0,0.0,0
2026-07-26T08:55:44.906867,09/10 00:15,14.12,0.0,,,,20.0,25.0,0.0,0.0,0.0,0.0,0.0,0.0,0.0,0.0,0.0,0.34,low,0.0,0.0,0.0,0
2026-07-26T08:56:01.350558,09/10 01:15,13.3,0.0,,,,18.0,27.0,0.0,0.0,0.0,0.0,0.0,0.0,0.0,0.0,0.0,0.34,low,0.0,0.0,0.0,0
2026-07-26T08:56:01.370558,09/10 02:15,13.18,0.0,,,,18.0,27.0,0.0,0.0,0.0,0.0,0.0,0.0,0.0,0.0,0.0,0.34,low,0.0,0.0,0.0,0
2026-07-26T08:56:01.410557,09/10 03:15,12.93,0.0,,,,18.0,27.0,0.0,0.0,0.0,0.0,0.0,0.0,0.0,0.0,0.0,0.34,low,0.0,0.0,0.0,0
2026-07-26T08:56:01.429558,09/10 04:15,13.18,0.0,,,,18.0,27.0,0.0,0.0,0.0,0.0,0.0,0.0,0.0,0.0,0.0,0.34,low,0.0,0.0,0.0,0
2026-07-26T08:56:01.445558,09/10 05:15,12.8,0.0,,,,18.0,27.0,0.0,0.0,0.0,0.0,0.0,0.0,0.0,0.0,0.0,0.34,low,0.0,0.0,0.0,0
2026-07-26T08:56:01.460556,09/10 06:23,13.9,0.0,,,,18.0,27.0,0.0,0.0,0.0,0.0,0.0,0.0,0.0,0.0,0.0,0.43,moderate,0.0,0.0,0.0,0
2026-07-26T08:56:16.683372,09/10 07:23,18.17,0.0,,,,18.0,29.0,0.3764,0.094094,0.300879,0.094094,0.057337,0.0,0.0,1.060668,0.094094,0.43,moderate,0.04046,0.0,0.04046,0
2026-07-26T08:56:16.711373,09/10 08:23,21.53,0.0,,,,18.0,29.0,0.3764,0.094094,0.358088,0.094094,0.060454,0.0,0.0,1.312386,0.094094,0.43,moderate,0.04046,0.0,0.04046,0
2026-07-26T08:56:16.743373,09/10 09:23,23.2,52.0,23.33,21.63,25.7,18.0,29.0,0.3764,0.094094,0.354966,0.094094,0.06693,0.0,0.0,1.266396,0.094094,0.43,moderate,0.04046,0.0,0.04046,0
2026-07-26T08:56:16.773372,09/10 10:23,24.55,52.0,25.1,23.21,27.55,18.0,29.0,0.3764,0.094094,0.394071,0.094094,0.084156,0.0,0.0,1.429862,0.094094,0.3,low,0.028228,0.0,0.028228,1
2026-07-26T08:56:16.820375,09/10 11:23,25.27,52.0,25.87,24.04,27.92,18.0,29.0,0.3764,0.094094,0.409772,0.094094,0.092934,0.0,0.0,1.4981,0.094094,0.3,low,0.028228,0.0,0.028228,1
2026-07-26T08:56:16.849394,09/10 12:23,26.25,41.6,26.16,24.48,27.59,18.0,29.0,0.3764,0.094094,0.437074,0.094094,0.095144,0.0,0.0,1.614308,0.094094,0.3,low,0.028228,0.0,0.028228,1
2026-07-26T08:56:32.746839,09/10 13:15,26.12,20.8,25.86,24.44,26.47,20.0,27.0,0.3764,0.094094,0.486475,0.094094,0.10061,0.0,0.0,1.834559,0.094094,0.3,low,0.028228,0.0,0.028228,1
2026-07-26T08:56:32.772840,09/10 14:15,24.0,41.6,26.08,24.87,26.74,20.0,27.0,0.3764,0.094094,0.444178,0.094094,0.096134,0.0,0.0,1.664754,0.094094,0.3,low,0.028228,0.0,0.028228,1
2026-07-26T08:56:32.823839,09/10 15:15,22.53,52.0,25.9,24.77,26.54,20.0,27.0,0.3764,0.094094,0.417595,0.094094,0.093387,0.0,0.0,1.557075,0.094094,0.3,low,0.028228,0.0,0.028228,1
2026-07-26T08:56:32.842838,09/10 16:15,21.55,52.0,25.49,24.42,26.38,20.0,27.0,0.3764,0.094094,0.382489,0.094094,0.088441,0.0,0.0,1.396848,0.094094,0.55,high,0.051752,0.0,0.051752,1
2026-07-26T08:56:32.864840,09/10 17:15,20.98,52.0,24.78,23.7,25.87,20.0,27.0,0.3764,0.094094,0.355932,0.094094,0.08539,0.0,0.0,1.270898,0.094094,0.55,high,0.051752,0.0,0.051752,0
2026-07-26T08:56:32.881839,09/10 18:15,20.6,52.0,24.35,23.23,25.66,20.0,27.0,0.3764,0.094094,0.344962,0.094094,0.084473,0.0,0.0,1.220901,0.094094,0.55,high,0.051752,0.0,0.051752,0
2026-07-26T08:56:48.337092,09/10 19:15,20.6,26.0,22.97,21.95,24.14,20.0,26.0,0.3764,0.094094,0.354925,0.094094,0.086808,0.0,0.0,1.271664,0.094094,0.55,high,0.051752,0.0,0.051752,0
2026-07-26T08:56:48.360092,09/10 20:15,20.73,0.0,,,,20.0,26.0,0.3764,0.094094,0.357496,0.094094,0.088392,0.0,0.0,1.283264,0.094094,0.55,high,0.051752,0.0,0.051752,0
2026-07-26T08:56:48.387091,09/10 21:15,20.98,0.0,,,,20.0,26.0,0.0,0.0,0.0,0.0,0.0,0.0,0.0,0.0,0.0,0.4,moderate,0.0,0.0,0.0,0
2026-07-26T08:56:48.408092,09/10 22:15,20.18,0.0,,,,20.0,26.0,0.0,0.0,0.0,0.0,0.0,0.0,0.0,0.0,0.0,0.4,moderate,0.0,0.0,0.0,0
2026-07-26T08:56:48.425090,09/10 23:15,18.75,0.0,,,,20.0,26.0,0.0,0.0,0.0,0.0,0.0,0.0,0.0,0.0,0.0,0.4,moderate,0.0,0.0,0.0,0
2026-07-26T08:56:48.441091,09/11 00:15,17.75,0.0,,,,20.0,26.0,0.0,0.0,0.0,0.0,0.0,0.0,0.0,0.0,0.0,0.34,low,0.0,0.0,0.0,0
2026-07-26T08:57:03.760097,09/11 01:15,15.98,0.0,,,,18.0,28.0,0.0,0.0,0.0,0.0,0.0,0.0,0.0,0.0,0.0,0.34,low,0.0,0.0,0.0,0
2026-07-26T08:57:03.777098,09/11 02:15,15.45,0.0,,,,18.0,28.0,0.0,0.0,0.0,0.0,0.0,0.0,0.0,0.0,0.0,0.34,low,0.0,0.0,0.0,0
2026-07-26T08:57:03.801098,09/11 03:15,14.85,0.0,,,,18.0,28.0,0.0,0.0,0.0,0.0,0.0,0.0,0.0,0.0,0.0,0.34,low,0.0,0.0,0.0,0
2026-07-26T08:57:03.817099,09/11 04:15,14.55,0.0,,,,18.0,28.0,0.0,0.0,0.0,0.0,0.0,0.0,0.0,0.0,0.0,0.34,low,0.0,0.0,0.0,0
2026-07-26T08:57:03.834097,09/11 05:15,14.72,0.0,,,,18.0,28.0,0.0,0.0,0.0,0.0,0.0,0.0,0.0,0.0,0.0,0.34,low,0.0,0.0,0.0,0
2026-07-26T08:57:03.853098,09/11 06:23,14.6,0.0,,,,18.0,28.0,0.0,0.0,0.0,0.0,0.0,0.0,0.0,0.0,0.0,0.43,moderate,0.0,0.0,0.0,0
2026-07-26T08:57:20.914878,09/11 07:23,17.52,0.0,,,,18.0,29.0,0.3764,0.094094,0.2822,0.094094,0.05567,0.0,0.0,0.957807,0.094094,0.43,moderate,0.04046,0.0,0.04046,0
2026-07-26T08:57:20.945229,09/11 08:23,20.55,0.0,,,,18.0,29.0,0.3764,0.094094,0.386342,0.094094,0.065887,0.0,0.0,1.463842,0.094094,0.43,moderate,0.04046,0.0,0.04046,0
2026-07-26T08:57:20.971394,09/11 09:23,22.47,52.0,23.17,21.41,25.45,18.0,29.0,0.3764,0.094094,0.43951,0.094094,0.079107,0.0,0.0,1.681126,0.094094,0.43,moderate,0.04046,0.0,0.04046,0
2026-07-26T08:57:20.996762,09/11 10:23,23.3,52.0,24.94,23.02,27.34,18.0,29.0,0.3764,0.094094,0.466491,0.094094,0.095304,0.0,0.0,1.783884,0.094094,0.3,low,0.028228,0.0,0.028228,1
2026-07-26T08:57:21.021587,09/11 11:23,23.73,52.0,25.68,23.81,27.71,18.0,29.0,0.3764,0.094094,0.457098,0.094094,0.10015,0.0,0.0,1.73959,0.094094,0.3,low,0.028228,0.0,0.028228,1
2026-07-26T08:57:21.046599,09/11 12:23,25.27,41.6,25.88,24.23,27.18,18.0,29.0,0.3764,0.094094,0.515001,0.094094,0.106204,0.0,0.0,1.98968,0.094094,0.3,low,0.028228,0.0,0.028228,1
2026-07-26T08:57:38.636761,09/11 13:15,26.25,20.8,25.54,24.1,26.08,20.0,27.0,0.3764,0.094094,0.521789,0.094094,0.105839,0.0,0.0,2.001119,0.094094,0.3,low,0.028228,0.0,0.028228,1
2026-07-26T08:57:38.657765,09/11 14:15,26.82,41.6,25.92,24.78,26.65,20.0,27.0,0.3764,0.094094,0.527235,0.094094,0.105677,0.0,0.0,2.016271,0.094094,0.3,low,0.028228,0.0,0.028228,1
2026-07-26T08:57:38.691761,09/11 15:23,27.2,52.0,26.29,25.44,27.0,20.0,27.0,0.3809,0.095219,0.551806,0.095219,0.103433,0.0,0.0,2.125771,0.095219,0.3,low,0.028566,0.0,0.028566,1
2026-07-26T08:57:38.717761,09/11 16:15,26.8,52.0,26.41,25.2,27.0,20.0,27.0,0.3828,0.095702,0.523047,0.095702,0.097117,0.0,0.0,1.994264,0.095702,0.55,high,0.052636,0.0,0.052636,1
2026-07-26T08:57:38.738760,09/11 17:15,25.03,52.0,26.09,24.62,27.0,20.0,27.0,0.3775,0.094387,0.476097,0.094387,0.097189,0.0,0.0,1.7966,0.094387,0.55,high,0.051913,0.0,0.051913,1
2026-07-26T08:57:38.761760,09/11 18:23,23.3,52.0,25.46,24.08,26.24,20.0,27.0,0.3764,0.094094,0.450398,0.094094,0.0962,0.0,0.0,1.709677,0.094094,0.55,high,0.051752,0.0,0.051752,1
2026-07-26T08:57:55.481675,09/11 19:23,22.48,26.0,23.75,22.69,24.52,20.0,25.0,0.3764,0.094094,0.441914,0.094094,0.0962,0.0,0.0,1.668164,0.094094,0.55,high,0.051752,0.0,0.051752,0
2026-07-26T08:57:55.505674,09/11 20:23,20.0,0.0,,,,20.0,25.0,0.3764,0.094094,0.366534,0.094094,0.08904,0.0,0.0,1.326366,0.094094,0.55,high,0.051752,0.0,0.051752,0
2026-07-26T08:57:55.523675,09/11 21:15,19.73,0.0,,,,20.0,25.0,0.0,0.0,0.0,0.0,0.0,0.0,0.0,0.0,0.0,0.4,moderate,0.0,0.0,0.0,0
2026-07-26T08:57:55.542675,09/11 22:15,18.62,0.0,,,,20.0,25.0,0.0,0.0,0.0,0.0,0.0,0.0,0.0,0.0,0.0,0.4,moderate,0.0,0.0,0.0,0
2026-07-26T08:57:55.559674,09/11 23:15,17.53,0.0,,,,20.0,25.0,0.0,0.0,0.0,0.0,0.0,0.0,0.0,0.0,0.0,0.4,moderate,0.0,0.0,0.0,0
2026-07-26T08:57:55.576676,09/12 00:15,16.27,0.0,,,,20.0,25.0,0.0,0.0,0.0,0.0,0.0,0.0,0.0,0.0,0.0,0.34,low,0.0,0.0,0.0,0
2026-07-26T08:58:10.405438,09/12 01:15,14.85,0.0,,,,18.0,27.0,0.0,0.0,0.0,0.0,0.0,0.0,0.0,0.0,0.0,0.34,low,0.0,0.0,0.0,0
2026-07-26T08:58:10.428437,09/12 02:15,14.4,0.0,,,,18.0,27.0,0.0,0.0,0.0,0.0,0.0,0.0,0.0,0.0,0.0,0.34,low,0.0,0.0,0.0,0
2026-07-26T08:58:10.446439,09/12 03:15,14.83,0.0,,,,18.0,27.0,0.0,0.0,0.0,0.0,0.0,0.0,0.0,0.0,0.0,0.34,low,0.0,0.0,0.0,0
2026-07-26T08:58:10.464437,09/12 04:15,16.25,0.0,,,,18.0,27.0,0.0,0.0,0.0,0.0,0.0,0.0,0.0,0.0,0.0,0.34,low,0.0,0.0,0.0,0
2026-07-26T08:58:10.504437,09/12 05:15,16.55,0.0,,,,18.0,27.0,0.0,0.0,0.0,0.0,0.0,0.0,0.0,0.0,0.0,0.34,low,0.0,0.0,0.0,0
2026-07-26T08:58:10.519438,09/12 06:15,16.1,0.0,,,,18.0,27.0,0.0,0.0,0.0,0.0,0.0,0.0,0.0,0.0,0.0,0.43,moderate,0.0,0.0,0.0,0
2026-07-26T08:58:25.570951,09/12 07:15,16.65,0.0,,,,18.0,29.0,0.3764,0.094094,0.272537,0.094094,0.055649,0.0,0.0,0.895215,0.094094,0.43,moderate,0.04046,0.0,0.04046,0
2026-07-26T08:58:25.595949,09/12 08:23,19.0,0.0,,,,18.0,29.0,0.3764,0.094094,0.309129,0.094094,0.055556,0.0,0.0,1.082664,0.094094,0.43,moderate,0.04046,0.0,0.04046,0
2026-07-26T08:58:25.627949,09/12 09:20,21.38,52.0,22.88,21.39,24.65,18.0,29.0,0.3764,0.094094,0.354617,0.094094,0.066949,0.0,0.0,1.27758,0.094094,0.43,moderate,0.04046,0.0,0.04046,0
2026-07-26T08:58:25.673948,09/12 10:23,22.62,52.0,24.68,22.85,26.89,18.0,29.0,0.3764,0.094094,0.364364,0.094094,0.080733,0.0,0.0,1.305645,0.094094,0.3,low,0.028228,0.0,0.028228,1
2026-07-26T08:58:25.698948,09/12 11:23,24.32,52.0,25.58,23.71,27.68,18.0,29.0,0.3764,0.094094,0.377674,0.094094,0.089563,0.0,0.0,1.355294,0.094094,0.3,low,0.028228,0.0,0.028228,1
2026-07-26T08:58:25.723949,09/12 12:23,25.3,41.6,25.84,24.16,27.2,18.0,29.0,0.3764,0.094094,0.448237,0.094094,0.097163,0.0,0.0,1.675155,0.094094,0.3,low,0.028228,0.0,0.028228,1
2026-07-26T08:58:41.905093,09/12 13:15,24.55,20.8,25.4,24.01,25.95,20.0,27.0,0.3764,0.094094,0.368339,0.094094,0.087026,0.0,0.0,1.299642,0.094094,0.3,low,0.028228,0.0,0.028228,0
2026-07-26T08:58:41.927093,09/12 14:15,25.27,41.6,25.77,24.67,26.34,20.0,27.0,0.3764,0.094094,0.377052,0.094094,0.087758,0.0,0.0,1.342855,0.094094,0.3,low,0.028228,0.0,0.028228,1
2026-07-26T08:58:41.952092,09/12 15:15,25.68,52.0,26.1,25.27,26.9,20.0,27.0,0.3764,0.094094,0.387552,0.094094,0.092504,0.0,0.0,1.375536,0.094094,0.3,low,0.028228,0.0,0.028228,1
2026-07-26T08:58:41.974092,09/12 16:15,24.0,52.0,26.15,24.86,27.0,20.0,27.0,0.3785,0.094633,0.37041,0.094633,0.096986,0.0,0.0,1.3021,0.094633,0.55,high,0.052048,0.0,0.052048,1
2026-07-26T08:58:41.995091,09/12 17:15,21.95,52.0,25.71,24.27,26.66,20.0,27.0,0.3764,0.094094,0.328564,0.094094,0.084513,0.0,0.0,1.122384,0.094094,0.55,high,0.051752,0.0,0.051752,1
2026-07-26T08:58:42.024091,09/12 18:15,19.27,52.0,25.08,23.68,25.91,20.0,27.0,0.3764,0.094094,0.271819,0.094094,0.078092,0.0,0.0,0.847739,0.094094,0.55,high,0.051752,0.0,0.051752,0
2026-07-26T08:58:59.054756,09/12 19:23,18.07,26.0,23.31,22.24,24.35,20.0,26.0,0.3764,0.094094,0.257658,0.094094,0.075835,0.0,0.0,0.781974,0.094094,0.55,high,0.051752,0.0,0.051752,0
2026-07-26T08:58:59.076758,09/12 20:23,15.17,0.0,,,,20.0,26.0,0.3764,0.094094,0.203294,0.094094,0.069865,0.0,0.0,0.493504,0.094094,0.55,high,0.051752,0.0,0.051752,0
2026-07-26T08:58:59.099755,09/12 21:15,13.9,0.0,,,,20.0,26.0,0.0,0.0,0.0,0.0,0.0,0.0,0.0,0.0,0.0,0.4,moderate,0.0,0.0,0.0,0
2026-07-26T08:58:59.118756,09/12 22:15,13.9,0.0,,,,20.0,26.0,0.0,0.0,0.0,0.0,0.0,0.0,0.0,0.0,0.0,0.4,moderate,0.0,0.0,0.0,0
2026-07-26T08:58:59.141756,09/12 23:15,13.62,0.0,,,,20.0,26.0,0.0,0.0,0.0,0.0,0.0,0.0,0.0,0.0,0.0,0.4,moderate,0.0,0.0,0.0,0
2026-07-26T08:58:59.159755,09/13 00:15,12.53,0.0,,,,20.0,26.0,0.0,0.0,0.0,0.0,0.0,0.0,0.0,0.0,0.0,0.34,low,0.0,0.0,0.0,0
2026-07-26T08:59:15.128088,09/13 01:15,11.42,0.0,,,,18.0,28.0,0.0,0.0,0.0,0.0,0.0,0.0,0.0,0.0,0.0,0.34,low,0.0,0.0,0.0,0
2026-07-26T08:59:15.172088,09/13 02:15,10.6,0.0,,,,18.0,28.0,0.0,0.0,0.0,0.0,0.0,0.0,0.0,0.0,0.0,0.34,low,0.0,0.0,0.0,0
2026-07-26T08:59:15.192088,09/13 03:15,10.3,0.0,,,,18.0,28.0,0.0,0.0,0.0,0.0,0.0,0.0,0.0,0.0,0.0,0.34,low,0.0,0.0,0.0,0
2026-07-26T08:59:15.211092,09/13 04:15,9.4,0.0,,,,18.0,28.0,0.0,0.0,0.0,0.0,0.0,0.0,0.0,0.0,0.0,0.34,low,0.0,0.0,0.0,0
2026-07-26T08:59:15.229087,09/13 05:15,9.4,0.0,,,,18.0,28.0,0.0,0.0,0.0,0.0,0.0,0.0,0.0,0.0,0.0,0.34,low,0.0,0.0,0.0,0
2026-07-26T08:59:15.248087,09/13 06:23,10.53,0.0,,,,18.0,28.0,0.0,0.0,0.0,0.0,0.0,0.0,0.0,0.0,0.0,0.43,moderate,0.0,0.0,0.0,0
2026-07-26T08:59:30.391120,09/13 07:15,14.73,0.0,,,,18.0,29.0,0.3764,0.094094,0.155299,0.094094,0.032457,0.0,0.0,0.303006,0.094094,0.43,moderate,0.04046,0.0,0.04046,0
2026-07-26T08:59:30.419120,09/13 08:15,17.47,0.0,,,,18.0,29.0,0.3764,0.094094,0.199567,0.094094,0.034784,0.0,0.0,0.522744,0.094094,0.43,moderate,0.04046,0.0,0.04046,0
2026-07-26T08:59:30.443120,09/13 09:23,18.03,52.0,22.32,21.1,23.13,18.0,29.0,0.3764,0.094094,0.224646,0.094094,0.043358,0.0,0.0,0.634113,0.094094,0.43,moderate,0.04046,0.0,0.04046,0
2026-07-26T08:59:30.463120,09/13 10:23,16.92,52.0,23.57,22.29,24.28,18.0,29.0,0.3764,0.094094,0.237492,0.094094,0.059091,0.0,0.0,0.688852,0.094094,0.3,low,0.028228,0.0,0.028228,0
2026-07-26T08:59:30.716906,09/13 11:15,16.1,52.0,23.94,22.74,24.92,18.0,29.0,0.3764,0.094094,0.235057,0.094094,0.067016,0.0,0.0,0.673989,0.094094,0.3,low,0.028228,0.0,0.028228,0
2026-07-26T08:59:30.744913,09/13 12:15,16.53,41.6,23.99,22.86,25.03,18.0,29.0,0.3764,0.094094,0.213382,0.094094,0.070583,0.0,0.0,0.551561,0.094094,0.3,low,0.028228,0.0,0.028228,0
2026-07-26T08:59:46.713932,09/13 13:15,18.5,20.8,23.85,22.8,24.7,20.0,27.0,0.3764,0.094094,0.231373,0.094094,0.073068,0.0,0.0,0.651588,0.094094,0.3,low,0.028228,0.0,0.028228,0
2026-07-26T08:59:46.736933,09/13 14:15,20.6,41.6,24.6,23.7,25.28,20.0,27.0,0.3764,0.094094,0.277589,0.094094,0.079084,0.0,0.0,0.883323,0.094094,0.3,low,0.028228,0.0,0.028228,0
2026-07-26T08:59:46.759931,09/13 15:15,20.45,52.0,25.17,24.09,25.9,20.0,27.0,0.3764,0.094094,0.281651,0.094094,0.079084,0.0,0.0,0.900074,0.094094,0.3,low,0.028228,0.0,0.028228,0
2026-07-26T08:59:46.782932,09/13 16:15,20.15,52.0,25.05,23.97,25.78,20.0,27.0,0.3764,0.094094,0.274536,0.094094,0.076837,0.0,0.0,0.866737,0.094094,0.55,high,0.051752,0.0,0.051752,0
2026-07-26T08:59:46.800933,09/13 17:15,20.18,52.0,24.55,23.51,25.53,20.0,27.0,0.3764,0.094094,0.303158,0.094094,0.079886,0.0,0.0,1.013545,0.094094,0.55,high,0.051752,0.0,0.051752,0
2026-07-26T08:59:46.815931,09/13 18:15,18.47,52.0,24.27,23.16,25.44,20.0,27.0,0.3764,0.094094,0.285123,0.094094,0.077677,0.0,0.0,0.924766,0.094094,0.55,high,0.051752,0.0,0.051752,0
2026-07-26T09:00:02.495586,09/13 19:15,17.47,26.0,22.76,21.84,23.99,20.0,26.0,0.3764,0.094094,0.241504,0.094094,0.072956,0.0,0.0,0.698652,0.094094,0.55,high,0.051752,0.0,0.051752,0
2026-07-26T09:00:02.520585,09/13 20:15,18.18,0.0,,,,20.0,26.0,0.3764,0.094094,0.239607,0.094094,0.073779,0.0,0.0,0.6924,0.094094,0.55,high,0.051752,0.0,0.051752,0
2026-07-26T09:00:02.545586,09/13 21:15,16.83,0.0,,,,20.0,26.0,0.0,0.0,0.0,0.0,0.0,0.0,0.0,0.0,0.0,0.4,moderate,0.0,0.0,0.0,0
2026-07-26T09:00:02.565585,09/13 22:15,13.62,0.0,,,,20.0,26.0,0.0,0.0,0.0,0.0,0.0,0.0,0.0,0.0,0.0,0.4,moderate,0.0,0.0,0.0,0
2026-07-26T09:00:02.587585,09/13 23:15,12.53,0.0,,,,20.0,26.0,0.0,0.0,0.0,0.0,0.0,0.0,0.0,0.0,0.0,0.4,moderate,0.0,0.0,0.0,0
2026-07-26T09:00:02.602585,09/14 00:15,11.42,0.0,,,,20.0,26.0,0.0,0.0,0.0,0.0,0.0,0.0,0.0,0.0,0.0,0.34,low,0.0,0.0,0.0,0
2026-07-26T09:00:17.260560,09/14 01:15,10.6,0.0,,,,18.0,28.0,0.0,0.0,0.0,0.0,0.0,0.0,0.0,0.0,0.0,0.34,low,0.0,0.0,0.0,0
2026-07-26T09:00:17.287560,09/14 02:15,10.45,0.0,,,,18.0,28.0,0.0,0.0,0.0,0.0,0.0,0.0,0.0,0.0,0.0,0.34,low,0.0,0.0,0.0,0
2026-07-26T09:00:17.303559,09/14 03:15,9.72,0.0,,,,18.0,28.0,0.0,0.0,0.0,0.0,0.0,0.0,0.0,0.0,0.0,0.34,low,0.0,0.0,0.0,0
2026-07-26T09:00:17.323560,09/14 04:15,8.9,0.0,,,,18.0,28.0,0.0,0.0,0.0,0.0,0.0,0.0,0.0,0.0,0.0,0.34,low,0.0,0.0,0.0,0
2026-07-26T09:00:17.349563,09/14 05:15,8.9,0.0,,,,18.0,28.0,0.0,0.0,0.0,0.0,0.0,0.0,0.0,0.0,0.0,0.34,low,0.0,0.0,0.0,0
2026-07-26T09:00:17.363561,09/14 06:23,10.0,0.0,,,,18.0,28.0,0.0,0.0,0.0,0.0,0.0,0.0,0.0,0.0,0.0,0.43,moderate,0.0,0.0,0.0,0
2026-07-26T09:00:31.921068,09/14 07:20,14.43,0.0,,,,18.0,29.0,0.0,0.0,0.0,0.0,0.0,0.0,0.0,0.0,0.0,0.43,moderate,0.0,0.0,0.0,0
2026-07-26T09:00:31.950064,09/14 08:20,18.5,0.0,,,,18.0,29.0,0.0,0.0,0.0,0.0,0.0,0.0,0.0,0.0,0.0,0.43,moderate,0.0,0.0,0.0,0
2026-07-26T09:00:31.987064,09/14 09:23,20.88,0.0,,,,18.0,29.0,0.0,0.0,0.0,0.0,0.0,0.0,0.0,0.0,0.0,0.43,moderate,0.0,0.0,0.0,0
2026-07-26T09:00:32.005065,09/14 10:23,21.97,0.0,,,,18.0,29.0,0.0,0.0,0.0,0.0,0.0,0.0,0.0,0.0,0.0,0.3,low,0.0,0.0,0.0,0
2026-07-26T09:00:32.038067,09/14 11:23,23.08,0.0,,,,18.0,29.0,0.0,0.0,0.0,0.0,0.0,0.0,0.0,0.0,0.0,0.3,low,0.0,0.0,0.0,0
2026-07-26T09:00:32.065066,09/14 12:23,23.9,0.0,,,,18.0,29.0,0.0,0.0,0.0,0.0,0.0,0.0,0.0,0.0,0.0,0.3,low,0.0,0.0,0.0,0
2026-07-26T09:00:47.964127,09/14 13:23,23.9,0.0,,,,18.0,29.0,0.0,0.0,0.0,0.0,0.0,0.0,0.0,0.0,0.0,0.3,low,0.0,0.0,0.0,0
2026-07-26T09:00:48.019126,09/14 14:15,23.75,0.0,,,,18.0,29.0,0.0,0.0,0.0,0.0,0.0,0.0,0.0,0.0,0.0,0.3,low,0.0,0.0,0.0,0
2026-07-26T09:00:48.044126,09/14 15:23,23.3,0.0,,,,18.0,29.0,0.0,0.0,0.0,0.0,0.0,0.0,0.0,0.0,0.0,0.3,low,0.0,0.0,0.0,0
2026-07-26T09:00:48.065128,09/14 16:15,22.9,0.0,,,,18.0,29.0,0.0,0.0,0.0,0.0,0.0,0.0,0.0,0.0,0.0,0.55,high,0.0,0.0,0.0,0
2026-07-26T09:00:48.083127,09/14 17:23,21.42,0.0,,,,18.0,29.0,0.0,0.0,0.0,0.0,0.0,0.0,0.0,0.0,0.0,0.55,high,0.0,0.0,0.0,0
2026-07-26T09:00:48.103127,09/14 18:23,20.45,0.0,,,,18.0,29.0,0.0,0.0,0.0,0.0,0.0,0.0,0.0,0.0,0.0,0.55,high,0.0,0.0,0.0,0
2026-07-26T09:01:03.391194,09/14 19:15,20.0,0.0,,,,18.0,29.0,0.0,0.0,0.0,0.0,0.0,0.0,0.0,0.0,0.0,0.55,high,0.0,0.0,0.0,0
2026-07-26T09:01:03.415196,09/14 20:15,19.85,0.0,,,,18.0,29.0,0.0,0.0,0.0,0.0,0.0,0.0,0.0,0.0,0.0,0.55,high,0.0,0.0,0.0,0
2026-07-26T09:01:03.434195,09/14 21:15,19.12,0.0,,,,18.0,29.0,0.0,0.0,0.0,0.0,0.0,0.0,0.0,0.0,0.0,0.4,moderate,0.0,0.0,0.0,0
2026-07-26T09:01:03.459196,09/14 22:15,18.3,0.0,,,,18.0,29.0,0.0,0.0,0.0,0.0,0.0,0.0,0.0,0.0,0.0,0.4,moderate,0.0,0.0,0.0,0
2026-07-26T09:01:03.478193,09/14 23:15,18.3,0.0,,,,18.0,29.0,0.0,0.0,0.0,0.0,0.0,0.0,0.0,0.0,0.0,0.4,moderate,0.0,0.0,0.0,0
2026-07-26T09:01:03.494193,09/15 00:15,18.3,0.0,,,,18.0,29.0,0.0,0.0,0.0,0.0,0.0,0.0,0.0,0.0,0.0,0.34,low,0.0,0.0,0.0,0
2026-07-26T09:01:18.528006,09/15 01:15,18.3,0.0,,,,18.0,29.0,0.0,0.0,0.0,0.0,0.0,0.0,0.0,0.0,0.0,0.34,low,0.0,0.0,0.0,0
2026-07-26T09:01:18.546003,09/15 02:15,18.3,0.0,,,,18.0,29.0,0.0,0.0,0.0,0.0,0.0,0.0,0.0,0.0,0.0,0.34,low,0.0,0.0,0.0,0
2026-07-26T09:01:18.565003,09/15 03:15,18.3,0.0,,,,18.0,29.0,0.0,0.0,0.0,0.0,0.0,0.0,0.0,0.0,0.0,0.34,low,0.0,0.0,0.0,0
2026-07-26T09:01:18.584003,09/15 04:15,18.3,0.0,,,,18.0,29.0,0.0,0.0,0.0,0.0,0.0,0.0,0.0,0.0,0.0,0.34,low,0.0,0.0,0.0,0
2026-07-26T09:01:18.626004,09/15 05:15,18.3,0.0,,,,18.0,29.0,0.0,0.0,0.0,0.0,0.0,0.0,0.0,0.0,0.0,0.34,low,0.0,0.0,0.0,0
2026-07-26T09:01:18.642002,09/15 06:15,18.45,0.0,,,,18.0,29.0,0.0,0.0,0.0,0.0,0.0,0.0,0.0,0.0,0.0,0.43,moderate,0.0,0.0,0.0,0
2026-07-26T09:01:33.280834,09/15 07:15,19.17,0.0,,,,18.0,29.0,0.0,0.0,0.0,0.0,0.0,0.0,0.0,0.0,0.0,0.43,moderate,0.0,0.0,0.0,0
2026-07-26T09:01:33.312836,09/15 08:23,20.55,0.0,,,,18.0,29.0,0.0,0.0,0.0,0.0,0.0,0.0,0.0,0.0,0.0,0.43,moderate,0.0,0.0,0.0,0
2026-07-26T09:01:33.333834,09/15 09:23,22.62,0.0,,,,18.0,29.0,0.0,0.0,0.0,0.0,0.0,0.0,0.0,0.0,0.0,0.43,moderate,0.0,0.0,0.0,0
2026-07-26T09:01:33.348836,09/15 10:23,24.17,0.0,,,,18.0,29.0,0.0,0.0,0.0,0.0,0.0,0.0,0.0,0.0,0.0,0.3,low,0.0,0.0,0.0,0
2026-07-26T09:01:33.364834,09/15 11:15,25.27,0.0,,,,18.0,29.0,0.0,0.0,0.0,0.0,0.0,0.0,0.0,0.0,0.0,0.3,low,0.0,0.0,0.0,0
2026-07-26T09:01:33.381835,09/15 12:23,26.1,0.0,,,,18.0,29.0,0.0,0.0,0.0,0.0,0.0,0.0,0.0,0.0,0.0,0.3,low,0.0,0.0,0.0,0
2026-07-26T09:01:48.101118,09/15 13:15,25.98,0.0,,,,18.0,29.0,0.0,0.0,0.0,0.0,0.0,0.0,0.0,0.0,0.0,0.3,low,0.0,0.0,0.0,0
2026-07-26T09:01:48.128118,09/15 14:15,25.6,0.0,,,,18.0,29.0,0.0,0.0,0.0,0.0,0.0,0.0,0.0,0.0,0.0,0.3,low,0.0,0.0,0.0,0
2026-07-26T09:01:48.150061,09/15 15:15,25.45,0.0,,,,18.0,29.0,0.0,0.0,0.0,0.0,0.0,0.0,0.0,0.0,0.0,0.3,low,0.0,0.0,0.0,0
2026-07-26T09:01:48.168007,09/15 16:15,24.85,0.0,,,,18.0,29.0,0.0,0.0,0.0,0.0,0.0,0.0,0.0,0.0,0.0,0.55,high,0.0,0.0,0.0,0
2026-07-26T09:01:48.184047,09/15 17:15,24.27,0.0,,,,18.0,29.0,0.0,0.0,0.0,0.0,0.0,0.0,0.0,0.0,0.0,0.55,high,0.0,0.0,0.0,0
2026-07-26T09:01:48.199113,09/15 18:15,23.62,0.0,,,,18.0,29.0,0.0,0.0,0.0,0.0,0.0,0.0,0.0,0.0,0.0,0.55,high,0.0,0.0,0.0,0
2026-07-26T09:02:02.402836,09/15 19:15,22.53,0.0,,,,18.0,29.0,0.0,0.0,0.0,0.0,0.0,0.0,0.0,0.0,0.0,0.55,high,0.0,0.0,0.0,0
2026-07-26T09:02:02.425837,09/15 20:15,21.55,0.0,,,,18.0,29.0,0.0,0.0,0.0,0.0,0.0,0.0,0.0,0.0,0.0,0.55,high,0.0,0.0,0.0,0
2026-07-26T09:02:02.441836,09/15 21:15,21.1,0.0,,,,18.0,29.0,0.0,0.0,0.0,0.0,0.0,0.0,0.0,0.0,0.0,0.4,moderate,0.0,0.0,0.0,0
2026-07-26T09:02:02.456836,09/15 22:15,21.1,0.0,,,,18.0,29.0,0.0,0.0,0.0,0.0,0.0,0.0,0.0,0.0,0.0,0.4,moderate,0.0,0.0,0.0,0
2026-07-26T09:02:02.491836,09/15 23:15,20.98,0.0,,,,18.0,29.0,0.0,0.0,0.0,0.0,0.0,0.0,0.0,0.0,0.0,0.4,moderate,0.0,0.0,0.0,0
2026-07-26T09:02:02.507836,09/16 00:15,20.6,0.0,,,,18.0,29.0,0.0,0.0,0.0,0.0,0.0,0.0,0.0,0.0,0.0,0.34,low,0.0,0.0,0.0,0
2026-07-26T09:02:16.663798,09/16 01:15,20.45,0.0,,,,18.0,29.0,0.0,0.0,0.0,0.0,0.0,0.0,0.0,0.0,0.0,0.34,low,0.0,0.0,0.0,0
2026-07-26T09:02:16.683796,09/16 02:15,20.0,0.0,,,,18.0,29.0,0.0,0.0,0.0,0.0,0.0,0.0,0.0,0.0,0.0,0.34,low,0.0,0.0,0.0,0
2026-07-26T09:02:16.717796,09/16 03:15,20.0,0.0,,,,18.0,29.0,0.0,0.0,0.0,0.0,0.0,0.0,0.0,0.0,0.0,0.34,low,0.0,0.0,0.0,0
2026-07-26T09:02:16.733796,09/16 04:15,20.0,0.0,,,,18.0,29.0,0.0,0.0,0.0,0.0,0.0,0.0,0.0,0.0,0.0,0.34,low,0.0,0.0,0.0,0
2026-07-26T09:02:16.749796,09/16 05:15,20.0,0.0,,,,18.0,29.0,0.0,0.0,0.0,0.0,0.0,0.0,0.0,0.0,0.0,0.34,low,0.0,0.0,0.0,0
2026-07-26T09:02:16.766796,09/16 06:15,20.0,0.0,,,,18.0,29.0,0.0,0.0,0.0,0.0,0.0,0.0,0.0,0.0,0.0,0.43,moderate,0.0,0.0,0.0,0
2026-07-26T09:02:30.631634,09/16 07:15,20.15,0.0,,,,18.0,29.0,0.3764,0.094094,0.486689,0.094094,0.086774,0.0,0.0,1.938417,0.094094,0.43,moderate,0.04046,0.0,0.04046,0
2026-07-26T09:02:30.658633,09/16 08:15,20.45,0.0,,,,18.0,29.0,0.3764,0.094094,0.494987,0.094094,0.083897,0.0,0.0,1.97472,0.094094,0.43,moderate,0.04046,0.0,0.04046,0
2026-07-26T09:02:30.687633,09/16 09:23,20.0,52.0,22.28,21.44,22.97,18.0,29.0,0.3764,0.094094,0.492269,0.094094,0.088323,0.0,0.0,1.956419,0.094094,0.43,moderate,0.04046,0.0,0.04046,0
2026-07-26T09:02:30.711633,09/16 10:15,20.15,52.0,23.66,22.66,24.49,18.0,29.0,0.3764,0.094094,0.515612,0.094094,0.102182,0.0,0.0,2.059886,0.094094,0.3,low,0.028228,0.0,0.028228,0
2026-07-26T09:02:30.727632,09/16 11:15,20.6,52.0,24.24,23.21,25.1,18.0,29.0,0.3764,0.094094,0.54463,0.094094,0.112158,0.0,0.0,2.184451,0.094094,0.3,low,0.028228,0.0,0.028228,0
2026-07-26T09:02:30.745632,09/16 12:15,20.6,41.6,24.37,23.35,25.22,18.0,29.0,0.3764,0.094094,0.548919,0.094094,0.113237,0.0,0.0,2.206881,0.094094,0.3,low,0.028228,0.0,0.028228,0
2026-07-26T09:02:45.229997,09/16 13:15,20.73,20.8,24.15,23.18,24.92,20.0,27.0,0.3764,0.094094,0.522117,0.094094,0.109658,0.0,0.0,2.078983,0.094094,0.3,low,0.028228,0.0,0.028228,0
2026-07-26T09:02:45.252996,09/16 14:15,21.25,41.6,24.8,23.9,25.64,20.0,27.0,0.3764,0.094094,0.550082,0.094094,0.113481,0.0,0.0,2.20646,0.094094,0.3,low,0.028228,0.0,0.028228,0
2026-07-26T09:02:45.298995,09/16 15:15,21.82,52.0,25.14,24.32,25.82,20.0,27.0,0.3764,0.094094,0.570971,0.094094,0.115278,0.0,0.0,2.295055,0.094094,0.3,low,0.028228,0.0,0.028228,0
2026-07-26T09:02:45.314997,09/16 16:15,22.2,52.0,25.09,24.12,25.77,20.0,27.0,0.3764,0.094094,0.584632,0.094094,0.116139,0.0,0.0,2.35032,0.094094,0.55,high,0.051752,0.0,0.051752,0
2026-07-26T09:02:45.328996,09/16 17:15,22.2,52.0,24.67,23.71,25.51,20.0,27.0,0.3764,0.094094,0.587281,0.094094,0.116151,0.0,0.0,2.362228,0.094094,0.55,high,0.051752,0.0,0.051752,0
2026-07-26T09:02:45.343998,09/16 18:15,22.07,52.0,24.31,23.33,25.42,20.0,27.0,0.3764,0.094094,0.564945,0.094094,0.113126,0.0,0.0,2.258564,0.094094,0.55,high,0.051752,0.0,0.051752,0
2026-07-26T09:03:00.000420,09/16 19:15,21.55,26.0,22.93,22.04,23.99,20.0,26.0,0.3764,0.094094,0.551111,0.094094,0.112371,0.0,0.0,2.201435,0.094094,0.55,high,0.051752,0.0,0.051752,0
2026-07-26T09:03:00.023420,09/16 20:15,21.1,0.0,,,,20.0,26.0,0.3764,0.094094,0.546037,0.094094,0.113575,0.0,0.0,2.185195,0.094094,0.55,high,0.051752,0.0,0.051752,0
2026-07-26T09:03:00.047419,09/16 21:15,20.83,0.0,,,,20.0,26.0,0.0,0.0,0.0,0.0,0.0,0.0,0.0,0.0,0.0,0.4,moderate,0.0,0.0,0.0,0
2026-07-26T09:03:00.065419,09/16 22:15,19.73,0.0,,,,20.0,26.0,0.0,0.0,0.0,0.0,0.0,0.0,0.0,0.0,0.0,0.4,moderate,0.0,0.0,0.0,0
2026-07-26T09:03:00.081419,09/16 23:15,19.02,0.0,,,,20.0,26.0,0.0,0.0,0.0,0.0,0.0,0.0,0.0,0.0,0.0,0.4,moderate,0.0,0.0,0.0,0
2026-07-26T09:03:00.123420,09/17 00:15,19.7,0.0,,,,20.0,26.0,0.0,0.0,0.0,0.0,0.0,0.0,0.0,0.0,0.0,0.34,low,0.0,0.0,0.0,0
2026-07-26T09:03:15.680764,09/17 01:15,20.3,0.0,,,,18.0,28.0,0.0,0.0,0.0,0.0,0.0,0.0,0.0,0.0,0.0,0.34,low,0.0,0.0,0.0,0
2026-07-26T09:03:15.704764,09/17 02:15,19.4,0.0,,,,18.0,28.0,0.0,0.0,0.0,0.0,0.0,0.0,0.0,0.0,0.0,0.34,low,0.0,0.0,0.0,0
2026-07-26T09:03:15.721764,09/17 03:15,19.4,0.0,,,,18.0,28.0,0.0,0.0,0.0,0.0,0.0,0.0,0.0,0.0,0.0,0.34,low,0.0,0.0,0.0,0
2026-07-26T09:03:15.738764,09/17 04:15,19.4,0.0,,,,18.0,28.0,0.0,0.0,0.0,0.0,0.0,0.0,0.0,0.0,0.0,0.34,low,0.0,0.0,0.0,0
2026-07-26T09:03:15.759763,09/17 05:15,19.4,0.0,,,,18.0,28.0,0.0,0.0,0.0,0.0,0.0,0.0,0.0,0.0,0.0,0.34,low,0.0,0.0,0.0,0
2026-07-26T09:03:15.774764,09/17 06:15,19.4,0.0,,,,18.0,28.0,0.0,0.0,0.0,0.0,0.0,0.0,0.0,0.0,0.0,0.43,moderate,0.0,0.0,0.0,0
2026-07-26T09:03:30.313792,09/17 07:15,19.4,0.0,,,,18.0,29.0,0.3764,0.094094,0.414081,0.094094,0.075942,0.0,0.0,1.593002,0.094094,0.43,moderate,0.04046,0.0,0.04046,0
2026-07-26T09:03:30.335965,09/17 08:15,19.27,0.0,,,,18.0,29.0,0.3764,0.094094,0.412818,0.094094,0.071818,0.0,0.0,1.590479,0.094094,0.43,moderate,0.04046,0.0,0.04046,0
2026-07-26T09:03:30.362966,09/17 09:23,18.9,52.0,21.9,21.04,22.82,18.0,29.0,0.3764,0.094094,0.432043,0.094094,0.078344,0.0,0.0,1.679123,0.094094,0.43,moderate,0.04046,0.0,0.04046,0
2026-07-26T09:03:30.380967,09/17 10:15,19.6,52.0,23.34,22.33,24.33,18.0,29.0,0.3764,0.094094,0.436915,0.094094,0.08912,0.0,0.0,1.693567,0.094094,0.3,low,0.028228,0.0,0.028228,0
2026-07-26T09:03:30.397965,09/17 11:15,21.55,52.0,24.32,23.32,25.07,18.0,29.0,0.3764,0.094094,0.533255,0.094094,0.109217,0.0,0.0,2.122247,0.094094,0.3,low,0.028228,0.0,0.028228,0
2026-07-26T09:03:30.431967,09/17 12:15,21.1,41.6,24.67,23.71,25.5,18.0,29.0,0.3764,0.094094,0.470867,0.094094,0.102633,0.0,0.0,1.827571,0.094094,0.3,low,0.028228,0.0,0.028228,0
2026-07-26T09:03:46.950897,09/17 13:15,21.25,20.8,24.45,23.53,25.31,20.0,27.0,0.3764,0.094094,0.491233,0.094094,0.105351,0.0,0.0,1.929111,0.094094,0.3,low,0.028228,0.0,0.028228,0
2026-07-26T09:03:46.976900,09/17 14:15,21.55,41.6,24.9,23.96,25.75,20.0,27.0,0.3764,0.094094,0.485993,0.094094,0.104856,0.0,0.0,1.895782,0.094094,0.3,low,0.028228,0.0,0.028228,0
2026-07-26T09:03:46.998898,09/17 15:15,20.83,52.0,24.91,23.92,25.77,20.0,27.0,0.3764,0.094094,0.495223,0.094094,0.105356,0.0,0.0,1.950929,0.094094,0.3,low,0.028228,0.0,0.028228,0
2026-07-26T09:03:47.013900,09/17 16:15,20.15,52.0,24.78,23.85,25.72,20.0,27.0,0.3764,0.094094,0.498626,0.094094,0.105543,0.0,0.0,1.977595,0.094094,0.55,high,0.051752,0.0,0.051752,0
2026-07-26T09:03:47.048900,09/17 17:15,20.45,52.0,24.3,23.4,25.4,20.0,27.0,0.3764,0.094094,0.493705,0.094094,0.104504,0.0,0.0,1.946728,0.094094,0.55,high,0.051752,0.0,0.051752,0
2026-07-26T09:03:47.062897,09/17 18:15,19.85,52.0,23.95,22.92,25.28,20.0,27.0,0.3764,0.094094,0.479808,0.094094,0.102922,0.0,0.0,1.886555,0.094094,0.55,high,0.051752,0.0,0.051752,0
2026-07-26T09:04:02.245763,09/17 19:15,19.4,26.0,22.64,21.7,23.85,20.0,26.0,0.3764,0.094094,0.441922,0.094094,0.098854,0.0,0.0,1.706888,0.094094,0.55,high,0.051752,0.0,0.051752,0
2026-07-26T09:04:02.264762,09/17 20:15,19.27,0.0,,,,20.0,26.0,0.3764,0.094094,0.444961,0.094094,0.099585,0.0,0.0,1.725938,0.094094,0.55,high,0.051752,0.0,0.051752,0
2026-07-26T09:04:02.284762,09/17 21:15,18.75,0.0,,,,20.0,26.0,0.0,0.0,0.0,0.0,0.0,0.0,0.0,0.0,0.0,0.4,moderate,0.0,0.0,0.0,0
2026-07-26T09:04:02.299760,09/17 22:15,18.18,0.0,,,,20.0,26.0,0.0,0.0,0.0,0.0,0.0,0.0,0.0,0.0,0.0,0.4,moderate,0.0,0.0,0.0,0
2026-07-26T09:04:02.313761,09/17 23:15,17.8,0.0,,,,20.0,26.0,0.0,0.0,0.0,0.0,0.0,0.0,0.0,0.0,0.0,0.4,moderate,0.0,0.0,0.0,0
2026-07-26T09:04:02.331760,09/18 00:15,17.93,0.0,,,,20.0,26.0,0.0,0.0,0.0,0.0,0.0,0.0,0.0,0.0,0.0,0.34,low,0.0,0.0,0.0,0
2026-07-26T09:04:17.187296,09/18 01:15,18.3,0.0,,,,18.0,28.0,0.0,0.0,0.0,0.0,0.0,0.0,0.0,0.0,0.0,0.34,low,0.0,0.0,0.0,0
2026-07-26T09:04:17.206297,09/18 02:15,18.3,0.0,,,,18.0,28.0,0.0,0.0,0.0,0.0,0.0,0.0,0.0,0.0,0.0,0.34,low,0.0,0.0,0.0,0
2026-07-26T09:04:17.227297,09/18 03:15,18.3,0.0,,,,18.0,28.0,0.0,0.0,0.0,0.0,0.0,0.0,0.0,0.0,0.0,0.34,low,0.0,0.0,0.0,0
2026-07-26T09:04:17.245296,09/18 04:15,18.18,0.0,,,,18.0,28.0,0.0,0.0,0.0,0.0,0.0,0.0,0.0,0.0,0.0,0.34,low,0.0,0.0,0.0,0
2026-07-26T09:04:17.264296,09/18 05:15,17.65,0.0,,,,18.0,28.0,0.0,0.0,0.0,0.0,0.0,0.0,0.0,0.0,0.0,0.34,low,0.0,0.0,0.0,0
2026-07-26T09:04:17.283296,09/18 06:15,17.07,0.0,,,,18.0,28.0,0.0,0.0,0.0,0.0,0.0,0.0,0.0,0.0,0.0,0.43,moderate,0.0,0.0,0.0,0
2026-07-26T09:04:31.084380,09/18 07:15,16.7,0.0,,,,18.0,29.0,0.3764,0.094094,0.300539,0.094094,0.060008,0.0,0.0,1.032438,0.094094,0.43,moderate,0.04046,0.0,0.04046,0
2026-07-26T09:04:31.108381,09/18 08:15,16.97,0.0,,,,18.0,29.0,0.3764,0.094094,0.298396,0.094094,0.055833,0.0,0.0,1.029797,0.094094,0.43,moderate,0.04046,0.0,0.04046,0
2026-07-26T09:04:31.130380,09/18 09:23,17.8,52.0,21.99,21.15,22.78,18.0,29.0,0.3764,0.094094,0.309649,0.094094,0.060992,0.0,0.0,1.071427,0.094094,0.43,moderate,0.04046,0.0,0.04046,0
2026-07-26T09:04:31.147379,09/18 10:15,17.93,52.0,23.5,22.52,24.33,18.0,29.0,0.3764,0.094094,0.314528,0.094094,0.07215,0.0,0.0,1.088056,0.094094,0.3,low,0.028228,0.0,0.028228,0
2026-07-26T09:04:31.161381,09/18 11:15,18.58,52.0,24.28,23.29,25.0,18.0,29.0,0.3764,0.094094,0.340369,0.094094,0.082957,0.0,0.0,1.213192,0.094094,0.3,low,0.028228,0.0,0.028228,0
2026-07-26T09:04:31.178380,09/18 12:15,19.55,41.6,24.56,23.59,25.35,18.0,29.0,0.3764,0.094094,0.377283,0.094094,0.091745,0.0,0.0,1.392447,0.094094,0.3,low,0.028228,0.0,0.028228,0
2026-07-26T09:04:46.371004,09/18 13:15,19.73,20.8,24.3,23.35,25.1,20.0,27.0,0.3764,0.094094,0.378904,0.094094,0.09144,0.0,0.0,1.393304,0.094094,0.3,low,0.028228,0.0,0.028228,0
2026-07-26T09:04:46.396004,09/18 14:15,18.75,41.6,24.52,23.5,25.42,20.0,27.0,0.3764,0.094094,0.374567,0.094094,0.091019,0.0,0.0,1.379575,0.094094,0.3,low,0.028228,0.0,0.028228,0
2026-07-26T09:04:46.416003,09/18 15:15,18.3,52.0,24.59,23.55,25.66,20.0,27.0,0.3764,0.094094,0.385341,0.094094,0.091703,0.0,0.0,1.443006,0.094094,0.3,low,0.028228,0.0,0.028228,0
2026-07-26T09:04:46.439004,09/18 16:15,18.18,52.0,24.35,23.27,25.58,20.0,27.0,0.3764,0.094094,0.405566,0.094094,0.093835,0.0,0.0,1.541752,0.094094,0.55,high,0.051752,0.0,0.051752,0
2026-07-26T09:04:46.456002,09/18 17:15,17.65,52.0,23.87,22.79,25.24,20.0,27.0,0.3764,0.094094,0.366999,0.094094,0.088664,0.0,0.0,1.347585,0.094094,0.55,high,0.051752,0.0,0.051752,0
2026-07-26T09:04:46.471003,09/18 18:15,17.07,52.0,23.59,22.45,25.11,20.0,27.0,0.3764,0.094094,0.353302,0.094094,0.087086,0.0,0.0,1.283732,0.094094,0.55,high,0.051752,0.0,0.051752,0
2026-07-26T09:05:01.034925,09/18 19:15,16.7,26.0,22.33,21.37,23.71,20.0,26.0,0.3764,0.094094,0.343911,0.094094,0.086658,0.0,0.0,1.238294,0.094094,0.55,high,0.051752,0.0,0.051752,0
2026-07-26T09:05:01.058258,09/18 20:15,16.55,0.0,,,,20.0,26.0,0.3764,0.094094,0.312056,0.094094,0.079615,0.0,0.0,1.079998,0.094094,0.55,high,0.051752,0.0,0.051752,0
2026-07-26T09:05:01.078307,09/18 21:15,16.1,0.0,,,,20.0,26.0,0.0,0.0,0.0,0.0,0.0,0.0,0.0,0.0,0.0,0.4,moderate,0.0,0.0,0.0,0
2026-07-26T09:05:01.113407,09/18 22:15,15.83,0.0,,,,20.0,26.0,0.0,0.0,0.0,0.0,0.0,0.0,0.0,0.0,0.0,0.4,moderate,0.0,0.0,0.0,0
2026-07-26T09:05:01.125374,09/18 23:15,14.72,0.0,,,,20.0,26.0,0.0,0.0,0.0,0.0,0.0,0.0,0.0,0.0,0.0,0.4,moderate,0.0,0.0,0.0,0
2026-07-26T09:05:01.141466,09/19 00:15,13.62,0.0,,,,20.0,26.0,0.0,0.0,0.0,0.0,0.0,0.0,0.0,0.0,0.0,0.34,low,0.0,0.0,0.0,0
2026-07-26T09:05:15.010906,09/19 01:15,12.53,0.0,,,,18.0,28.0,0.0,0.0,0.0,0.0,0.0,0.0,0.0,0.0,0.0,0.34,low,0.0,0.0,0.0,0
2026-07-26T09:05:15.052905,09/19 02:15,11.55,0.0,,,,18.0,28.0,0.0,0.0,0.0,0.0,0.0,0.0,0.0,0.0,0.0,0.34,low,0.0,0.0,0.0,0
2026-07-26T09:05:15.069904,09/19 03:15,11.1,0.0,,,,18.0,28.0,0.0,0.0,0.0,0.0,0.0,0.0,0.0,0.0,0.0,0.34,low,0.0,0.0,0.0,0
2026-07-26T09:05:15.085905,09/19 04:15,11.1,0.0,,,,18.0,28.0,0.0,0.0,0.0,0.0,0.0,0.0,0.0,0.0,0.0,0.34,low,0.0,0.0,0.0,0
2026-07-26T09:05:15.099908,09/19 05:15,10.97,0.0,,,,18.0,28.0,0.0,0.0,0.0,0.0,0.0,0.0,0.0,0.0,0.0,0.34,low,0.0,0.0,0.0,0
2026-07-26T09:05:15.116906,09/19 06:23,11.0,0.0,,,,18.0,28.0,0.0,0.0,0.0,0.0,0.0,0.0,0.0,0.0,0.0,0.43,moderate,0.0,0.0,0.0,0
2026-07-26T09:05:28.434505,09/19 07:23,12.75,0.0,,,,18.0,29.0,0.3764,0.094094,0.128241,0.094094,0.028825,0.0,0.0,0.127208,0.094094,0.43,moderate,0.04046,0.0,0.04046,0
2026-07-26T09:05:28.454505,09/19 08:23,14.98,0.0,,,,18.0,29.0,0.3764,0.094094,0.158862,0.094094,0.029484,0.0,0.0,0.30393,0.094094,0.43,moderate,0.04046,0.0,0.04046,0
2026-07-26T09:05:28.483506,09/19 09:23,17.1,52.0,22.79,20.89,25.84,18.0,29.0,0.3764,0.094094,0.200492,0.094094,0.041633,0.0,0.0,0.5111,0.094094,0.43,moderate,0.04046,0.0,0.04046,0
2026-07-26T09:05:28.505507,09/19 10:23,18.58,52.0,24.53,22.41,27.61,18.0,29.0,0.3764,0.094094,0.232794,0.094094,0.059034,0.0,0.0,0.664182,0.094094,0.3,low,0.028228,0.0,0.028228,1
2026-07-26T09:05:28.529505,09/19 11:23,19.7,52.0,25.28,23.33,27.58,18.0,29.0,0.3764,0.094094,0.256922,0.094094,0.074345,0.0,0.0,0.777327,0.094094,0.3,low,0.028228,0.0,0.028228,1
2026-07-26T09:05:28.543506,09/19 12:15,20.6,41.6,25.48,23.84,26.82,18.0,29.0,0.3764,0.094094,0.280806,0.094094,0.084628,0.0,0.0,0.89135,0.094094,0.3,low,0.028228,0.0,0.028228,1
2026-07-26T09:05:43.445081,09/19 13:15,20.88,20.8,25.15,23.77,25.64,20.0,27.0,0.3764,0.094094,0.284386,0.094094,0.089263,0.0,0.0,0.903426,0.094094,0.3,low,0.028228,0.0,0.028228,0
2026-07-26T09:05:43.464362,09/19 14:15,21.12,41.6,25.45,24.24,25.98,20.0,27.0,0.3764,0.094094,0.303835,0.094094,0.089982,0.0,0.0,1.000986,0.094094,0.3,low,0.028228,0.0,0.028228,0
2026-07-26T09:05:43.479361,09/19 15:15,19.12,52.0,25.39,24.33,26.1,20.0,27.0,0.3764,0.094094,0.268672,0.094094,0.086359,0.0,0.0,0.826194,0.094094,0.3,low,0.028228,0.0,0.028228,1
2026-07-26T09:05:43.495413,09/19 16:15,18.03,52.0,24.92,23.85,25.99,20.0,27.0,0.3764,0.094094,0.250412,0.094094,0.081043,0.0,0.0,0.740519,0.094094,0.55,high,0.051752,0.0,0.051752,0
2026-07-26T09:05:43.510408,09/19 17:15,16.8,52.0,24.21,23.1,25.57,20.0,27.0,0.3764,0.094094,0.231817,0.094094,0.074538,0.0,0.0,0.64904,0.094094,0.55,high,0.051752,0.0,0.051752,0
2026-07-26T09:05:43.528367,09/19 18:15,15.17,52.0,23.75,22.59,25.36,20.0,27.0,0.3764,0.094094,0.206259,0.094094,0.069947,0.0,0.0,0.514429,0.094094,0.55,high,0.051752,0.0,0.051752,0
2026-07-26T09:05:58.237592,09/19 19:15,13.48,26.0,22.34,21.37,23.85,20.0,26.0,0.3764,0.094094,0.177369,0.094094,0.065656,0.0,0.0,0.357928,0.094094,0.55,high,0.051752,0.0,0.051752,0
2026-07-26T09:05:58.256592,09/19 20:15,12.35,0.0,,,,20.0,26.0,0.3764,0.094094,0.147421,0.094094,0.054114,0.0,0.0,0.199,0.094094,0.55,high,0.051752,0.0,0.051752,0
2026-07-26T09:05:58.275593,09/19 21:15,12.65,0.0,,,,20.0,26.0,0.0,0.0,0.0,0.0,0.0,0.0,0.0,0.0,0.0,0.4,moderate,0.0,0.0,0.0,0
2026-07-26T09:05:58.291593,09/19 22:15,12.2,0.0,,,,20.0,26.0,0.0,0.0,0.0,0.0,0.0,0.0,0.0,0.0,0.0,0.4,moderate,0.0,0.0,0.0,0
2026-07-26T09:05:58.307593,09/19 23:15,12.2,0.0,,,,20.0,26.0,0.0,0.0,0.0,0.0,0.0,0.0,0.0,0.0,0.0,0.4,moderate,0.0,0.0,0.0,0
2026-07-26T09:05:58.322593,09/20 00:15,12.07,0.0,,,,20.0,26.0,0.0,0.0,0.0,0.0,0.0,0.0,0.0,0.0,0.0,0.34,low,0.0,0.0,0.0,0
2026-07-26T09:06:12.831825,09/20 01:15,11.82,0.0,,,,18.0,28.0,0.0,0.0,0.0,0.0,0.0,0.0,0.0,0.0,0.0,0.34,low,0.0,0.0,0.0,0
2026-07-26T09:06:12.852825,09/20 02:15,12.07,0.0,,,,18.0,28.0,0.0,0.0,0.0,0.0,0.0,0.0,0.0,0.0,0.0,0.34,low,0.0,0.0,0.0,0
2026-07-26T09:06:12.874823,09/20 03:15,11.7,0.0,,,,18.0,28.0,0.0,0.0,0.0,0.0,0.0,0.0,0.0,0.0,0.0,0.34,low,0.0,0.0,0.0,0
2026-07-26T09:06:12.896823,09/20 04:15,11.7,0.0,,,,18.0,28.0,0.0,0.0,0.0,0.0,0.0,0.0,0.0,0.0,0.0,0.34,low,0.0,0.0,0.0,0
2026-07-26T09:06:12.913828,09/20 05:15,11.7,0.0,,,,18.0,28.0,0.0,0.0,0.0,0.0,0.0,0.0,0.0,0.0,0.0,0.34,low,0.0,0.0,0.0,0
2026-07-26T09:06:12.933824,09/20 06:15,11.82,0.0,,,,18.0,28.0,0.0,0.0,0.0,0.0,0.0,0.0,0.0,0.0,0.0,0.43,moderate,0.0,0.0,0.0,0
2026-07-26T09:06:26.969261,09/20 07:15,12.35,0.0,,,,18.0,29.0,0.3764,0.094094,0.128775,0.094094,0.027281,0.0,0.0,0.123975,0.094094,0.43,moderate,0.04046,0.0,0.04046,0
2026-07-26T09:06:26.990258,09/20 08:15,13.08,0.0,,,,18.0,29.0,0.3764,0.094094,0.136472,0.094094,0.02586,0.0,0.0,0.170935,0.094094,0.43,moderate,0.04046,0.0,0.04046,0
2026-07-26T09:06:27.009257,09/20 09:23,14.18,52.0,21.6,20.75,22.48,18.0,29.0,0.3764,0.094094,0.157043,0.094094,0.033589,0.0,0.0,0.277663,0.094094,0.43,moderate,0.04046,0.0,0.04046,0
2026-07-26T09:06:27.031607,09/20 10:23,14.45,52.0,23.35,22.18,24.12,18.0,29.0,0.3764,0.094094,0.178767,0.094094,0.047772,0.0,0.0,0.385762,0.094094,0.3,low,0.028228,0.0,0.028228,0
2026-07-26T09:06:27.048641,09/20 11:15,13.78,52.0,23.79,22.6,24.78,18.0,29.0,0.3764,0.094094,0.152746,0.094094,0.050902,0.0,0.0,0.228248,0.094094,0.3,low,0.028228,0.0,0.028228,0
2026-07-26T09:06:27.068609,09/20 12:15,16.27,41.6,24.24,23.1,24.96,18.0,29.0,0.3764,0.094094,0.210665,0.094094,0.066487,0.0,0.0,0.551194,0.094094,0.3,low,0.028228,0.0,0.028228,0
2026-07-26T09:06:42.563352,09/20 13:15,15.28,20.8,23.9,22.86,24.69,20.0,27.0,0.3764,0.094094,0.189506,0.094094,0.065036,0.0,0.0,0.42655,0.094094,0.3,low,0.028228,0.0,0.028228,0
2026-07-26T09:06:42.585354,09/20 14:15,16.25,41.6,24.27,23.24,25.22,20.0,27.0,0.3764,0.094094,0.205868,0.094094,0.064972,0.0,0.0,0.522798,0.094094,0.3,low,0.028228,0.0,0.028228,0
2026-07-26T09:06:42.612352,09/20 15:15,16.42,52.0,24.39,23.36,25.49,20.0,27.0,0.3764,0.094094,0.217346,0.094094,0.069639,0.0,0.0,0.577466,0.094094,0.3,low,0.028228,0.0,0.028228,0
2026-07-26T09:06:42.633351,09/20 16:15,15.6,52.0,24.17,23.21,25.42,20.0,27.0,0.3764,0.094094,0.202443,0.094094,0.071005,0.0,0.0,0.493498,0.094094,0.55,high,0.051752,0.0,0.051752,0
2026-07-26T09:06:42.654351,09/20 17:15,15.3,52.0,23.95,22.86,25.14,20.0,27.0,0.3764,0.094094,0.201869,0.094094,0.069367,0.0,0.0,0.494586,0.094094,0.55,high,0.051752,0.0,0.051752,0
2026-07-26T09:06:42.676351,09/20 18:15,14.0,52.0,23.49,22.46,25.04,20.0,27.0,0.3764,0.094094,0.184328,0.094094,0.066296,0.0,0.0,0.397615,0.094094,0.55,high,0.051752,0.0,0.051752,0
2026-07-26T09:06:58.736809,09/20 19:15,12.53,26.0,22.12,21.29,23.63,20.0,26.0,0.3764,0.094094,0.159114,0.094094,0.063289,0.0,0.0,0.256857,0.094094,0.55,high,0.051752,0.0,0.051752,0
2026-07-26T09:06:58.763808,09/20 20:15,11.55,0.0,,,,20.0,26.0,0.3764,0.094094,0.138005,0.094094,0.052472,0.0,0.0,0.147779,0.094094,0.55,high,0.051752,0.0,0.051752,0
2026-07-26T09:06:58.778808,09/20 21:15,11.1,0.0,,,,20.0,26.0,0.0,0.0,0.0,0.0,0.0,0.0,0.0,0.0,0.0,0.4,moderate,0.0,0.0,0.0,0
2026-07-26T09:06:58.794809,09/20 22:15,11.1,0.0,,,,20.0,26.0,0.0,0.0,0.0,0.0,0.0,0.0,0.0,0.0,0.0,0.4,moderate,0.0,0.0,0.0,0
2026-07-26T09:06:58.812808,09/20 23:15,10.97,0.0,,,,20.0,26.0,0.0,0.0,0.0,0.0,0.0,0.0,0.0,0.0,0.0,0.4,moderate,0.0,0.0,0.0,0
2026-07-26T09:06:58.830808,09/21 00:15,10.45,0.0,,,,20.0,26.0,0.0,0.0,0.0,0.0,0.0,0.0,0.0,0.0,0.0,0.34,low,0.0,0.0,0.0,0
2026-07-26T09:07:14.410583,09/21 01:15,10.0,0.0,,,,18.0,28.0,0.0,0.0,0.0,0.0,0.0,0.0,0.0,0.0,0.0,0.34,low,0.0,0.0,0.0,0
2026-07-26T09:07:14.426579,09/21 02:15,10.0,0.0,,,,18.0,28.0,0.0,0.0,0.0,0.0,0.0,0.0,0.0,0.0,0.0,0.34,low,0.0,0.0,0.0,0
2026-07-26T09:07:14.442582,09/21 03:15,10.0,0.0,,,,18.0,28.0,0.0,0.0,0.0,0.0,0.0,0.0,0.0,0.0,0.0,0.34,low,0.0,0.0,0.0,0
2026-07-26T09:07:14.467579,09/21 04:15,10.0,0.0,,,,18.0,28.0,0.0,0.0,0.0,0.0,0.0,0.0,0.0,0.0,0.0,0.34,low,0.0,0.0,0.0,0
2026-07-26T09:07:14.486579,09/21 05:15,10.15,0.0,,,,18.0,28.0,0.0,0.0,0.0,0.0,0.0,0.0,0.0,0.0,0.0,0.34,low,0.0,0.0,0.0,0
2026-07-26T09:07:14.502578,09/21 06:15,10.88,0.0,,,,18.0,28.0,0.0,0.0,0.0,0.0,0.0,0.0,0.0,0.0,0.0,0.43,moderate,0.0,0.0,0.0,0
2026-07-26T09:07:28.188716,09/21 07:15,11.82,0.0,,,,18.0,29.0,0.0,0.0,0.0,0.0,0.0,0.0,0.0,0.0,0.0,0.43,moderate,0.0,0.0,0.0,0
2026-07-26T09:07:28.206715,09/21 08:15,12.62,0.0,,,,18.0,29.0,0.0,0.0,0.0,0.0,0.0,0.0,0.0,0.0,0.0,0.43,moderate,0.0,0.0,0.0,0
2026-07-26T09:07:28.224716,09/21 09:15,14.03,0.0,,,,18.0,29.0,0.0,0.0,0.0,0.0,0.0,0.0,0.0,0.0,0.0,0.43,moderate,0.0,0.0,0.0,0
2026-07-26T09:07:28.251717,09/21 10:15,14.4,0.0,,,,18.0,29.0,0.0,0.0,0.0,0.0,0.0,0.0,0.0,0.0,0.0,0.3,low,0.0,0.0,0.0,0
2026-07-26T09:07:28.271716,09/21 11:15,14.4,0.0,,,,18.0,29.0,0.0,0.0,0.0,0.0,0.0,0.0,0.0,0.0,0.0,0.3,low,0.0,0.0,0.0,0
2026-07-26T09:07:28.291717,09/21 12:15,14.83,0.0,,,,18.0,29.0,0.0,0.0,0.0,0.0,0.0,0.0,0.0,0.0,0.0,0.3,low,0.0,0.0,0.0,0
2026-07-26T09:07:42.483568,09/21 13:15,15.83,0.0,,,,18.0,29.0,0.0,0.0,0.0,0.0,0.0,0.0,0.0,0.0,0.0,0.3,low,0.0,0.0,0.0,0
2026-07-26T09:07:42.503521,09/21 14:15,15.28,0.0,,,,18.0,29.0,0.0,0.0,0.0,0.0,0.0,0.0,0.0,0.0,0.0,0.3,low,0.0,0.0,0.0,0
2026-07-26T09:07:42.536084,09/21 15:15,15.98,0.0,,,,18.0,29.0,0.0,0.0,0.0,0.0,0.0,0.0,0.0,0.0,0.0,0.3,low,0.0,0.0,0.0,0
2026-07-26T09:07:42.557043,09/21 16:15,15.3,0.0,,,,18.0,29.0,0.0,0.0,0.0,0.0,0.0,0.0,0.0,0.0,0.0,0.55,high,0.0,0.0,0.0,0
2026-07-26T09:07:42.584253,09/21 17:15,14.28,0.0,,,,18.0,29.0,0.0,0.0,0.0,0.0,0.0,0.0,0.0,0.0,0.0,0.55,high,0.0,0.0,0.0,0
2026-07-26T09:07:42.598222,09/21 18:15,13.9,0.0,,,,18.0,29.0,0.0,0.0,0.0,0.0,0.0,0.0,0.0,0.0,0.0,0.55,high,0.0,0.0,0.0,0
2026-07-26T09:07:56.228130,09/21 19:15,13.9,0.0,,,,18.0,29.0,0.0,0.0,0.0,0.0,0.0,0.0,0.0,0.0,0.0,0.55,high,0.0,0.0,0.0,0
2026-07-26T09:07:56.248126,09/21 20:15,13.75,0.0,,,,18.0,29.0,0.0,0.0,0.0,0.0,0.0,0.0,0.0,0.0,0.0,0.55,high,0.0,0.0,0.0,0
2026-07-26T09:07:56.268123,09/21 21:15,13.45,0.0,,,,18.0,29.0,0.0,0.0,0.0,0.0,0.0,0.0,0.0,0.0,0.0,0.4,moderate,0.0,0.0,0.0,0
2026-07-26T09:07:56.284168,09/21 22:15,13.9,0.0,,,,18.0,29.0,0.0,0.0,0.0,0.0,0.0,0.0,0.0,0.0,0.0,0.4,moderate,0.0,0.0,0.0,0
2026-07-26T09:07:56.302127,09/21 23:15,13.9,0.0,,,,18.0,29.0,0.0,0.0,0.0,0.0,0.0,0.0,0.0,0.0,0.0,0.4,moderate,0.0,0.0,0.0,0
2026-07-26T09:07:56.317128,09/22 00:15,13.9,0.0,,,,18.0,29.0,0.0,0.0,0.0,0.0,0.0,0.0,0.0,0.0,0.0,0.34,low,0.0,0.0,0.0,0
2026-07-26T09:08:09.939090,09/22 01:15,13.9,0.0,,,,18.0,29.0,0.0,0.0,0.0,0.0,0.0,0.0,0.0,0.0,0.0,0.34,low,0.0,0.0,0.0,0
2026-07-26T09:08:09.963098,09/22 02:15,13.75,0.0,,,,18.0,29.0,0.0,0.0,0.0,0.0,0.0,0.0,0.0,0.0,0.0,0.34,low,0.0,0.0,0.0,0
2026-07-26T09:08:09.993098,09/22 03:15,13.3,0.0,,,,18.0,29.0,0.0,0.0,0.0,0.0,0.0,0.0,0.0,0.0,0.0,0.34,low,0.0,0.0,0.0,0
2026-07-26T09:08:10.009102,09/22 04:15,13.3,0.0,,,,18.0,29.0,0.0,0.0,0.0,0.0,0.0,0.0,0.0,0.0,0.0,0.34,low,0.0,0.0,0.0,0
2026-07-26T09:08:10.021096,09/22 05:15,13.3,0.0,,,,18.0,29.0,0.0,0.0,0.0,0.0,0.0,0.0,0.0,0.0,0.0,0.34,low,0.0,0.0,0.0,0
2026-07-26T09:08:10.033101,09/22 06:15,13.45,0.0,,,,18.0,29.0,0.0,0.0,0.0,0.0,0.0,0.0,0.0,0.0,0.0,0.43,moderate,0.0,0.0,0.0,0
2026-07-26T09:08:24.052380,09/22 07:15,14.03,0.0,,,,18.0,29.0,0.0,0.0,0.0,0.0,0.0,0.0,0.0,0.0,0.0,0.43,moderate,0.0,0.0,0.0,0
2026-07-26T09:08:24.077381,09/22 08:23,14.7,0.0,,,,18.0,29.0,0.0,0.0,0.0,0.0,0.0,0.0,0.0,0.0,0.0,0.43,moderate,0.0,0.0,0.0,0
2026-07-26T09:08:24.098380,09/22 09:23,15.88,0.0,,,,18.0,29.0,0.0,0.0,0.0,0.0,0.0,0.0,0.0,0.0,0.0,0.43,moderate,0.0,0.0,0.0,0
2026-07-26T09:08:24.113380,09/22 10:15,17.38,0.0,,,,18.0,29.0,0.0,0.0,0.0,0.0,0.0,0.0,0.0,0.0,0.0,0.3,low,0.0,0.0,0.0,0
2026-07-26T09:08:24.148380,09/22 11:15,19.27,0.0,,,,18.0,29.0,0.0,0.0,0.0,0.0,0.0,0.0,0.0,0.0,0.0,0.3,low,0.0,0.0,0.0,0
2026-07-26T09:08:24.166381,09/22 12:15,18.9,0.0,,,,18.0,29.0,0.0,0.0,0.0,0.0,0.0,0.0,0.0,0.0,0.0,0.3,low,0.0,0.0,0.0,0
2026-07-26T09:08:38.873648,09/22 13:15,19.45,0.0,,,,18.0,29.0,0.0,0.0,0.0,0.0,0.0,0.0,0.0,0.0,0.0,0.3,low,0.0,0.0,0.0,0
2026-07-26T09:08:38.889644,09/22 14:15,20.0,0.0,,,,18.0,29.0,0.0,0.0,0.0,0.0,0.0,0.0,0.0,0.0,0.0,0.3,low,0.0,0.0,0.0,0
2026-07-26T09:08:38.904644,09/22 15:15,16.82,0.0,,,,18.0,29.0,0.0,0.0,0.0,0.0,0.0,0.0,0.0,0.0,0.0,0.3,low,0.0,0.0,0.0,0
2026-07-26T09:08:38.918644,09/22 16:15,17.2,0.0,,,,18.0,29.0,0.0,0.0,0.0,0.0,0.0,0.0,0.0,0.0,0.0,0.55,high,0.0,0.0,0.0,0
2026-07-26T09:08:38.930643,09/22 17:15,16.8,0.0,,,,18.0,29.0,0.0,0.0,0.0,0.0,0.0,0.0,0.0,0.0,0.0,0.55,high,0.0,0.0,0.0,0
2026-07-26T09:08:38.944643,09/22 18:15,15.02,0.0,,,,18.0,29.0,0.0,0.0,0.0,0.0,0.0,0.0,0.0,0.0,0.0,0.55,high,0.0,0.0,0.0,0
2026-07-26T09:08:53.280090,09/22 19:15,13.18,0.0,,,,18.0,29.0,0.0,0.0,0.0,0.0,0.0,0.0,0.0,0.0,0.0,0.55,high,0.0,0.0,0.0,0
2026-07-26T09:08:53.297090,09/22 20:15,12.65,0.0,,,,18.0,29.0,0.0,0.0,0.0,0.0,0.0,0.0,0.0,0.0,0.0,0.55,high,0.0,0.0,0.0,0
2026-07-26T09:08:53.312087,09/22 21:15,12.07,0.0,,,,18.0,29.0,0.0,0.0,0.0,0.0,0.0,0.0,0.0,0.0,0.0,0.4,moderate,0.0,0.0,0.0,0
2026-07-26T09:08:53.326087,09/22 22:15,11.55,0.0,,,,18.0,29.0,0.0,0.0,0.0,0.0,0.0,0.0,0.0,0.0,0.0,0.4,moderate,0.0,0.0,0.0,0
2026-07-26T09:08:53.338089,09/22 23:15,11.25,0.0,,,,18.0,29.0,0.0,0.0,0.0,0.0,0.0,0.0,0.0,0.0,0.0,0.4,moderate,0.0,0.0,0.0,0
2026-07-26T09:08:53.352088,09/23 00:15,11.7,0.0,,,,18.0,29.0,0.0,0.0,0.0,0.0,0.0,0.0,0.0,0.0,0.0,0.34,low,0.0,0.0,0.0,0
2026-07-26T09:09:07.941810,09/23 01:15,11.55,0.0,,,,18.0,29.0,0.0,0.0,0.0,0.0,0.0,0.0,0.0,0.0,0.0,0.34,low,0.0,0.0,0.0,0
2026-07-26T09:09:07.959813,09/23 02:15,10.97,0.0,,,,18.0,29.0,0.0,0.0,0.0,0.0,0.0,0.0,0.0,0.0,0.0,0.34,low,0.0,0.0,0.0,0
2026-07-26T09:09:07.975810,09/23 03:15,10.45,0.0,,,,18.0,29.0,0.0,0.0,0.0,0.0,0.0,0.0,0.0,0.0,0.0,0.34,low,0.0,0.0,0.0,0
2026-07-26T09:09:08.012808,09/23 04:15,10.0,0.0,,,,18.0,29.0,0.0,0.0,0.0,0.0,0.0,0.0,0.0,0.0,0.0,0.34,low,0.0,0.0,0.0,0
2026-07-26T09:09:08.025809,09/23 05:15,10.0,0.0,,,,18.0,29.0,0.0,0.0,0.0,0.0,0.0,0.0,0.0,0.0,0.0,0.34,low,0.0,0.0,0.0,0
2026-07-26T09:09:08.039808,09/23 06:23,10.55,0.0,,,,18.0,29.0,0.0,0.0,0.0,0.0,0.0,0.0,0.0,0.0,0.0,0.43,moderate,0.0,0.0,0.0,0
2026-07-26T09:09:22.712886,09/23 07:23,13.05,0.0,,,,18.0,29.0,0.3764,0.094094,0.124968,0.094094,0.02403,0.0,0.0,0.119193,0.094094,0.43,moderate,0.04046,0.0,0.04046,0
2026-07-26T09:09:22.732882,09/23 08:23,16.15,0.0,,,,18.0,29.0,0.3764,0.094094,0.174582,0.094094,0.029812,0.0,0.0,0.392569,0.094094,0.43,moderate,0.04046,0.0,0.04046,0
2026-07-26T09:09:22.752882,09/23 09:23,18.2,52.0,22.79,20.84,25.98,18.0,29.0,0.3764,0.094094,0.214967,0.094094,0.03972,0.0,0.0,0.593701,0.094094,0.43,moderate,0.04046,0.0,0.04046,0
2026-07-26T09:09:22.769881,09/23 10:23,19.82,52.0,24.55,22.37,27.81,18.0,29.0,0.3764,0.094094,0.249457,0.094094,0.058604,0.0,0.0,0.749101,0.094094,0.3,low,0.028228,0.0,0.028228,1
2026-07-26T09:09:22.784880,09/23 11:23,21.38,52.0,25.33,23.23,28.0,18.0,29.0,0.3764,0.094094,0.284329,0.094094,0.07669,0.0,0.0,0.911623,0.094094,0.3,low,0.028228,0.0,0.028228,1
2026-07-26T09:09:22.799884,09/23 12:23,22.2,41.6,25.5,23.67,27.16,18.0,29.0,0.3764,0.094094,0.306882,0.094094,0.082086,0.0,0.0,1.021014,0.094094,0.3,low,0.028228,0.0,0.028228,1
2026-07-26T09:09:37.805075,09/23 13:15,22.47,20.8,25.15,23.58,25.74,20.0,27.0,0.3764,0.094094,0.310217,0.094094,0.084017,0.0,0.0,1.03315,0.094094,0.3,low,0.028228,0.0,0.028228,0
2026-07-26T09:09:37.825073,09/23 14:15,23.58,41.6,25.67,24.33,26.85,20.0,27.0,0.3764,0.094094,0.331233,0.094094,0.086258,0.0,0.0,1.132707,0.094094,0.3,low,0.028228,0.0,0.028228,1
2026-07-26T09:09:37.842073,09/23 15:15,24.27,52.0,25.95,25.06,27.0,20.0,27.0,0.3846,0.096138,0.391755,0.096138,0.088814,0.0,0.0,1.425229,0.096138,0.3,low,0.028841,0.0,0.028841,1
2026-07-26T09:09:37.857071,09/23 16:15,23.47,52.0,26.0,24.66,27.0,20.0,27.0,0.3861,0.096536,0.394463,0.096536,0.091446,0.0,0.0,1.433329,0.096536,0.55,high,0.053095,0.0,0.053095,1
2026-07-26T09:09:37.873079,09/23 17:15,22.2,52.0,25.69,24.05,27.0,20.0,27.0,0.379,0.094762,0.330824,0.094762,0.082099,0.0,0.0,1.133313,0.094762,0.55,high,0.052119,0.0,0.052119,1
2026-07-26T09:09:37.889073,09/23 18:23,21.65,52.0,25.02,23.6,26.04,20.0,27.0,0.3764,0.094094,0.315788,0.094094,0.082098,0.0,0.0,1.063754,0.094094,0.55,high,0.051752,0.0,0.051752,1
2026-07-26T09:09:52.921772,09/23 19:23,19.85,26.0,23.32,22.23,24.28,20.0,25.0,0.3764,0.094094,0.275289,0.094094,0.077964,0.0,0.0,0.865473,0.094094,0.55,high,0.051752,0.0,0.051752,0
2026-07-26T09:09:52.963769,09/23 20:23,18.45,0.0,,,,20.0,25.0,0.3764,0.094094,0.260171,0.094094,0.075857,0.0,0.0,0.793159,0.094094,0.55,high,0.051752,0.0,0.051752,0
2026-07-26T09:09:52.978775,09/23 21:15,15.3,0.0,,,,20.0,25.0,0.0,0.0,0.0,0.0,0.0,0.0,0.0,0.0,0.0,0.4,moderate,0.0,0.0,0.0,0
2026-07-26T09:09:52.992769,09/23 22:15,14.55,0.0,,,,20.0,25.0,0.0,0.0,0.0,0.0,0.0,0.0,0.0,0.0,0.0,0.4,moderate,0.0,0.0,0.0,0
2026-07-26T09:09:53.005772,09/23 23:15,14.85,0.0,,,,20.0,25.0,0.0,0.0,0.0,0.0,0.0,0.0,0.0,0.0,0.0,0.4,moderate,0.0,0.0,0.0,0
2026-07-26T09:09:53.019770,09/24 00:15,14.28,0.0,,,,20.0,25.0,0.0,0.0,0.0,0.0,0.0,0.0,0.0,0.0,0.0,0.34,low,0.0,0.0,0.0,0
2026-07-26T09:10:07.128454,09/24 01:15,13.75,0.0,,,,18.0,27.0,0.0,0.0,0.0,0.0,0.0,0.0,0.0,0.0,0.0,0.34,low,0.0,0.0,0.0,0
2026-07-26T09:10:07.146453,09/24 02:15,13.03,0.0,,,,18.0,27.0,0.0,0.0,0.0,0.0,0.0,0.0,0.0,0.0,0.0,0.34,low,0.0,0.0,0.0,0
2026-07-26T09:10:07.159449,09/24 03:15,11.92,0.0,,,,18.0,27.0,0.0,0.0,0.0,0.0,0.0,0.0,0.0,0.0,0.0,0.34,low,0.0,0.0,0.0,0
2026-07-26T09:10:07.172448,09/24 04:15,10.97,0.0,,,,18.0,27.0,0.0,0.0,0.0,0.0,0.0,0.0,0.0,0.0,0.0,0.34,low,0.0,0.0,0.0,0
2026-07-26T09:10:07.186448,09/24 05:15,10.45,0.0,,,,18.0,27.0,0.0,0.0,0.0,0.0,0.0,0.0,0.0,0.0,0.0,0.34,low,0.0,0.0,0.0,0
2026-07-26T09:10:07.199448,09/24 06:15,10.97,0.0,,,,18.0,27.0,0.0,0.0,0.0,0.0,0.0,0.0,0.0,0.0,0.0,0.43,moderate,0.0,0.0,0.0,0
2026-07-26T09:10:20.846676,09/24 07:23,14.73,0.0,,,,18.0,29.0,0.3764,0.094094,0.165052,0.094094,0.035244,0.0,0.0,0.365175,0.094094,0.43,moderate,0.04046,0.0,0.04046,0
2026-07-26T09:10:20.863678,09/24 08:15,17.35,0.0,,,,18.0,29.0,0.3764,0.094094,0.258842,0.094094,0.045179,0.0,0.0,0.838716,0.094094,0.43,moderate,0.04046,0.0,0.04046,0
2026-07-26T09:10:20.879679,09/24 09:23,18.2,52.0,22.43,21.01,23.77,18.0,29.0,0.3764,0.094094,0.264652,0.094094,0.051849,0.0,0.0,0.837374,0.094094,0.43,moderate,0.04046,0.0,0.04046,0
2026-07-26T09:10:20.894678,09/24 10:23,19.4,52.0,24.32,22.48,26.44,18.0,29.0,0.3764,0.094094,0.251302,0.094094,0.062823,0.0,0.0,0.75057,0.094094,0.3,low,0.028228,0.0,0.028228,1
2026-07-26T09:10:20.938168,09/24 11:23,19.27,52.0,25.09,23.21,27.12,18.0,29.0,0.3764,0.094094,0.257104,0.094094,0.075566,0.0,0.0,0.775117,0.094094,0.3,low,0.028228,0.0,0.028228,1
2026-07-26T09:10:20.955165,09/24 12:15,19.32,41.6,25.27,23.54,26.64,18.0,29.0,0.3764,0.094094,0.262808,0.094094,0.076345,0.0,0.0,0.810628,0.094094,0.3,low,0.028228,0.0,0.028228,1
2026-07-26T09:10:35.632740,09/24 13:15,20.3,20.8,24.91,23.37,25.47,20.0,27.0,0.3764,0.094094,0.281631,0.094094,0.077847,0.0,0.0,0.901816,0.094094,0.3,low,0.028228,0.0,0.028228,0
2026-07-26T09:10:35.654740,09/24 14:15,19.4,41.6,25.39,24.07,26.5,20.0,27.0,0.3764,0.094094,0.265353,0.094094,0.076876,0.0,0.0,0.818835,0.094094,0.3,low,0.028228,0.0,0.028228,1
2026-07-26T09:10:35.688741,09/24 15:15,19.12,52.0,25.66,24.68,27.0,20.0,27.0,0.3784,0.094594,0.275774,0.094594,0.079511,0.0,0.0,0.878815,0.094594,0.3,low,0.028378,0.0,0.028378,1
2026-07-26T09:10:35.705739,09/24 16:15,18.03,52.0,25.62,24.24,27.0,20.0,27.0,0.3781,0.094518,0.259762,0.094518,0.080984,0.0,0.0,0.787176,0.094518,0.55,high,0.051985,0.0,0.051985,1
2026-07-26T09:10:35.721738,09/24 17:15,16.5,52.0,25.05,23.58,26.28,20.0,27.0,0.3764,0.094094,0.234641,0.094094,0.079501,0.0,0.0,0.659071,0.094094,0.55,high,0.051752,0.0,0.051752,1
2026-07-26T09:10:35.739740,09/24 18:23,14.0,52.0,24.2,22.96,25.62,20.0,27.0,0.3764,0.094094,0.191135,0.094094,0.07044,0.0,0.0,0.428906,0.094094,0.55,high,0.051752,0.0,0.051752,0
2026-07-26T09:10:49.882778,09/24 19:23,12.65,26.0,22.56,21.58,24.04,20.0,26.0,0.3764,0.094094,0.162862,0.094094,0.063786,0.0,0.0,0.277817,0.094094,0.55,high,0.051752,0.0,0.051752,0
2026-07-26T09:10:49.921774,09/24 20:23,11.8,0.0,,,,20.0,26.0,0.3764,0.094094,0.146253,0.094094,0.046897,0.0,0.0,0.202958,0.094094,0.55,high,0.051752,0.0,0.051752,0
2026-07-26T09:10:49.936774,09/24 21:15,10.6,0.0,,,,20.0,26.0,0.0,0.0,0.0,0.0,0.0,0.0,0.0,0.0,0.0,0.4,moderate,0.0,0.0,0.0,0
2026-07-26T09:10:49.949774,09/24 22:15,10.45,0.0,,,,20.0,26.0,0.0,0.0,0.0,0.0,0.0,0.0,0.0,0.0,0.0,0.4,moderate,0.0,0.0,0.0,0
2026-07-26T09:10:49.961775,09/24 23:15,9.72,0.0,,,,20.0,26.0,0.0,0.0,0.0,0.0,0.0,0.0,0.0,0.0,0.0,0.4,moderate,0.0,0.0,0.0,0
2026-07-26T09:10:49.973775,09/25 00:15,8.9,0.0,,,,20.0,26.0,0.0,0.0,0.0,0.0,0.0,0.0,0.0,0.0,0.0,0.34,low,0.0,0.0,0.0,0
2026-07-26T09:11:03.289033,09/25 01:15,8.9,0.0,,,,18.0,28.0,0.0,0.0,0.0,0.0,0.0,0.0,0.0,0.0,0.0,0.34,low,0.0,0.0,0.0,0
2026-07-26T09:11:03.305032,09/25 02:15,8.75,0.0,,,,18.0,28.0,0.0,0.0,0.0,0.0,0.0,0.0,0.0,0.0,0.0,0.34,low,0.0,0.0,0.0,0
2026-07-26T09:11:03.320033,09/25 03:15,8.03,0.0,,,,18.0,28.0,0.0,0.0,0.0,0.0,0.0,0.0,0.0,0.0,0.0,0.34,low,0.0,0.0,0.0,0
2026-07-26T09:11:03.333032,09/25 04:15,7.2,0.0,,,,18.0,28.0,0.0,0.0,0.0,0.0,0.0,0.0,0.0,0.0,0.0,0.34,low,0.0,0.0,0.0,0
2026-07-26T09:11:03.345031,09/25 05:15,7.08,0.0,,,,18.0,28.0,0.0,0.0,0.0,0.0,0.0,0.0,0.0,0.0,0.0,0.34,low,0.0,0.0,0.0,0
2026-07-26T09:11:03.359035,09/25 06:15,7.1,0.0,,,,18.0,28.0,0.0,0.0,0.0,0.0,0.0,0.0,0.0,0.0,0.0,0.43,moderate,0.0,0.0,0.0,0
2026-07-26T09:11:17.130499,09/25 07:23,9.28,0.0,,,,18.0,29.0,0.3764,0.094094,0.0,0.094094,0.000364,0.25054,0.19478,0.0,0.344634,0.43,moderate,0.04046,0.045348,0.085808,0
2026-07-26T09:11:17.148499,09/25 08:23,13.17,0.0,,,,18.0,29.0,0.3764,0.094094,0.124068,0.094094,0.027967,0.0,0.0,0.114895,0.094094,0.43,moderate,0.04046,0.0,0.04046,0
2026-07-26T09:11:17.165502,09/25 09:23,16.38,52.0,22.3,20.64,24.77,18.0,29.0,0.3764,0.094094,0.186231,0.094094,0.040453,0.0,0.0,0.447945,0.094094,0.43,moderate,0.04046,0.0,0.04046,0
2026-07-26T09:11:17.180499,09/25 10:23,17.35,52.0,24.17,22.16,26.89,18.0,29.0,0.3764,0.094094,0.209995,0.094094,0.043741,0.0,0.0,0.563336,0.094094,0.3,low,0.028228,0.0,0.028228,1
2026-07-26T09:11:17.195500,09/25 11:23,18.08,52.0,24.99,22.97,27.46,18.0,29.0,0.3764,0.094094,0.228744,0.094094,0.062669,0.0,0.0,0.63917,0.094094,0.3,low,0.028228,0.0,0.028228,1
2026-07-26T09:11:17.209500,09/25 12:23,19.17,41.6,25.13,23.29,26.74,18.0,29.0,0.3764,0.094094,0.251085,0.094094,0.074574,0.0,0.0,0.749786,0.094094,0.3,low,0.028228,0.0,0.028228,1
2026-07-26T09:11:32.225337,09/25 13:15,20.15,20.8,24.84,23.22,25.44,20.0,27.0,0.3764,0.094094,0.272188,0.094094,0.082251,0.0,0.0,0.851052,0.094094,0.3,low,0.028228,0.0,0.028228,0
2026-07-26T09:11:32.244336,09/25 14:15,20.6,41.6,25.43,24.01,26.8,20.0,27.0,0.3764,0.094094,0.286709,0.094094,0.089853,0.0,0.0,0.91415,0.094094,0.3,low,0.028228,0.0,0.028228,1
2026-07-26T09:11:32.297340,09/25 15:15,20.6,52.0,25.75,24.8,27.0,20.0,27.0,0.3837,0.095935,0.318536,0.095935,0.072107,0.0,0.0,1.10232,0.095935,0.3,low,0.028781,0.0,0.028781,1
2026-07-26T09:11:32.329336,09/25 16:15,20.3,52.0,25.83,24.43,27.0,20.0,27.0,0.3848,0.096196,0.327555,0.096196,0.075258,0.0,0.0,1.139722,0.096196,0.55,high,0.052908,0.0,0.052908,1
2026-07-26T09:11:32.345345,09/25 17:15,18.45,52.0,25.51,23.83,27.0,20.0,27.0,0.3771,0.094272,0.273854,0.094272,0.073606,0.0,0.0,0.859347,0.094272,0.55,high,0.05185,0.0,0.05185,1
2026-07-26T09:11:32.361336,09/25 18:23,14.75,52.0,24.67,23.23,25.82,20.0,27.0,0.3764,0.094094,0.211233,0.094094,0.067797,0.0,0.0,0.537906,0.094094,0.55,high,0.051752,0.0,0.051752,0
2026-07-26T09:11:47.733263,09/25 19:23,12.2,26.0,22.87,21.75,24.22,20.0,26.0,0.3764,0.094094,0.156099,0.094094,0.055012,0.0,0.0,0.24274,0.094094,0.55,high,0.051752,0.0,0.051752,0
2026-07-26T09:11:47.751257,09/25 20:23,11.8,0.0,,,,20.0,26.0,0.3764,0.094094,0.149171,0.094094,0.050329,0.0,0.0,0.214224,0.094094,0.55,high,0.051752,0.0,0.051752,0
2026-07-26T09:11:47.765255,09/25 21:15,10.72,0.0,,,,20.0,26.0,0.0,0.0,0.0,0.0,0.0,0.0,0.0,0.0,0.0,0.4,moderate,0.0,0.0,0.0,0
2026-07-26T09:11:47.778254,09/25 22:15,10.82,0.0,,,,20.0,26.0,0.0,0.0,0.0,0.0,0.0,0.0,0.0,0.0,0.0,0.4,moderate,0.0,0.0,0.0,0
2026-07-26T09:11:47.792254,09/25 23:15,10.0,0.0,,,,20.0,26.0,0.0,0.0,0.0,0.0,0.0,0.0,0.0,0.0,0.0,0.4,moderate,0.0,0.0,0.0,0
2026-07-26T09:11:47.805253,09/26 00:15,9.72,0.0,,,,20.0,26.0,0.0,0.0,0.0,0.0,0.0,0.0,0.0,0.0,0.0,0.34,low,0.0,0.0,0.0,0
2026-07-26T09:12:01.967704,09/26 01:15,8.75,0.0,,,,18.0,28.0,0.0,0.0,0.0,0.0,0.0,0.0,0.0,0.0,0.0,0.34,low,0.0,0.0,0.0,0
2026-07-26T09:12:01.985699,09/26 02:15,8.18,0.0,,,,18.0,28.0,0.0,0.0,0.0,0.0,0.0,0.0,0.0,0.0,0.0,0.34,low,0.0,0.0,0.0,0
2026-07-26T09:12:02.001699,09/26 03:15,7.92,0.0,,,,18.0,28.0,0.0,0.0,0.0,0.0,0.0,0.0,0.0,0.0,0.0,0.34,low,0.0,0.0,0.0,0
2026-07-26T09:12:02.016698,09/26 04:15,8.3,0.0,,,,18.0,28.0,0.0,0.0,0.0,0.0,0.0,0.0,0.0,0.0,0.0,0.34,low,0.0,0.0,0.0,0
2026-07-26T09:12:02.031699,09/26 05:15,8.3,0.0,,,,18.0,28.0,0.0,0.0,0.0,0.0,0.0,0.0,0.0,0.0,0.0,0.34,low,0.0,0.0,0.0,0
2026-07-26T09:12:02.043698,09/26 06:15,9.0,0.0,,,,18.0,28.0,0.0,0.0,0.0,0.0,0.0,0.0,0.0,0.0,0.0,0.43,moderate,0.0,0.0,0.0,0
2026-07-26T09:12:16.488432,09/26 07:23,12.22,0.0,,,,18.0,29.0,0.3764,0.094094,0.119118,0.094094,0.030429,0.0,0.0,0.029682,0.094094,0.43,moderate,0.04046,0.0,0.04046,0
2026-07-26T09:12:16.509427,09/26 08:23,16.42,0.0,,,,18.0,29.0,0.3764,0.094094,0.176937,0.094094,0.048271,0.0,0.0,0.388406,0.094094,0.43,moderate,0.04046,0.0,0.04046,0
2026-07-26T09:12:16.529430,09/26 09:23,19.72,52.0,22.68,20.84,25.64,18.0,29.0,0.3764,0.094094,0.233747,0.094094,0.061519,0.0,0.0,0.675898,0.094094,0.43,moderate,0.04046,0.0,0.04046,0
2026-07-26T09:12:16.547428,09/26 10:23,22.62,52.0,24.62,22.49,27.73,18.0,29.0,0.3764,0.094094,0.291079,0.094094,0.061424,0.0,0.0,0.96715,0.094094,0.3,low,0.028228,0.0,0.028228,1
2026-07-26T09:12:16.564427,09/26 11:23,24.32,52.0,25.51,23.44,28.19,18.0,29.0,0.3764,0.094094,0.331736,0.094094,0.077252,0.0,0.0,1.131311,0.094094,0.3,low,0.028228,0.0,0.028228,1
2026-07-26T09:12:16.580427,09/26 12:23,25.88,41.6,25.77,23.91,27.55,18.0,29.0,0.3764,0.094094,0.369192,0.094094,0.093652,0.0,0.0,1.291159,0.094094,0.3,low,0.028228,0.0,0.028228,1
2026-07-26T09:12:32.078507,09/26 13:15,26.97,20.8,25.52,23.88,26.28,20.0,27.0,0.3764,0.094094,0.392213,0.094094,0.093154,0.0,0.0,1.395824,0.094094,0.3,low,0.028228,0.0,0.028228,1
2026-07-26T09:12:32.097505,09/26 14:15,27.93,41.6,25.98,24.69,27.0,20.0,27.0,0.3819,0.095471,0.455608,0.095471,0.092488,0.0,0.0,1.684151,0.095471,0.3,low,0.028641,0.0,0.028641,1
2026-07-26T09:12:32.127513,09/26 15:15,28.45,52.0,26.27,25.55,27.0,20.0,27.0,0.3888,0.097206,0.4969,0.097206,0.095954,0.0,0.0,1.858131,0.097206,0.3,low,0.029162,0.0,0.029162,1
2026-07-26T09:12:32.142506,09/26 16:15,28.35,52.0,26.31,25.24,27.0,20.0,27.0,0.3862,0.09656,0.501338,0.09656,0.099532,0.0,0.0,1.859535,0.09656,0.55,high,0.053108,0.0,0.053108,1
2026-07-26T09:12:32.158506,09/26 17:15,26.12,52.0,25.82,24.59,26.96,20.0,27.0,0.3764,0.094094,0.401942,0.094094,0.089699,0.0,0.0,1.437389,0.094094,0.55,high,0.051752,0.0,0.051752,1
2026-07-26T09:12:32.172504,09/26 18:15,24.4,52.0,25.14,24.0,25.99,20.0,27.0,0.3764,0.094094,0.396195,0.094094,0.089985,0.0,0.0,1.439342,0.094094,0.55,high,0.051752,0.0,0.051752,0
2026-07-26T09:12:48.492437,09/26 19:15,24.27,26.0,23.61,22.69,24.43,20.0,26.0,0.3764,0.094094,0.383628,0.094094,0.088986,0.0,0.0,1.378431,0.094094,0.55,high,0.051752,0.0,0.051752,0
2026-07-26T09:12:48.528623,09/26 20:23,23.2,0.0,,,,20.0,26.0,0.3764,0.094094,0.350975,0.094094,0.085696,0.0,0.0,1.222452,0.094094,0.55,high,0.051752,0.0,0.051752,0
2026-07-26T09:12:48.542625,09/26 21:15,20.98,0.0,,,,20.0,26.0,0.0,0.0,0.0,0.0,0.0,0.0,0.0,0.0,0.0,0.4,moderate,0.0,0.0,0.0,0
2026-07-26T09:12:48.557626,09/26 22:15,20.45,0.0,,,,20.0,26.0,0.0,0.0,0.0,0.0,0.0,0.0,0.0,0.0,0.0,0.4,moderate,0.0,0.0,0.0,0
2026-07-26T09:12:48.570620,09/26 23:15,19.85,0.0,,,,20.0,26.0,0.0,0.0,0.0,0.0,0.0,0.0,0.0,0.0,0.0,0.4,moderate,0.0,0.0,0.0,0
2026-07-26T09:12:48.583621,09/27 00:15,19.0,0.0,,,,20.0,26.0,0.0,0.0,0.0,0.0,0.0,0.0,0.0,0.0,0.0,0.34,low,0.0,0.0,0.0,0
2026-07-26T09:13:03.022596,09/27 01:15,17.53,0.0,,,,18.0,28.0,0.0,0.0,0.0,0.0,0.0,0.0,0.0,0.0,0.0,0.34,low,0.0,0.0,0.0,0
2026-07-26T09:13:03.039597,09/27 02:15,16.82,0.0,,,,18.0,28.0,0.0,0.0,0.0,0.0,0.0,0.0,0.0,0.0,0.0,0.34,low,0.0,0.0,0.0,0
2026-07-26T09:13:03.054598,09/27 03:15,17.62,0.0,,,,18.0,28.0,0.0,0.0,0.0,0.0,0.0,0.0,0.0,0.0,0.0,0.34,low,0.0,0.0,0.0,0
2026-07-26T09:13:03.068596,09/27 04:15,18.75,0.0,,,,18.0,28.0,0.0,0.0,0.0,0.0,0.0,0.0,0.0,0.0,0.0,0.34,low,0.0,0.0,0.0,0
2026-07-26T09:13:03.082595,09/27 05:15,18.18,0.0,,,,18.0,28.0,0.0,0.0,0.0,0.0,0.0,0.0,0.0,0.0,0.0,0.34,low,0.0,0.0,0.0,0
2026-07-26T09:13:03.096595,09/27 06:15,18.08,0.0,,,,18.0,28.0,0.0,0.0,0.0,0.0,0.0,0.0,0.0,0.0,0.0,0.43,moderate,0.0,0.0,0.0,0
2026-07-26T09:13:17.486305,09/27 07:23,19.45,0.0,,,,18.0,29.0,0.3764,0.094094,0.31055,0.094094,0.061321,0.0,0.0,1.085009,0.094094,0.43,moderate,0.04046,0.0,0.04046,0
2026-07-26T09:13:17.515309,09/27 08:23,21.65,0.0,,,,18.0,29.0,0.3764,0.094094,0.360454,0.094094,0.063686,0.0,0.0,1.322448,0.094094,0.43,moderate,0.04046,0.0,0.04046,0
2026-07-26T09:13:17.532304,09/27 09:23,23.58,52.0,23.39,21.56,26.12,18.0,29.0,0.3764,0.094094,0.428905,0.094094,0.078684,0.0,0.0,1.618966,0.094094,0.43,moderate,0.04046,0.0,0.04046,1
2026-07-26T09:13:17.548305,09/27 10:23,24.12,52.0,25.09,23.18,27.57,18.0,29.0,0.3764,0.094094,0.443018,0.094094,0.092604,0.0,0.0,1.658609,0.094094,0.3,low,0.028228,0.0,0.028228,1
2026-07-26T09:13:17.563304,09/27 11:23,23.88,52.0,25.78,24.01,27.64,18.0,29.0,0.3764,0.094094,0.412827,0.094094,0.094154,0.0,0.0,1.527685,0.094094,0.3,low,0.028228,0.0,0.028228,1
2026-07-26T09:13:17.576303,09/27 12:15,26.43,41.6,25.92,24.4,26.97,18.0,29.0,0.3764,0.094094,0.474108,0.094094,0.100459,0.0,0.0,1.793783,0.094094,0.3,low,0.028228,0.0,0.028228,1
2026-07-26T09:13:32.070136,09/27 13:15,28.9,20.8,25.66,24.26,26.28,20.0,27.0,0.3764,0.094094,0.495752,0.094094,0.10029,0.0,0.0,1.838559,0.094094,0.3,low,0.028228,0.0,0.028228,1
2026-07-26T09:13:32.088175,09/27 14:15,29.45,41.6,26.06,24.88,27.0,20.0,27.0,0.3816,0.095411,0.560148,0.095411,0.104478,0.0,0.0,2.128838,0.095411,0.3,low,0.028623,0.0,0.028623,1
2026-07-26T09:13:32.101473,09/27 15:15,31.25,52.0,26.36,25.54,27.0,20.0,27.0,0.3905,0.097615,0.606841,0.097615,0.098994,0.0,0.0,2.290486,0.097615,0.3,low,0.029284,0.0,0.029284,1
2026-07-26T09:13:32.115475,09/27 16:15,31.0,52.0,26.46,25.28,27.0,20.0,27.0,0.3915,0.097881,0.623432,0.097881,0.098511,0.0,0.0,2.342212,0.097881,0.55,high,0.053835,0.0,0.053835,1
2026-07-26T09:13:32.128484,09/27 17:15,27.92,52.0,26.11,24.71,27.0,20.0,27.0,0.3823,0.09558,0.530569,0.09558,0.097548,0.0,0.0,1.98919,0.09558,0.55,high,0.052569,0.0,0.052569,1
2026-07-26T09:13:32.142510,09/27 18:23,24.73,52.0,25.42,24.12,26.37,20.0,27.0,0.3764,0.094094,0.415454,0.094094,0.091858,0.0,0.0,1.520102,0.094094,0.55,high,0.051752,0.0,0.051752,1
2026-07-26T09:13:46.574376,09/27 19:23,23.2,26.0,23.76,22.75,24.51,20.0,25.0,0.3764,0.094094,0.372372,0.094094,0.087585,0.0,0.0,1.324764,0.094094,0.55,high,0.051752,0.0,0.051752,0
2026-07-26T09:13:46.591374,09/27 20:23,20.4,0.0,,,,20.0,25.0,0.3764,0.094094,0.328802,0.094094,0.083771,0.0,0.0,1.131898,0.094094,0.55,high,0.051752,0.0,0.051752,0
2026-07-26T09:13:46.606373,09/27 21:15,18.58,0.0,,,,20.0,25.0,0.0,0.0,0.0,0.0,0.0,0.0,0.0,0.0,0.0,0.4,moderate,0.0,0.0,0.0,0
2026-07-26T09:13:46.618380,09/27 22:15,19.0,0.0,,,,20.0,25.0,0.0,0.0,0.0,0.0,0.0,0.0,0.0,0.0,0.0,0.4,moderate,0.0,0.0,0.0,0
2026-07-26T09:13:46.629374,09/27 23:15,17.38,0.0,,,,20.0,25.0,0.0,0.0,0.0,0.0,0.0,0.0,0.0,0.0,0.0,0.4,moderate,0.0,0.0,0.0,0
2026-07-26T09:13:46.643374,09/28 00:15,15.83,0.0,,,,20.0,25.0,0.0,0.0,0.0,0.0,0.0,0.0,0.0,0.0,0.0,0.34,low,0.0,0.0,0.0,0
2026-07-26T09:13:59.786962,09/28 01:15,14.85,0.0,,,,18.0,27.0,0.0,0.0,0.0,0.0,0.0,0.0,0.0,0.0,0.0,0.34,low,0.0,0.0,0.0,0
2026-07-26T09:13:59.802962,09/28 02:15,14.28,0.0,,,,18.0,27.0,0.0,0.0,0.0,0.0,0.0,0.0,0.0,0.0,0.0,0.34,low,0.0,0.0,0.0,0
2026-07-26T09:13:59.817961,09/28 03:15,13.9,0.0,,,,18.0,27.0,0.0,0.0,0.0,0.0,0.0,0.0,0.0,0.0,0.0,0.34,low,0.0,0.0,0.0,0
2026-07-26T09:13:59.829960,09/28 04:15,14.18,0.0,,,,18.0,27.0,0.0,0.0,0.0,0.0,0.0,0.0,0.0,0.0,0.0,0.34,low,0.0,0.0,0.0,0
2026-07-26T09:13:59.842962,09/28 05:15,15.15,0.0,,,,18.0,27.0,0.0,0.0,0.0,0.0,0.0,0.0,0.0,0.0,0.0,0.34,low,0.0,0.0,0.0,0
2026-07-26T09:13:59.853963,09/28 06:15,16.0,0.0,,,,18.0,27.0,0.0,0.0,0.0,0.0,0.0,0.0,0.0,0.0,0.0,0.43,moderate,0.0,0.0,0.0,0
2026-07-26T09:14:13.289608,09/28 07:20,18.05,0.0,,,,18.0,29.0,0.0,0.0,0.0,0.0,0.0,0.0,0.0,0.0,0.0,0.43,moderate,0.0,0.0,0.0,0
2026-07-26T09:14:13.306614,09/28 08:20,21.0,0.0,,,,18.0,29.0,0.0,0.0,0.0,0.0,0.0,0.0,0.0,0.0,0.0,0.43,moderate,0.0,0.0,0.0,0
2026-07-26T09:14:13.344604,09/28 09:23,22.07,0.0,,,,18.0,29.0,0.0,0.0,0.0,0.0,0.0,0.0,0.0,0.0,0.0,0.43,moderate,0.0,0.0,0.0,0
2026-07-26T09:14:13.358602,09/28 10:15,22.52,0.0,,,,18.0,29.0,0.0,0.0,0.0,0.0,0.0,0.0,0.0,0.0,0.0,0.3,low,0.0,0.0,0.0,0
2026-07-26T09:14:13.371602,09/28 11:15,24.85,0.0,,,,18.0,29.0,0.0,0.0,0.0,0.0,0.0,0.0,0.0,0.0,0.0,0.3,low,0.0,0.0,0.0,0
2026-07-26T09:14:13.383605,09/28 12:15,24.97,0.0,,,,18.0,29.0,0.0,0.0,0.0,0.0,0.0,0.0,0.0,0.0,0.0,0.3,low,0.0,0.0,0.0,0
2026-07-26T09:14:26.758320,09/28 13:23,26.82,0.0,,,,18.0,29.0,0.0,0.0,0.0,0.0,0.0,0.0,0.0,0.0,0.0,0.3,low,0.0,0.0,0.0,0
2026-07-26T09:14:26.774318,09/28 14:15,27.2,0.0,,,,18.0,29.0,0.0,0.0,0.0,0.0,0.0,0.0,0.0,0.0,0.0,0.3,low,0.0,0.0,0.0,0
2026-07-26T09:14:26.787318,09/28 15:15,26.8,0.0,,,,18.0,29.0,0.0,0.0,0.0,0.0,0.0,0.0,0.0,0.0,0.0,0.3,low,0.0,0.0,0.0,0
2026-07-26T09:14:26.800317,09/28 16:15,25.3,0.0,,,,18.0,29.0,0.0,0.0,0.0,0.0,0.0,0.0,0.0,0.0,0.0,0.55,high,0.0,0.0,0.0,0
2026-07-26T09:14:26.813319,09/28 17:15,24.12,0.0,,,,18.0,29.0,0.0,0.0,0.0,0.0,0.0,0.0,0.0,0.0,0.0,0.55,high,0.0,0.0,0.0,0
2026-07-26T09:14:26.826318,09/28 18:15,22.33,0.0,,,,18.0,29.0,0.0,0.0,0.0,0.0,0.0,0.0,0.0,0.0,0.0,0.55,high,0.0,0.0,0.0,0
2026-07-26T09:14:40.852312,09/28 19:15,19.12,0.0,,,,18.0,29.0,0.0,0.0,0.0,0.0,0.0,0.0,0.0,0.0,0.0,0.55,high,0.0,0.0,0.0,0
2026-07-26T09:14:40.866967,09/28 20:15,18.18,0.0,,,,18.0,29.0,0.0,0.0,0.0,0.0,0.0,0.0,0.0,0.0,0.0,0.55,high,0.0,0.0,0.0,0
2026-07-26T09:14:40.879929,09/28 21:15,17.65,0.0,,,,18.0,29.0,0.0,0.0,0.0,0.0,0.0,0.0,0.0,0.0,0.0,0.4,moderate,0.0,0.0,0.0,0
2026-07-26T09:14:40.894962,09/28 22:15,17.2,0.0,,,,18.0,29.0,0.0,0.0,0.0,0.0,0.0,0.0,0.0,0.0,0.0,0.4,moderate,0.0,0.0,0.0,0
2026-07-26T09:14:40.906960,09/28 23:15,17.2,0.0,,,,18.0,29.0,0.0,0.0,0.0,0.0,0.0,0.0,0.0,0.0,0.0,0.4,moderate,0.0,0.0,0.0,0
2026-07-26T09:14:40.919923,09/29 00:15,17.2,0.0,,,,18.0,29.0,0.0,0.0,0.0,0.0,0.0,0.0,0.0,0.0,0.0,0.34,low,0.0,0.0,0.0,0
2026-07-26T09:14:55.012782,09/29 01:15,17.07,0.0,,,,18.0,29.0,0.0,0.0,0.0,0.0,0.0,0.0,0.0,0.0,0.0,0.34,low,0.0,0.0,0.0,0
2026-07-26T09:14:55.030780,09/29 02:15,16.7,0.0,,,,18.0,29.0,0.0,0.0,0.0,0.0,0.0,0.0,0.0,0.0,0.0,0.34,low,0.0,0.0,0.0,0
2026-07-26T09:14:55.045779,09/29 03:15,16.55,0.0,,,,18.0,29.0,0.0,0.0,0.0,0.0,0.0,0.0,0.0,0.0,0.0,0.34,low,0.0,0.0,0.0,0
2026-07-26T09:14:55.059778,09/29 04:15,16.1,0.0,,,,18.0,29.0,0.0,0.0,0.0,0.0,0.0,0.0,0.0,0.0,0.0,0.34,low,0.0,0.0,0.0,0
2026-07-26T09:14:55.074780,09/29 05:15,15.68,0.0,,,,18.0,29.0,0.0,0.0,0.0,0.0,0.0,0.0,0.0,0.0,0.0,0.34,low,0.0,0.0,0.0,0
2026-07-26T09:14:55.086780,09/29 06:15,14.4,0.0,,,,18.0,29.0,0.0,0.0,0.0,0.0,0.0,0.0,0.0,0.0,0.0,0.43,moderate,0.0,0.0,0.0,0
2026-07-26T09:15:09.820674,09/29 07:20,14.83,0.0,,,,18.0,29.0,0.0,0.0,0.0,0.0,0.0,0.0,0.0,0.0,0.0,0.43,moderate,0.0,0.0,0.0,0
2026-07-26T09:15:09.843677,09/29 08:20,16.38,0.0,,,,18.0,29.0,0.0,0.0,0.0,0.0,0.0,0.0,0.0,0.0,0.0,0.43,moderate,0.0,0.0,0.0,0
2026-07-26T09:15:09.860676,09/29 09:23,17.47,0.0,,,,18.0,29.0,0.0,0.0,0.0,0.0,0.0,0.0,0.0,0.0,0.0,0.43,moderate,0.0,0.0,0.0,0
2026-07-26T09:15:09.876673,09/29 10:15,17.9,0.0,,,,18.0,29.0,0.0,0.0,0.0,0.0,0.0,0.0,0.0,0.0,0.0,0.3,low,0.0,0.0,0.0,0
2026-07-26T09:15:09.909672,09/29 11:23,16.82,0.0,,,,18.0,29.0,0.0,0.0,0.0,0.0,0.0,0.0,0.0,0.0,0.0,0.3,low,0.0,0.0,0.0,0
2026-07-26T09:15:09.925670,09/29 12:15,17.47,0.0,,,,18.0,29.0,0.0,0.0,0.0,0.0,0.0,0.0,0.0,0.0,0.0,0.3,low,0.0,0.0,0.0,0
2026-07-26T09:15:25.255523,09/29 13:15,18.18,0.0,,,,18.0,29.0,0.0,0.0,0.0,0.0,0.0,0.0,0.0,0.0,0.0,0.3,low,0.0,0.0,0.0,0
2026-07-26T09:15:25.273521,09/29 14:15,18.08,0.0,,,,18.0,29.0,0.0,0.0,0.0,0.0,0.0,0.0,0.0,0.0,0.0,0.3,low,0.0,0.0,0.0,0
2026-07-26T09:15:25.290522,09/29 15:15,18.9,0.0,,,,18.0,29.0,0.0,0.0,0.0,0.0,0.0,0.0,0.0,0.0,0.0,0.3,low,0.0,0.0,0.0,0
2026-07-26T09:15:25.306521,09/29 16:15,18.75,0.0,,,,18.0,29.0,0.0,0.0,0.0,0.0,0.0,0.0,0.0,0.0,0.0,0.55,high,0.0,0.0,0.0,0
2026-07-26T09:15:25.323518,09/29 17:15,18.03,0.0,,,,18.0,29.0,0.0,0.0,0.0,0.0,0.0,0.0,0.0,0.0,0.0,0.55,high,0.0,0.0,0.0,0
2026-07-26T09:15:25.361518,09/29 18:23,16.8,0.0,,,,18.0,29.0,0.0,0.0,0.0,0.0,0.0,0.0,0.0,0.0,0.0,0.55,high,0.0,0.0,0.0,0
2026-07-26T09:15:41.206869,09/29 19:15,15.45,0.0,,,,18.0,29.0,0.0,0.0,0.0,0.0,0.0,0.0,0.0,0.0,0.0,0.55,high,0.0,0.0,0.0,0
2026-07-26T09:15:41.225867,09/29 20:15,15.28,0.0,,,,18.0,29.0,0.0,0.0,0.0,0.0,0.0,0.0,0.0,0.0,0.0,0.55,high,0.0,0.0,0.0,0
2026-07-26T09:15:41.242865,09/29 21:15,15.83,0.0,,,,18.0,29.0,0.0,0.0,0.0,0.0,0.0,0.0,0.0,0.0,0.0,0.4,moderate,0.0,0.0,0.0,0
2026-07-26T09:15:41.258866,09/29 22:15,14.72,0.0,,,,18.0,29.0,0.0,0.0,0.0,0.0,0.0,0.0,0.0,0.0,0.0,0.4,moderate,0.0,0.0,0.0,0
2026-07-26T09:15:41.294865,09/29 23:15,13.48,0.0,,,,18.0,29.0,0.0,0.0,0.0,0.0,0.0,0.0,0.0,0.0,0.0,0.4,moderate,0.0,0.0,0.0,0
2026-07-26T09:15:41.309865,09/30 00:15,12.07,0.0,,,,18.0,29.0,0.0,0.0,0.0,0.0,0.0,0.0,0.0,0.0,0.0,0.34,low,0.0,0.0,0.0,0
2026-07-26T09:15:56.301816,09/30 01:15,11.55,0.0,,,,18.0,29.0,0.0,0.0,0.0,0.0,0.0,0.0,0.0,0.0,0.0,0.34,low,0.0,0.0,0.0,0
2026-07-26T09:15:56.339811,09/30 02:15,11.1,0.0,,,,18.0,29.0,0.0,0.0,0.0,0.0,0.0,0.0,0.0,0.0,0.0,0.34,low,0.0,0.0,0.0,0
2026-07-26T09:15:56.354812,09/30 03:15,10.97,0.0,,,,18.0,29.0,0.0,0.0,0.0,0.0,0.0,0.0,0.0,0.0,0.0,0.34,low,0.0,0.0,0.0,0
2026-07-26T09:15:56.368809,09/30 04:15,10.6,0.0,,,,18.0,29.0,0.0,0.0,0.0,0.0,0.0,0.0,0.0,0.0,0.0,0.34,low,0.0,0.0,0.0,0
2026-07-26T09:15:56.382809,09/30 05:15,10.45,0.0,,,,18.0,29.0,0.0,0.0,0.0,0.0,0.0,0.0,0.0,0.0,0.0,0.34,low,0.0,0.0,0.0,0
2026-07-26T09:15:56.396809,09/30 06:15,10.43,0.0,,,,18.0,29.0,0.0,0.0,0.0,0.0,0.0,0.0,0.0,0.0,0.0,0.43,moderate,0.0,0.0,0.0,0
2026-07-26T09:16:10.675028,09/30 07:15,11.97,0.0,,,,18.0,29.0,0.3764,0.094094,0.119844,0.094094,0.024932,0.0,0.0,0.082651,0.094094,0.43,moderate,0.04046,0.0,0.04046,0
2026-07-26T09:16:10.694032,09/30 08:15,12.8,0.0,,,,18.0,29.0,0.3764,0.094094,0.136507,0.094094,0.026648,0.0,0.0,0.169612,0.094094,0.43,moderate,0.04046,0.0,0.04046,0
2026-07-26T09:16:10.713026,09/30 09:23,13.08,52.0,21.74,20.68,22.5,18.0,29.0,0.3764,0.094094,0.142528,0.094094,0.036009,0.0,0.0,0.190342,0.094094,0.43,moderate,0.04046,0.0,0.04046,0
2026-07-26T09:16:10.732027,09/30 10:23,14.6,52.0,23.61,22.12,24.77,18.0,29.0,0.3764,0.094094,0.159532,0.094094,0.038005,0.0,0.0,0.298905,0.094094,0.3,low,0.028228,0.0,0.028228,0
2026-07-26T09:16:10.749028,09/30 11:23,16.82,52.0,24.62,23.01,26.02,18.0,29.0,0.3764,0.094094,0.205496,0.094094,0.045385,0.0,0.0,0.542991,0.094094,0.3,low,0.028228,0.0,0.028228,1
2026-07-26T09:16:10.766028,09/30 12:23,17.62,41.6,24.86,23.33,25.81,18.0,29.0,0.3764,0.094094,0.220064,0.094094,0.053767,0.0,0.0,0.602073,0.094094,0.3,low,0.028228,0.0,0.028228,0
2026-07-26T09:16:26.691330,09/30 13:15,18.75,20.8,24.55,23.18,24.96,20.0,27.0,0.3764,0.094094,0.249473,0.094094,0.066792,0.0,0.0,0.747708,0.094094,0.3,low,0.028228,0.0,0.028228,0
2026-07-26T09:16:26.709472,09/30 14:15,18.3,41.6,25.13,23.92,26.08,20.0,27.0,0.3764,0.094094,0.243863,0.094094,0.071902,0.0,0.0,0.714066,0.094094,0.3,low,0.028228,0.0,0.028228,1
2026-07-26T09:16:26.724470,09/30 15:15,17.75,52.0,25.46,24.48,26.72,20.0,27.0,0.3764,0.094094,0.237501,0.094094,0.055382,0.0,0.0,0.725527,0.094094,0.3,low,0.028228,0.0,0.028228,1
2026-07-26T09:16:26.738429,09/30 16:15,16.1,52.0,25.2,23.99,26.3,20.0,27.0,0.3764,0.094094,0.214513,0.094094,0.068544,0.0,0.0,0.558819,0.094094,0.55,high,0.051752,0.0,0.051752,1
2026-07-26T09:16:26.752675,09/30 17:15,15.55,52.0,24.54,23.31,25.62,20.0,27.0,0.3764,0.094094,0.213394,0.094094,0.06854,0.0,0.0,0.557593,0.094094,0.55,high,0.051752,0.0,0.051752,0
2026-07-26T09:16:26.766693,09/30 18:15,13.35,52.0,23.86,22.75,25.42,20.0,27.0,0.3764,0.094094,0.18104,0.094094,0.064996,0.0,0.0,0.377755,0.094094,0.55,high,0.051752,0.0,0.051752,0
2026-07-26T09:16:41.967766,09/30 19:23,11.12,26.0,22.32,21.42,23.89,20.0,26.0,0.3764,0.094094,0.146182,0.094094,0.061355,0.0,0.0,0.181922,0.094094,0.55,high,0.051752,0.0,0.051752,0
2026-07-26T09:16:41.986760,09/30 20:23,9.12,0.0,,,,20.0,26.0,0.3764,0.094094,0.0,0.094094,3.4e-05,0.023987,0.025154,0.0,0.118081,0.55,high,0.051752,0.004342,0.056093,0
2026-07-26T09:16:42.002760,09/30 21:15,8.48,0.0,,,,20.0,26.0,0.0,0.0,0.0,0.0,0.0,0.0,0.0,0.0,0.0,0.4,moderate,0.0,0.0,0.0,0
2026-07-26T09:16:42.018760,09/30 22:15,9.18,0.0,,,,20.0,26.0,0.0,0.0,0.0,0.0,0.0,0.0,0.0,0.0,0.0,0.4,moderate,0.0,0.0,0.0,0
2026-07-26T09:16:42.033760,09/30 23:15,9.88,0.0,,,,20.0,26.0,0.0,0.0,0.0,0.0,0.0,0.0,0.0,0.0,0.0,0.4,moderate,0.0,0.0,0.0,0
2026-07-26T09:16:42.048760,10/01 00:15,10.6,0.0,,,,20.0,26.0,0.0,0.0,0.0,0.0,0.0,0.0,0.0,0.0,0.0,0.34,low,0.0,0.0,0.0,0
2026-07-26T09:16:56.814619,10/01 01:15,11.37,0.0,,,,18.0,28.0,0.3764,0.094094,0.0,0.094094,0.0,0.0,0.0,0.0,0.094094,0.34,low,0.031992,0.0,0.031992,0
2026-07-26T09:16:56.831616,10/01 02:15,12.08,0.0,,,,18.0,28.0,0.3764,0.094094,0.0,0.094094,0.0,0.0,0.0,0.0,0.094094,0.34,low,0.031992,0.0,0.031992,0
2026-07-26T09:16:56.846619,10/01 03:15,12.77,0.0,,,,18.0,28.0,0.3764,0.094094,0.0,0.094094,0.0,0.0,0.0,0.0,0.094094,0.34,low,0.031992,0.0,0.031992,0
2026-07-26T09:16:56.875616,10/01 04:15,12.75,0.0,,,,18.0,28.0,0.3764,0.094094,0.0,0.094094,0.0,0.0,0.0,0.0,0.094094,0.34,low,0.031992,0.0,0.031992,0
2026-07-26T09:16:56.889616,10/01 05:15,10.82,0.0,,,,18.0,28.0,0.3764,0.094094,0.0,0.094094,0.0,0.0,0.0,0.0,0.094094,0.34,low,0.031992,0.0,0.031992,0
2026-07-26T09:16:56.902618,10/01 06:15,10.43,0.0,,,,18.0,28.0,0.3764,0.094094,0.0,0.094094,0.0,0.0,0.0,0.0,0.094094,0.43,moderate,0.04046,0.0,0.04046,0
2026-07-26T09:17:10.050249,10/01 07:23,12.37,0.0,,,,18.0,29.0,0.3764,0.094094,0.107387,0.094094,0.010705,0.279033,0.214648,0.015827,0.373127,0.43,moderate,0.04046,0.050505,0.090965,0
2026-07-26T09:17:10.068248,10/01 08:23,14.83,0.0,,,,18.0,29.0,0.3764,0.094094,0.141356,0.094094,0.015804,0.269139,0.212177,0.229485,0.363233,0.43,moderate,0.04046,0.048714,0.089175,0
2026-07-26T09:17:10.085247,10/01 09:23,16.25,52.0,22.95,21.46,25.76,18.0,29.0,0.3764,0.094094,0.17053,0.094094,0.023873,0.228721,0.186881,0.363897,0.322815,0.43,moderate,0.04046,0.041399,0.081859,0
2026-07-26T09:17:10.101248,10/01 10:23,17.1,52.0,24.78,23.01,27.82,18.0,29.0,0.3764,0.094094,0.181638,0.094094,0.030853,0.190063,0.159276,0.41092,0.284157,0.3,low,0.028228,0.034401,0.06263,1
2026-07-26T09:17:10.117247,10/01 11:23,18.58,52.0,25.6,23.85,28.27,18.0,29.0,0.3764,0.094094,0.204409,0.094094,0.036268,0.154808,0.132348,0.537456,0.248902,0.3,low,0.028228,0.02802,0.056248,1
2026-07-26T09:17:10.133247,10/01 12:23,19.4,41.6,25.86,24.31,27.72,18.0,29.0,0.3764,0.094094,0.223943,0.094094,0.04616,0.12593,0.109288,0.623948,0.220024,0.3,low,0.028228,0.022793,0.051022,1
2026-07-26T09:17:24.355420,10/01 13:15,19.4,20.8,25.53,24.23,26.37,20.0,27.0,0.3764,0.094094,0.223027,0.094094,0.045271,0.110008,0.095848,0.624305,0.204102,0.3,low,0.028228,0.019911,0.04814,1
2026-07-26T09:17:24.372420,10/01 14:15,19.4,41.6,25.99,24.89,26.98,20.0,27.0,0.3764,0.094094,0.224728,0.094094,0.051912,0.091659,0.080601,0.623887,0.185753,0.3,low,0.028228,0.01659,0.044818,1
2026-07-26T09:17:24.402422,10/01 15:15,19.0,52.0,26.18,25.58,27.0,20.0,27.0,0.3842,0.096054,0.238441,0.096054,0.04932,0.0,0.0,0.70939,0.096054,0.3,low,0.028816,0.0,0.028816,1
2026-07-26T09:17:24.414421,10/01 16:15,17.53,52.0,26.08,25.04,27.0,20.0,27.0,0.3819,0.095465,0.209385,0.095465,0.044692,0.0,0.0,0.545789,0.095465,0.55,high,0.052506,0.0,0.052506,1
2026-07-26T09:17:24.428421,10/01 17:15,16.27,52.0,25.53,24.31,26.6,20.0,27.0,0.3764,0.094094,0.183318,0.094094,0.042912,0.070548,0.063233,0.410747,0.164642,0.55,high,0.051752,0.012769,0.064521,1
2026-07-26T09:17:24.442420,10/01 18:23,14.72,52.0,24.75,23.72,25.92,20.0,27.0,0.3764,0.094094,0.158414,0.094094,0.036444,0.085022,0.073384,0.27631,0.179116,0.55,high,0.051752,0.015389,0.067141,0
2026-07-26T09:17:40.110197,10/01 19:23,13.48,26.0,23.15,22.33,24.41,20.0,26.0,0.3764,0.094094,0.141375,0.094094,0.028004,0.122093,0.099382,0.189624,0.216187,0.55,high,0.051752,0.022099,0.073851,0
2026-07-26T09:17:40.127194,10/01 20:23,12.2,0.0,,,,20.0,26.0,0.3764,0.094094,0.118851,0.094094,0.021436,0.164097,0.127918,0.055342,0.258191,0.55,high,0.051752,0.029702,0.081453,0
2026-07-26T09:17:40.142193,10/01 21:15,11.92,0.0,,,,20.0,26.0,0.3764,0.094094,0.0,0.094094,0.0,0.0,0.0,0.0,0.094094,0.4,moderate,0.037638,0.0,0.037638,0
2026-07-26T09:17:40.156196,10/01 22:15,11.1,0.0,,,,20.0,26.0,0.3764,0.094094,0.0,0.094094,0.0,0.0,0.0,0.0,0.094094,0.4,moderate,0.037638,0.0,0.037638,0
2026-07-26T09:17:40.168192,10/01 23:15,10.82,0.0,,,,20.0,26.0,0.3764,0.094094,0.0,0.094094,0.0,0.0,0.0,0.0,0.094094,0.4,moderate,0.037638,0.0,0.037638,0
2026-07-26T09:17:40.181193,10/02 00:15,10.15,0.0,,,,20.0,26.0,0.3764,0.094094,0.0,0.094094,0.0,0.0,0.0,0.0,0.094094,0.34,low,0.031992,0.0,0.031992,0
2026-07-26T09:17:54.510336,10/02 01:15,10.3,0.0,,,,18.0,28.0,0.3764,0.094094,0.0,0.094094,0.0,0.0,0.0,0.0,0.094094,0.34,low,0.031992,0.0,0.031992,0
2026-07-26T09:17:54.527350,10/02 02:15,9.28,0.0,,,,18.0,28.0,0.3764,0.094094,0.0,0.094094,0.0,0.0,0.0,0.0,0.094094,0.34,low,0.031992,0.0,0.031992,0
2026-07-26T09:17:54.542336,10/02 03:15,8.9,0.0,,,,18.0,28.0,0.3764,0.094094,0.0,0.094094,0.0,0.0,0.0,0.0,0.094094,0.34,low,0.031992,0.0,0.031992,0
2026-07-26T09:17:54.555335,10/02 04:15,8.9,0.0,,,,18.0,28.0,0.3764,0.094094,0.0,0.094094,0.0,0.0,0.0,0.0,0.094094,0.34,low,0.031992,0.0,0.031992,0
2026-07-26T09:17:54.568334,10/02 05:15,9.03,0.0,,,,18.0,28.0,0.3764,0.094094,0.0,0.094094,0.0,0.0,0.0,0.0,0.094094,0.34,low,0.031992,0.0,0.031992,0
2026-07-26T09:17:54.581334,10/02 06:15,9.83,0.0,,,,18.0,28.0,0.3764,0.094094,0.0,0.094094,0.0,0.0,0.0,0.0,0.094094,0.43,moderate,0.04046,0.0,0.04046,0
2026-07-26T09:18:09.287554,10/02 07:23,11.92,0.0,,,,18.0,29.0,0.3764,0.094094,0.0,0.094094,0.000528,0.324685,0.249972,0.0,0.418779,0.43,moderate,0.04046,0.058768,0.099228,0
2026-07-26T09:18:09.309554,10/02 08:23,15.1,0.0,,,,18.0,29.0,0.3764,0.094094,0.138216,0.094094,0.013085,0.267063,0.215891,0.229769,0.361157,0.43,moderate,0.04046,0.048338,0.088799,0
2026-07-26T09:18:09.329551,10/02 09:23,17.75,52.0,22.88,21.39,25.55,18.0,29.0,0.3764,0.094094,0.193672,0.094094,0.022711,0.230159,0.190611,0.498341,0.324253,0.43,moderate,0.04046,0.041659,0.082119,0
2026-07-26T09:18:09.350545,10/02 10:23,19.7,52.0,24.61,22.98,27.21,18.0,29.0,0.3764,0.094094,0.230695,0.094094,0.029239,0.194978,0.164364,0.682244,0.289072,0.3,low,0.028228,0.035291,0.063519,1
2026-07-26T09:18:09.368546,10/02 11:23,21.0,52.0,25.45,23.79,27.78,18.0,29.0,0.3764,0.094094,0.253467,0.094094,0.033903,0.161986,0.138628,0.792739,0.25608,0.3,low,0.028228,0.029319,0.057548,1
2026-07-26T09:18:09.387544,10/02 12:23,22.35,41.6,25.62,24.14,27.13,18.0,29.0,0.3764,0.094094,0.276822,0.094094,0.038384,0.135759,0.117361,0.903205,0.229853,0.3,low,0.028228,0.024572,0.052801,1
2026-07-26T09:18:25.680790,10/02 13:15,22.65,20.8,25.3,24.02,25.87,20.0,27.0,0.3764,0.094094,0.279667,0.094094,0.039949,0.121357,0.104847,0.912636,0.215451,0.3,low,0.028228,0.021966,0.050194,0
2026-07-26T09:18:25.699784,10/02 14:15,22.07,41.6,25.85,24.75,26.97,20.0,27.0,0.3764,0.094094,0.267529,0.094094,0.042179,0.103201,0.089834,0.847431,0.197295,0.3,low,0.028228,0.018679,0.046908,1
2026-07-26T09:18:25.716782,10/02 15:15,21.42,52.0,25.98,25.17,26.97,20.0,27.0,0.3764,0.094094,0.259579,0.094094,0.043676,0.088968,0.077772,0.807478,0.183062,0.3,low,0.028228,0.016103,0.044331,1
2026-07-26T09:18:25.732781,10/02 16:15,20.45,52.0,25.56,24.74,26.25,20.0,27.0,0.3764,0.094094,0.24233,0.094094,0.043835,0.084303,0.073234,0.719955,0.178397,0.55,high,0.051752,0.015259,0.067011,1
2026-07-26T09:18:25.747782,10/02 17:15,19.18,52.0,24.91,24.07,25.87,20.0,27.0,0.3764,0.094094,0.231994,0.094094,0.042827,0.090531,0.077035,0.672824,0.184625,0.55,high,0.051752,0.016386,0.068138,0
2026-07-26T09:18:25.761781,10/02 18:15,16.55,52.0,24.42,23.53,25.68,20.0,27.0,0.3764,0.094094,0.214927,0.094094,0.038837,0.102207,0.084868,0.590129,0.196301,0.55,high,0.051752,0.018499,0.070251,0
2026-07-26T09:18:41.129814,10/02 19:15,16.1,26.0,23.06,22.26,24.25,20.0,26.0,0.3764,0.094094,0.227971,0.094094,0.038232,0.133309,0.106234,0.672938,0.227403,0.55,high,0.051752,0.024129,0.075881,0
2026-07-26T09:18:41.153813,10/02 20:15,16.1,0.0,,,,20.0,26.0,0.3764,0.094094,0.228272,0.094094,0.032765,0.168754,0.130451,0.673049,0.262848,0.55,high,0.051752,0.030544,0.082296,0
2026-07-26T09:18:41.171813,10/02 21:15,15.98,0.0,,,,20.0,26.0,0.3764,0.094094,0.0,0.094094,0.0,0.0,0.0,0.0,0.094094,0.4,moderate,0.037638,0.0,0.037638,0
2026-07-26T09:18:41.188816,10/02 22:15,15.45,0.0,,,,20.0,26.0,0.3764,0.094094,0.0,0.094094,0.0,0.0,0.0,0.0,0.094094,0.4,moderate,0.037638,0.0,0.037638,0
2026-07-26T09:18:41.203812,10/02 23:15,15.0,0.0,,,,20.0,26.0,0.3764,0.094094,0.0,0.094094,0.0,0.0,0.0,0.0,0.094094,0.4,moderate,0.037638,0.0,0.037638,0
2026-07-26T09:18:41.219812,10/03 00:15,15.0,0.0,,,,20.0,26.0,0.3764,0.094094,0.0,0.094094,0.0,0.0,0.0,0.0,0.094094,0.34,low,0.031992,0.0,0.031992,0
2026-07-26T09:18:56.485763,10/03 01:15,15.0,0.0,,,,18.0,28.0,0.3764,0.094094,0.0,0.094094,0.0,0.0,0.0,0.0,0.094094,0.34,low,0.031992,0.0,0.031992,0
2026-07-26T09:18:56.503761,10/03 02:15,15.0,0.0,,,,18.0,28.0,0.3764,0.094094,0.0,0.094094,0.0,0.0,0.0,0.0,0.094094,0.34,low,0.031992,0.0,0.031992,0
2026-07-26T09:18:56.519760,10/03 03:15,15.0,0.0,,,,18.0,28.0,0.3764,0.094094,0.0,0.094094,0.0,0.0,0.0,0.0,0.094094,0.34,low,0.031992,0.0,0.031992,0
2026-07-26T09:18:56.555761,10/03 04:15,15.0,0.0,,,,18.0,28.0,0.3764,0.094094,0.0,0.094094,0.0,0.0,0.0,0.0,0.094094,0.34,low,0.031992,0.0,0.031992,0
2026-07-26T09:18:56.570759,10/03 05:15,15.0,0.0,,,,18.0,28.0,0.3764,0.094094,0.0,0.094094,0.0,0.0,0.0,0.0,0.094094,0.34,low,0.031992,0.0,0.031992,0
2026-07-26T09:18:56.583758,10/03 06:15,15.15,0.0,,,,18.0,28.0,0.3764,0.094094,0.0,0.094094,0.0,0.0,0.0,0.0,0.094094,0.43,moderate,0.04046,0.0,0.04046,0
2026-07-26T09:19:10.934236,10/03 07:15,15.6,0.0,,,,18.0,29.0,0.3764,0.094094,0.219605,0.094094,0.023554,0.274591,0.202586,0.635993,0.368685,0.43,moderate,0.04046,0.049701,0.090161,0
2026-07-26T09:19:10.952235,10/03 08:15,15.6,0.0,,,,18.0,29.0,0.3764,0.094094,0.220268,0.094094,0.023896,0.265497,0.20363,0.635993,0.359591,0.43,moderate,0.04046,0.048055,0.088515,0
2026-07-26T09:19:10.970235,10/03 09:23,15.45,52.0,22.25,21.65,22.81,18.0,29.0,0.3764,0.094094,0.209836,0.094094,0.02484,0.230187,0.184188,0.570793,0.324281,0.43,moderate,0.04046,0.041664,0.082124,0
2026-07-26T09:19:10.986235,10/03 10:15,15.15,52.0,23.81,23.08,24.44,18.0,29.0,0.3764,0.094094,0.187693,0.094094,0.023414,0.202365,0.165712,0.449055,0.296459,0.3,low,0.028228,0.036628,0.064856,0
2026-07-26T09:19:11.000235,10/03 11:15,16.0,52.0,24.55,23.77,25.1,18.0,29.0,0.3764,0.094094,0.196742,0.094094,0.02586,0.179254,0.148873,0.505674,0.273348,0.3,low,0.028228,0.032445,0.060673,0
2026-07-26T09:19:11.016244,10/03 12:15,17.47,41.6,24.9,24.04,25.36,18.0,29.0,0.3764,0.094094,0.218086,0.094094,0.029716,0.160408,0.134313,0.619098,0.254502,0.3,low,0.028228,0.029034,0.057262,0
2026-07-26T09:19:26.911202,10/03 13:15,18.58,20.8,24.75,23.91,25.23,20.0,27.0,0.3764,0.094094,0.205689,0.094094,0.031199,0.146586,0.123127,0.5383,0.24068,0.3,low,0.028228,0.026532,0.05476,0
2026-07-26T09:19:26.929197,10/03 14:15,19.12,41.6,25.3,24.5,25.87,20.0,27.0,0.3764,0.094094,0.224953,0.094094,0.044932,0.129647,0.109738,0.623945,0.223741,0.3,low,0.028228,0.023466,0.051694,0
2026-07-26T09:19:26.945195,10/03 15:15,18.03,52.0,25.67,24.82,26.58,20.0,27.0,0.3764,0.094094,0.205487,0.094094,0.033213,0.114504,0.09755,0.53672,0.208598,0.3,low,0.028228,0.020725,0.048953,1
2026-07-26T09:19:26.960196,10/03 16:15,16.92,52.0,25.44,24.46,26.26,20.0,27.0,0.3764,0.094094,0.189383,0.094094,0.033495,0.105977,0.090221,0.449442,0.200071,0.55,high,0.051752,0.019182,0.070934,1
2026-07-26T09:19:26.994195,10/03 17:15,15.68,52.0,24.87,23.86,25.71,20.0,27.0,0.3764,0.094094,0.173299,0.094094,0.032674,0.106587,0.089739,0.362757,0.200681,0.55,high,0.051752,0.019292,0.071044,0
2026-07-26T09:19:27.008198,10/03 18:15,14.12,52.0,24.26,23.36,25.55,20.0,27.0,0.3764,0.094094,0.149569,0.094094,0.030156,0.114984,0.095036,0.228663,0.209078,0.55,high,0.051752,0.020812,0.072564,0
2026-07-26T09:19:42.436017,10/03 19:15,13.03,26.0,22.8,22.06,24.14,20.0,26.0,0.3764,0.094094,0.133382,0.094094,0.026313,0.14354,0.114467,0.141913,0.237634,0.55,high,0.051752,0.025981,0.077732,0
2026-07-26T09:19:42.471008,10/03 20:15,11.8,0.0,,,,20.0,26.0,0.3764,0.094094,0.118328,0.094094,0.022996,0.179939,0.139278,0.055229,0.274033,0.55,high,0.051752,0.032569,0.084321,0
2026-07-26T09:19:42.490007,10/03 21:15,10.45,0.0,,,,20.0,26.0,0.3764,0.094094,0.0,0.094094,0.0,0.0,0.0,0.0,0.094094,0.4,moderate,0.037638,0.0,0.037638,0
2026-07-26T09:19:42.508007,10/03 22:15,10.0,0.0,,,,20.0,26.0,0.3764,0.094094,0.0,0.094094,0.0,0.0,0.0,0.0,0.094094,0.4,moderate,0.037638,0.0,0.037638,0
2026-07-26T09:19:42.525006,10/03 23:15,9.72,0.0,,,,20.0,26.0,0.3764,0.094094,0.0,0.094094,0.0,0.0,0.0,0.0,0.094094,0.4,moderate,0.037638,0.0,0.037638,0
2026-07-26T09:19:42.540007,10/04 00:15,9.03,0.0,,,,20.0,26.0,0.3764,0.094094,0.0,0.094094,3e-06,0.002205,0.002136,0.0,0.096299,0.34,low,0.031992,0.000399,0.032391,0
2026-07-26T09:19:56.677435,10/04 01:15,9.4,0.0,,,,18.0,28.0,0.3764,0.094094,0.0,0.094094,0.0,0.0,0.0,0.0,0.094094,0.34,low,0.031992,0.0,0.031992,0
2026-07-26T09:19:56.694436,10/04 02:15,9.4,0.0,,,,18.0,28.0,0.3764,0.094094,0.0,0.094094,0.0,0.0,0.0,0.0,0.094094,0.34,low,0.031992,0.0,0.031992,0
2026-07-26T09:19:56.707434,10/04 03:15,9.55,0.0,,,,18.0,28.0,0.3764,0.094094,0.0,0.094094,0.0,0.0,0.0,0.0,0.094094,0.34,low,0.031992,0.0,0.031992,0
2026-07-26T09:19:56.722435,10/04 04:15,9.72,0.0,,,,18.0,28.0,0.3764,0.094094,0.0,0.094094,0.0,0.0,0.0,0.0,0.094094,0.34,low,0.031992,0.0,0.031992,0
2026-07-26T09:19:56.735436,10/04 05:15,8.9,0.0,,,,18.0,28.0,0.3764,0.094094,0.0,0.094094,0.0,0.0,0.0,0.0,0.094094,0.34,low,0.031992,0.0,0.031992,0
2026-07-26T09:19:56.749435,10/04 06:15,9.18,0.0,,,,18.0,28.0,0.3764,0.094094,0.0,0.094094,0.0,0.0,0.0,0.0,0.094094,0.43,moderate,0.04046,0.0,0.04046,0
2026-07-26T09:20:11.713906,10/04 07:15,10.15,0.0,,,,18.0,29.0,0.3764,0.094094,0.0,0.094094,0.000807,0.452532,0.339274,0.0,0.546626,0.43,moderate,0.04046,0.081908,0.122369,0
2026-07-26T09:20:11.733906,10/04 08:15,11.15,0.0,,,,18.0,29.0,0.3764,0.094094,0.0,0.094094,0.000653,0.357433,0.292175,0.0,0.451527,0.43,moderate,0.04046,0.064695,0.105156,0
2026-07-26T09:20:11.753905,10/04 09:23,12.93,52.0,21.8,21.0,22.5,18.0,29.0,0.3764,0.094094,0.119541,0.094094,0.014673,0.230683,0.201639,0.102729,0.324777,0.43,moderate,0.04046,0.041754,0.082214,0
2026-07-26T09:20:11.787904,10/04 10:23,13.58,52.0,23.54,22.52,24.22,18.0,29.0,0.3764,0.094094,0.130231,0.094094,0.016805,0.208612,0.179848,0.141992,0.302706,0.3,low,0.028228,0.037759,0.065987,0
2026-07-26T09:20:11.804905,10/04 11:15,14.28,52.0,24.05,23.14,24.86,18.0,29.0,0.3764,0.094094,0.145245,0.094094,0.020636,0.18968,0.162233,0.228722,0.283774,0.3,low,0.028228,0.034332,0.06256,0
2026-07-26T09:20:11.820905,10/04 12:15,14.18,41.6,24.2,23.35,25.02,18.0,29.0,0.3764,0.094094,0.140684,0.094094,0.021516,0.174834,0.148643,0.189387,0.268928,0.3,low,0.028228,0.031645,0.059873,0
2026-07-26T09:20:27.192785,10/04 13:15,15.15,20.8,23.99,23.21,24.71,20.0,27.0,0.3764,0.094094,0.159914,0.094094,0.031919,0.167429,0.141034,0.276331,0.261523,0.3,low,0.028228,0.030305,0.058533,0
2026-07-26T09:20:27.210781,10/04 14:15,15.88,41.6,24.72,23.96,25.31,20.0,27.0,0.3764,0.094094,0.16555,0.094094,0.036454,0.154832,0.130342,0.323704,0.248926,0.3,low,0.028228,0.028025,0.056253,0
2026-07-26T09:20:27.225780,10/04 15:15,16.7,52.0,25.08,24.32,25.66,20.0,27.0,0.3764,0.094094,0.181257,0.094094,0.038926,0.140064,0.118317,0.410748,0.234158,0.3,low,0.028228,0.025352,0.05358,0
2026-07-26T09:20:27.239781,10/04 16:15,16.27,52.0,25.24,24.15,26.14,20.0,27.0,0.3764,0.094094,0.182581,0.094094,0.041051,0.127971,0.108283,0.410551,0.222065,0.55,high,0.051752,0.023163,0.074914,1
2026-07-26T09:20:27.254780,10/04 17:15,14.72,52.0,24.72,23.64,25.51,20.0,27.0,0.3764,0.094094,0.158052,0.094094,0.033965,0.12304,0.103545,0.276467,0.217134,0.55,high,0.051752,0.02227,0.074022,0
2026-07-26T09:20:27.268780,10/04 18:15,13.9,52.0,24.15,23.21,25.4,20.0,27.0,0.3764,0.094094,0.139403,0.094094,0.026026,0.125942,0.104658,0.189578,0.220036,0.55,high,0.051752,0.022796,0.074547,0
2026-07-26T09:20:43.175678,10/04 19:15,13.75,26.0,22.76,22.0,24.04,20.0,26.0,0.3764,0.094094,0.140644,0.094094,0.028174,0.149011,0.120091,0.189582,0.243105,0.55,high,0.051752,0.026971,0.078723,0
2026-07-26T09:20:43.194678,10/04 20:15,13.18,0.0,,,,20.0,26.0,0.3764,0.094094,0.132365,0.094094,0.023938,0.183274,0.143259,0.142228,0.277368,0.55,high,0.051752,0.033173,0.084924,0
2026-07-26T09:20:43.212679,10/04 21:15,12.93,0.0,,,,20.0,26.0,0.3764,0.094094,0.0,0.094094,0.0,0.0,0.0,0.0,0.094094,0.4,moderate,0.037638,0.0,0.037638,0
2026-07-26T09:20:43.228676,10/04 22:15,13.3,0.0,,,,20.0,26.0,0.3764,0.094094,0.0,0.094094,0.0,0.0,0.0,0.0,0.094094,0.4,moderate,0.037638,0.0,0.037638,0
2026-07-26T09:20:43.244676,10/04 23:15,13.03,0.0,,,,20.0,26.0,0.3764,0.094094,0.0,0.094094,0.0,0.0,0.0,0.0,0.094094,0.4,moderate,0.037638,0.0,0.037638,0
2026-07-26T09:20:43.259676,10/05 00:15,12.47,0.0,,,,20.0,26.0,0.3764,0.094094,0.0,0.094094,0.0,0.0,0.0,0.0,0.094094,0.34,low,0.031992,0.0,0.031992,0
2026-07-26T09:20:58.079097,10/05 01:15,13.18,0.0,,,,18.0,28.0,0.3764,0.094094,0.0,0.094094,0.0,0.0,0.0,0.0,0.094094,0.34,low,0.031992,0.0,0.031992,0
2026-07-26T09:20:58.098095,10/05 02:15,12.8,0.0,,,,18.0,28.0,0.3764,0.094094,0.0,0.094094,0.0,0.0,0.0,0.0,0.094094,0.34,low,0.031992,0.0,0.031992,0
2026-07-26T09:20:58.115097,10/05 03:15,13.08,0.0,,,,18.0,28.0,0.3764,0.094094,0.0,0.094094,0.0,0.0,0.0,0.0,0.094094,0.34,low,0.031992,0.0,0.031992,0
2026-07-26T09:20:58.130097,10/05 04:15,14.18,0.0,,,,18.0,28.0,0.3764,0.094094,0.0,0.094094,0.0,0.0,0.0,0.0,0.094094,0.34,low,0.031992,0.0,0.031992,0
2026-07-26T09:20:58.146095,10/05 05:15,14.85,0.0,,,,18.0,28.0,0.3764,0.094094,0.0,0.094094,0.0,0.0,0.0,0.0,0.094094,0.34,low,0.031992,0.0,0.031992,0
2026-07-26T09:20:58.160111,10/05 06:15,14.4,0.0,,,,18.0,28.0,0.3764,0.094094,0.0,0.094094,0.0,0.0,0.0,0.0,0.094094,0.43,moderate,0.04046,0.0,0.04046,0
2026-07-26T09:21:12.785048,10/05 07:15,14.55,0.0,,,,18.0,29.0,0.3764,0.094094,0.0,0.094094,0.0,0.0,0.0,0.0,0.094094,0.43,moderate,0.04046,0.0,0.04046,0
2026-07-26T09:21:12.807040,10/05 08:23,15.15,0.0,,,,18.0,29.0,0.3764,0.094094,0.0,0.094094,0.0,0.0,0.0,0.0,0.094094,0.43,moderate,0.04046,0.0,0.04046,0
2026-07-26T09:21:12.842039,10/05 09:23,15.6,0.0,,,,18.0,29.0,0.3764,0.094094,0.0,0.094094,0.0,0.0,0.0,0.0,0.094094,0.43,moderate,0.04046,0.0,0.04046,0
2026-07-26T09:21:12.860040,10/05 10:15,15.45,0.0,,,,18.0,29.0,0.3764,0.094094,0.0,0.094094,0.0,0.0,0.0,0.0,0.094094,0.3,low,0.028228,0.0,0.028228,0
2026-07-26T09:21:12.876040,10/05 11:15,15.0,0.0,,,,18.0,29.0,0.3764,0.094094,0.0,0.094094,0.0,0.0,0.0,0.0,0.094094,0.3,low,0.028228,0.0,0.028228,0
2026-07-26T09:21:12.892041,10/05 12:23,14.45,0.0,,,,18.0,29.0,0.3764,0.094094,0.0,0.094094,0.0,0.0,0.0,0.0,0.094094,0.3,low,0.028228,0.0,0.028228,0
2026-07-26T09:21:27.328719,10/05 13:15,12.65,0.0,,,,18.0,29.0,0.3764,0.094094,0.0,0.094094,0.0,0.0,0.0,0.0,0.094094,0.3,low,0.028228,0.0,0.028228,0
2026-07-26T09:21:27.345719,10/05 14:15,12.2,0.0,,,,18.0,29.0,0.3764,0.094094,0.0,0.094094,0.0,0.0,0.0,0.0,0.094094,0.3,low,0.028228,0.0,0.028228,0
2026-07-26T09:21:27.361719,10/05 15:15,12.07,0.0,,,,18.0,29.0,0.3764,0.094094,0.0,0.094094,0.0,0.0,0.0,0.0,0.094094,0.3,low,0.028228,0.0,0.028228,0
2026-07-26T09:21:27.376720,10/05 16:15,11.7,0.0,,,,18.0,29.0,0.3764,0.094094,0.0,0.094094,0.0,0.0,0.0,0.0,0.094094,0.55,high,0.051752,0.0,0.051752,0
2026-07-26T09:21:27.389718,10/05 17:15,11.55,0.0,,,,18.0,29.0,0.3764,0.094094,0.0,0.094094,0.0,0.0,0.0,0.0,0.094094,0.55,high,0.051752,0.0,0.051752,0
2026-07-26T09:21:27.403718,10/05 18:15,11.1,0.0,,,,18.0,29.0,0.3764,0.094094,0.0,0.094094,0.0,0.0,0.0,0.0,0.094094,0.55,high,0.051752,0.0,0.051752,0
2026-07-26T09:21:41.133876,10/05 19:15,11.1,0.0,,,,18.0,29.0,0.3764,0.094094,0.0,0.094094,0.0,0.0,0.0,0.0,0.094094,0.55,high,0.051752,0.0,0.051752,0
2026-07-26T09:21:41.149875,10/05 20:15,10.97,0.0,,,,18.0,29.0,0.3764,0.094094,0.0,0.094094,0.0,0.0,0.0,0.0,0.094094,0.55,high,0.051752,0.0,0.051752,0
2026-07-26T09:21:41.164875,10/05 21:15,10.6,0.0,,,,18.0,29.0,0.3764,0.094094,0.0,0.094094,0.0,0.0,0.0,0.0,0.094094,0.4,moderate,0.037638,0.0,0.037638,0
2026-07-26T09:21:41.179873,10/05 22:15,10.72,0.0,,,,18.0,29.0,0.3764,0.094094,0.0,0.094094,0.0,0.0,0.0,0.0,0.094094,0.4,moderate,0.037638,0.0,0.037638,0
2026-07-26T09:21:41.192874,10/05 23:15,11.1,0.0,,,,18.0,29.0,0.3764,0.094094,0.0,0.094094,0.0,0.0,0.0,0.0,0.094094,0.4,moderate,0.037638,0.0,0.037638,0
2026-07-26T09:21:41.205877,10/06 00:15,11.1,0.0,,,,18.0,29.0,0.3764,0.094094,0.0,0.094094,0.0,0.0,0.0,0.0,0.094094,0.34,low,0.031992,0.0,0.031992,0
2026-07-26T09:21:55.121394,10/06 01:15,11.1,0.0,,,,18.0,29.0,0.3764,0.094094,0.0,0.094094,0.0,0.0,0.0,0.0,0.094094,0.34,low,0.031992,0.0,0.031992,0
2026-07-26T09:21:55.138393,10/06 02:15,10.97,0.0,,,,18.0,29.0,0.3764,0.094094,0.0,0.094094,0.0,0.0,0.0,0.0,0.094094,0.34,low,0.031992,0.0,0.031992,0
2026-07-26T09:21:55.152394,10/06 03:15,10.6,0.0,,,,18.0,29.0,0.3764,0.094094,0.0,0.094094,0.0,0.0,0.0,0.0,0.094094,0.34,low,0.031992,0.0,0.031992,0
2026-07-26T09:21:55.182392,10/06 04:15,10.6,0.0,,,,18.0,29.0,0.3764,0.094094,0.0,0.094094,0.0,0.0,0.0,0.0,0.094094,0.34,low,0.031992,0.0,0.031992,0
2026-07-26T09:21:55.196392,10/06 05:15,10.45,0.0,,,,18.0,29.0,0.3764,0.094094,0.0,0.094094,0.0,0.0,0.0,0.0,0.094094,0.34,low,0.031992,0.0,0.031992,0
2026-07-26T09:21:55.209393,10/06 06:15,10.0,0.0,,,,18.0,29.0,0.3764,0.094094,0.0,0.094094,0.0,0.0,0.0,0.0,0.094094,0.43,moderate,0.04046,0.0,0.04046,0
2026-07-26T09:22:08.630124,10/06 07:15,10.28,0.0,,,,18.0,29.0,0.3764,0.094094,0.0,0.094094,0.0,0.0,0.0,0.0,0.094094,0.43,moderate,0.04046,0.0,0.04046,0
2026-07-26T09:22:08.648124,10/06 08:20,11.52,0.0,,,,18.0,29.0,0.3764,0.094094,0.0,0.094094,0.0,0.0,0.0,0.0,0.094094,0.43,moderate,0.04046,0.0,0.04046,0
2026-07-26T09:22:08.663124,10/06 09:23,12.93,0.0,,,,18.0,29.0,0.3764,0.094094,0.0,0.094094,0.0,0.0,0.0,0.0,0.094094,0.43,moderate,0.04046,0.0,0.04046,0
2026-07-26T09:22:08.676124,10/06 10:15,13.18,0.0,,,,18.0,29.0,0.3764,0.094094,0.0,0.094094,0.0,0.0,0.0,0.0,0.094094,0.3,low,0.028228,0.0,0.028228,0
2026-07-26T09:22:08.689123,10/06 11:15,12.65,0.0,,,,18.0,29.0,0.3764,0.094094,0.0,0.094094,0.0,0.0,0.0,0.0,0.094094,0.3,low,0.028228,0.0,0.028228,0
2026-07-26T09:22:08.701133,10/06 12:15,11.92,0.0,,,,18.0,29.0,0.3764,0.094094,0.0,0.094094,0.0,0.0,0.0,0.0,0.094094,0.3,low,0.028228,0.0,0.028228,0
2026-07-26T09:22:22.978669,10/06 13:15,11.25,0.0,,,,18.0,29.0,0.3764,0.094094,0.0,0.094094,0.0,0.0,0.0,0.0,0.094094,0.3,low,0.028228,0.0,0.028228,0
2026-07-26T09:22:22.995669,10/06 14:15,11.42,0.0,,,,18.0,29.0,0.3764,0.094094,0.0,0.094094,0.0,0.0,0.0,0.0,0.094094,0.3,low,0.028228,0.0,0.028228,0
2026-07-26T09:22:23.008669,10/06 15:15,10.6,0.0,,,,18.0,29.0,0.3764,0.094094,0.0,0.094094,0.0,0.0,0.0,0.0,0.094094,0.3,low,0.028228,0.0,0.028228,0
2026-07-26T09:22:23.020668,10/06 16:15,10.6,0.0,,,,18.0,29.0,0.3764,0.094094,0.0,0.094094,0.0,0.0,0.0,0.0,0.094094,0.55,high,0.051752,0.0,0.051752,0
2026-07-26T09:22:23.034669,10/06 17:15,10.45,0.0,,,,18.0,29.0,0.3764,0.094094,0.0,0.094094,0.0,0.0,0.0,0.0,0.094094,0.55,high,0.051752,0.0,0.051752,0
2026-07-26T09:22:23.047668,10/06 18:15,10.0,0.0,,,,18.0,29.0,0.3764,0.094094,0.0,0.094094,0.0,0.0,0.0,0.0,0.094094,0.55,high,0.051752,0.0,0.051752,0
2026-07-26T09:22:36.986501,10/06 19:15,10.0,0.0,,,,18.0,29.0,0.3764,0.094094,0.0,0.094094,0.0,0.0,0.0,0.0,0.094094,0.55,high,0.051752,0.0,0.051752,0
2026-07-26T09:22:37.004503,10/06 20:15,9.85,0.0,,,,18.0,29.0,0.3764,0.094094,0.0,0.094094,0.0,0.0,0.0,0.0,0.094094,0.55,high,0.051752,0.0,0.051752,0
2026-07-26T09:22:37.020502,10/06 21:15,9.28,0.0,,,,18.0,29.0,0.3764,0.094094,0.0,0.094094,0.0,0.0,0.0,0.0,0.094094,0.4,moderate,0.037638,0.0,0.037638,0
2026-07-26T09:22:37.032499,10/06 22:15,8.48,0.0,,,,18.0,29.0,0.3764,0.094094,0.0,0.094094,0.0,0.0,0.0,0.0,0.094094,0.4,moderate,0.037638,0.0,0.037638,0
2026-07-26T09:22:37.046505,10/06 23:15,6.93,0.0,,,,18.0,29.0,0.3764,0.094094,0.0,0.094094,0.0,0.0,0.0,0.0,0.094094,0.4,moderate,0.037638,0.0,0.037638,0
2026-07-26T09:22:37.059499,10/07 00:15,5.97,0.0,,,,18.0,29.0,0.3764,0.094094,0.0,0.094094,0.0,0.0,0.0,0.0,0.094094,0.34,low,0.031992,0.0,0.031992,0
2026-07-26T09:22:51.951695,10/07 01:15,5.45,0.0,,,,18.0,29.0,0.3764,0.094094,0.0,0.094094,0.0,0.0,0.0,0.0,0.094094,0.34,low,0.031992,0.0,0.031992,0
2026-07-26T09:22:51.968695,10/07 02:15,5.42,0.0,,,,18.0,29.0,0.3764,0.094094,0.0,0.094094,0.0,0.0,0.0,0.0,0.094094,0.34,low,0.031992,0.0,0.031992,0
2026-07-26T09:22:51.984693,10/07 03:15,6.55,0.0,,,,18.0,29.0,0.3764,0.094094,0.0,0.094094,0.0,0.0,0.0,0.0,0.094094,0.34,low,0.031992,0.0,0.031992,0
2026-07-26T09:22:51.997692,10/07 04:15,5.97,0.0,,,,18.0,29.0,0.3764,0.094094,0.0,0.094094,0.0,0.0,0.0,0.0,0.094094,0.34,low,0.031992,0.0,0.031992,0
2026-07-26T09:22:52.025692,10/07 05:15,5.3,0.0,,,,18.0,29.0,0.3764,0.094094,0.0,0.094094,0.0,0.0,0.0,0.0,0.094094,0.34,low,0.031992,0.0,0.031992,0
2026-07-26T09:22:52.039692,10/07 06:15,4.83,0.0,,,,18.0,29.0,0.3764,0.094094,0.0,0.094094,0.0,0.0,0.0,0.0,0.094094,0.43,moderate,0.04046,0.0,0.04046,0
2026-07-26T09:23:06.684143,10/07 07:23,6.65,0.0,,,,18.0,29.0,0.3764,0.094094,0.0,0.094094,0.004975,0.377531,0.646213,0.0,0.471625,0.43,moderate,0.04046,0.068333,0.108794,0
2026-07-26T09:23:06.704142,10/07 08:15,8.58,0.0,,,,18.0,29.0,0.3764,0.094094,0.0,0.094094,0.001527,0.718844,0.48426,0.0,0.812938,0.43,moderate,0.04046,0.130111,0.170571,0
2026-07-26T09:23:06.723142,10/07 09:23,9.83,52.0,21.97,20.82,23.62,18.0,29.0,0.3764,0.094094,0.0,0.094094,0.000944,0.44707,0.374286,0.0,0.541164,0.43,moderate,0.04046,0.08092,0.12138,0
2026-07-26T09:23:06.740143,10/07 10:23,11.38,52.0,23.45,22.37,24.41,18.0,29.0,0.3764,0.094094,0.0,0.094094,0.000442,0.233273,0.21764,0.0,0.327367,0.3,low,0.028228,0.042222,0.070451,0
2026-07-26T09:23:06.755141,10/07 11:15,11.92,52.0,24.15,23.14,24.8,18.0,29.0,0.3764,0.094094,0.115403,0.094094,0.022036,0.181308,0.166379,0.055071,0.275402,0.3,low,0.028228,0.032817,0.061045,0
2026-07-26T09:23:06.771143,10/07 12:15,11.1,41.6,24.24,23.33,24.99,18.0,29.0,0.3764,0.094094,0.0,0.094094,0.000353,0.215273,0.183015,0.0,0.309367,0.3,low,0.028228,0.038964,0.067193,0
2026-07-26T09:23:22.724005,10/07 13:15,10.82,20.8,23.87,23.08,24.69,20.0,27.0,0.3764,0.094094,0.0,0.094094,0.000332,0.207888,0.174355,0.0,0.301982,0.3,low,0.028228,0.037628,0.065856,0
2026-07-26T09:23:22.741995,10/07 14:15,10.0,41.6,24.16,23.37,25.2,20.0,27.0,0.3764,0.094094,0.0,0.094094,0.000536,0.332328,0.253019,0.0,0.426422,0.3,low,0.028228,0.060151,0.08838,0
2026-07-26T09:23:22.774992,10/07 15:15,10.0,52.0,24.14,23.33,25.43,20.0,27.0,0.3764,0.094094,0.0,0.094094,0.000522,0.31401,0.247748,0.0,0.408104,0.3,low,0.028228,0.056836,0.085064,0
2026-07-26T09:23:22.791993,10/07 16:15,9.72,52.0,23.93,23.13,25.34,20.0,27.0,0.3764,0.094094,0.0,0.094094,0.000518,0.308731,0.246556,0.0,0.402825,0.55,high,0.051752,0.05588,0.107632,0
2026-07-26T09:23:22.806992,10/07 17:15,8.75,52.0,23.41,22.62,24.99,20.0,27.0,0.3764,0.094094,0.0,0.094094,0.000791,0.447865,0.33448,0.0,0.541959,0.55,high,0.051752,0.081064,0.132815,0
2026-07-26T09:23:22.820993,10/07 18:15,8.18,52.0,23.1,22.24,24.86,20.0,27.0,0.3764,0.094094,0.0,0.094094,0.000978,0.507289,0.385719,0.0,0.601383,0.55,high,0.051752,0.091819,0.143571,0
2026-07-26T09:23:38.817291,10/07 19:15,7.65,26.0,21.83,21.09,23.52,20.0,26.0,0.3764,0.094094,0.0,0.094094,0.001194,0.569182,0.438134,0.0,0.663276,0.55,high,0.051752,0.103022,0.154774,0
2026-07-26T09:23:38.836291,10/07 20:15,6.8,0.0,,,,20.0,26.0,0.3764,0.094094,0.0,0.094094,0.001511,0.654022,0.504161,0.0,0.748116,0.55,high,0.051752,0.118378,0.17013,0
2026-07-26T09:23:38.852293,10/07 21:15,4.9,0.0,,,,20.0,26.0,0.3764,0.094094,0.0,0.094094,0.0,0.0,0.0,0.0,0.094094,0.4,moderate,0.037638,0.0,0.037638,0
2026-07-26T09:23:38.867292,10/07 22:15,2.8,0.0,,,,20.0,26.0,0.3764,0.094094,0.0,0.094094,0.000241,0.116282,0.172862,0.0,0.210376,0.4,moderate,0.037638,0.021047,0.058685,0
2026-07-26T09:23:38.882292,10/07 23:15,2.65,0.0,,,,20.0,26.0,0.3764,0.094094,0.0,0.094094,0.000602,0.398022,0.395962,0.0,0.492116,0.4,moderate,0.037638,0.072042,0.10968,0
2026-07-26T09:23:38.899291,10/08 00:15,2.08,0.0,,,,20.0,26.0,0.3764,0.094094,0.0,0.094094,0.00089,0.664205,0.550375,0.0,0.758299,0.34,low,0.031992,0.120221,0.152213,0
2026-07-26T09:23:54.190376,10/08 01:15,1.55,0.0,,,,18.0,28.0,0.3764,0.094094,0.0,0.094094,0.0,0.0,0.0,0.0,0.094094,0.34,low,0.031992,0.0,0.031992,0
2026-07-26T09:23:54.207374,10/08 02:15,1.1,0.0,,,,18.0,28.0,0.3764,0.094094,0.0,0.094094,0.0,0.0,0.0,0.0,0.094094,0.34,low,0.031992,0.0,0.031992,0
2026-07-26T09:23:54.239374,10/08 03:15,1.1,0.0,,,,18.0,28.0,0.3764,0.094094,0.0,0.094094,0.0,0.0,0.0,0.0,0.094094,0.34,low,0.031992,0.0,0.031992,0
2026-07-26T09:23:54.254377,10/08 04:15,0.98,0.0,,,,18.0,28.0,0.3764,0.094094,0.0,0.094094,0.0,0.0,0.0,0.0,0.094094,0.34,low,0.031992,0.0,0.031992,0
2026-07-26T09:23:54.268376,10/08 05:15,0.45,0.0,,,,18.0,28.0,0.3764,0.094094,0.0,0.094094,0.0,0.0,0.0,0.0,0.094094,0.34,low,0.031992,0.0,0.031992,0
2026-07-26T09:23:54.282372,10/08 06:15,0.42,0.0,,,,18.0,28.0,0.3764,0.094094,0.0,0.094094,0.0,0.0,0.0,0.0,0.094094,0.43,moderate,0.04046,0.0,0.04046,0
2026-07-26T09:24:08.496435,10/08 07:23,2.95,0.0,,,,18.0,29.0,0.3764,0.094094,0.0,0.094094,0.004388,1.277667,1.01523,0.0,1.371761,0.43,moderate,0.04046,0.231258,0.271718,0
2026-07-26T09:24:08.517435,10/08 08:23,7.38,0.0,,,,18.0,29.0,0.3764,0.094094,0.0,0.094094,0.002237,0.673354,0.620701,0.0,0.767448,0.43,moderate,0.04046,0.121877,0.162337,0
2026-07-26T09:24:08.535435,10/08 09:23,9.7,52.0,22.09,20.37,25.63,18.0,29.0,0.3764,0.094094,0.0,0.094094,0.000992,0.427366,0.383621,0.0,0.52146,0.43,moderate,0.04046,0.077353,0.117814,0
2026-07-26T09:24:08.552437,10/08 10:23,11.0,52.0,23.93,21.99,27.5,18.0,29.0,0.3764,0.094094,0.0,0.094094,0.000564,0.286063,0.261201,0.0,0.380157,0.3,low,0.028228,0.051777,0.080006,1
2026-07-26T09:24:08.568436,10/08 11:23,12.35,52.0,24.83,22.9,27.91,18.0,29.0,0.3764,0.094094,0.111355,0.094094,0.011405,0.172533,0.162778,0.055007,0.266627,0.3,low,0.028228,0.031228,0.059457,1
2026-07-26T09:24:08.585437,10/08 12:23,12.8,41.6,25.08,23.26,27.13,18.0,29.0,0.3764,0.094094,0.122837,0.094094,0.014962,0.152171,0.139246,0.102094,0.246265,0.3,low,0.028228,0.027543,0.055771,1
2026-07-26T09:24:24.602428,10/08 13:23,13.2,20.8,24.86,23.17,26.16,20.0,27.0,0.3764,0.094094,0.12424,0.094094,0.016932,0.136243,0.122367,0.102099,0.230337,0.3,low,0.028228,0.02466,0.052888,1
2026-07-26T09:24:24.620427,10/08 14:15,14.28,41.6,25.38,24.0,27.0,20.0,27.0,0.3838,0.095944,0.145461,0.095944,0.020801,0.0,0.0,0.238283,0.095944,0.3,low,0.028783,0.0,0.028783,1
2026-07-26T09:24:24.635828,10/08 15:15,13.75,52.0,25.61,24.82,27.0,20.0,27.0,0.3869,0.096716,0.154737,0.096716,0.021585,0.0,0.0,0.273306,0.096716,0.3,low,0.029015,0.0,0.029015,1
2026-07-26T09:24:24.650403,10/08 16:15,13.03,52.0,25.55,24.43,27.0,20.0,27.0,0.3826,0.095654,0.138966,0.095654,0.02185,0.0,0.0,0.167767,0.095654,0.55,high,0.05261,0.0,0.05261,1
2026-07-26T09:24:24.664394,10/08 17:23,11.5,52.0,25.04,23.74,26.51,20.0,27.0,0.3764,0.094094,0.120396,0.094094,0.041101,0.092045,0.08414,0.055021,0.186139,0.55,high,0.051752,0.01666,0.068412,1
2026-07-26T09:24:24.701392,10/08 18:23,9.12,52.0,24.18,23.14,25.62,20.0,27.0,0.3764,0.094094,0.0,0.094094,0.00055,0.363043,0.25802,0.0,0.457137,0.55,high,0.051752,0.065711,0.117462,0
2026-07-26T09:24:39.540285,10/08 19:23,7.9,26.0,22.56,21.73,24.14,20.0,26.0,0.3764,0.094094,0.0,0.094094,0.000908,0.519631,0.367412,0.0,0.613725,0.55,high,0.051752,0.094053,0.145805,0
2026-07-26T09:24:39.558291,10/08 20:23,6.7,0.0,,,,20.0,26.0,0.3764,0.094094,0.0,0.094094,0.001602,0.725234,0.521444,0.0,0.819328,0.55,high,0.051752,0.131267,0.183019,0
2026-07-26T09:24:39.571287,10/08 21:15,6.28,0.0,,,,20.0,26.0,0.3764,0.094094,0.0,0.094094,0.0,0.0,0.0,0.0,0.094094,0.4,moderate,0.037638,0.0,0.037638,0
2026-07-26T09:24:39.584286,10/08 22:15,5.0,0.0,,,,20.0,26.0,0.3764,0.094094,0.0,0.094094,0.0,0.0,0.0,0.0,0.094094,0.4,moderate,0.037638,0.0,0.037638,0
2026-07-26T09:24:39.598285,10/08 23:15,5.0,0.0,,,,20.0,26.0,0.3764,0.094094,0.0,0.094094,0.000197,0.097425,0.142412,0.0,0.191519,0.4,moderate,0.037638,0.017634,0.055272,0
2026-07-26T09:24:39.611286,10/09 00:15,5.28,0.0,,,,20.0,26.0,0.3764,0.094094,0.0,0.094094,0.000472,0.307103,0.321617,0.0,0.401197,0.34,low,0.031992,0.055586,0.087578,0
2026-07-26T09:24:53.751115,10/09 01:15,6.37,0.0,,,,18.0,28.0,0.3764,0.094094,0.0,0.094094,0.0,0.0,0.0,0.0,0.094094,0.34,low,0.031992,0.0,0.031992,0
2026-07-26T09:24:53.769112,10/09 02:15,7.48,0.0,,,,18.0,28.0,0.3764,0.094094,0.0,0.094094,0.0,0.0,0.0,0.0,0.094094,0.34,low,0.031992,0.0,0.031992,0
2026-07-26T09:24:53.786111,10/09 03:15,8.45,0.0,,,,18.0,28.0,0.3764,0.094094,0.0,0.094094,0.0,0.0,0.0,0.0,0.094094,0.34,low,0.031992,0.0,0.031992,0
2026-07-26T09:24:53.801119,10/09 04:15,9.03,0.0,,,,18.0,28.0,0.3764,0.094094,0.0,0.094094,0.0,0.0,0.0,0.0,0.094094,0.34,low,0.031992,0.0,0.031992,0
2026-07-26T09:24:53.814111,10/09 05:15,9.55,0.0,,,,18.0,28.0,0.3764,0.094094,0.0,0.094094,0.0,0.0,0.0,0.0,0.094094,0.34,low,0.031992,0.0,0.031992,0
2026-07-26T09:24:53.829110,10/09 06:15,10.0,0.0,,,,18.0,28.0,0.3764,0.094094,0.0,0.094094,0.0,0.0,0.0,0.0,0.094094,0.43,moderate,0.04046,0.0,0.04046,0
2026-07-26T09:25:07.974321,10/09 07:15,10.43,0.0,,,,18.0,29.0,0.3764,0.094094,0.0,0.094094,0.000823,0.466976,0.343841,0.0,0.56107,0.43,moderate,0.04046,0.084523,0.124983,0
2026-07-26T09:25:07.993321,10/09 08:23,12.25,0.0,,,,18.0,29.0,0.3764,0.094094,0.105828,0.094094,0.004523,0.259423,0.223782,0.015667,0.353517,0.43,moderate,0.04046,0.046956,0.087416,0
2026-07-26T09:25:08.011321,10/09 09:20,14.33,52.0,22.28,21.05,24.23,18.0,29.0,0.3764,0.094094,0.133055,0.094094,0.010553,0.234078,0.199911,0.189178,0.328172,0.43,moderate,0.04046,0.042368,0.082829,0
2026-07-26T09:25:08.041320,10/09 10:23,16.15,52.0,24.26,22.62,26.91,18.0,29.0,0.3764,0.094094,0.170522,0.094094,0.032952,0.206152,0.176017,0.323683,0.300246,0.3,low,0.028228,0.037314,0.065542,1
2026-07-26T09:25:08.055320,10/09 11:23,18.5,52.0,25.15,23.48,27.47,18.0,29.0,0.3764,0.094094,0.196083,0.094094,0.036807,0.174656,0.150248,0.497737,0.26875,0.3,low,0.028228,0.031613,0.059841,1
2026-07-26T09:25:08.071320,10/09 12:23,20.73,41.6,25.44,23.96,26.83,18.0,29.0,0.3764,0.094094,0.238977,0.094094,0.040486,0.149693,0.129369,0.71975,0.243787,0.3,low,0.028228,0.027094,0.055323,1
2026-07-26T09:25:23.497392,10/09 13:15,21.38,20.8,25.32,23.91,26.48,20.0,27.0,0.3764,0.094094,0.248327,0.094094,0.040863,0.135975,0.11705,0.759897,0.230069,0.3,low,0.028228,0.024611,0.05284,1
2026-07-26T09:25:23.515390,10/09 14:15,22.35,41.6,25.79,24.67,27.0,20.0,27.0,0.3851,0.096274,0.273376,0.096274,0.044376,0.0,0.0,0.888242,0.096274,0.3,low,0.028882,0.0,0.028882,1
2026-07-26T09:25:23.531390,10/09 15:15,22.8,52.0,26.04,25.41,27.0,20.0,27.0,0.3888,0.097192,0.30094,0.097192,0.046455,0.0,0.0,1.017302,0.097192,0.3,low,0.029158,0.0,0.029158,1
2026-07-26T09:25:23.545389,10/09 16:15,22.38,52.0,25.94,25.02,27.0,20.0,27.0,0.3827,0.09568,0.284441,0.09568,0.046478,0.0,0.0,0.929305,0.09568,0.55,high,0.052624,0.0,0.052624,1
2026-07-26T09:25:23.558389,10/09 17:15,20.55,52.0,25.54,24.38,26.85,20.0,27.0,0.3764,0.094094,0.250593,0.094094,0.04517,0.087761,0.078626,0.759313,0.181855,0.55,high,0.051752,0.015885,0.067636,1
2026-07-26T09:25:23.572389,10/09 18:15,18.62,52.0,24.81,23.87,25.8,20.0,27.0,0.3764,0.094094,0.216193,0.094094,0.041349,0.095042,0.082793,0.585022,0.189136,0.55,high,0.051752,0.017203,0.068954,0
2026-07-26T09:25:39.685504,10/09 19:15,17.65,26.0,23.31,22.57,24.34,20.0,26.0,0.3764,0.094094,0.198186,0.094094,0.036915,0.122533,0.101725,0.498095,0.216627,0.55,high,0.051752,0.022178,0.07393,0
2026-07-26T09:25:39.703501,10/09 20:15,17.07,0.0,,,,20.0,26.0,0.3764,0.094094,0.189448,0.094094,0.036142,0.157745,0.125604,0.450287,0.251839,0.55,high,0.051752,0.028552,0.080304,0
2026-07-26T09:25:39.719498,10/09 21:15,16.55,0.0,,,,20.0,26.0,0.3764,0.094094,0.0,0.094094,0.0,0.0,0.0,0.0,0.094094,0.4,moderate,0.037638,0.0,0.037638,0
2026-07-26T09:25:39.734497,10/09 22:15,15.68,0.0,,,,20.0,26.0,0.3764,0.094094,0.0,0.094094,0.0,0.0,0.0,0.0,0.094094,0.4,moderate,0.037638,0.0,0.037638,0
2026-07-26T09:25:39.748501,10/09 23:15,14.28,0.0,,,,20.0,26.0,0.3764,0.094094,0.0,0.094094,0.0,0.0,0.0,0.0,0.094094,0.4,moderate,0.037638,0.0,0.037638,0
2026-07-26T09:25:39.760500,10/10 00:15,13.75,0.0,,,,20.0,26.0,0.3764,0.094094,0.0,0.094094,0.0,0.0,0.0,0.0,0.094094,0.34,low,0.031992,0.0,0.031992,0
2026-07-26T09:25:54.935765,10/10 01:15,13.45,0.0,,,,18.0,28.0,0.3764,0.094094,0.0,0.094094,0.0,0.0,0.0,0.0,0.094094,0.34,low,0.031992,0.0,0.031992,0
2026-07-26T09:25:54.952768,10/10 02:15,14.18,0.0,,,,18.0,28.0,0.3764,0.094094,0.0,0.094094,0.0,0.0,0.0,0.0,0.094094,0.34,low,0.031992,0.0,0.031992,0
2026-07-26T09:25:54.968763,10/10 03:15,14.85,0.0,,,,18.0,28.0,0.3764,0.094094,0.0,0.094094,0.0,0.0,0.0,0.0,0.094094,0.34,low,0.031992,0.0,0.031992,0
2026-07-26T09:25:54.983763,10/10 04:15,14.4,0.0,,,,18.0,28.0,0.3764,0.094094,0.0,0.094094,0.0,0.0,0.0,0.0,0.094094,0.34,low,0.031992,0.0,0.031992,0
2026-07-26T09:25:54.998763,10/10 05:15,14.0,0.0,,,,18.0,28.0,0.3764,0.094094,0.0,0.094094,0.0,0.0,0.0,0.0,0.094094,0.34,low,0.031992,0.0,0.031992,0
2026-07-26T09:25:55.034763,10/10 06:15,12.93,0.0,,,,18.0,28.0,0.3764,0.094094,0.0,0.094094,0.0,0.0,0.0,0.0,0.094094,0.43,moderate,0.04046,0.0,0.04046,0
2026-07-26T09:26:09.696387,10/10 07:15,13.58,0.0,,,,18.0,29.0,0.3764,0.094094,0.129912,0.094094,0.014466,0.273825,0.204312,0.142161,0.367919,0.43,moderate,0.04046,0.049562,0.090023,0
2026-07-26T09:26:09.714386,10/10 08:15,14.83,0.0,,,,18.0,29.0,0.3764,0.094094,0.145295,0.094094,0.018473,0.267554,0.206358,0.229159,0.361648,0.43,moderate,0.04046,0.048427,0.088888,0
2026-07-26T09:26:09.732386,10/10 09:23,16.25,52.0,21.97,21.36,22.71,18.0,29.0,0.3764,0.094094,0.169573,0.094094,0.023835,0.236259,0.189204,0.363812,0.330353,0.43,moderate,0.04046,0.042763,0.083223,0
2026-07-26T09:26:09.749387,10/10 10:15,16.55,52.0,23.56,22.84,24.32,18.0,29.0,0.3764,0.094094,0.179416,0.094094,0.025339,0.210394,0.172071,0.411567,0.304488,0.3,low,0.028228,0.038081,0.06631,0
2026-07-26T09:26:09.765387,10/10 11:15,16.1,52.0,24.29,23.55,24.97,18.0,29.0,0.3764,0.094094,0.171599,0.094094,0.023722,0.187566,0.155499,0.364226,0.28166,0.3,low,0.028228,0.033949,0.062178,0
2026-07-26T09:26:09.781387,10/10 12:15,15.98,41.6,24.54,23.8,25.17,18.0,29.0,0.3764,0.094094,0.171447,0.094094,0.024554,0.168859,0.14106,0.364226,0.262953,0.3,low,0.028228,0.030563,0.058792,0
2026-07-26T09:26:26.340679,10/10 13:15,15.6,20.8,24.26,23.55,24.88,20.0,27.0,0.3764,0.094094,0.164799,0.094094,0.024498,0.1588,0.132529,0.324654,0.252894,0.3,low,0.028228,0.028743,0.056971,0
2026-07-26T09:26:26.359681,10/10 14:15,15.72,41.6,24.72,23.98,25.41,20.0,27.0,0.3764,0.094094,0.164438,0.094094,0.025227,0.148678,0.124148,0.324862,0.242772,0.3,low,0.028228,0.026911,0.055139,0
2026-07-26T09:26:26.375681,10/10 15:15,15.98,52.0,24.94,24.24,25.69,20.0,27.0,0.3764,0.094094,0.171989,0.094094,0.028691,0.138433,0.115764,0.364041,0.232527,0.3,low,0.028228,0.025056,0.053285,0
2026-07-26T09:26:26.389679,10/10 16:15,15.6,52.0,25.03,24.01,25.89,20.0,27.0,0.3764,0.094094,0.165347,0.094094,0.028527,0.13111,0.109533,0.324418,0.225204,0.55,high,0.051752,0.023731,0.075483,0
2026-07-26T09:26:26.404680,10/10 17:15,15.6,52.0,24.35,23.46,25.43,20.0,27.0,0.3764,0.094094,0.164734,0.094094,0.028772,0.130391,0.10812,0.324418,0.224485,0.55,high,0.051752,0.023601,0.075352,0
2026-07-26T09:26:26.419679,10/10 18:15,15.72,52.0,23.97,23.15,25.28,20.0,27.0,0.3764,0.094094,0.165872,0.094094,0.032413,0.134753,0.110504,0.323863,0.228847,0.55,high,0.051752,0.02439,0.076142,0
2026-07-26T09:26:41.399416,10/10 19:15,16.1,26.0,22.7,21.98,23.94,20.0,26.0,0.3764,0.094094,0.172821,0.094094,0.035392,0.153926,0.123352,0.363046,0.24802,0.55,high,0.051752,0.027861,0.079612,0
2026-07-26T09:26:41.418415,10/10 20:15,15.98,0.0,,,,20.0,26.0,0.3764,0.094094,0.172697,0.094094,0.035155,0.185483,0.144791,0.363046,0.279577,0.55,high,0.051752,0.033572,0.085324,0
2026-07-26T09:26:41.433415,10/10 21:15,15.3,0.0,,,,20.0,26.0,0.3764,0.094094,0.0,0.094094,0.0,0.0,0.0,0.0,0.094094,0.4,moderate,0.037638,0.0,0.037638,0
2026-07-26T09:26:41.448415,10/10 22:15,14.4,0.0,,,,20.0,26.0,0.3764,0.094094,0.0,0.094094,0.0,0.0,0.0,0.0,0.094094,0.4,moderate,0.037638,0.0,0.037638,0
2026-07-26T09:26:41.463415,10/10 23:15,14.4,0.0,,,,20.0,26.0,0.3764,0.094094,0.0,0.094094,0.0,0.0,0.0,0.0,0.094094,0.4,moderate,0.037638,0.0,0.037638,0
2026-07-26T09:26:41.476415,10/11 00:15,14.28,0.0,,,,20.0,26.0,0.3764,0.094094,0.0,0.094094,0.0,0.0,0.0,0.0,0.094094,0.34,low,0.031992,0.0,0.031992,0
2026-07-26T09:26:56.148051,10/11 01:15,13.48,0.0,,,,18.0,28.0,0.3764,0.094094,0.0,0.094094,0.0,0.0,0.0,0.0,0.094094,0.34,low,0.031992,0.0,0.031992,0
2026-07-26T09:26:56.164049,10/11 02:15,12.2,0.0,,,,18.0,28.0,0.3764,0.094094,0.0,0.094094,0.0,0.0,0.0,0.0,0.094094,0.34,low,0.031992,0.0,0.031992,0
2026-07-26T09:26:56.178049,10/11 03:15,11.92,0.0,,,,18.0,28.0,0.3764,0.094094,0.0,0.094094,0.0,0.0,0.0,0.0,0.094094,0.34,low,0.031992,0.0,0.031992,0
2026-07-26T09:26:56.192048,10/11 04:15,11.52,0.0,,,,18.0,28.0,0.3764,0.094094,0.0,0.094094,0.0,0.0,0.0,0.0,0.094094,0.34,low,0.031992,0.0,0.031992,0
2026-07-26T09:26:56.206048,10/11 05:15,12.93,0.0,,,,18.0,28.0,0.3764,0.094094,0.0,0.094094,0.0,0.0,0.0,0.0,0.094094,0.34,low,0.031992,0.0,0.031992,0
2026-07-26T09:26:56.219050,10/11 06:15,13.3,0.0,,,,18.0,28.0,0.3764,0.094094,0.0,0.094094,0.0,0.0,0.0,0.0,0.094094,0.43,moderate,0.04046,0.0,0.04046,0
2026-07-26T09:27:09.795385,10/11 07:15,13.45,0.0,,,,18.0,29.0,0.3764,0.094094,0.130007,0.094094,0.01248,0.281289,0.210582,0.142424,0.375383,0.43,moderate,0.04046,0.050913,0.091374,0
2026-07-26T09:27:09.813381,10/11 08:23,14.33,0.0,,,,18.0,29.0,0.3764,0.094094,0.137358,0.094094,0.013317,0.273397,0.211645,0.190036,0.367491,0.43,moderate,0.04046,0.049485,0.089945,0
2026-07-26T09:27:09.847377,10/11 09:20,15.88,52.0,22.51,21.45,23.92,18.0,29.0,0.3764,0.094094,0.16191,0.094094,0.018871,0.234694,0.189364,0.3249,0.328788,0.43,moderate,0.04046,0.04248,0.08294,0
2026-07-26T09:27:09.864377,10/11 10:23,16.42,52.0,24.3,22.96,26.0,18.0,29.0,0.3764,0.094094,0.179388,0.094094,0.022768,0.200856,0.166186,0.411942,0.29495,0.3,low,0.028228,0.036355,0.064583,0
2026-07-26T09:27:09.879377,10/11 11:15,15.6,52.0,24.69,23.59,25.36,18.0,29.0,0.3764,0.094094,0.165505,0.094094,0.022921,0.174178,0.146119,0.32468,0.268272,0.3,low,0.028228,0.031526,0.059754,0
2026-07-26T09:27:09.892377,10/11 12:15,15.72,41.6,24.76,23.81,25.31,18.0,29.0,0.3764,0.094094,0.164016,0.094094,0.023039,0.157948,0.132942,0.324908,0.252042,0.3,low,0.028228,0.028589,0.056817,0
2026-07-26T09:27:24.840597,10/11 13:15,16.25,20.8,24.41,23.58,25.0,20.0,27.0,0.3764,0.094094,0.177995,0.094094,0.025932,0.150055,0.125781,0.405164,0.244149,0.3,low,0.028228,0.02716,0.055388,0
2026-07-26T09:27:24.857600,10/11 14:15,16.7,41.6,24.76,23.94,25.49,20.0,27.0,0.3764,0.094094,0.199859,0.094094,0.030213,0.142119,0.118893,0.521031,0.236213,0.3,low,0.028228,0.025724,0.053952,0
2026-07-26T09:27:24.889596,10/11 15:15,16.7,52.0,24.91,24.13,25.74,20.0,27.0,0.3764,0.094094,0.192445,0.094094,0.029357,0.134791,0.112604,0.474664,0.228885,0.3,low,0.028228,0.024397,0.052625,0
2026-07-26T09:27:24.904599,10/11 16:15,16.55,52.0,24.86,24.08,25.71,20.0,27.0,0.3764,0.094094,0.193026,0.094094,0.031881,0.130844,0.108855,0.474664,0.224938,0.55,high,0.051752,0.023683,0.075434,0
2026-07-26T09:27:24.918596,10/11 17:15,15.98,52.0,24.38,23.53,25.41,20.0,27.0,0.3764,0.094094,0.173045,0.094094,0.030856,0.130332,0.107712,0.364346,0.224426,0.55,high,0.051752,0.02359,0.075342,0
2026-07-26T09:27:24.930595,10/11 18:15,15.45,52.0,23.97,23.18,25.28,20.0,27.0,0.3764,0.094094,0.165174,0.094094,0.029577,0.13578,0.110927,0.324719,0.229874,0.55,high,0.051752,0.024576,0.076328,0
2026-07-26T09:27:39.332349,10/11 19:15,15.0,26.0,22.66,21.93,23.93,20.0,26.0,0.3764,0.094094,0.155881,0.094094,0.025169,0.155525,0.124219,0.27736,0.249619,0.55,high,0.051752,0.02815,0.079902,0
2026-07-26T09:27:39.351346,10/11 20:15,15.0,0.0,,,,20.0,26.0,0.3764,0.094094,0.154851,0.094094,0.02133,0.18792,0.146265,0.27736,0.282014,0.55,high,0.051752,0.034014,0.085765,0
2026-07-26T09:27:39.367298,10/11 21:15,14.72,0.0,,,,20.0,26.0,0.3764,0.094094,0.0,0.094094,0.0,0.0,0.0,0.0,0.094094,0.4,moderate,0.037638,0.0,0.037638,0
2026-07-26T09:27:39.379337,10/11 22:15,13.9,0.0,,,,20.0,26.0,0.3764,0.094094,0.0,0.094094,0.0,0.0,0.0,0.0,0.094094,0.4,moderate,0.037638,0.0,0.037638,0
2026-07-26T09:27:39.392294,10/11 23:15,14.03,0.0,,,,20.0,26.0,0.3764,0.094094,0.0,0.094094,0.0,0.0,0.0,0.0,0.094094,0.4,moderate,0.037638,0.0,0.037638,0
2026-07-26T09:27:39.405295,10/12 00:15,14.4,0.0,,,,20.0,26.0,0.3764,0.094094,0.0,0.094094,0.0,0.0,0.0,0.0,0.094094,0.34,low,0.031992,0.0,0.031992,0
2026-07-26T09:27:53.776700,10/12 01:15,14.28,0.0,,,,18.0,28.0,0.3764,0.094094,0.0,0.094094,0.0,0.0,0.0,0.0,0.094094,0.34,low,0.031992,0.0,0.031992,0
2026-07-26T09:27:53.794701,10/12 02:15,13.75,0.0,,,,18.0,28.0,0.3764,0.094094,0.0,0.094094,0.0,0.0,0.0,0.0,0.094094,0.34,low,0.031992,0.0,0.031992,0
2026-07-26T09:27:53.809701,10/12 03:15,12.63,0.0,,,,18.0,28.0,0.3764,0.094094,0.0,0.094094,0.0,0.0,0.0,0.0,0.094094,0.34,low,0.031992,0.0,0.031992,0
2026-07-26T09:27:53.823700,10/12 04:15,10.3,0.0,,,,18.0,28.0,0.3764,0.094094,0.0,0.094094,0.0,0.0,0.0,0.0,0.094094,0.34,low,0.031992,0.0,0.031992,0
2026-07-26T09:27:53.837700,10/12 05:15,9.55,0.0,,,,18.0,28.0,0.3764,0.094094,0.0,0.094094,0.0,0.0,0.0,0.0,0.094094,0.34,low,0.031992,0.0,0.031992,0
2026-07-26T09:27:53.851701,10/12 06:15,10.15,0.0,,,,18.0,28.0,0.3764,0.094094,0.0,0.094094,0.0,0.0,0.0,0.0,0.094094,0.43,moderate,0.04046,0.0,0.04046,0
2026-07-26T09:28:08.740846,10/12 07:15,10.88,0.0,,,,18.0,29.0,0.3764,0.094094,0.0,0.094094,0.0,0.0,0.0,0.0,0.094094,0.43,moderate,0.04046,0.0,0.04046,0
2026-07-26T09:28:08.759852,10/12 08:15,12.37,0.0,,,,18.0,29.0,0.3764,0.094094,0.0,0.094094,0.0,0.0,0.0,0.0,0.094094,0.43,moderate,0.04046,0.0,0.04046,0
2026-07-26T09:28:08.776854,10/12 09:15,14.7,0.0,,,,18.0,29.0,0.3764,0.094094,0.0,0.094094,0.0,0.0,0.0,0.0,0.094094,0.43,moderate,0.04046,0.0,0.04046,0
2026-07-26T09:28:08.792850,10/12 10:15,15.88,0.0,,,,18.0,29.0,0.3764,0.094094,0.0,0.094094,0.0,0.0,0.0,0.0,0.094094,0.3,low,0.028228,0.0,0.028228,0
2026-07-26T09:28:08.810848,10/12 11:15,16.7,0.0,,,,18.0,29.0,0.3764,0.094094,0.0,0.094094,0.0,0.0,0.0,0.0,0.094094,0.3,low,0.028228,0.0,0.028228,0
2026-07-26T09:28:08.844846,10/12 12:15,16.27,0.0,,,,18.0,29.0,0.3764,0.094094,0.0,0.094094,0.0,0.0,0.0,0.0,0.094094,0.3,low,0.028228,0.0,0.028228,0
2026-07-26T09:28:23.792787,10/12 13:15,14.45,0.0,,,,18.0,29.0,0.3764,0.094094,0.0,0.094094,0.0,0.0,0.0,0.0,0.094094,0.3,low,0.028228,0.0,0.028228,0
2026-07-26T09:28:23.811787,10/12 14:15,12.8,0.0,,,,18.0,29.0,0.3764,0.094094,0.0,0.094094,0.0,0.0,0.0,0.0,0.094094,0.3,low,0.028228,0.0,0.028228,0
2026-07-26T09:28:23.825786,10/12 15:15,12.93,0.0,,,,18.0,29.0,0.3764,0.094094,0.0,0.094094,0.0,0.0,0.0,0.0,0.094094,0.3,low,0.028228,0.0,0.028228,0
2026-07-26T09:28:23.840786,10/12 16:15,12.9,0.0,,,,18.0,29.0,0.3764,0.094094,0.0,0.094094,0.0,0.0,0.0,0.0,0.094094,0.55,high,0.051752,0.0,0.051752,0
2026-07-26T09:28:23.854786,10/12 17:15,11.7,0.0,,,,18.0,29.0,0.3764,0.094094,0.0,0.094094,0.0,0.0,0.0,0.0,0.094094,0.55,high,0.051752,0.0,0.051752,0
2026-07-26T09:28:23.868786,10/12 18:15,11.55,0.0,,,,18.0,29.0,0.3764,0.094094,0.0,0.094094,0.0,0.0,0.0,0.0,0.094094,0.55,high,0.051752,0.0,0.051752,0
2026-07-26T09:28:38.723642,10/12 19:15,11.25,0.0,,,,18.0,29.0,0.3764,0.094094,0.0,0.094094,0.0,0.0,0.0,0.0,0.094094,0.55,high,0.051752,0.0,0.051752,0
2026-07-26T09:28:38.742634,10/12 20:15,11.55,0.0,,,,18.0,29.0,0.3764,0.094094,0.0,0.094094,0.0,0.0,0.0,0.0,0.094094,0.55,high,0.051752,0.0,0.051752,0
2026-07-26T09:28:38.777633,10/12 21:15,10.82,0.0,,,,18.0,29.0,0.3764,0.094094,0.0,0.094094,0.0,0.0,0.0,0.0,0.094094,0.4,moderate,0.037638,0.0,0.037638,0
2026-07-26T09:28:38.792633,10/12 22:15,9.57,0.0,,,,18.0,29.0,0.3764,0.094094,0.0,0.094094,0.0,0.0,0.0,0.0,0.094094,0.4,moderate,0.037638,0.0,0.037638,0
2026-07-26T09:28:38.807634,10/12 23:15,8.18,0.0,,,,18.0,29.0,0.3764,0.094094,0.0,0.094094,0.0,0.0,0.0,0.0,0.094094,0.4,moderate,0.037638,0.0,0.037638,0
2026-07-26T09:28:38.822633,10/13 00:15,7.8,0.0,,,,18.0,29.0,0.3764,0.094094,0.0,0.094094,0.0,0.0,0.0,0.0,0.094094,0.34,low,0.031992,0.0,0.031992,0
2026-07-26T09:28:54.377429,10/13 01:15,7.52,0.0,,,,18.0,29.0,0.3764,0.094094,0.0,0.094094,0.0,0.0,0.0,0.0,0.094094,0.34,low,0.031992,0.0,0.031992,0
2026-07-26T09:28:54.394427,10/13 02:15,6.55,0.0,,,,18.0,29.0,0.3764,0.094094,0.0,0.094094,0.0,0.0,0.0,0.0,0.094094,0.34,low,0.031992,0.0,0.031992,0
2026-07-26T09:28:54.410427,10/13 03:15,5.82,0.0,,,,18.0,29.0,0.3764,0.094094,0.0,0.094094,0.0,0.0,0.0,0.0,0.094094,0.34,low,0.031992,0.0,0.031992,0
2026-07-26T09:28:54.426426,10/13 04:15,4.85,0.0,,,,18.0,29.0,0.3764,0.094094,0.0,0.094094,0.0,0.0,0.0,0.0,0.094094,0.34,low,0.031992,0.0,0.031992,0
2026-07-26T09:28:54.463426,10/13 05:15,4.28,0.0,,,,18.0,29.0,0.3764,0.094094,0.0,0.094094,0.0,0.0,0.0,0.0,0.094094,0.34,low,0.031992,0.0,0.031992,0
2026-07-26T09:28:54.478425,10/13 06:15,4.32,0.0,,,,18.0,29.0,0.3764,0.094094,0.0,0.094094,0.0,0.0,0.0,0.0,0.094094,0.43,moderate,0.04046,0.0,0.04046,0
2026-07-26T09:29:09.182831,10/13 07:23,6.55,0.0,,,,18.0,29.0,0.3764,0.094094,0.0,0.094094,0.0,0.0,0.0,0.0,0.094094,0.43,moderate,0.04046,0.0,0.04046,0
2026-07-26T09:29:09.201830,10/13 08:23,9.98,0.0,,,,18.0,29.0,0.3764,0.094094,0.0,0.094094,0.0,0.0,0.0,0.0,0.094094,0.43,moderate,0.04046,0.0,0.04046,0
2026-07-26T09:29:09.218827,10/13 09:23,12.52,0.0,,,,18.0,29.0,0.3764,0.094094,0.0,0.094094,0.0,0.0,0.0,0.0,0.094094,0.43,moderate,0.04046,0.0,0.04046,0
2026-07-26T09:29:09.234828,10/13 10:15,15.15,0.0,,,,18.0,29.0,0.3764,0.094094,0.0,0.094094,0.0,0.0,0.0,0.0,0.094094,0.3,low,0.028228,0.0,0.028228,0
2026-07-26T09:29:09.247828,10/13 11:15,15.6,0.0,,,,18.0,29.0,0.3764,0.094094,0.0,0.094094,0.0,0.0,0.0,0.0,0.094094,0.3,low,0.028228,0.0,0.028228,0
2026-07-26T09:29:09.261830,10/13 12:15,15.88,0.0,,,,18.0,29.0,0.3764,0.094094,0.0,0.094094,0.0,0.0,0.0,0.0,0.094094,0.3,low,0.028228,0.0,0.028228,0
2026-07-26T09:29:23.883922,10/13 13:15,16.55,0.0,,,,18.0,29.0,0.3764,0.094094,0.0,0.094094,0.0,0.0,0.0,0.0,0.094094,0.3,low,0.028228,0.0,0.028228,0
2026-07-26T09:29:23.899922,10/13 14:15,15.83,0.0,,,,18.0,29.0,0.3764,0.094094,0.0,0.094094,0.0,0.0,0.0,0.0,0.094094,0.3,low,0.028228,0.0,0.028228,0
2026-07-26T09:29:23.938922,10/13 15:15,14.57,0.0,,,,18.0,29.0,0.3764,0.094094,0.0,0.094094,0.0,0.0,0.0,0.0,0.094094,0.3,low,0.028228,0.0,0.028228,0
2026-07-26T09:29:23.951922,10/13 16:15,13.03,0.0,,,,18.0,29.0,0.3764,0.094094,0.0,0.094094,0.0,0.0,0.0,0.0,0.094094,0.55,high,0.051752,0.0,0.051752,0
2026-07-26T09:29:23.965922,10/13 17:23,12.07,0.0,,,,18.0,29.0,0.3764,0.094094,0.0,0.094094,0.0,0.0,0.0,0.0,0.094094,0.55,high,0.051752,0.0,0.051752,0
2026-07-26T09:29:23.978921,10/13 18:15,11.12,0.0,,,,18.0,29.0,0.3764,0.094094,0.0,0.094094,0.0,0.0,0.0,0.0,0.094094,0.55,high,0.051752,0.0,0.051752,0
2026-07-26T09:29:38.411866,10/13 19:15,9.55,0.0,,,,18.0,29.0,0.3764,0.094094,0.0,0.094094,0.0,0.0,0.0,0.0,0.094094,0.55,high,0.051752,0.0,0.051752,0
2026-07-26T09:29:38.429866,10/13 20:15,9.72,0.0,,,,18.0,29.0,0.3764,0.094094,0.0,0.094094,0.0,0.0,0.0,0.0,0.094094,0.55,high,0.051752,0.0,0.051752,0
2026-07-26T09:29:38.443863,10/13 21:15,9.03,0.0,,,,18.0,29.0,0.3764,0.094094,0.0,0.094094,0.0,0.0,0.0,0.0,0.094094,0.4,moderate,0.037638,0.0,0.037638,0
2026-07-26T09:29:38.458452,10/13 22:15,9.12,0.0,,,,18.0,29.0,0.3764,0.094094,0.0,0.094094,0.0,0.0,0.0,0.0,0.094094,0.4,moderate,0.037638,0.0,0.037638,0
2026-07-26T09:29:38.473402,10/13 23:15,8.18,0.0,,,,18.0,29.0,0.3764,0.094094,0.0,0.094094,0.0,0.0,0.0,0.0,0.094094,0.4,moderate,0.037638,0.0,0.037638,0
2026-07-26T09:29:38.486454,10/14 00:15,7.8,0.0,,,,18.0,29.0,0.3764,0.094094,0.0,0.094094,0.0,0.0,0.0,0.0,0.094094,0.34,low,0.031992,0.0,0.031992,0
2026-07-26T09:29:52.696778,10/14 01:15,7.65,0.0,,,,18.0,29.0,0.3764,0.094094,0.0,0.094094,0.0,0.0,0.0,0.0,0.094094,0.34,low,0.031992,0.0,0.031992,0
2026-07-26T09:29:52.711773,10/14 02:15,6.5,0.0,,,,18.0,29.0,0.3764,0.094094,0.0,0.094094,0.0,0.0,0.0,0.0,0.094094,0.34,low,0.031992,0.0,0.031992,0
2026-07-26T09:29:52.725774,10/14 03:15,4.28,0.0,,,,18.0,29.0,0.3764,0.094094,0.0,0.094094,0.0,0.0,0.0,0.0,0.094094,0.34,low,0.031992,0.0,0.031992,0
2026-07-26T09:29:52.738773,10/14 04:15,3.75,0.0,,,,18.0,29.0,0.3764,0.094094,0.0,0.094094,0.0,0.0,0.0,0.0,0.094094,0.34,low,0.031992,0.0,0.031992,0
2026-07-26T09:29:52.777772,10/14 05:15,3.17,0.0,,,,18.0,29.0,0.3764,0.094094,0.0,0.094094,0.0,0.0,0.0,0.0,0.094094,0.34,low,0.031992,0.0,0.031992,0
2026-07-26T09:29:52.792772,10/14 06:15,2.8,0.0,,,,18.0,29.0,0.3764,0.094094,0.0,0.094094,0.0,0.0,0.0,0.0,0.094094,0.43,moderate,0.04046,0.0,0.04046,0
2026-07-26T09:30:06.605482,10/14 07:23,3.5,0.0,,,,18.0,29.0,0.3764,0.094094,0.0,0.094094,0.004115,1.201178,0.918444,0.0,1.295272,0.43,moderate,0.04046,0.217413,0.257874,0
2026-07-26T09:30:06.622482,10/14 08:15,6.15,0.0,,,,18.0,29.0,0.3764,0.094094,0.0,0.094094,0.002889,0.693055,0.698912,0.0,0.787149,0.43,moderate,0.04046,0.125443,0.165903,0
2026-07-26T09:30:06.639482,10/14 09:23,8.07,52.0,21.54,20.39,23.1,18.0,29.0,0.3764,0.094094,0.0,0.094094,0.001584,0.631925,0.506241,0.0,0.726019,0.43,moderate,0.04046,0.114378,0.154839,0
2026-07-26T09:30:06.652483,10/14 10:23,8.9,52.0,23.14,21.96,24.36,18.0,29.0,0.3764,0.094094,0.0,0.094094,0.001037,0.465663,0.399178,0.0,0.559757,0.3,low,0.028228,0.084285,0.112513,0
2026-07-26T09:30:06.667482,10/14 11:23,9.18,52.0,24.0,22.76,25.14,18.0,29.0,0.3764,0.094094,0.0,0.094094,0.00095,0.456959,0.377921,0.0,0.551053,0.3,low,0.028228,0.08271,0.110938,0
2026-07-26T09:30:06.680488,10/14 12:15,10.0,41.6,24.31,23.12,25.06,18.0,29.0,0.3764,0.094094,0.0,0.094094,0.000606,0.314134,0.27639,0.0,0.408228,0.3,low,0.028228,0.056858,0.085086,0
2026-07-26T09:30:21.145782,10/14 13:15,9.85,20.8,24.06,22.99,24.65,20.0,27.0,0.3764,0.094094,0.0,0.094094,0.00057,0.313949,0.264337,0.0,0.408043,0.3,low,0.028228,0.056825,0.085053,0
2026-07-26T09:30:21.161782,10/14 14:15,9.55,41.6,24.59,23.52,25.57,20.0,27.0,0.3764,0.094094,0.0,0.094094,0.000674,0.375862,0.298868,0.0,0.469956,0.3,low,0.028228,0.068031,0.096259,0
2026-07-26T09:30:21.174781,10/14 15:15,10.0,52.0,24.78,23.95,25.82,20.0,27.0,0.3764,0.094094,0.0,0.094094,0.000505,0.286473,0.241494,0.0,0.380567,0.3,low,0.028228,0.051852,0.08008,0
2026-07-26T09:30:21.187783,10/14 16:15,9.72,52.0,24.67,23.59,25.78,20.0,27.0,0.3764,0.094094,0.0,0.094094,0.000489,0.285503,0.235909,0.0,0.379597,0.55,high,0.051752,0.051676,0.103428,0
2026-07-26T09:30:21.200781,10/14 17:15,8.35,52.0,24.02,22.97,25.28,20.0,27.0,0.3764,0.094094,0.0,0.094094,0.000749,0.425876,0.32218,0.0,0.51997,0.55,high,0.051752,0.077084,0.128835,0
2026-07-26T09:30:21.214781,10/14 18:15,6.28,52.0,23.38,22.48,25.09,20.0,27.0,0.3764,0.094094,0.0,0.094094,0.001489,0.70434,0.500207,0.0,0.798434,0.55,high,0.051752,0.127486,0.179237,0
2026-07-26T09:30:35.927365,10/14 19:15,4.45,26.0,21.93,21.17,23.71,20.0,26.0,0.3764,0.094094,0.0,0.094094,0.002456,0.872659,0.64991,0.0,0.966753,0.55,high,0.051752,0.157951,0.209703,0
2026-07-26T09:30:35.946366,10/14 20:23,2.52,0.0,,,,20.0,26.0,0.3764,0.094094,0.0,0.094094,0.005367,0.963114,0.799604,0.0,1.057208,0.55,high,0.051752,0.174324,0.226075,0
2026-07-26T09:30:35.961365,10/14 21:15,1.7,0.0,,,,20.0,26.0,0.3764,0.094094,0.0,0.094094,2e-05,0.010862,0.01131,0.0,0.104956,0.4,moderate,0.037638,0.001966,0.039604,0
2026-07-26T09:30:35.975365,10/14 22:15,1.55,0.0,,,,20.0,26.0,0.3764,0.094094,0.0,0.094094,0.000627,0.422707,0.316219,0.0,0.516801,0.4,moderate,0.037638,0.07651,0.114148,0
2026-07-26T09:30:35.988365,10/14 23:15,0.98,0.0,,,,20.0,26.0,0.3764,0.094094,0.0,0.094094,0.000908,0.683669,0.516579,0.0,0.777763,0.4,moderate,0.037638,0.123744,0.161382,0
2026-07-26T09:30:36.001366,10/15 00:15,0.6,0.0,,,,20.0,26.0,0.3764,0.094094,0.0,0.094094,0.001124,0.840538,0.655106,0.0,0.934632,0.34,low,0.031992,0.152137,0.184129,0
2026-07-26T09:30:50.985951,10/15 01:15,0.88,0.0,,,,18.0,28.0,0.3764,0.094094,0.0,0.094094,0.0,0.0,0.0,0.0,0.094094,0.34,low,0.031992,0.0,0.031992,0
2026-07-26T09:30:51.002949,10/15 02:15,1.97,0.0,,,,18.0,28.0,0.3764,0.094094,0.0,0.094094,0.0,0.0,0.0,0.0,0.094094,0.34,low,0.031992,0.0,0.031992,0
2026-07-26T09:30:51.018948,10/15 03:15,3.07,0.0,,,,18.0,28.0,0.3764,0.094094,0.0,0.094094,0.0,0.0,0.0,0.0,0.094094,0.34,low,0.031992,0.0,0.031992,0
2026-07-26T09:30:51.032947,10/15 04:15,3.9,0.0,,,,18.0,28.0,0.3764,0.094094,0.0,0.094094,0.0,0.0,0.0,0.0,0.094094,0.34,low,0.031992,0.0,0.031992,0
2026-07-26T09:30:51.046947,10/15 05:15,4.03,0.0,,,,18.0,28.0,0.3764,0.094094,0.0,0.094094,0.0,0.0,0.0,0.0,0.094094,0.34,low,0.031992,0.0,0.031992,0
2026-07-26T09:30:51.060947,10/15 06:15,4.4,0.0,,,,18.0,28.0,0.3764,0.094094,0.0,0.094094,0.0,0.0,0.0,0.0,0.094094,0.43,moderate,0.04046,0.0,0.04046,0
2026-07-26T09:31:05.715515,10/15 07:15,4.83,0.0,,,,18.0,29.0,0.3764,0.094094,0.0,0.094094,0.004001,1.028679,0.801579,0.0,1.122773,0.43,moderate,0.04046,0.186191,0.226651,0
2026-07-26T09:31:05.758513,10/15 08:15,6.37,0.0,,,,18.0,29.0,0.3764,0.094094,0.0,0.094094,0.002617,0.787115,0.668816,0.0,0.881209,0.43,moderate,0.04046,0.142468,0.182928,0
2026-07-26T09:31:05.778521,10/15 09:23,7.2,52.0,20.72,20.16,22.04,18.0,29.0,0.3764,0.094094,0.0,0.094094,0.002015,0.7927,0.563754,0.0,0.886794,0.43,moderate,0.04046,0.143479,0.183939,0
2026-07-26T09:31:05.795516,10/15 10:15,7.08,52.0,22.17,21.48,23.62,18.0,29.0,0.3764,0.094094,0.0,0.094094,0.001762,0.685477,0.547512,0.0,0.779571,0.3,low,0.028228,0.124071,0.1523,0
2026-07-26T09:31:05.810520,10/15 11:15,6.83,52.0,22.89,22.16,24.28,18.0,29.0,0.3764,0.094094,0.0,0.094094,0.001902,0.720029,0.571903,0.0,0.814123,0.3,low,0.028228,0.130325,0.158553,0
2026-07-26T09:31:05.827512,10/15 12:15,7.62,41.6,23.24,22.5,24.47,18.0,29.0,0.3764,0.094094,0.0,0.094094,0.001591,0.627346,0.518927,0.0,0.72144,0.3,low,0.028228,0.11355,0.141778,0
2026-07-26T09:31:21.707778,10/15 13:15,9.18,20.8,22.91,22.19,24.16,20.0,27.0,0.3764,0.094094,0.0,0.094094,0.000945,0.425276,0.376665,0.0,0.51937,0.3,low,0.028228,0.076975,0.105203,0
2026-07-26T09:31:21.726780,10/15 14:15,10.15,41.6,23.57,22.82,24.72,20.0,27.0,0.3764,0.094094,0.0,0.094094,0.000619,0.314443,0.280615,0.0,0.408537,0.3,low,0.028228,0.056914,0.085142,0
2026-07-26T09:31:21.742780,10/15 15:15,10.6,52.0,23.92,23.19,25.07,20.0,27.0,0.3764,0.094094,0.0,0.094094,0.000455,0.251839,0.223141,0.0,0.345933,0.3,low,0.028228,0.045583,0.073811,0
2026-07-26T09:31:21.757778,10/15 16:15,10.3,52.0,23.82,23.09,25.1,20.0,27.0,0.3764,0.094094,0.0,0.094094,0.000435,0.253569,0.215512,0.0,0.347663,0.55,high,0.051752,0.045896,0.097648,0
2026-07-26T09:31:21.772782,10/15 17:15,9.28,52.0,23.37,22.61,24.83,20.0,27.0,0.3764,0.094094,0.0,0.094094,0.000697,0.402377,0.306285,0.0,0.496471,0.55,high,0.051752,0.07283,0.124582,0
2026-07-26T09:31:21.796778,10/15 18:15,8.62,52.0,23.07,22.24,24.75,20.0,27.0,0.3764,0.094094,0.0,0.094094,0.00083,0.450588,0.345642,0.0,0.544682,0.55,high,0.051752,0.081556,0.133308,0
2026-07-26T09:31:39.433950,10/15 19:15,7.8,26.0,21.79,21.08,23.45,20.0,26.0,0.3764,0.094094,0.0,0.094094,0.001215,0.593155,0.442945,0.0,0.687249,0.55,high,0.051752,0.107361,0.159113,0
2026-07-26T09:31:39.451953,10/15 20:15,7.65,0.0,,,,20.0,26.0,0.3764,0.094094,0.0,0.094094,0.001298,0.584922,0.460935,0.0,0.679016,0.55,high,0.051752,0.105871,0.157623,0
2026-07-26T09:31:39.468950,10/15 21:15,6.93,0.0,,,,20.0,26.0,0.3764,0.094094,0.0,0.094094,0.0,0.0,0.0,0.0,0.094094,0.4,moderate,0.037638,0.0,0.037638,0
2026-07-26T09:31:39.485950,10/15 22:15,6.25,0.0,,,,20.0,26.0,0.3764,0.094094,0.0,0.094094,0.000128,0.060191,0.0967,0.0,0.154285,0.4,moderate,0.037638,0.010895,0.048532,0
2026-07-26T09:31:39.501952,10/15 23:15,6.83,0.0,,,,20.0,26.0,0.3764,0.094094,0.0,0.094094,0.000364,0.220634,0.254682,0.0,0.314728,0.4,moderate,0.037638,0.039935,0.077572,0
2026-07-26T09:31:39.517950,10/16 00:15,7.2,0.0,,,,20.0,26.0,0.3764,0.094094,0.0,0.094094,0.00051,0.371461,0.342401,0.0,0.465555,0.34,low,0.031992,0.067234,0.099226,0
2026-07-26T09:31:55.163903,10/16 01:15,7.08,0.0,,,,18.0,28.0,0.3764,0.094094,0.0,0.094094,0.0,0.0,0.0,0.0,0.094094,0.34,low,0.031992,0.0,0.031992,0
2026-07-26T09:31:55.182905,10/16 02:15,6.55,0.0,,,,18.0,28.0,0.3764,0.094094,0.0,0.094094,0.0,0.0,0.0,0.0,0.094094,0.34,low,0.031992,0.0,0.031992,0
2026-07-26T09:31:55.197903,10/16 03:15,6.1,0.0,,,,18.0,28.0,0.3764,0.094094,0.0,0.094094,0.0,0.0,0.0,0.0,0.094094,0.34,low,0.031992,0.0,0.031992,0
2026-07-26T09:31:55.211911,10/16 04:15,6.25,0.0,,,,18.0,28.0,0.3764,0.094094,0.0,0.094094,0.0,0.0,0.0,0.0,0.094094,0.34,low,0.031992,0.0,0.031992,0
2026-07-26T09:31:55.224903,10/16 05:15,6.55,0.0,,,,18.0,28.0,0.3764,0.094094,0.0,0.094094,0.0,0.0,0.0,0.0,0.094094,0.34,low,0.031992,0.0,0.031992,0
2026-07-26T09:31:55.240912,10/16 06:15,6.25,0.0,,,,18.0,28.0,0.3764,0.094094,0.0,0.094094,0.0,0.0,0.0,0.0,0.094094,0.43,moderate,0.04046,0.0,0.04046,0
2026-07-26T09:32:09.842484,10/16 07:15,6.7,0.0,,,,18.0,29.0,0.3764,0.094094,0.0,0.094094,0.002161,0.783141,0.610689,0.0,0.877235,0.43,moderate,0.04046,0.141749,0.182209,0
2026-07-26T09:32:09.860318,10/16 08:15,6.83,0.0,,,,18.0,29.0,0.3764,0.094094,0.0,0.094094,0.003232,0.02099,0.612242,0.0,0.115084,0.43,moderate,0.04046,0.003799,0.04426,0
2026-07-26T09:32:09.879368,10/16 09:23,7.62,52.0,20.96,20.33,22.18,18.0,29.0,0.3764,0.094094,0.0,0.094094,0.00189,0.788353,0.555848,0.0,0.882447,0.43,moderate,0.04046,0.142692,0.183152,0
2026-07-26T09:32:09.922327,10/16 10:23,9.45,52.0,22.86,21.97,23.83,18.0,29.0,0.3764,0.094094,0.0,0.094094,0.001055,0.464885,0.403659,0.0,0.558979,0.3,low,0.028228,0.084144,0.112372,0
2026-07-26T09:32:09.939380,10/16 11:15,11.38,52.0,23.61,22.68,24.55,18.0,29.0,0.3764,0.094094,0.0,0.094094,0.000428,0.219402,0.212569,0.0,0.313496,0.3,low,0.028228,0.039712,0.06794,0
2026-07-26T09:32:09.954377,10/16 12:15,12.07,41.6,24.06,23.11,24.77,18.0,29.0,0.3764,0.094094,0.114835,0.094094,0.018046,0.176484,0.164945,0.055142,0.270578,0.3,low,0.028228,0.031944,0.060172,0
2026-07-26T09:32:25.428219,10/16 13:15,11.7,20.8,23.95,22.99,24.54,20.0,27.0,0.3764,0.094094,0.110688,0.094094,0.020474,0.17056,0.152653,0.015752,0.264654,0.3,low,0.028228,0.030871,0.0591,0
2026-07-26T09:32:25.444218,10/16 14:15,11.27,41.6,24.7,23.64,26.13,20.0,27.0,0.3764,0.094094,0.110917,0.094094,0.027616,0.156483,0.137518,0.015751,0.250577,0.3,low,0.028228,0.028323,0.056552,1
2026-07-26T09:32:25.458219,10/16 15:15,10.0,52.0,24.99,23.92,26.6,20.0,27.0,0.3764,0.094094,0.0,0.094094,0.000506,0.320546,0.242384,0.0,0.41464,0.3,low,0.028228,0.058019,0.086247,1
2026-07-26T09:32:25.471217,10/16 16:15,9.85,52.0,24.82,23.61,26.18,20.0,27.0,0.3764,0.094094,0.0,0.094094,0.000484,0.297613,0.234339,0.0,0.391707,0.55,high,0.051752,0.053868,0.10562,1
2026-07-26T09:32:25.485219,10/16 17:15,8.58,52.0,24.24,23.0,25.35,20.0,27.0,0.3764,0.094094,0.0,0.094094,0.000616,0.366285,0.280258,0.0,0.460379,0.55,high,0.051752,0.066298,0.118049,0
2026-07-26T09:32:25.498217,10/16 18:15,6.1,52.0,23.49,22.49,25.16,20.0,27.0,0.3764,0.094094,0.0,0.094094,0.001738,0.806138,0.545569,0.0,0.900232,0.55,high,0.051752,0.145911,0.197663,0
2026-07-26T09:32:41.270781,10/16 19:15,5.67,26.0,22.01,21.21,23.74,20.0,26.0,0.3764,0.094094,0.0,0.094094,0.001841,0.711966,0.562217,0.0,0.80606,0.55,high,0.051752,0.128866,0.180618,0
2026-07-26T09:32:41.287781,10/16 20:23,4.0,0.0,,,,20.0,26.0,0.3764,0.094094,0.0,0.094094,0.003557,0.031323,0.719865,0.0,0.125417,0.55,high,0.051752,0.005669,0.057421,0
2026-07-26T09:32:41.317781,10/16 21:15,2.65,0.0,,,,20.0,26.0,0.3764,0.094094,0.0,0.094094,0.0,0.0,0.0,0.0,0.094094,0.4,moderate,0.037638,0.0,0.037638,0
2026-07-26T09:32:41.330780,10/16 22:15,2.35,0.0,,,,20.0,26.0,0.3764,0.094094,0.0,0.094094,0.000405,0.185089,0.226811,0.0,0.279183,0.4,moderate,0.037638,0.033501,0.071139,0
2026-07-26T09:32:41.344782,10/16 23:15,2.52,0.0,,,,20.0,26.0,0.3764,0.094094,0.0,0.094094,0.000721,0.489639,0.421968,0.0,0.583733,0.4,moderate,0.037638,0.088625,0.126262,0
2026-07-26T09:32:41.357781,10/17 00:15,2.1,0.0,,,,20.0,26.0,0.3764,0.094094,0.0,0.094094,0.000968,0.724527,0.576029,0.0,0.818621,0.34,low,0.031992,0.131139,0.163131,0
2026-07-26T09:32:55.362313,10/17 01:15,2.75,0.0,,,,18.0,28.0,0.3764,0.094094,0.0,0.094094,0.0,0.0,0.0,0.0,0.094094,0.34,low,0.031992,0.0,0.031992,0
2026-07-26T09:32:55.378312,10/17 02:15,0.83,0.0,,,,18.0,28.0,0.3764,0.094094,0.0,0.094094,0.0,0.0,0.0,0.0,0.094094,0.34,low,0.031992,0.0,0.031992,0
2026-07-26T09:32:55.404313,10/17 03:15,0.28,0.0,,,,18.0,28.0,0.3764,0.094094,0.0,0.094094,0.0,0.0,0.0,0.0,0.094094,0.34,low,0.031992,0.0,0.031992,0
2026-07-26T09:32:55.419313,10/17 04:15,1.1,0.0,,,,18.0,28.0,0.3764,0.094094,0.0,0.094094,0.0,0.0,0.0,0.0,0.094094,0.34,low,0.031992,0.0,0.031992,0
2026-07-26T09:32:55.432312,10/17 05:15,1.25,0.0,,,,18.0,28.0,0.3764,0.094094,0.0,0.094094,0.0,0.0,0.0,0.0,0.094094,0.34,low,0.031992,0.0,0.031992,0
2026-07-26T09:32:55.445312,10/17 06:15,1.82,0.0,,,,18.0,28.0,0.3764,0.094094,0.0,0.094094,0.0,0.0,0.0,0.0,0.094094,0.43,moderate,0.04046,0.0,0.04046,0
2026-07-26T09:33:09.095193,10/17 07:23,3.17,0.0,,,,18.0,29.0,0.3764,0.094094,0.0,0.094094,0.004307,1.223637,0.976019,0.0,1.317731,0.43,moderate,0.04046,0.221478,0.261939,0
2026-07-26T09:33:09.113194,10/17 08:23,6.8,0.0,,,,18.0,29.0,0.3764,0.094094,0.0,0.094094,0.002622,0.752896,0.669299,0.0,0.84699,0.43,moderate,0.04046,0.136274,0.176735,0
2026-07-26T09:33:09.129194,10/17 09:23,9.45,52.0,21.8,20.39,24.42,18.0,29.0,0.3764,0.094094,0.0,0.094094,0.001172,0.484853,0.425818,0.0,0.578947,0.43,moderate,0.04046,0.087758,0.128219,0
2026-07-26T09:33:09.143193,10/17 10:23,11.52,52.0,23.72,22.06,26.53,18.0,29.0,0.3764,0.094094,0.0,0.094094,0.000465,0.233035,0.225651,0.0,0.327129,0.3,low,0.028228,0.042179,0.070408,1
2026-07-26T09:33:09.157194,10/17 11:23,12.8,52.0,24.69,23.04,27.07,18.0,29.0,0.3764,0.094094,0.118998,0.094094,0.011986,0.177532,0.166909,0.102257,0.271626,0.3,low,0.028228,0.032133,0.060361,1
2026-07-26T09:33:09.171193,10/17 12:23,12.93,41.6,24.94,23.43,26.46,18.0,29.0,0.3764,0.094094,0.12412,0.094094,0.014475,0.158367,0.144154,0.102253,0.252461,0.3,low,0.028228,0.028664,0.056893,1
2026-07-26T09:33:24.359581,10/17 13:15,13.45,20.8,24.72,23.34,25.54,20.0,27.0,0.3764,0.094094,0.129962,0.094094,0.016681,0.14729,0.130851,0.141542,0.241384,0.3,low,0.028228,0.026659,0.054888,0
2026-07-26T09:33:24.376588,10/17 14:15,13.62,41.6,25.07,23.83,26.21,20.0,27.0,0.3764,0.094094,0.138609,0.094094,0.019366,0.132743,0.116721,0.188741,0.226837,0.3,low,0.028228,0.024026,0.052255,1
2026-07-26T09:33:24.391580,10/17 15:15,13.08,52.0,24.73,23.64,25.81,20.0,27.0,0.3764,0.094094,0.125968,0.094094,0.018665,0.124991,0.108562,0.102182,0.219085,0.3,low,0.028228,0.022623,0.050852,0
2026-07-26T09:33:24.405579,10/17 16:15,13.62,52.0,24.39,23.41,25.66,20.0,27.0,0.3764,0.094094,0.141297,0.094094,0.038421,0.127575,0.10863,0.188756,0.221669,0.55,high,0.051752,0.023091,0.074843,0
2026-07-26T09:33:24.419580,10/17 17:15,12.65,52.0,23.91,23.07,25.28,20.0,27.0,0.3764,0.094094,0.127577,0.094094,0.034318,0.135167,0.112727,0.102183,0.229261,0.55,high,0.051752,0.024465,0.076217,0
2026-07-26T09:33:24.432579,10/17 18:15,12.35,52.0,23.56,22.67,25.13,20.0,27.0,0.3764,0.094094,0.11871,0.094094,0.031384,0.144383,0.118317,0.055068,0.238477,0.55,high,0.051752,0.026133,0.077885,0
2026-07-26T09:33:38.645170,10/17 19:15,12.65,26.0,22.3,21.51,23.77,20.0,26.0,0.3764,0.094094,0.125359,0.094094,0.02999,0.165124,0.13214,0.1022,0.259218,0.55,high,0.051752,0.029887,0.081639,0
2026-07-26T09:33:38.664164,10/17 20:15,12.2,0.0,,,,20.0,26.0,0.3764,0.094094,0.115446,0.094094,0.012881,0.196476,0.153439,0.055069,0.29057,0.55,high,0.051752,0.035562,0.087314,0
2026-07-26T09:33:38.679163,10/17 21:15,12.07,0.0,,,,20.0,26.0,0.3764,0.094094,0.0,0.094094,0.0,0.0,0.0,0.0,0.094094,0.4,moderate,0.037638,0.0,0.037638,0
2026-07-26T09:33:38.693163,10/17 22:15,11.27,0.0,,,,20.0,26.0,0.3764,0.094094,0.0,0.094094,0.0,0.0,0.0,0.0,0.094094,0.4,moderate,0.037638,0.0,0.037638,0
2026-07-26T09:33:38.707164,10/17 23:15,9.72,0.0,,,,20.0,26.0,0.3764,0.094094,0.0,0.094094,0.0,0.0,0.0,0.0,0.094094,0.4,moderate,0.037638,0.0,0.037638,0
2026-07-26T09:33:38.721165,10/18 00:15,8.75,0.0,,,,20.0,26.0,0.3764,0.094094,0.0,0.094094,6.4e-05,0.013155,0.050749,0.0,0.107249,0.34,low,0.031992,0.002381,0.034373,0
2026-07-26T09:33:53.015166,10/18 01:15,8.45,0.0,,,,18.0,28.0,0.3764,0.094094,0.0,0.094094,0.0,0.0,0.0,0.0,0.094094,0.34,low,0.031992,0.0,0.031992,0
2026-07-26T09:33:53.033167,10/18 02:15,8.62,0.0,,,,18.0,28.0,0.3764,0.094094,0.0,0.094094,0.0,0.0,0.0,0.0,0.094094,0.34,low,0.031992,0.0,0.031992,0
2026-07-26T09:33:53.048165,10/18 03:15,7.65,0.0,,,,18.0,28.0,0.3764,0.094094,0.0,0.094094,0.0,0.0,0.0,0.0,0.094094,0.34,low,0.031992,0.0,0.031992,0
2026-07-26T09:33:53.063165,10/18 04:15,7.08,0.0,,,,18.0,28.0,0.3764,0.094094,0.0,0.094094,0.0,0.0,0.0,0.0,0.094094,0.34,low,0.031992,0.0,0.031992,0
2026-07-26T09:33:53.076165,10/18 05:15,6.98,0.0,,,,18.0,28.0,0.3764,0.094094,0.0,0.094094,0.0,0.0,0.0,0.0,0.094094,0.34,low,0.031992,0.0,0.031992,0
2026-07-26T09:33:53.090165,10/18 06:15,7.92,0.0,,,,18.0,28.0,0.3764,0.094094,0.0,0.094094,0.0,0.0,0.0,0.0,0.094094,0.43,moderate,0.04046,0.0,0.04046,0
2026-07-26T09:34:07.338031,10/18 07:15,8.58,0.0,,,,18.0,29.0,0.3764,0.094094,0.0,0.094094,0.001379,0.63946,0.477122,0.0,0.733554,0.43,moderate,0.04046,0.115742,0.156203,0
2026-07-26T09:34:07.356522,10/18 08:23,9.83,0.0,,,,18.0,29.0,0.3764,0.094094,0.0,0.094094,0.001001,0.464779,0.391173,0.0,0.558873,0.43,moderate,0.04046,0.084125,0.124585,0
2026-07-26T09:34:07.376091,10/18 09:20,11.52,52.0,22.01,20.87,23.62,18.0,29.0,0.3764,0.094094,0.0,0.094094,0.000487,0.252608,0.234925,0.0,0.346702,0.43,moderate,0.04046,0.045722,0.086182,0
2026-07-26T09:34:07.395047,10/18 10:23,13.35,52.0,23.87,22.43,25.89,18.0,29.0,0.3764,0.094094,0.118639,0.094094,0.010604,0.198235,0.180768,0.102403,0.292329,0.3,low,0.028228,0.035881,0.064109,0
2026-07-26T09:34:07.410055,10/18 11:23,14.85,52.0,24.54,23.27,25.74,18.0,29.0,0.3764,0.094094,0.153442,0.094094,0.026134,0.177802,0.158114,0.275976,0.271896,0.3,low,0.028228,0.032182,0.06041,0
2026-07-26T09:34:07.425046,10/18 12:15,14.12,41.6,24.52,23.46,25.13,18.0,29.0,0.3764,0.094094,0.148123,0.094094,0.025988,0.164049,0.143294,0.228611,0.258143,0.3,low,0.028228,0.029693,0.057921,0
2026-07-26T09:34:23.806182,10/18 13:15,13.3,20.8,24.11,23.2,24.82,20.0,27.0,0.3764,0.094094,0.13349,0.094094,0.025169,0.156465,0.134506,0.141894,0.250559,0.3,low,0.028228,0.02832,0.056548,0
2026-07-26T09:34:23.824181,10/18 14:15,13.73,41.6,24.45,23.58,25.32,20.0,27.0,0.3764,0.094094,0.134113,0.094094,0.030711,0.149828,0.127399,0.142107,0.243922,0.3,low,0.028228,0.027119,0.055347,0
2026-07-26T09:34:23.841179,10/18 15:15,14.72,52.0,24.75,23.97,25.61,20.0,27.0,0.3764,0.094094,0.156235,0.094094,0.036528,0.141691,0.119814,0.276318,0.235785,0.3,low,0.028228,0.025646,0.053874,0
2026-07-26T09:34:23.856178,10/18 16:15,13.48,52.0,24.41,23.62,25.57,20.0,27.0,0.3764,0.094094,0.139322,0.094094,0.026306,0.138304,0.115973,0.189588,0.232398,0.55,high,0.051752,0.025033,0.076785,0
2026-07-26T09:34:23.871179,10/18 17:15,11.37,52.0,24.04,23.14,25.25,20.0,27.0,0.3764,0.094094,0.118888,0.094094,0.023317,0.139426,0.115667,0.05527,0.23352,0.55,high,0.051752,0.025236,0.076988,0
2026-07-26T09:34:23.886179,10/18 18:15,8.9,52.0,23.5,22.68,25.12,20.0,27.0,0.3764,0.094094,0.0,0.094094,0.000756,0.49088,0.324523,0.0,0.584974,0.55,high,0.051752,0.088849,0.140601,0
2026-07-26T09:34:39.782199,10/18 19:15,8.62,26.0,22.11,21.38,23.74,20.0,26.0,0.3764,0.094094,0.0,0.094094,0.000808,0.454019,0.339436,0.0,0.548113,0.55,high,0.051752,0.082177,0.133929,0
2026-07-26T09:34:39.802202,10/18 20:15,7.65,0.0,,,,20.0,26.0,0.3764,0.094094,0.0,0.094094,0.001244,0.609751,0.449298,0.0,0.703845,0.55,high,0.051752,0.110365,0.162117,0
2026-07-26T09:34:39.820200,10/18 21:15,6.65,0.0,,,,20.0,26.0,0.3764,0.094094,0.0,0.094094,0.0,0.0,0.0,0.0,0.094094,0.4,moderate,0.037638,0.0,0.037638,0
2026-07-26T09:34:39.836201,10/18 22:15,4.85,0.0,,,,20.0,26.0,0.3764,0.094094,0.0,0.094094,1.5e-05,0.007252,0.01277,0.0,0.101346,0.4,moderate,0.037638,0.001313,0.03895,0
2026-07-26T09:34:39.851198,10/18 23:15,4.4,0.0,,,,20.0,26.0,0.3764,0.094094,0.0,0.094094,0.000352,0.206509,0.247309,0.0,0.300603,0.4,moderate,0.037638,0.037378,0.075016,0
2026-07-26T09:34:39.867199,10/19 00:15,4.4,0.0,,,,20.0,26.0,0.3764,0.094094,0.0,0.094094,0.000611,0.440333,0.402736,0.0,0.534427,0.34,low,0.031992,0.0797,0.111692,0
2026-07-26T09:34:55.077265,10/19 01:15,4.4,0.0,,,,18.0,28.0,0.3764,0.094094,0.0,0.094094,0.0,0.0,0.0,0.0,0.094094,0.34,low,0.031992,0.0,0.031992,0
2026-07-26T09:34:55.095259,10/19 02:15,4.4,0.0,,,,18.0,28.0,0.3764,0.094094,0.0,0.094094,0.0,0.0,0.0,0.0,0.094094,0.34,low,0.031992,0.0,0.031992,0
2026-07-26T09:34:55.110260,10/19 03:15,4.28,0.0,,,,18.0,28.0,0.3764,0.094094,0.0,0.094094,0.0,0.0,0.0,0.0,0.094094,0.34,low,0.031992,0.0,0.031992,0
2026-07-26T09:34:55.125260,10/19 04:15,3.75,0.0,,,,18.0,28.0,0.3764,0.094094,0.0,0.094094,0.0,0.0,0.0,0.0,0.094094,0.34,low,0.031992,0.0,0.031992,0
2026-07-26T09:34:55.139260,10/19 05:15,3.17,0.0,,,,18.0,28.0,0.3764,0.094094,0.0,0.094094,0.0,0.0,0.0,0.0,0.094094,0.34,low,0.031992,0.0,0.031992,0
2026-07-26T09:34:55.153260,10/19 06:15,3.07,0.0,,,,18.0,28.0,0.3764,0.094094,0.0,0.094094,0.0,0.0,0.0,0.0,0.094094,0.43,moderate,0.04046,0.0,0.04046,0
2026-07-26T09:35:09.965000,10/19 07:15,4.32,0.0,,,,18.0,29.0,0.3764,0.094094,0.0,0.094094,0.0,0.0,0.0,0.0,0.094094,0.43,moderate,0.04046,0.0,0.04046,0
2026-07-26T09:35:09.984004,10/19 08:23,6.27,0.0,,,,18.0,29.0,0.3764,0.094094,0.0,0.094094,0.0,0.0,0.0,0.0,0.094094,0.43,moderate,0.04046,0.0,0.04046,0
2026-07-26T09:35:09.999999,10/19 09:23,8.73,0.0,,,,18.0,29.0,0.3764,0.094094,0.0,0.094094,0.0,0.0,0.0,0.0,0.094094,0.43,moderate,0.04046,0.0,0.04046,0
2026-07-26T09:35:10.015002,10/19 10:15,10.43,0.0,,,,18.0,29.0,0.3764,0.094094,0.0,0.094094,0.0,0.0,0.0,0.0,0.094094,0.3,low,0.028228,0.0,0.028228,0
2026-07-26T09:35:10.030001,10/19 11:15,12.25,0.0,,,,18.0,29.0,0.3764,0.094094,0.0,0.094094,0.0,0.0,0.0,0.0,0.094094,0.3,low,0.028228,0.0,0.028228,0
2026-07-26T09:35:10.065008,10/19 12:15,14.03,0.0,,,,18.0,29.0,0.3764,0.094094,0.0,0.094094,0.0,0.0,0.0,0.0,0.094094,0.3,low,0.028228,0.0,0.028228,0
2026-07-26T09:35:24.987957,10/19 13:15,14.55,0.0,,,,18.0,29.0,0.3764,0.094094,0.0,0.094094,0.0,0.0,0.0,0.0,0.094094,0.3,low,0.028228,0.0,0.028228,0
2026-07-26T09:35:25.023955,10/19 14:15,15.15,0.0,,,,18.0,29.0,0.3764,0.094094,0.0,0.094094,0.0,0.0,0.0,0.0,0.094094,0.3,low,0.028228,0.0,0.028228,0
2026-07-26T09:35:25.039954,10/19 15:15,15.6,0.0,,,,18.0,29.0,0.3764,0.094094,0.0,0.094094,0.0,0.0,0.0,0.0,0.094094,0.3,low,0.028228,0.0,0.028228,0
2026-07-26T09:35:25.053954,10/19 16:15,15.3,0.0,,,,18.0,29.0,0.3764,0.094094,0.0,0.094094,0.0,0.0,0.0,0.0,0.094094,0.55,high,0.051752,0.0,0.051752,0
2026-07-26T09:35:25.068954,10/19 17:15,13.85,0.0,,,,18.0,29.0,0.3764,0.094094,0.0,0.094094,0.0,0.0,0.0,0.0,0.094094,0.55,high,0.051752,0.0,0.051752,0
2026-07-26T09:35:25.081955,10/19 18:15,11.92,0.0,,,,18.0,29.0,0.3764,0.094094,0.0,0.094094,0.0,0.0,0.0,0.0,0.094094,0.55,high,0.051752,0.0,0.051752,0
2026-07-26T09:35:38.957359,10/19 19:15,11.1,0.0,,,,18.0,29.0,0.3764,0.094094,0.0,0.094094,0.0,0.0,0.0,0.0,0.094094,0.55,high,0.051752,0.0,0.051752,0
2026-07-26T09:35:38.972358,10/19 20:15,10.82,0.0,,,,18.0,29.0,0.3764,0.094094,0.0,0.094094,0.0,0.0,0.0,0.0,0.094094,0.55,high,0.051752,0.0,0.051752,0
2026-07-26T09:35:38.987359,10/19 21:15,9.72,0.0,,,,18.0,29.0,0.3764,0.094094,0.0,0.094094,0.0,0.0,0.0,0.0,0.094094,0.4,moderate,0.037638,0.0,0.037638,0
2026-07-26T09:35:39.001358,10/19 22:15,8.48,0.0,,,,18.0,29.0,0.3764,0.094094,0.0,0.094094,0.0,0.0,0.0,0.0,0.094094,0.4,moderate,0.037638,0.0,0.037638,0
2026-07-26T09:35:39.014361,10/19 23:15,6.93,0.0,,,,18.0,29.0,0.3764,0.094094,0.0,0.094094,0.0,0.0,0.0,0.0,0.094094,0.4,moderate,0.037638,0.0,0.037638,0
2026-07-26T09:35:39.027358,10/20 00:15,5.97,0.0,,,,18.0,29.0,0.3764,0.094094,0.0,0.094094,0.0,0.0,0.0,0.0,0.094094,0.34,low,0.031992,0.0,0.031992,0
2026-07-26T09:35:52.703761,10/20 01:15,5.45,0.0,,,,18.0,29.0,0.3764,0.094094,0.0,0.094094,0.0,0.0,0.0,0.0,0.094094,0.34,low,0.031992,0.0,0.031992,0
2026-07-26T09:35:52.719754,10/20 02:15,5.0,0.0,,,,18.0,29.0,0.3764,0.094094,0.0,0.094094,0.0,0.0,0.0,0.0,0.094094,0.34,low,0.031992,0.0,0.031992,0
2026-07-26T09:35:52.749757,10/20 03:15,4.85,0.0,,,,18.0,29.0,0.3764,0.094094,0.0,0.094094,0.0,0.0,0.0,0.0,0.094094,0.34,low,0.031992,0.0,0.031992,0
2026-07-26T09:35:52.763753,10/20 04:15,4.12,0.0,,,,18.0,29.0,0.3764,0.094094,0.0,0.094094,0.0,0.0,0.0,0.0,0.094094,0.34,low,0.031992,0.0,0.031992,0
2026-07-26T09:35:52.774754,10/20 05:15,3.02,0.0,,,,18.0,29.0,0.3764,0.094094,0.0,0.094094,0.0,0.0,0.0,0.0,0.094094,0.34,low,0.031992,0.0,0.031992,0
2026-07-26T09:35:52.788753,10/20 06:15,2.62,0.0,,,,18.0,29.0,0.3764,0.094094,0.0,0.094094,0.0,0.0,0.0,0.0,0.094094,0.43,moderate,0.04046,0.0,0.04046,0
2026-07-26T09:36:06.604812,10/20 07:23,5.42,0.0,,,,18.0,29.0,0.3764,0.094094,0.0,0.094094,0.0,0.0,0.0,0.0,0.094094,0.43,moderate,0.04046,0.0,0.04046,0
2026-07-26T09:36:06.622818,10/20 08:23,11.25,0.0,,,,18.0,29.0,0.3764,0.094094,0.0,0.094094,0.0,0.0,0.0,0.0,0.094094,0.43,moderate,0.04046,0.0,0.04046,0
2026-07-26T09:36:06.638813,10/20 09:23,15.43,0.0,,,,18.0,29.0,0.3764,0.094094,0.0,0.094094,0.0,0.0,0.0,0.0,0.094094,0.43,moderate,0.04046,0.0,0.04046,0
2026-07-26T09:36:06.652811,10/20 10:15,17.1,0.0,,,,18.0,29.0,0.3764,0.094094,0.0,0.094094,0.0,0.0,0.0,0.0,0.094094,0.3,low,0.028228,0.0,0.028228,0
2026-07-26T09:36:06.665811,10/20 11:23,18.73,0.0,,,,18.0,29.0,0.3764,0.094094,0.0,0.094094,0.0,0.0,0.0,0.0,0.094094,0.3,low,0.028228,0.0,0.028228,0
2026-07-26T09:36:06.679811,10/20 12:23,20.27,0.0,,,,18.0,29.0,0.3764,0.094094,0.0,0.094094,0.0,0.0,0.0,0.0,0.094094,0.3,low,0.028228,0.0,0.028228,0
2026-07-26T09:36:20.683197,10/20 13:23,21.38,0.0,,,,18.0,29.0,0.3764,0.094094,0.0,0.094094,0.0,0.0,0.0,0.0,0.094094,0.3,low,0.028228,0.0,0.028228,0
2026-07-26T09:36:20.700196,10/20 14:23,22.35,0.0,,,,18.0,29.0,0.3764,0.094094,0.0,0.094094,0.0,0.0,0.0,0.0,0.094094,0.3,low,0.028228,0.0,0.028228,0
2026-07-26T09:36:20.714196,10/20 15:15,22.53,0.0,,,,18.0,29.0,0.3764,0.094094,0.0,0.094094,0.0,0.0,0.0,0.0,0.094094,0.3,low,0.028228,0.0,0.028228,0
2026-07-26T09:36:20.727198,10/20 16:15,20.72,0.0,,,,18.0,29.0,0.3764,0.094094,0.0,0.094094,0.0,0.0,0.0,0.0,0.094094,0.55,high,0.051752,0.0,0.051752,0
2026-07-26T09:36:20.741205,10/20 17:20,17.25,0.0,,,,18.0,29.0,0.3764,0.094094,0.0,0.094094,0.0,0.0,0.0,0.0,0.094094,0.55,high,0.051752,0.0,0.051752,0
2026-07-26T09:36:20.781197,10/20 18:23,15.02,0.0,,,,18.0,29.0,0.3764,0.094094,0.0,0.094094,0.0,0.0,0.0,0.0,0.094094,0.55,high,0.051752,0.0,0.051752,0
2026-07-26T09:36:34.424224,10/20 19:15,13.45,0.0,,,,18.0,29.0,0.3764,0.094094,0.0,0.094094,0.0,0.0,0.0,0.0,0.094094,0.55,high,0.051752,0.0,0.051752,0
2026-07-26T09:36:34.441226,10/20 20:15,13.9,0.0,,,,18.0,29.0,0.3764,0.094094,0.0,0.094094,0.0,0.0,0.0,0.0,0.094094,0.55,high,0.051752,0.0,0.051752,0
2026-07-26T09:36:34.457225,10/20 21:15,14.03,0.0,,,,18.0,29.0,0.3764,0.094094,0.0,0.094094,0.0,0.0,0.0,0.0,0.094094,0.4,moderate,0.037638,0.0,0.037638,0
2026-07-26T09:36:34.470224,10/20 22:15,14.7,0.0,,,,18.0,29.0,0.3764,0.094094,0.0,0.094094,0.0,0.0,0.0,0.0,0.094094,0.4,moderate,0.037638,0.0,0.037638,0
2026-07-26T09:36:34.483224,10/20 23:15,15.45,0.0,,,,18.0,29.0,0.3764,0.094094,0.0,0.094094,0.0,0.0,0.0,0.0,0.094094,0.4,moderate,0.037638,0.0,0.037638,0
2026-07-26T09:36:34.496224,10/21 00:15,14.72,0.0,,,,18.0,29.0,0.3764,0.094094,0.0,0.094094,0.0,0.0,0.0,0.0,0.094094,0.34,low,0.031992,0.0,0.031992,0
2026-07-26T09:36:48.742461,10/21 01:15,13.62,0.0,,,,18.0,29.0,0.3764,0.094094,0.0,0.094094,0.0,0.0,0.0,0.0,0.094094,0.34,low,0.031992,0.0,0.031992,0
2026-07-26T09:36:48.758457,10/21 02:15,12.8,0.0,,,,18.0,29.0,0.3764,0.094094,0.0,0.094094,0.0,0.0,0.0,0.0,0.094094,0.34,low,0.031992,0.0,0.031992,0
2026-07-26T09:36:48.774457,10/21 03:15,12.65,0.0,,,,18.0,29.0,0.3764,0.094094,0.0,0.094094,0.0,0.0,0.0,0.0,0.094094,0.34,low,0.031992,0.0,0.031992,0
2026-07-26T09:36:48.788458,10/21 04:15,12.2,0.0,,,,18.0,29.0,0.3764,0.094094,0.0,0.094094,0.0,0.0,0.0,0.0,0.094094,0.34,low,0.031992,0.0,0.031992,0
2026-07-26T09:36:48.827455,10/21 05:15,12.07,0.0,,,,18.0,29.0,0.3764,0.094094,0.0,0.094094,0.0,0.0,0.0,0.0,0.094094,0.34,low,0.031992,0.0,0.031992,0
2026-07-26T09:36:48.842455,10/21 06:15,11.97,0.0,,,,18.0,29.0,0.3764,0.094094,0.0,0.094094,0.0,0.0,0.0,0.0,0.094094,0.43,moderate,0.04046,0.0,0.04046,0
2026-07-26T09:37:03.801985,10/21 07:15,13.5,0.0,,,,18.0,29.0,0.3764,0.094094,0.120945,0.094094,0.013774,0.286592,0.209802,0.102602,0.380686,0.43,moderate,0.04046,0.051873,0.092334,0
2026-07-26T09:37:03.818982,10/21 08:23,16.15,0.0,,,,18.0,29.0,0.3764,0.094094,0.161426,0.094094,0.025106,0.274416,0.210047,0.323866,0.36851,0.43,moderate,0.04046,0.049669,0.09013,0
2026-07-26T09:37:03.838981,10/21 09:23,18.35,52.0,22.76,21.42,25.0,18.0,29.0,0.3764,0.094094,0.195005,0.094094,0.031086,0.233695,0.187401,0.498006,0.327789,0.43,moderate,0.04046,0.042299,0.082759,0
2026-07-26T09:37:03.856981,10/21 10:23,20.82,52.0,24.69,23.09,27.19,18.0,29.0,0.3764,0.094094,0.228861,0.094094,0.034085,0.196972,0.162685,0.672811,0.291066,0.3,low,0.028228,0.035652,0.06388,1
2026-07-26T09:37:03.873983,10/21 11:23,23.58,52.0,25.63,24.04,27.81,18.0,29.0,0.3764,0.094094,0.282234,0.094094,0.038691,0.163024,0.137634,0.934925,0.257118,0.3,low,0.028228,0.029507,0.057736,1
2026-07-26T09:37:03.889982,10/21 12:23,24.55,41.6,25.98,24.49,27.4,18.0,29.0,0.3764,0.094094,0.333763,0.094094,0.045928,0.134638,0.115493,1.173942,0.228732,0.3,low,0.028228,0.024369,0.052598,1
2026-07-26T09:37:19.614163,10/21 13:15,25.27,20.8,25.74,24.42,26.67,20.0,27.0,0.3764,0.094094,0.32729,0.094094,0.045876,0.118507,0.101973,1.131623,0.212601,0.3,low,0.028228,0.02145,0.049678,1
2026-07-26T09:37:19.633088,10/21 14:15,25.83,41.6,26.03,24.91,26.99,20.0,27.0,0.3768,0.094195,0.354106,0.094195,0.051034,0.092059,0.08094,1.25215,0.186254,0.3,low,0.028258,0.016663,0.044921,1
2026-07-26T09:37:19.653593,10/21 15:15,24.73,52.0,26.15,25.41,27.0,20.0,27.0,0.3822,0.095558,0.322349,0.095558,0.048488,0.0,0.0,1.099081,0.095558,0.3,low,0.028667,0.0,0.028667,1
2026-07-26T09:37:19.670592,10/21 16:15,23.35,52.0,25.95,25.13,26.98,20.0,27.0,0.3764,0.094094,0.301682,0.094094,0.049202,0.086571,0.075542,1.006931,0.180665,0.55,high,0.051752,0.015669,0.067421,1
2026-07-26T09:37:19.685981,10/21 17:15,21.0,52.0,25.21,24.38,25.97,20.0,27.0,0.3764,0.094094,0.260959,0.094094,0.046483,0.086363,0.07445,0.808224,0.180457,0.55,high,0.051752,0.015632,0.067383,0
2026-07-26T09:37:19.702377,10/21 18:15,19.32,52.0,24.66,23.83,25.78,20.0,27.0,0.3764,0.094094,0.216715,0.094094,0.041514,0.095623,0.08051,0.586415,0.189717,0.55,high,0.051752,0.017308,0.069059,0
2026-07-26T09:37:35.903335,10/21 19:15,20.45,26.0,23.35,22.59,24.34,20.0,26.0,0.3764,0.094094,0.252729,0.094094,0.042346,0.125529,0.101174,0.793429,0.219623,0.55,high,0.051752,0.022721,0.074472,0
2026-07-26T09:37:35.922335,10/21 20:15,19.85,0.0,,,,20.0,26.0,0.3764,0.094094,0.231095,0.094094,0.032918,0.159415,0.124313,0.673592,0.253509,0.55,high,0.051752,0.028854,0.080606,0
2026-07-26T09:37:35.937336,10/21 21:15,19.27,0.0,,,,20.0,26.0,0.3764,0.094094,0.0,0.094094,0.0,0.0,0.0,0.0,0.094094,0.4,moderate,0.037638,0.0,0.037638,0
2026-07-26T09:37:35.952338,10/21 22:15,19.02,0.0,,,,20.0,26.0,0.3764,0.094094,0.0,0.094094,0.0,0.0,0.0,0.0,0.094094,0.4,moderate,0.037638,0.0,0.037638,0
2026-07-26T09:37:35.968335,10/21 23:15,19.12,0.0,,,,20.0,26.0,0.3764,0.094094,0.0,0.094094,0.0,0.0,0.0,0.0,0.094094,0.4,moderate,0.037638,0.0,0.037638,0
2026-07-26T09:37:35.984335,10/22 00:15,18.3,0.0,,,,20.0,26.0,0.3764,0.094094,0.0,0.094094,0.0,0.0,0.0,0.0,0.094094,0.34,low,0.031992,0.0,0.031992,0
2026-07-26T09:37:51.550223,10/22 01:15,18.18,0.0,,,,18.0,28.0,0.3764,0.094094,0.0,0.094094,0.0,0.0,0.0,0.0,0.094094,0.34,low,0.031992,0.0,0.031992,0
2026-07-26T09:37:51.568148,10/22 02:15,17.65,0.0,,,,18.0,28.0,0.3764,0.094094,0.0,0.094094,0.0,0.0,0.0,0.0,0.094094,0.34,low,0.031992,0.0,0.031992,0
2026-07-26T09:37:51.585143,10/22 03:15,17.2,0.0,,,,18.0,28.0,0.3764,0.094094,0.0,0.094094,0.0,0.0,0.0,0.0,0.094094,0.34,low,0.031992,0.0,0.031992,0
2026-07-26T09:37:51.600982,10/22 04:15,17.2,0.0,,,,18.0,28.0,0.3764,0.094094,0.0,0.094094,0.0,0.0,0.0,0.0,0.094094,0.34,low,0.031992,0.0,0.031992,0
2026-07-26T09:37:51.614980,10/22 05:15,17.07,0.0,,,,18.0,28.0,0.3764,0.094094,0.0,0.094094,0.0,0.0,0.0,0.0,0.094094,0.34,low,0.031992,0.0,0.031992,0
2026-07-26T09:37:51.629974,10/22 06:15,16.55,0.0,,,,18.0,28.0,0.3764,0.094094,0.0,0.094094,0.0,0.0,0.0,0.0,0.094094,0.43,moderate,0.04046,0.0,0.04046,0
2026-07-26T09:38:06.650551,10/22 07:15,16.1,0.0,,,,18.0,29.0,0.3764,0.094094,0.170846,0.094094,0.018251,0.261421,0.19359,0.364452,0.355515,0.43,moderate,0.04046,0.047317,0.087778,0
2026-07-26T09:38:06.671549,10/22 08:15,16.53,0.0,,,,18.0,29.0,0.3764,0.094094,0.17709,0.094094,0.019194,0.256336,0.196364,0.405014,0.35043,0.43,moderate,0.04046,0.046397,0.086857,0
2026-07-26T09:38:06.691549,10/22 09:23,18.35,52.0,22.12,21.5,22.85,18.0,29.0,0.3764,0.094094,0.207177,0.094094,0.025188,0.226341,0.180289,0.563591,0.320435,0.43,moderate,0.04046,0.040968,0.081428,0
2026-07-26T09:38:06.713547,10/22 10:23,20.43,52.0,23.76,22.98,24.42,18.0,29.0,0.3764,0.094094,0.252449,0.094094,0.032001,0.200483,0.163504,0.796296,0.294577,0.3,low,0.028228,0.036287,0.064516,0
2026-07-26T09:38:06.734548,10/22 11:15,21.82,52.0,24.78,23.92,25.26,18.0,29.0,0.3764,0.094094,0.294709,0.094094,0.038061,0.177554,0.147006,1.003178,0.271648,0.3,low,0.028228,0.032137,0.060365,0
2026-07-26T09:38:06.753551,10/22 12:15,22.35,41.6,25.02,24.16,25.54,18.0,29.0,0.3764,0.094094,0.290114,0.094094,0.038377,0.156658,0.131171,0.969311,0.250752,0.3,low,0.028228,0.028355,0.056583,0
2026-07-26T09:38:23.945311,10/22 13:15,22.53,20.8,24.87,24.02,25.41,20.0,27.0,0.3764,0.094094,0.299871,0.094094,0.040846,0.143028,0.120154,1.015448,0.237122,0.3,low,0.028228,0.025888,0.054116,0
2026-07-26T09:38:23.962305,10/22 14:15,21.55,41.6,25.23,24.35,25.74,20.0,27.0,0.3764,0.094094,0.272442,0.094094,0.039478,0.129356,0.109154,0.875497,0.22345,0.3,low,0.028228,0.023413,0.051642,0
2026-07-26T09:38:23.978304,10/22 15:15,19.73,52.0,25.25,24.39,25.93,20.0,27.0,0.3764,0.094094,0.261451,0.094094,0.038931,0.118566,0.100242,0.826179,0.21266,0.3,low,0.028228,0.02146,0.049689,0
2026-07-26T09:38:23.993305,10/22 16:15,15.45,52.0,24.83,23.99,25.86,20.0,27.0,0.3764,0.094094,0.170106,0.094094,0.031959,0.114637,0.096406,0.324003,0.208731,0.55,high,0.051752,0.020749,0.072501,0
2026-07-26T09:38:24.009311,10/22 17:15,14.72,52.0,24.18,23.32,25.48,20.0,27.0,0.3764,0.094094,0.156617,0.094094,0.029022,0.12049,0.099769,0.276655,0.214584,0.55,high,0.051752,0.021809,0.07356,0
2026-07-26T09:38:24.025307,10/22 18:15,13.75,52.0,23.82,22.92,25.3,20.0,27.0,0.3764,0.094094,0.141668,0.094094,0.026729,0.130929,0.106568,0.189608,0.225023,0.55,high,0.051752,0.023698,0.07545,0
2026-07-26T09:38:40.036566,10/22 19:15,13.03,26.0,22.51,21.72,23.92,20.0,26.0,0.3764,0.094094,0.13232,0.094094,0.022892,0.155514,0.123254,0.142295,0.249608,0.55,high,0.051752,0.028148,0.0799,0
2026-07-26T09:38:40.054564,10/22 20:15,12.2,0.0,,,,20.0,26.0,0.3764,0.094094,0.117798,0.094094,0.018262,0.190596,0.147274,0.055373,0.28469,0.55,high,0.051752,0.034498,0.08625,0
2026-07-26T09:38:40.071564,10/22 21:15,12.2,0.0,,,,20.0,26.0,0.3764,0.094094,0.0,0.094094,0.0,0.0,0.0,0.0,0.094094,0.4,moderate,0.037638,0.0,0.037638,0
2026-07-26T09:38:40.085562,10/22 22:15,12.07,0.0,,,,20.0,26.0,0.3764,0.094094,0.0,0.094094,0.0,0.0,0.0,0.0,0.094094,0.4,moderate,0.037638,0.0,0.037638,0
2026-07-26T09:38:40.100562,10/22 23:15,11.55,0.0,,,,20.0,26.0,0.3764,0.094094,0.0,0.094094,0.0,0.0,0.0,0.0,0.094094,0.4,moderate,0.037638,0.0,0.037638,0
2026-07-26T09:38:40.114562,10/23 00:15,11.1,0.0,,,,20.0,26.0,0.3764,0.094094,0.0,0.094094,0.0,0.0,0.0,0.0,0.094094,0.34,low,0.031992,0.0,0.031992,0
2026-07-26T09:38:54.779481,10/23 01:15,10.82,0.0,,,,18.0,28.0,0.3764,0.094094,0.0,0.094094,0.0,0.0,0.0,0.0,0.094094,0.34,low,0.031992,0.0,0.031992,0
2026-07-26T09:38:54.797482,10/23 02:15,10.0,0.0,,,,18.0,28.0,0.3764,0.094094,0.0,0.094094,0.0,0.0,0.0,0.0,0.094094,0.34,low,0.031992,0.0,0.031992,0
2026-07-26T09:38:54.812480,10/23 03:15,9.85,0.0,,,,18.0,28.0,0.3764,0.094094,0.0,0.094094,0.0,0.0,0.0,0.0,0.094094,0.34,low,0.031992,0.0,0.031992,0
2026-07-26T09:38:54.825480,10/23 04:15,9.28,0.0,,,,18.0,28.0,0.3764,0.094094,0.0,0.094094,0.0,0.0,0.0,0.0,0.094094,0.34,low,0.031992,0.0,0.031992,0
2026-07-26T09:38:54.840480,10/23 05:15,8.75,0.0,,,,18.0,28.0,0.3764,0.094094,0.0,0.094094,0.0,0.0,0.0,0.0,0.094094,0.34,low,0.031992,0.0,0.031992,0
2026-07-26T09:38:54.854479,10/23 06:15,8.3,0.0,,,,18.0,28.0,0.3764,0.094094,0.0,0.094094,0.0,0.0,0.0,0.0,0.094094,0.43,moderate,0.04046,0.0,0.04046,0
2026-07-26T09:39:09.167798,10/23 07:15,8.03,0.0,,,,18.0,29.0,0.3764,0.094094,0.0,0.094094,0.001347,0.646131,0.471633,0.0,0.740225,0.43,moderate,0.04046,0.11695,0.15741,0
2026-07-26T09:39:09.188797,10/23 08:23,7.48,0.0,,,,18.0,29.0,0.3764,0.094094,0.0,0.094094,0.001821,0.734927,0.559155,0.0,0.829021,0.43,moderate,0.04046,0.133022,0.173482,0
2026-07-26T09:39:09.205797,10/23 09:23,8.73,52.0,21.85,20.69,23.41,18.0,29.0,0.3764,0.094094,0.0,0.094094,0.001266,0.533011,0.453844,0.0,0.627105,0.43,moderate,0.04046,0.096475,0.136935,0
2026-07-26T09:39:09.220796,10/23 10:23,10.0,52.0,23.44,22.19,24.79,18.0,29.0,0.3764,0.094094,0.0,0.094094,0.000682,0.330198,0.301015,0.0,0.424292,0.3,low,0.028228,0.059766,0.087994,0
2026-07-26T09:39:09.234796,10/23 11:15,10.15,52.0,24.16,22.92,25.21,18.0,29.0,0.3764,0.094094,0.0,0.094094,0.000628,0.33299,0.283766,0.0,0.427084,0.3,low,0.028228,0.060271,0.088499,0
2026-07-26T09:39:09.248796,10/23 12:15,10.45,41.6,24.29,23.13,25.0,18.0,29.0,0.3764,0.094094,0.0,0.094094,0.000452,0.254674,0.222216,0.0,0.348768,0.3,low,0.028228,0.046096,0.074324,0
2026-07-26T09:39:24.133947,10/23 13:15,10.15,20.8,24.1,22.99,24.73,20.0,27.0,0.3764,0.094094,0.0,0.094094,0.000556,0.321837,0.259602,0.0,0.415931,0.3,low,0.028228,0.058252,0.086481,0
2026-07-26T09:39:24.150944,10/23 14:15,10.3,41.6,24.66,23.54,25.83,20.0,27.0,0.3764,0.094094,0.0,0.094094,0.000399,0.236392,0.201557,0.0,0.330486,0.3,low,0.028228,0.042787,0.071015,0
2026-07-26T09:39:24.164943,10/23 15:15,9.28,52.0,24.83,23.91,26.1,20.0,27.0,0.3764,0.094094,0.0,0.094094,0.000633,0.373069,0.285702,0.0,0.467163,0.3,low,0.028228,0.067525,0.095754,1
2026-07-26T09:39:24.179943,10/23 16:15,8.48,52.0,24.76,23.5,26.22,20.0,27.0,0.3764,0.094094,0.0,0.094094,0.00074,0.415223,0.319462,0.0,0.509317,0.55,high,0.051752,0.075155,0.126907,1
2026-07-26T09:39:24.192945,10/23 17:23,6.8,52.0,24.02,22.82,25.34,20.0,27.0,0.3764,0.094094,0.0,0.094094,0.001264,0.624067,0.4539,0.0,0.718161,0.55,high,0.051752,0.112956,0.164708,0
2026-07-26T09:39:24.206943,10/23 18:15,5.45,52.0,23.35,22.36,25.11,20.0,27.0,0.3764,0.094094,0.0,0.094094,0.001994,0.788781,0.586404,0.0,0.882875,0.55,high,0.051752,0.142769,0.194521,0
2026-07-26T09:39:38.870800,10/23 19:15,5.0,26.0,21.88,21.09,23.7,20.0,26.0,0.3764,0.094094,0.0,0.094094,0.002463,0.83289,0.650603,0.0,0.926984,0.55,high,0.051752,0.150753,0.202505,0
2026-07-26T09:39:38.888800,10/23 20:23,4.17,0.0,,,,20.0,26.0,0.3764,0.094094,0.0,0.094094,0.002668,0.847122,0.674949,0.0,0.941216,0.55,high,0.051752,0.153329,0.205081,0
2026-07-26T09:39:38.903799,10/23 21:15,1.82,0.0,,,,20.0,26.0,0.3764,0.094094,0.0,0.094094,0.0,0.0,0.0,0.0,0.094094,0.4,moderate,0.037638,0.0,0.037638,0
2026-07-26T09:39:38.917799,10/23 22:15,1.8,0.0,,,,20.0,26.0,0.3764,0.094094,0.0,0.094094,0.000397,0.178986,0.273094,0.0,0.27308,0.4,moderate,0.037638,0.032396,0.070034,0
2026-07-26T09:39:38.931799,10/23 23:15,0.72,0.0,,,,20.0,26.0,0.3764,0.094094,0.0,0.094094,0.000827,0.551228,0.514841,0.0,0.645322,0.4,moderate,0.037638,0.099772,0.13741,0
2026-07-26T09:39:38.944800,10/24 00:15,0.83,0.0,,,,20.0,26.0,0.3764,0.094094,0.0,0.094094,0.001051,0.771,0.629031,0.0,0.865094,0.34,low,0.031992,0.139551,0.171543,0
2026-07-26T09:39:53.872022,10/24 01:15,0.15,0.0,,,,18.0,28.0,0.3764,0.094094,0.0,0.094094,0.0,0.0,0.0,0.0,0.094094,0.34,low,0.031992,0.0,0.031992,0
2026-07-26T09:39:53.890016,10/24 02:15,0.3,0.0,,,,18.0,28.0,0.3764,0.094094,0.0,0.094094,0.0,0.0,0.0,0.0,0.094094,0.34,low,0.031992,0.0,0.031992,0
2026-07-26T09:39:53.905016,10/24 03:15,-0.3,0.0,,,,18.0,28.0,0.3764,0.094094,0.0,0.094094,0.0,0.0,0.0,0.0,0.094094,0.34,low,0.031992,0.0,0.031992,0
2026-07-26T09:39:53.920017,10/24 04:15,0.72,0.0,,,,18.0,28.0,0.3764,0.094094,0.0,0.094094,0.0,0.0,0.0,0.0,0.094094,0.34,low,0.031992,0.0,0.031992,0
2026-07-26T09:39:53.934017,10/24 05:15,1.1,0.0,,,,18.0,28.0,0.3764,0.094094,0.0,0.094094,0.0,0.0,0.0,0.0,0.094094,0.34,low,0.031992,0.0,0.031992,0
2026-07-26T09:39:53.947017,10/24 06:15,1.38,0.0,,,,18.0,28.0,0.3764,0.094094,0.0,0.094094,0.0,0.0,0.0,0.0,0.094094,0.43,moderate,0.04046,0.0,0.04046,0
2026-07-26T09:40:07.828300,10/24 07:23,2.9,0.0,,,,18.0,29.0,0.3764,0.094094,0.0,0.094094,0.004352,1.241649,0.984401,0.0,1.335743,0.43,moderate,0.04046,0.224738,0.265199,0
2026-07-26T09:40:07.848301,10/24 08:23,5.55,0.0,,,,18.0,29.0,0.3764,0.094094,0.0,0.094094,0.003518,0.912149,0.758144,0.0,1.006243,0.43,moderate,0.04046,0.165099,0.205559,0
2026-07-26T09:40:07.866301,10/24 09:23,7.48,52.0,21.71,20.16,24.77,18.0,29.0,0.3764,0.094094,0.0,0.094094,0.001928,0.698886,0.561727,0.0,0.79298,0.43,moderate,0.04046,0.126498,0.166959,0
2026-07-26T09:40:07.883299,10/24 10:23,8.88,52.0,23.46,21.65,26.57,18.0,29.0,0.3764,0.094094,0.0,0.094094,0.001254,0.526816,0.45025,0.0,0.62091,0.3,low,0.028228,0.095354,0.123582,1
2026-07-26T09:40:07.900300,10/24 11:23,10.72,52.0,24.32,22.52,26.98,18.0,29.0,0.3764,0.094094,0.0,0.094094,0.000516,0.255056,0.245028,0.0,0.34915,0.3,low,0.028228,0.046165,0.074393,1
2026-07-26T09:40:07.917301,10/24 12:23,11.52,41.6,24.56,22.88,26.29,18.0,29.0,0.3764,0.094094,0.0,0.094094,0.000359,0.199339,0.185438,0.0,0.293433,0.3,low,0.028228,0.03608,0.064309,1
2026-07-26T09:40:24.089569,10/24 13:15,12.8,20.8,24.36,22.79,25.47,20.0,27.0,0.3764,0.094094,0.120196,0.094094,0.014928,0.152531,0.140869,0.10227,0.246625,0.3,low,0.028228,0.027608,0.055836,0
2026-07-26T09:40:24.110662,10/24 14:15,12.93,41.6,24.9,23.43,26.88,20.0,27.0,0.3764,0.094094,0.124149,0.094094,0.016609,0.139647,0.125782,0.102266,0.233741,0.3,low,0.028228,0.025276,0.053504,1
2026-07-26T09:40:24.127622,10/24 15:15,13.18,52.0,25.17,24.21,27.0,20.0,27.0,0.3847,0.096173,0.131443,0.096173,0.018118,0.0,0.0,0.152923,0.096173,0.3,low,0.028852,0.0,0.028852,1
2026-07-26T09:40:24.144621,10/24 16:15,12.38,52.0,25.18,23.82,27.0,20.0,27.0,0.3816,0.0954,0.127653,0.0954,0.036761,0.022422,0.024776,0.102239,0.117822,0.55,high,0.05247,0.004058,0.056528,1
2026-07-26T09:40:24.159626,10/24 17:23,10.97,52.0,24.51,23.2,25.91,20.0,27.0,0.3764,0.094094,0.0,0.094094,0.000246,0.163321,0.136819,0.0,0.257415,0.55,high,0.051752,0.029561,0.081313,0
2026-07-26T09:40:24.175667,10/24 18:15,10.6,52.0,23.84,22.79,25.32,20.0,27.0,0.3764,0.094094,0.0,0.094094,0.00035,0.232998,0.182381,0.0,0.327092,0.55,high,0.051752,0.042173,0.093924,0
2026-07-26T09:40:40.413156,10/24 19:15,10.45,26.0,22.38,21.56,23.91,20.0,26.0,0.3764,0.094094,0.0,0.094094,0.000391,0.255432,0.198959,0.0,0.349526,0.55,high,0.051752,0.046233,0.097985,0
2026-07-26T09:40:40.434158,10/24 20:15,10.0,0.0,,,,20.0,26.0,0.3764,0.094094,0.0,0.094094,0.000584,0.362992,0.269452,0.0,0.457086,0.55,high,0.051752,0.065702,0.117453,0
2026-07-26T09:40:40.450157,10/24 21:15,10.0,0.0,,,,20.0,26.0,0.3764,0.094094,0.0,0.094094,0.0,0.0,0.0,0.0,0.094094,0.4,moderate,0.037638,0.0,0.037638,0
2026-07-26T09:40:40.465158,10/24 22:15,9.72,0.0,,,,20.0,26.0,0.3764,0.094094,0.0,0.094094,0.0,0.0,0.0,0.0,0.094094,0.4,moderate,0.037638,0.0,0.037638,0
2026-07-26T09:40:40.481161,10/24 23:15,8.75,0.0,,,,20.0,26.0,0.3764,0.094094,0.0,0.094094,1e-06,0.000484,0.000734,0.0,0.094578,0.4,moderate,0.037638,8.8e-05,0.037725,0
2026-07-26T09:40:40.497159,10/25 00:15,8.45,0.0,,,,20.0,26.0,0.3764,0.094094,0.0,0.094094,0.000185,0.121942,0.133396,0.0,0.216036,0.34,low,0.031992,0.022072,0.054063,0
2026-07-26T09:40:56.155289,10/25 01:15,9.03,0.0,,,,18.0,28.0,0.3764,0.094094,0.0,0.094094,0.0,0.0,0.0,0.0,0.094094,0.34,low,0.031992,0.0,0.031992,0
2026-07-26T09:40:56.174286,10/25 02:15,9.55,0.0,,,,18.0,28.0,0.3764,0.094094,0.0,0.094094,0.0,0.0,0.0,0.0,0.094094,0.34,low,0.031992,0.0,0.031992,0
2026-07-26T09:40:56.191294,10/25 03:15,10.15,0.0,,,,18.0,28.0,0.3764,0.094094,0.0,0.094094,0.0,0.0,0.0,0.0,0.094094,0.34,low,0.031992,0.0,0.031992,0
2026-07-26T09:40:56.207286,10/25 04:15,10.72,0.0,,,,18.0,28.0,0.3764,0.094094,0.0,0.094094,0.0,0.0,0.0,0.0,0.094094,0.34,low,0.031992,0.0,0.031992,0
2026-07-26T09:40:56.222299,10/25 05:15,10.82,0.0,,,,18.0,28.0,0.3764,0.094094,0.0,0.094094,0.0,0.0,0.0,0.0,0.094094,0.34,low,0.031992,0.0,0.031992,0
2026-07-26T09:40:56.238287,10/25 06:15,9.85,0.0,,,,18.0,28.0,0.3764,0.094094,0.0,0.094094,0.0,0.0,0.0,0.0,0.094094,0.43,moderate,0.04046,0.0,0.04046,0
2026-07-26T09:41:11.432505,10/25 07:15,9.4,0.0,,,,18.0,29.0,0.3764,0.094094,0.0,0.094094,0.000991,0.545917,0.387534,0.0,0.640011,0.43,moderate,0.04046,0.098811,0.139271,0
2026-07-26T09:41:11.451502,10/25 08:15,9.55,0.0,,,,18.0,29.0,0.3764,0.094094,0.0,0.094094,0.000994,0.498687,0.389397,0.0,0.592781,0.43,moderate,0.04046,0.090262,0.130723,0
2026-07-26T09:41:11.469502,10/25 09:23,10.15,52.0,21.14,20.53,22.37,18.0,29.0,0.3764,0.094094,0.0,0.094094,0.000764,0.389586,0.326236,0.0,0.48368,0.43,moderate,0.04046,0.070515,0.110975,0
2026-07-26T09:41:11.487508,10/25 10:15,10.88,52.0,22.52,21.79,23.9,18.0,29.0,0.3764,0.094094,0.0,0.094094,0.000571,0.307845,0.264527,0.0,0.401939,0.3,low,0.028228,0.05572,0.083948,0
2026-07-26T09:41:11.503504,10/25 11:15,12.1,52.0,23.21,22.45,24.52,18.0,29.0,0.3764,0.094094,0.107,0.094094,0.01213,0.200162,0.180418,0.015824,0.294256,0.3,low,0.028228,0.036229,0.064458,0
2026-07-26T09:41:11.518502,10/25 12:15,13.45,41.6,23.53,22.77,24.67,18.0,29.0,0.3764,0.094094,0.130892,0.094094,0.016015,0.194153,0.169054,0.173532,0.288247,0.3,low,0.028228,0.035142,0.06337,0
2026-07-26T09:41:28.059567,10/25 13:15,14.18,20.8,23.45,22.72,24.37,20.0,27.0,0.3764,0.094094,0.165777,0.094094,0.02095,0.188311,0.160575,0.349987,0.282405,0.3,low,0.028228,0.034084,0.062312,0
2026-07-26T09:41:28.078569,10/25 14:15,15.15,41.6,24.09,23.34,24.97,20.0,27.0,0.3764,0.094094,0.197305,0.094094,0.026649,0.176908,0.149683,0.513911,0.271002,0.3,low,0.028228,0.03202,0.060249,0
2026-07-26T09:41:28.095566,10/25 15:15,15.6,52.0,24.3,23.52,25.31,20.0,27.0,0.3764,0.094094,0.20923,0.094094,0.028906,0.16458,0.138795,0.573191,0.258674,0.3,low,0.028228,0.029789,0.058017,0
2026-07-26T09:41:28.111566,10/25 16:15,15.72,52.0,24.16,23.36,25.3,20.0,27.0,0.3764,0.094094,0.209579,0.094094,0.029117,0.157522,0.132033,0.573191,0.251616,0.55,high,0.051752,0.028511,0.080263,0
2026-07-26T09:41:28.125566,10/25 17:15,15.83,52.0,23.76,22.94,25.02,20.0,27.0,0.3764,0.094094,0.229201,0.094094,0.034735,0.155771,0.129397,0.677194,0.249865,0.55,high,0.051752,0.028195,0.079946,0
2026-07-26T09:41:28.139565,10/25 18:15,14.57,52.0,23.56,22.69,24.95,20.0,27.0,0.3764,0.094094,0.189445,0.094094,0.029815,0.157517,0.129579,0.450613,0.251611,0.55,high,0.051752,0.028511,0.080262,0
2026-07-26T09:41:44.135386,10/25 19:15,13.03,26.0,22.32,21.55,23.67,20.0,26.0,0.3764,0.094094,0.149484,0.094094,0.022547,0.172161,0.138973,0.22925,0.266255,0.55,high,0.051752,0.031161,0.082913,0
2026-07-26T09:41:44.153340,10/25 20:15,11.92,0.0,,,,20.0,26.0,0.3764,0.094094,0.118076,0.094094,0.014588,0.199405,0.157283,0.055482,0.293499,0.55,high,0.051752,0.036092,0.087844,0
2026-07-26T09:41:44.171339,10/25 21:15,10.82,0.0,,,,20.0,26.0,0.3764,0.094094,0.0,0.094094,0.0,0.0,0.0,0.0,0.094094,0.4,moderate,0.037638,0.0,0.037638,0
2026-07-26T09:41:44.188345,10/25 22:15,10.0,0.0,,,,20.0,26.0,0.3764,0.094094,0.0,0.094094,0.0,0.0,0.0,0.0,0.094094,0.4,moderate,0.037638,0.0,0.037638,0
2026-07-26T09:41:44.201872,10/25 23:15,9.85,0.0,,,,20.0,26.0,0.3764,0.094094,0.0,0.094094,0.0,0.0,0.0,0.0,0.094094,0.4,moderate,0.037638,0.0,0.037638,0
2026-07-26T09:41:44.216912,10/26 00:15,9.28,0.0,,,,20.0,26.0,0.3764,0.094094,0.0,0.094094,7.2e-05,0.049971,0.057606,0.0,0.144065,0.34,low,0.031992,0.009045,0.041037,0
2026-07-26T09:41:58.383873,10/26 01:15,8.62,0.0,,,,18.0,28.0,0.3764,0.094094,0.0,0.094094,0.0,0.0,0.0,0.0,0.094094,0.34,low,0.031992,0.0,0.031992,0
2026-07-26T09:41:58.398871,10/26 02:15,7.65,0.0,,,,18.0,28.0,0.3764,0.094094,0.0,0.094094,0.0,0.0,0.0,0.0,0.094094,0.34,low,0.031992,0.0,0.031992,0
2026-07-26T09:41:58.412870,10/26 03:15,7.2,0.0,,,,18.0,28.0,0.3764,0.094094,0.0,0.094094,0.0,0.0,0.0,0.0,0.094094,0.34,low,0.031992,0.0,0.031992,0
2026-07-26T09:41:58.426870,10/26 04:15,7.08,0.0,,,,18.0,28.0,0.3764,0.094094,0.0,0.094094,0.0,0.0,0.0,0.0,0.094094,0.34,low,0.031992,0.0,0.031992,0
2026-07-26T09:41:58.440870,10/26 05:15,6.7,0.0,,,,18.0,28.0,0.3764,0.094094,0.0,0.094094,0.0,0.0,0.0,0.0,0.094094,0.34,low,0.031992,0.0,0.031992,0
2026-07-26T09:41:58.453871,10/26 06:15,6.43,0.0,,,,18.0,28.0,0.3764,0.094094,0.0,0.094094,0.0,0.0,0.0,0.0,0.094094,0.43,moderate,0.04046,0.0,0.04046,0
2026-07-26T09:42:12.637358,10/26 07:15,5.72,0.0,,,,18.0,29.0,0.3764,0.094094,0.0,0.094094,0.0,0.0,0.0,0.0,0.094094,0.43,moderate,0.04046,0.0,0.04046,0
2026-07-26T09:42:12.657601,10/26 08:15,6.37,0.0,,,,18.0,29.0,0.3764,0.094094,0.0,0.094094,0.0,0.0,0.0,0.0,0.094094,0.43,moderate,0.04046,0.0,0.04046,0
2026-07-26T09:42:12.676057,10/26 09:23,7.75,0.0,,,,18.0,29.0,0.3764,0.094094,0.0,0.094094,0.0,0.0,0.0,0.0,0.094094,0.43,moderate,0.04046,0.0,0.04046,0
2026-07-26T09:42:12.693058,10/26 10:23,9.83,0.0,,,,18.0,29.0,0.3764,0.094094,0.0,0.094094,0.0,0.0,0.0,0.0,0.094094,0.3,low,0.028228,0.0,0.028228,0
2026-07-26T09:42:12.709059,10/26 11:15,10.97,0.0,,,,18.0,29.0,0.3764,0.094094,0.0,0.094094,0.0,0.0,0.0,0.0,0.094094,0.3,low,0.028228,0.0,0.028228,0
2026-07-26T09:42:12.724353,10/26 12:15,11.0,0.0,,,,18.0,29.0,0.3764,0.094094,0.0,0.094094,0.0,0.0,0.0,0.0,0.094094,0.3,low,0.028228,0.0,0.028228,0
2026-07-26T09:42:26.707940,10/26 13:15,12.2,0.0,,,,18.0,29.0,0.3764,0.094094,0.0,0.094094,0.0,0.0,0.0,0.0,0.094094,0.3,low,0.028228,0.0,0.028228,0
2026-07-26T09:42:26.722939,10/26 14:15,12.2,0.0,,,,18.0,29.0,0.3764,0.094094,0.0,0.094094,0.0,0.0,0.0,0.0,0.094094,0.3,low,0.028228,0.0,0.028228,0
2026-07-26T09:42:26.737939,10/26 15:15,11.92,0.0,,,,18.0,29.0,0.3764,0.094094,0.0,0.094094,0.0,0.0,0.0,0.0,0.094094,0.3,low,0.028228,0.0,0.028228,0
2026-07-26T09:42:26.753940,10/26 16:15,10.67,0.0,,,,18.0,29.0,0.3764,0.094094,0.0,0.094094,0.0,0.0,0.0,0.0,0.094094,0.55,high,0.051752,0.0,0.051752,0
2026-07-26T09:42:26.766940,10/26 17:23,9.0,0.0,,,,18.0,29.0,0.3764,0.094094,0.0,0.094094,0.0,0.0,0.0,0.0,0.094094,0.55,high,0.051752,0.0,0.051752,0
2026-07-26T09:42:26.779945,10/26 18:15,7.52,0.0,,,,18.0,29.0,0.3764,0.094094,0.0,0.094094,0.0,0.0,0.0,0.0,0.094094,0.55,high,0.051752,0.0,0.051752,0
2026-07-26T09:42:40.543108,10/26 19:15,6.7,0.0,,,,18.0,29.0,0.3764,0.094094,0.0,0.094094,0.0,0.0,0.0,0.0,0.094094,0.55,high,0.051752,0.0,0.051752,0
2026-07-26T09:42:40.559107,10/26 20:15,6.55,0.0,,,,18.0,29.0,0.3764,0.094094,0.0,0.094094,0.0,0.0,0.0,0.0,0.094094,0.55,high,0.051752,0.0,0.051752,0
2026-07-26T09:42:40.574105,10/26 21:15,5.97,0.0,,,,18.0,29.0,0.3764,0.094094,0.0,0.094094,0.0,0.0,0.0,0.0,0.094094,0.4,moderate,0.037638,0.0,0.037638,0
2026-07-26T09:42:40.588105,10/26 22:15,5.72,0.0,,,,18.0,29.0,0.3764,0.094094,0.0,0.094094,0.0,0.0,0.0,0.0,0.094094,0.4,moderate,0.037638,0.0,0.037638,0
2026-07-26T09:42:40.601105,10/26 23:15,6.52,0.0,,,,18.0,29.0,0.3764,0.094094,0.0,0.094094,0.0,0.0,0.0,0.0,0.094094,0.4,moderate,0.037638,0.0,0.037638,0
2026-07-26T09:42:40.616106,10/27 00:15,7.8,0.0,,,,18.0,29.0,0.3764,0.094094,0.0,0.094094,0.0,0.0,0.0,0.0,0.094094,0.34,low,0.031992,0.0,0.031992,0
2026-07-26T09:42:54.891339,10/27 01:15,7.65,0.0,,,,18.0,29.0,0.3764,0.094094,0.0,0.094094,0.0,0.0,0.0,0.0,0.094094,0.34,low,0.031992,0.0,0.031992,0
2026-07-26T09:42:54.908338,10/27 02:15,7.08,0.0,,,,18.0,29.0,0.3764,0.094094,0.0,0.094094,0.0,0.0,0.0,0.0,0.094094,0.34,low,0.031992,0.0,0.031992,0
2026-07-26T09:42:54.923336,10/27 03:15,6.55,0.0,,,,18.0,29.0,0.3764,0.094094,0.0,0.094094,0.0,0.0,0.0,0.0,0.094094,0.34,low,0.031992,0.0,0.031992,0
2026-07-26T09:42:54.938336,10/27 04:15,5.97,0.0,,,,18.0,29.0,0.3764,0.094094,0.0,0.094094,0.0,0.0,0.0,0.0,0.094094,0.34,low,0.031992,0.0,0.031992,0
2026-07-26T09:42:54.952337,10/27 05:15,5.6,0.0,,,,18.0,29.0,0.3764,0.094094,0.0,0.094094,0.0,0.0,0.0,0.0,0.094094,0.34,low,0.031992,0.0,0.031992,0
2026-07-26T09:42:54.966335,10/27 06:15,5.3,0.0,,,,18.0,29.0,0.3764,0.094094,0.0,0.094094,0.0,0.0,0.0,0.0,0.094094,0.43,moderate,0.04046,0.0,0.04046,0
2026-07-26T09:43:09.848171,10/27 07:23,4.98,0.0,,,,18.0,29.0,0.3764,0.094094,0.0,0.094094,0.0,0.0,0.0,0.0,0.094094,0.43,moderate,0.04046,0.0,0.04046,0
2026-07-26T09:43:09.869294,10/27 08:23,7.38,0.0,,,,18.0,29.0,0.3764,0.094094,0.0,0.094094,0.0,0.0,0.0,0.0,0.094094,0.43,moderate,0.04046,0.0,0.04046,0
2026-07-26T09:43:09.889314,10/27 09:23,9.83,0.0,,,,18.0,29.0,0.3764,0.094094,0.0,0.094094,0.0,0.0,0.0,0.0,0.094094,0.43,moderate,0.04046,0.0,0.04046,0
2026-07-26T09:43:09.905314,10/27 10:15,11.92,0.0,,,,18.0,29.0,0.3764,0.094094,0.0,0.094094,0.0,0.0,0.0,0.0,0.094094,0.3,low,0.028228,0.0,0.028228,0
2026-07-26T09:43:09.921311,10/27 11:15,14.7,0.0,,,,18.0,29.0,0.3764,0.094094,0.0,0.094094,0.0,0.0,0.0,0.0,0.094094,0.3,low,0.028228,0.0,0.028228,0
2026-07-26T09:43:09.938318,10/27 12:23,15.72,0.0,,,,18.0,29.0,0.3764,0.094094,0.0,0.094094,0.0,0.0,0.0,0.0,0.094094,0.3,low,0.028228,0.0,0.028228,0
2026-07-26T09:43:25.590030,10/27 13:23,16.25,0.0,,,,18.0,29.0,0.3764,0.094094,0.0,0.094094,0.0,0.0,0.0,0.0,0.094094,0.3,low,0.028228,0.0,0.028228,0
2026-07-26T09:43:25.610033,10/27 14:23,16.82,0.0,,,,18.0,29.0,0.3764,0.094094,0.0,0.094094,0.0,0.0,0.0,0.0,0.094094,0.3,low,0.028228,0.0,0.028228,0
2026-07-26T09:43:25.626028,10/27 15:15,16.92,0.0,,,,18.0,29.0,0.3764,0.094094,0.0,0.094094,0.0,0.0,0.0,0.0,0.094094,0.3,low,0.028228,0.0,0.028228,0
2026-07-26T09:43:25.640026,10/27 16:15,15.55,0.0,,,,18.0,29.0,0.3764,0.094094,0.0,0.094094,0.0,0.0,0.0,0.0,0.094094,0.55,high,0.051752,0.0,0.051752,0
2026-07-26T09:43:25.655027,10/27 17:20,13.35,0.0,,,,18.0,29.0,0.3764,0.094094,0.0,0.094094,0.0,0.0,0.0,0.0,0.094094,0.55,high,0.051752,0.0,0.051752,0
2026-07-26T09:43:25.670027,10/27 18:23,11.55,0.0,,,,18.0,29.0,0.3764,0.094094,0.0,0.094094,0.0,0.0,0.0,0.0,0.094094,0.55,high,0.051752,0.0,0.051752,0
2026-07-26T09:43:41.013801,10/27 19:15,10.55,0.0,,,,18.0,29.0,0.3764,0.094094,0.0,0.094094,0.0,0.0,0.0,0.0,0.094094,0.55,high,0.051752,0.0,0.051752,0
2026-07-26T09:43:41.032794,10/27 20:15,8.62,0.0,,,,18.0,29.0,0.3764,0.094094,0.0,0.094094,0.0,0.0,0.0,0.0,0.094094,0.55,high,0.051752,0.0,0.051752,0
2026-07-26T09:43:41.050798,10/27 21:15,7.65,0.0,,,,18.0,29.0,0.3764,0.094094,0.0,0.094094,0.0,0.0,0.0,0.0,0.094094,0.4,moderate,0.037638,0.0,0.037638,0
2026-07-26T09:43:41.066793,10/27 22:15,6.65,0.0,,,,18.0,29.0,0.3764,0.094094,0.0,0.094094,0.0,0.0,0.0,0.0,0.094094,0.4,moderate,0.037638,0.0,0.037638,0
2026-07-26T09:43:41.082793,10/27 23:15,4.85,0.0,,,,18.0,29.0,0.3764,0.094094,0.0,0.094094,0.0,0.0,0.0,0.0,0.094094,0.4,moderate,0.037638,0.0,0.037638,0
2026-07-26T09:43:41.099794,10/28 00:15,4.28,0.0,,,,18.0,29.0,0.3764,0.094094,0.0,0.094094,0.0,0.0,0.0,0.0,0.094094,0.34,low,0.031992,0.0,0.031992,0
2026-07-26T09:43:57.558884,10/28 01:15,3.75,0.0,,,,18.0,29.0,0.3764,0.094094,0.0,0.094094,0.0,0.0,0.0,0.0,0.094094,0.34,low,0.031992,0.0,0.031992,0
2026-07-26T09:43:57.577884,10/28 02:15,3.17,0.0,,,,18.0,29.0,0.3764,0.094094,0.0,0.094094,0.0,0.0,0.0,0.0,0.094094,0.34,low,0.031992,0.0,0.031992,0
2026-07-26T09:43:57.595884,10/28 03:15,2.8,0.0,,,,18.0,29.0,0.3764,0.094094,0.0,0.094094,0.0,0.0,0.0,0.0,0.094094,0.34,low,0.031992,0.0,0.031992,0
2026-07-26T09:43:57.611883,10/28 04:15,3.07,0.0,,,,18.0,29.0,0.3764,0.094094,0.0,0.094094,0.0,0.0,0.0,0.0,0.094094,0.34,low,0.031992,0.0,0.031992,0
2026-07-26T09:43:57.627883,10/28 05:15,3.75,0.0,,,,18.0,29.0,0.3764,0.094094,0.0,0.094094,0.0,0.0,0.0,0.0,0.094094,0.34,low,0.031992,0.0,0.031992,0
2026-07-26T09:43:57.641883,10/28 06:15,3.57,0.0,,,,18.0,29.0,0.3764,0.094094,0.0,0.094094,0.0,0.0,0.0,0.0,0.094094,0.43,moderate,0.04046,0.0,0.04046,0
2026-07-26T09:44:12.887930,10/28 07:23,4.7,0.0,,,,18.0,29.0,0.3764,0.094094,0.0,0.094094,0.003947,1.037409,0.797853,0.0,1.131503,0.43,moderate,0.04046,0.187771,0.228231,0
2026-07-26T09:44:12.910925,10/28 08:23,6.27,0.0,,,,18.0,29.0,0.3764,0.094094,0.0,0.094094,0.002935,0.842311,0.703826,0.0,0.936405,0.43,moderate,0.04046,0.152458,0.192919,0
2026-07-26T09:44:12.932925,10/28 09:23,8.88,52.0,21.66,20.27,24.08,18.0,29.0,0.3764,0.094094,0.0,0.094094,0.001384,0.553333,0.470584,0.0,0.647427,0.43,moderate,0.04046,0.100153,0.140614,0
2026-07-26T09:44:12.951928,10/28 10:23,11.15,52.0,23.52,21.8,26.22,18.0,29.0,0.3764,0.094094,0.0,0.094094,0.000579,0.280818,0.266114,0.0,0.374912,0.3,low,0.028228,0.050828,0.079056,1
2026-07-26T09:44:12.970935,10/28 11:23,12.93,52.0,24.57,22.67,27.06,18.0,29.0,0.3764,0.094094,0.118297,0.094094,0.01165,0.178461,0.170166,0.102242,0.272555,0.3,low,0.028228,0.032301,0.06053,1
2026-07-26T09:44:12.990938,10/28 12:23,13.3,41.6,25.01,23.15,26.62,18.0,29.0,0.3764,0.094094,0.132503,0.094094,0.028779,0.160491,0.147153,0.141468,0.254585,0.3,low,0.028228,0.029049,0.057277,1
2026-07-26T09:44:29.277119,10/28 13:15,13.18,20.8,24.8,23.04,26.6,20.0,27.0,0.3764,0.094094,0.130935,0.094094,0.01669,0.147696,0.132041,0.141434,0.24179,0.3,low,0.028228,0.026733,0.054961,1
2026-07-26T09:44:29.297114,10/28 14:15,12.53,41.6,25.1,23.6,27.0,20.0,27.0,0.3865,0.096633,0.127613,0.096633,0.016628,0.0,0.0,0.131379,0.096633,0.3,low,0.02899,0.0,0.02899,1
2026-07-26T09:44:29.313116,10/28 15:15,11.42,52.0,25.23,24.27,27.0,20.0,27.0,0.3927,0.098178,0.133138,0.098178,0.016022,0.0,0.0,0.150927,0.098178,0.3,low,0.029453,0.0,0.029453,1
2026-07-26T09:44:29.329113,10/28 16:15,10.17,52.0,25.15,23.85,27.0,20.0,27.0,0.3864,0.096588,0.0,0.096588,2.1e-05,0.013231,0.015388,0.0,0.109819,0.55,high,0.053123,0.002395,0.055518,1
2026-07-26T09:44:29.345114,10/28 17:20,8.75,52.0,24.42,23.15,25.92,20.0,27.0,0.3764,0.094094,0.0,0.094094,0.000703,0.43236,0.3082,0.0,0.526454,0.55,high,0.051752,0.078257,0.130009,0
2026-07-26T09:44:29.362113,10/28 18:15,8.18,52.0,23.73,22.68,25.34,20.0,27.0,0.3764,0.094094,0.0,0.094094,0.000893,0.488767,0.363425,0.0,0.582861,0.55,high,0.051752,0.088467,0.140219,0
2026-07-26T09:44:44.732939,10/28 19:15,7.8,26.0,22.23,21.4,23.9,20.0,26.0,0.3764,0.094094,0.0,0.094094,0.00112,0.552838,0.421063,0.0,0.646932,0.55,high,0.051752,0.100064,0.151815,0
2026-07-26T09:44:44.750940,10/28 20:23,7.8,0.0,,,,20.0,26.0,0.3764,0.094094,0.0,0.094094,0.001233,0.568905,0.446705,0.0,0.662999,0.55,high,0.051752,0.102972,0.154724,0
2026-07-26T09:44:44.765934,10/28 21:15,7.65,0.0,,,,20.0,26.0,0.3764,0.094094,0.0,0.094094,0.0,0.0,0.0,0.0,0.094094,0.4,moderate,0.037638,0.0,0.037638,0
2026-07-26T09:44:44.780981,10/28 22:15,6.5,0.0,,,,20.0,26.0,0.3764,0.094094,0.0,0.094094,0.0,0.0,0.0,0.0,0.094094,0.4,moderate,0.037638,0.0,0.037638,0
2026-07-26T09:44:44.794984,10/28 23:15,4.55,0.0,,,,20.0,26.0,0.3764,0.094094,0.0,0.094094,0.000274,0.144769,0.196318,0.0,0.238863,0.4,moderate,0.037638,0.026203,0.063841,0
2026-07-26T09:44:44.808978,10/29 00:15,5.15,0.0,,,,20.0,26.0,0.3764,0.094094,0.0,0.094094,0.000526,0.359411,0.353997,0.0,0.453505,0.34,low,0.031992,0.065053,0.097045,0
2026-07-26T09:44:58.703189,10/29 01:15,6.0,0.0,,,,18.0,28.0,0.3764,0.094094,0.0,0.094094,0.0,0.0,0.0,0.0,0.094094,0.34,low,0.031992,0.0,0.031992,0
2026-07-26T09:44:58.720189,10/29 02:15,7.35,0.0,,,,18.0,28.0,0.3764,0.094094,0.0,0.094094,0.0,0.0,0.0,0.0,0.094094,0.34,low,0.031992,0.0,0.031992,0
2026-07-26T09:44:58.735190,10/29 03:15,7.38,0.0,,,,18.0,28.0,0.3764,0.094094,0.0,0.094094,0.0,0.0,0.0,0.0,0.094094,0.34,low,0.031992,0.0,0.031992,0
2026-07-26T09:44:58.750187,10/29 04:15,6.25,0.0,,,,18.0,28.0,0.3764,0.094094,0.0,0.094094,0.0,0.0,0.0,0.0,0.094094,0.34,low,0.031992,0.0,0.031992,0
2026-07-26T09:44:58.764188,10/29 05:15,6.83,0.0,,,,18.0,28.0,0.3764,0.094094,0.0,0.094094,0.0,0.0,0.0,0.0,0.094094,0.34,low,0.031992,0.0,0.031992,0
2026-07-26T09:44:58.777187,10/29 06:15,7.08,0.0,,,,18.0,28.0,0.3764,0.094094,0.0,0.094094,0.0,0.0,0.0,0.0,0.094094,0.43,moderate,0.04046,0.0,0.04046,0
2026-07-26T09:45:12.492170,10/29 07:15,7.1,0.0,,,,18.0,29.0,0.3764,0.094094,0.0,0.094094,0.002143,0.816251,0.608321,0.0,0.910345,0.43,moderate,0.04046,0.147741,0.188202,0
2026-07-26T09:45:12.510170,10/29 08:15,8.45,0.0,,,,18.0,29.0,0.3764,0.094094,0.0,0.094094,0.001408,0.563576,0.483647,0.0,0.65767,0.43,moderate,0.04046,0.102007,0.142468,0
2026-07-26T09:45:12.529169,10/29 09:23,9.45,52.0,21.09,20.42,22.23,18.0,29.0,0.3764,0.094094,0.0,0.094094,0.001111,0.494848,0.418592,0.0,0.588942,0.43,moderate,0.04046,0.089567,0.130028,0
2026-07-26T09:45:12.548172,10/29 10:20,11.38,52.0,22.9,21.97,23.84,18.0,29.0,0.3764,0.094094,0.0,0.094094,0.000462,0.235145,0.225553,0.0,0.329239,0.3,low,0.028228,0.042561,0.070789,0
2026-07-26T09:45:12.565178,10/29 11:23,12.47,52.0,24.21,22.89,25.24,18.0,29.0,0.3764,0.094094,0.112267,0.094094,0.010373,0.185555,0.172532,0.05495,0.279649,0.3,low,0.028228,0.033585,0.061814,0
2026-07-26T09:45:12.583169,10/29 12:23,13.45,41.6,24.72,23.26,25.47,18.0,29.0,0.3764,0.094094,0.128597,0.094094,0.014404,0.168932,0.151997,0.141393,0.263026,0.3,low,0.028228,0.030577,0.058805,0
2026-07-26T09:45:27.578552,10/29 13:23,14.03,20.8,24.74,23.17,26.64,20.0,27.0,0.3764,0.094094,0.138518,0.094094,0.017252,0.153745,0.135832,0.188428,0.247839,0.3,low,0.028228,0.027828,0.056056,1
2026-07-26T09:45:27.595546,10/29 14:15,14.4,41.6,25.1,23.72,27.0,20.0,27.0,0.3874,0.096859,0.149151,0.096859,0.019081,0.0,0.0,0.264093,0.096859,0.3,low,0.029058,0.0,0.029058,1
2026-07-26T09:45:27.611547,10/29 15:15,14.28,52.0,25.31,24.38,27.0,20.0,27.0,0.3929,0.09822,0.170266,0.09822,0.020457,0.0,0.0,0.364517,0.09822,0.3,low,0.029466,0.0,0.029466,1
2026-07-26T09:45:27.624546,10/29 16:15,13.2,52.0,25.25,24.0,27.0,20.0,27.0,0.3835,0.095865,0.146959,0.095865,0.020834,0.0,0.0,0.201437,0.095865,0.55,high,0.052726,0.0,0.052726,1
2026-07-26T09:45:27.636546,10/29 17:23,10.67,52.0,24.44,23.3,25.67,20.0,27.0,0.3764,0.094094,0.0,0.094094,0.000234,0.155304,0.131498,0.0,0.249398,0.55,high,0.051752,0.02811,0.079862,0
2026-07-26T09:45:27.650547,10/29 18:15,9.12,52.0,23.8,22.82,25.37,20.0,27.0,0.3764,0.094094,0.0,0.094094,0.000592,0.379035,0.272411,0.0,0.473129,0.55,high,0.051752,0.068605,0.120357,0
2026-07-26T09:45:42.206382,10/29 19:23,8.18,26.0,22.3,21.51,23.96,20.0,26.0,0.3764,0.094094,0.0,0.094094,0.000947,0.528238,0.377946,0.0,0.622332,0.55,high,0.051752,0.095611,0.147363,0
2026-07-26T09:45:42.224385,10/29 20:23,7.92,0.0,,,,20.0,26.0,0.3764,0.094094,0.0,0.094094,0.001216,0.588185,0.443059,0.0,0.682279,0.55,high,0.051752,0.106461,0.158213,0
2026-07-26T09:45:42.242386,10/29 21:15,8.58,0.0,,,,20.0,26.0,0.3764,0.094094,0.0,0.094094,0.0,0.0,0.0,0.0,0.094094,0.4,moderate,0.037638,0.0,0.037638,0
2026-07-26T09:45:42.257382,10/29 22:15,9.12,0.0,,,,20.0,26.0,0.3764,0.094094,0.0,0.094094,0.0,0.0,0.0,0.0,0.094094,0.4,moderate,0.037638,0.0,0.037638,0
2026-07-26T09:45:42.273382,10/29 23:15,8.03,0.0,,,,20.0,26.0,0.3764,0.094094,0.0,0.094094,7.5e-05,0.03653,0.058824,0.0,0.130624,0.4,moderate,0.037638,0.006612,0.04425,0
2026-07-26T09:45:42.288384,10/30 00:15,7.2,0.0,,,,20.0,26.0,0.3764,0.094094,0.0,0.094094,0.000308,0.183252,0.219465,0.0,0.277346,0.34,low,0.031992,0.033169,0.065161,0
2026-07-26T09:45:56.228974,10/30 01:15,7.2,0.0,,,,18.0,28.0,0.3764,0.094094,0.0,0.094094,0.0,0.0,0.0,0.0,0.094094,0.34,low,0.031992,0.0,0.031992,0
2026-07-26T09:45:56.246973,10/30 02:15,7.2,0.0,,,,18.0,28.0,0.3764,0.094094,0.0,0.094094,0.0,0.0,0.0,0.0,0.094094,0.34,low,0.031992,0.0,0.031992,0
2026-07-26T09:45:56.262015,10/30 03:15,7.08,0.0,,,,18.0,28.0,0.3764,0.094094,0.0,0.094094,0.0,0.0,0.0,0.0,0.094094,0.34,low,0.031992,0.0,0.031992,0
2026-07-26T09:45:56.278012,10/30 04:15,6.7,0.0,,,,18.0,28.0,0.3764,0.094094,0.0,0.094094,0.0,0.0,0.0,0.0,0.094094,0.34,low,0.031992,0.0,0.031992,0
2026-07-26T09:45:56.294727,10/30 05:15,6.43,0.0,,,,18.0,28.0,0.3764,0.094094,0.0,0.094094,0.0,0.0,0.0,0.0,0.094094,0.34,low,0.031992,0.0,0.031992,0
2026-07-26T09:45:56.309737,10/30 06:15,5.45,0.0,,,,18.0,28.0,0.3764,0.094094,0.0,0.094094,0.0,0.0,0.0,0.0,0.094094,0.43,moderate,0.04046,0.0,0.04046,0
2026-07-26T09:46:10.289678,10/30 07:23,5.97,0.0,,,,18.0,29.0,0.3764,0.094094,0.0,0.094094,0.00496,0.611227,0.573713,0.0,0.705321,0.43,moderate,0.04046,0.110632,0.151093,0
2026-07-26T09:46:10.309674,10/30 08:23,9.6,0.0,,,,18.0,29.0,0.3764,0.094094,0.0,0.094094,0.001276,0.627176,0.433835,0.0,0.72127,0.43,moderate,0.04046,0.113519,0.153979,0
2026-07-26T09:46:10.329673,10/30 09:20,12.25,52.0,22.13,20.56,25.03,18.0,29.0,0.3764,0.094094,0.10679,0.094094,0.006064,0.223889,0.207189,0.015638,0.317983,0.43,moderate,0.04046,0.040524,0.080984,0
2026-07-26T09:46:10.345674,10/30 10:23,14.45,52.0,24.03,22.16,27.21,18.0,29.0,0.3764,0.094094,0.13383,0.094094,0.012115,0.207738,0.183916,0.188887,0.301832,0.3,low,0.028228,0.037601,0.065829,1
2026-07-26T09:46:10.361673,10/30 11:23,16.53,52.0,25.04,23.05,27.81,18.0,29.0,0.3764,0.094094,0.168401,0.094094,0.018353,0.181509,0.158818,0.362367,0.275603,0.3,low,0.028228,0.032853,0.061081,1
2026-07-26T09:46:10.378673,10/30 12:23,18.2,41.6,25.46,23.48,27.26,18.0,29.0,0.3764,0.094094,0.196032,0.094094,0.034175,0.156367,0.136487,0.496742,0.250461,0.3,low,0.028228,0.028302,0.056531,1
2026-07-26T09:46:25.961141,10/30 13:15,19.55,20.8,25.24,23.47,27.0,20.0,27.0,0.383,0.095755,0.221308,0.095755,0.038439,0.019893,0.021919,0.622788,0.115648,0.3,low,0.028727,0.003601,0.032327,1
2026-07-26T09:46:25.979145,10/30 14:15,20.15,41.6,25.51,24.12,27.0,20.0,27.0,0.3967,0.099166,0.266002,0.099166,0.041893,0.0,0.0,0.861177,0.099166,0.3,low,0.02975,0.0,0.02975,1
2026-07-26T09:46:25.996139,10/30 15:15,20.3,52.0,25.72,24.92,27.0,20.0,27.0,0.4029,0.100717,0.298859,0.100717,0.043815,0.0,0.0,1.024908,0.100717,0.3,low,0.030215,0.0,0.030215,1
2026-07-26T09:46:26.011140,10/30 16:15,18.45,52.0,25.67,24.62,27.0,20.0,27.0,0.3931,0.098283,0.261394,0.098283,0.042563,0.0,0.0,0.814799,0.098283,0.55,high,0.054056,0.0,0.054056,1
2026-07-26T09:46:26.027139,10/30 17:23,15.17,52.0,24.98,23.87,26.34,20.0,27.0,0.3764,0.094094,0.168521,0.094094,0.037279,0.092908,0.084541,0.322748,0.187002,0.55,high,0.051752,0.016816,0.068568,1
2026-07-26T09:46:26.042139,10/30 18:15,13.35,52.0,24.34,23.37,25.64,20.0,27.0,0.3764,0.094094,0.143085,0.094094,0.033942,0.103486,0.09078,0.188938,0.19758,0.55,high,0.051752,0.018731,0.070483,0
2026-07-26T09:46:44.177351,10/30 19:23,11.55,26.0,22.81,22.02,24.22,20.0,26.0,0.3764,0.094094,0.113382,0.094094,0.027733,0.135168,0.112329,0.015789,0.229262,0.55,high,0.051752,0.024465,0.076217,0
2026-07-26T09:46:44.199391,10/30 20:23,11.1,0.0,,,,20.0,26.0,0.3764,0.094094,0.0,0.094094,0.000321,0.222603,0.169962,0.0,0.316697,0.55,high,0.051752,0.040291,0.092043,0
2026-07-26T09:46:44.216777,10/30 21:15,10.97,0.0,,,,20.0,26.0,0.3764,0.094094,0.0,0.094094,0.0,0.0,0.0,0.0,0.094094,0.4,moderate,0.037638,0.0,0.037638,0
2026-07-26T09:46:44.231793,10/30 22:15,9.75,0.0,,,,20.0,26.0,0.3764,0.094094,0.0,0.094094,0.0,0.0,0.0,0.0,0.094094,0.4,moderate,0.037638,0.0,0.037638,0
2026-07-26T09:46:44.247067,10/30 23:15,7.48,0.0,,,,20.0,26.0,0.3764,0.094094,0.0,0.094094,0.0,0.0,0.0,0.0,0.094094,0.4,moderate,0.037638,0.0,0.037638,0
2026-07-26T09:46:44.262069,10/31 00:15,8.03,0.0,,,,20.0,26.0,0.3764,0.094094,0.0,0.094094,6.3e-05,0.04425,0.050694,0.0,0.138344,0.34,low,0.031992,0.008009,0.040001,0
2026-07-26T09:47:00.884137,10/31 01:15,7.2,0.0,,,,18.0,28.0,0.3764,0.094094,0.0,0.094094,0.0,0.0,0.0,0.0,0.094094,0.34,low,0.031992,0.0,0.031992,0
2026-07-26T09:47:00.902384,10/31 02:15,6.5,0.0,,,,18.0,28.0,0.3764,0.094094,0.0,0.094094,0.0,0.0,0.0,0.0,0.094094,0.34,low,0.031992,0.0,0.031992,0
2026-07-26T09:47:00.918630,10/31 03:15,4.28,0.0,,,,18.0,28.0,0.3764,0.094094,0.0,0.094094,0.0,0.0,0.0,0.0,0.094094,0.34,low,0.031992,0.0,0.031992,0
2026-07-26T09:47:00.934205,10/31 04:15,4.72,0.0,,,,18.0,28.0,0.3764,0.094094,0.0,0.094094,0.0,0.0,0.0,0.0,0.094094,0.34,low,0.031992,0.0,0.031992,0
2026-07-26T09:47:00.950215,10/31 05:15,7.35,0.0,,,,18.0,28.0,0.3764,0.094094,0.0,0.094094,0.0,0.0,0.0,0.0,0.094094,0.34,low,0.031992,0.0,0.031992,0
2026-07-26T09:47:00.966209,10/31 06:15,8.2,0.0,,,,18.0,28.0,0.3764,0.094094,0.0,0.094094,0.0,0.0,0.0,0.0,0.094094,0.43,moderate,0.04046,0.0,0.04046,0
2026-07-26T09:47:16.693225,10/31 07:23,9.7,0.0,,,,18.0,29.0,0.3764,0.094094,0.0,0.094094,0.001016,0.509646,0.395477,0.0,0.60374,0.43,moderate,0.04046,0.092246,0.132706,0
2026-07-26T09:47:16.712228,10/31 08:23,10.88,0.0,,,,18.0,29.0,0.3764,0.094094,0.0,0.094094,0.000679,0.349527,0.300004,0.0,0.443621,0.43,moderate,0.04046,0.063264,0.103725,0
2026-07-26T09:47:16.731222,10/31 09:23,12.1,52.0,21.87,20.71,23.43,18.0,29.0,0.3764,0.094094,0.1056,0.094094,0.006119,0.231112,0.207587,0.015683,0.325206,0.43,moderate,0.04046,0.041831,0.082292,0
2026-07-26T09:47:16.749221,10/31 10:23,13.18,52.0,23.4,22.19,24.59,18.0,29.0,0.3764,0.094094,0.128322,0.094094,0.017311,0.213461,0.186291,0.142008,0.307555,0.3,low,0.028228,0.038636,0.066865,0
2026-07-26T09:47:16.767229,10/31 11:15,12.65,52.0,23.89,22.86,24.74,18.0,29.0,0.3764,0.094094,0.124997,0.094094,0.017684,0.196984,0.169282,0.102574,0.291078,0.3,low,0.028228,0.035654,0.063882,0
2026-07-26T09:47:16.784223,10/31 12:15,12.35,41.6,24.15,23.15,24.92,18.0,29.0,0.3764,0.094094,0.117257,0.094094,0.018065,0.182655,0.155553,0.055229,0.276749,0.3,low,0.028228,0.033061,0.061289,0
2026-07-26T09:47:32.575135,10/31 13:23,12.65,20.8,24.07,22.94,24.9,20.0,27.0,0.3764,0.094094,0.124106,0.094094,0.02115,0.171897,0.145319,0.102511,0.265991,0.3,low,0.028228,0.031113,0.059342,0
2026-07-26T09:47:32.595135,10/31 14:15,12.2,41.6,24.7,23.44,26.46,20.0,27.0,0.3764,0.094094,0.117817,0.094094,0.023177,0.158018,0.133462,0.055211,0.252112,0.3,low,0.028228,0.028601,0.056829,1
2026-07-26T09:47:32.612134,10/31 15:15,11.8,52.0,24.97,23.89,26.82,20.0,27.0,0.3764,0.094094,0.117237,0.094094,0.024877,0.144518,0.122162,0.055207,0.238612,0.3,low,0.028228,0.026158,0.054386,1
2026-07-26T09:47:32.627135,10/31 16:15,10.02,52.0,24.67,23.52,26.1,20.0,27.0,0.3764,0.094094,0.0,0.094094,0.000362,0.244993,0.187082,0.0,0.339087,0.55,high,0.051752,0.044344,0.096095,1
2026-07-26T09:47:32.643134,10/31 17:23,7.9,52.0,23.79,22.82,25.28,20.0,27.0,0.3764,0.094094,0.0,0.094094,0.000918,0.547185,0.370365,0.0,0.641279,0.55,high,0.051752,0.09904,0.150792,0
2026-07-26T09:47:32.658135,10/31 18:15,6.12,52.0,23.28,22.4,25.07,20.0,27.0,0.3764,0.094094,0.0,0.094094,0.001501,0.699012,0.502382,0.0,0.793106,0.55,high,0.051752,0.126521,0.178273,0
2026-07-26T09:47:48.406963,10/31 19:15,4.0,26.0,21.85,21.1,23.68,20.0,26.0,0.3764,0.094094,0.0,0.094094,0.002829,0.028104,0.699862,0.0,0.122198,0.55,high,0.051752,0.005087,0.056839,0
2026-07-26T09:47:48.425995,10/31 20:23,2.92,0.0,,,,20.0,26.0,0.3764,0.094094,0.0,0.094094,0.005423,1.072662,0.813064,0.0,1.166756,0.55,high,0.051752,0.194152,0.245904,0
2026-07-26T09:47:48.441998,10/31 21:15,3.75,0.0,,,,20.0,26.0,0.3764,0.094094,0.0,0.094094,8e-06,0.004309,0.004544,0.0,0.098403,0.4,moderate,0.037638,0.00078,0.038418,0
2026-07-26T09:47:48.456957,10/31 22:15,5.52,0.0,,,,20.0,26.0,0.3764,0.094094,0.0,0.094094,0.000449,0.298233,0.225932,0.0,0.392327,0.4,moderate,0.037638,0.05398,0.091618,0
2026-07-26T09:47:48.471003,10/31 23:15,7.25,0.0,,,,20.0,26.0,0.3764,0.094094,0.0,0.094094,0.000581,0.444704,0.332742,0.0,0.538798,0.4,moderate,0.037638,0.080491,0.118129,0
2026-07-26T09:47:48.484999,11/01 00:15,9.02,0.0,,,,20.0,26.0,0.3764,0.094094,0.0,0.094094,0.000571,0.457075,0.357354,0.0,0.551169,0.34,low,0.031992,0.082731,0.114723,0
2026-07-26T09:48:03.344977,11/01 01:15,10.75,0.0,,,,18.0,28.0,0.3764,0.094094,0.0,0.094094,0.0,0.0,0.0,0.0,0.094094,0.34,low,0.031992,0.0,0.031992,0
2026-07-26T09:48:03.362979,11/01 02:15,12.52,0.0,,,,18.0,28.0,0.3764,0.094094,0.0,0.094094,0.0,0.0,0.0,0.0,0.094094,0.34,low,0.031992,0.0,0.031992,0
2026-07-26T09:48:03.379976,11/01 03:15,14.25,0.0,,,,18.0,28.0,0.3764,0.094094,0.0,0.094094,0.0,0.0,0.0,0.0,0.094094,0.34,low,0.031992,0.0,0.031992,0
2026-07-26T09:48:03.395976,11/01 04:15,15.6,0.0,,,,18.0,28.0,0.3764,0.094094,0.0,0.094094,0.0,0.0,0.0,0.0,0.094094,0.34,low,0.031992,0.0,0.031992,0
2026-07-26T09:48:03.409976,11/01 05:15,15.6,0.0,,,,18.0,28.0,0.3764,0.094094,0.0,0.094094,0.0,0.0,0.0,0.0,0.094094,0.34,low,0.031992,0.0,0.031992,0
2026-07-26T09:48:03.423975,11/01 06:15,15.6,0.0,,,,18.0,28.0,0.3764,0.094094,0.0,0.094094,0.0,0.0,0.0,0.0,0.094094,0.43,moderate,0.04046,0.0,0.04046,0
2026-07-26T09:48:17.984554,11/01 07:15,15.6,0.0,,,,18.0,29.0,0.3764,0.094094,0.207908,0.094094,0.022293,0.324429,0.217227,0.569747,0.418523,0.43,moderate,0.04046,0.058722,0.099182,0
2026-07-26T09:48:18.000577,11/01 08:15,15.45,0.0,,,,18.0,29.0,0.3764,0.094094,0.218926,0.094094,0.02307,0.296409,0.216501,0.634664,0.390503,0.43,moderate,0.04046,0.05365,0.09411,0
2026-07-26T09:48:18.016897,11/01 09:15,15.15,52.0,21.48,20.92,22.29,18.0,29.0,0.3764,0.094094,0.209632,0.094094,0.023398,0.254148,0.197796,0.572974,0.348242,0.43,moderate,0.04046,0.046001,0.086461,0
2026-07-26T09:48:18.031418,11/01 10:15,15.6,52.0,22.86,22.19,23.8,18.0,29.0,0.3764,0.094094,0.220309,0.094094,0.026218,0.225221,0.180993,0.634674,0.319315,0.3,low,0.028228,0.040765,0.068993,0
2026-07-26T09:48:18.045371,11/01 11:15,15.6,52.0,23.49,22.78,24.41,18.0,29.0,0.3764,0.094094,0.220876,0.094094,0.027171,0.203973,0.166683,0.634674,0.298067,0.3,low,0.028228,0.036919,0.065147,0
2026-07-26T09:48:18.058372,11/01 12:15,15.45,41.6,23.66,22.93,24.55,18.0,29.0,0.3764,0.094094,0.232699,0.094094,0.029864,0.188384,0.155143,0.700041,0.282478,0.3,low,0.028228,0.034098,0.062326,0
2026-07-26T09:48:33.842853,11/01 13:15,15.0,20.8,23.3,22.6,24.19,20.0,27.0,0.3764,0.094094,0.210343,0.094094,0.027607,0.18098,0.148934,0.573231,0.275074,0.3,low,0.028228,0.032757,0.060986,0
2026-07-26T09:48:33.858850,11/01 14:15,15.0,41.6,23.7,22.95,24.68,20.0,27.0,0.3764,0.094094,0.209757,0.094094,0.028865,0.172936,0.14242,0.573231,0.26703,0.3,low,0.028228,0.031301,0.05953,0
2026-07-26T09:48:33.874848,11/01 15:15,14.85,52.0,23.87,23.08,24.98,20.0,27.0,0.3764,0.094094,0.209504,0.094094,0.029312,0.165336,0.136231,0.573231,0.25943,0.3,low,0.028228,0.029926,0.058154,0
2026-07-26T09:48:33.888848,11/01 16:15,14.55,52.0,23.66,22.85,24.92,20.0,27.0,0.3764,0.094094,0.197997,0.094094,0.027681,0.162164,0.133165,0.509139,0.256258,0.55,high,0.051752,0.029352,0.081103,0
2026-07-26T09:48:33.902848,11/01 17:15,15.0,52.0,23.27,22.46,24.6,20.0,27.0,0.3764,0.094094,0.209364,0.094094,0.030773,0.163042,0.133072,0.573307,0.257136,0.55,high,0.051752,0.029511,0.081262,0
2026-07-26T09:48:33.916850,11/01 18:15,15.0,52.0,23.11,22.29,24.47,20.0,27.0,0.3764,0.094094,0.209634,0.094094,0.030813,0.166286,0.134834,0.573211,0.26038,0.55,high,0.051752,0.030098,0.081849,0
2026-07-26T09:48:48.501364,11/01 19:15,15.0,26.0,21.99,21.28,23.22,20.0,26.0,0.3764,0.094094,0.197695,0.094094,0.027317,0.181226,0.144781,0.510426,0.27532,0.55,high,0.051752,0.032802,0.084554,0
2026-07-26T09:48:48.519363,11/01 20:15,14.85,0.0,,,,20.0,26.0,0.3764,0.094094,0.197173,0.094094,0.025455,0.206022,0.161742,0.510426,0.300116,0.55,high,0.051752,0.03729,0.089042,0
2026-07-26T09:48:48.535365,11/01 21:15,14.4,0.0,,,,20.0,26.0,0.3764,0.094094,0.0,0.094094,0.0,0.0,0.0,0.0,0.094094,0.4,moderate,0.037638,0.0,0.037638,0
2026-07-26T09:48:48.548369,11/01 22:15,14.4,0.0,,,,20.0,26.0,0.3764,0.094094,0.0,0.094094,0.0,0.0,0.0,0.0,0.094094,0.4,moderate,0.037638,0.0,0.037638,0
2026-07-26T09:48:48.561363,11/01 23:15,14.55,0.0,,,,20.0,26.0,0.3764,0.094094,0.0,0.094094,0.0,0.0,0.0,0.0,0.094094,0.4,moderate,0.037638,0.0,0.037638,0
2026-07-26T09:48:48.575363,11/02 00:15,15.0,0.0,,,,20.0,26.0,0.3764,0.094094,0.0,0.094094,0.0,0.0,0.0,0.0,0.094094,0.34,low,0.031992,0.0,0.031992,0
2026-07-26T09:49:03.008242,11/02 01:15,14.85,0.0,,,,18.0,28.0,0.3764,0.094094,0.0,0.094094,0.0,0.0,0.0,0.0,0.094094,0.34,low,0.031992,0.0,0.031992,0
2026-07-26T09:49:03.025242,11/02 02:15,14.28,0.0,,,,18.0,28.0,0.3764,0.094094,0.0,0.094094,0.0,0.0,0.0,0.0,0.094094,0.34,low,0.031992,0.0,0.031992,0
2026-07-26T09:49:03.044241,11/02 03:15,13.9,0.0,,,,18.0,28.0,0.3764,0.094094,0.0,0.094094,0.0,0.0,0.0,0.0,0.094094,0.34,low,0.031992,0.0,0.031992,0
2026-07-26T09:49:03.060241,11/02 04:15,14.03,0.0,,,,18.0,28.0,0.3764,0.094094,0.0,0.094094,0.0,0.0,0.0,0.0,0.094094,0.34,low,0.031992,0.0,0.031992,0
2026-07-26T09:49:03.075242,11/02 05:15,14.28,0.0,,,,18.0,28.0,0.3764,0.094094,0.0,0.094094,0.0,0.0,0.0,0.0,0.094094,0.34,low,0.031992,0.0,0.031992,0
2026-07-26T09:49:03.088242,11/02 06:15,13.75,0.0,,,,18.0,28.0,0.3764,0.094094,0.0,0.094094,0.0,0.0,0.0,0.0,0.094094,0.43,moderate,0.04046,0.0,0.04046,0
2026-07-26T09:49:18.281470,11/02 07:15,13.73,0.0,,,,18.0,29.0,0.3764,0.094094,0.0,0.094094,0.0,0.0,0.0,0.0,0.094094,0.43,moderate,0.04046,0.0,0.04046,0
2026-07-26T09:49:18.299471,11/02 08:23,15.43,0.0,,,,18.0,29.0,0.3764,0.094094,0.0,0.094094,0.0,0.0,0.0,0.0,0.094094,0.43,moderate,0.04046,0.0,0.04046,0
2026-07-26T09:49:18.321470,11/02 09:23,17.1,0.0,,,,18.0,29.0,0.3764,0.094094,0.0,0.094094,0.0,0.0,0.0,0.0,0.094094,0.43,moderate,0.04046,0.0,0.04046,0
2026-07-26T09:49:18.338471,11/02 10:15,18.58,0.0,,,,18.0,29.0,0.3764,0.094094,0.0,0.094094,0.0,0.0,0.0,0.0,0.094094,0.3,low,0.028228,0.0,0.028228,0
2026-07-26T09:49:18.353469,11/02 11:15,19.7,0.0,,,,18.0,29.0,0.3764,0.094094,0.0,0.094094,0.0,0.0,0.0,0.0,0.094094,0.3,low,0.028228,0.0,0.028228,0
2026-07-26T09:49:18.368471,11/02 12:23,20.88,0.0,,,,18.0,29.0,0.3764,0.094094,0.0,0.094094,0.0,0.0,0.0,0.0,0.094094,0.3,low,0.028228,0.0,0.028228,0
2026-07-26T09:49:33.392218,11/02 13:15,21.7,0.0,,,,18.0,29.0,0.3764,0.094094,0.0,0.094094,0.0,0.0,0.0,0.0,0.094094,0.3,low,0.028228,0.0,0.028228,0
2026-07-26T09:49:33.412216,11/02 14:15,21.55,0.0,,,,18.0,29.0,0.3764,0.094094,0.0,0.094094,0.0,0.0,0.0,0.0,0.094094,0.3,low,0.028228,0.0,0.028228,0
2026-07-26T09:49:33.429217,11/02 15:15,20.83,0.0,,,,18.0,29.0,0.3764,0.094094,0.0,0.094094,0.0,0.0,0.0,0.0,0.094094,0.3,low,0.028228,0.0,0.028228,0
2026-07-26T09:49:33.444226,11/02 16:15,19.85,0.0,,,,18.0,29.0,0.3764,0.094094,0.0,0.094094,0.0,0.0,0.0,0.0,0.094094,0.55,high,0.051752,0.0,0.051752,0
2026-07-26T09:49:33.458215,11/02 17:15,19.12,0.0,,,,18.0,29.0,0.3764,0.094094,0.0,0.094094,0.0,0.0,0.0,0.0,0.094094,0.55,high,0.051752,0.0,0.051752,0
2026-07-26T09:49:33.473215,11/02 18:15,18.3,0.0,,,,18.0,29.0,0.3764,0.094094,0.0,0.094094,0.0,0.0,0.0,0.0,0.094094,0.55,high,0.051752,0.0,0.051752,0
2026-07-26T09:49:49.009255,11/02 19:15,18.18,0.0,,,,18.0,29.0,0.3764,0.094094,0.0,0.094094,0.0,0.0,0.0,0.0,0.094094,0.55,high,0.051752,0.0,0.051752,0
2026-07-26T09:49:49.029256,11/02 20:15,17.65,0.0,,,,18.0,29.0,0.3764,0.094094,0.0,0.094094,0.0,0.0,0.0,0.0,0.094094,0.55,high,0.051752,0.0,0.051752,0
2026-07-26T09:49:49.046252,11/02 21:15,17.2,0.0,,,,18.0,29.0,0.3764,0.094094,0.0,0.094094,0.0,0.0,0.0,0.0,0.094094,0.4,moderate,0.037638,0.0,0.037638,0
2026-07-26T09:49:49.067253,11/02 22:15,17.07,0.0,,,,18.0,29.0,0.3764,0.094094,0.0,0.094094,0.0,0.0,0.0,0.0,0.094094,0.4,moderate,0.037638,0.0,0.037638,0
2026-07-26T09:49:49.084252,11/02 23:15,16.82,0.0,,,,18.0,29.0,0.3764,0.094094,0.0,0.094094,0.0,0.0,0.0,0.0,0.094094,0.4,moderate,0.037638,0.0,0.037638,0
2026-07-26T09:49:49.100252,11/03 00:15,17.2,0.0,,,,18.0,29.0,0.3764,0.094094,0.0,0.094094,0.0,0.0,0.0,0.0,0.094094,0.34,low,0.031992,0.0,0.031992,0
2026-07-26T09:50:04.365786,11/03 01:15,16.92,0.0,,,,18.0,29.0,0.3764,0.094094,0.0,0.094094,0.0,0.0,0.0,0.0,0.094094,0.34,low,0.031992,0.0,0.031992,0
2026-07-26T09:50:04.382791,11/03 02:15,16.1,0.0,,,,18.0,29.0,0.3764,0.094094,0.0,0.094094,0.0,0.0,0.0,0.0,0.094094,0.34,low,0.031992,0.0,0.031992,0
2026-07-26T09:50:04.399786,11/03 03:15,15.98,0.0,,,,18.0,29.0,0.3764,0.094094,0.0,0.094094,0.0,0.0,0.0,0.0,0.094094,0.34,low,0.031992,0.0,0.031992,0
2026-07-26T09:50:04.414788,11/03 04:15,15.6,0.0,,,,18.0,29.0,0.3764,0.094094,0.0,0.094094,0.0,0.0,0.0,0.0,0.094094,0.34,low,0.031992,0.0,0.031992,0
2026-07-26T09:50:04.429786,11/03 05:15,15.45,0.0,,,,18.0,29.0,0.3764,0.094094,0.0,0.094094,0.0,0.0,0.0,0.0,0.094094,0.34,low,0.031992,0.0,0.031992,0
2026-07-26T09:50:04.443786,11/03 06:15,15.15,0.0,,,,18.0,29.0,0.3764,0.094094,0.0,0.094094,0.0,0.0,0.0,0.0,0.094094,0.43,moderate,0.04046,0.0,0.04046,0
2026-07-26T09:50:19.295683,11/03 07:15,15.72,0.0,,,,18.0,29.0,0.3764,0.094094,0.0,0.094094,0.0,0.0,0.0,0.0,0.094094,0.43,moderate,0.04046,0.0,0.04046,0
2026-07-26T09:50:19.313686,11/03 08:15,16.53,0.0,,,,18.0,29.0,0.3764,0.094094,0.0,0.094094,0.0,0.0,0.0,0.0,0.094094,0.43,moderate,0.04046,0.0,0.04046,0
2026-07-26T09:50:19.330681,11/03 09:15,18.2,0.0,,,,18.0,29.0,0.3764,0.094094,0.0,0.094094,0.0,0.0,0.0,0.0,0.094094,0.43,moderate,0.04046,0.0,0.04046,0
2026-07-26T09:50:19.344681,11/03 10:15,19.55,0.0,,,,18.0,29.0,0.3764,0.094094,0.0,0.094094,0.0,0.0,0.0,0.0,0.094094,0.3,low,0.028228,0.0,0.028228,0
2026-07-26T09:50:19.359681,11/03 11:15,20.27,0.0,,,,18.0,29.0,0.3764,0.094094,0.0,0.094094,0.0,0.0,0.0,0.0,0.094094,0.3,low,0.028228,0.0,0.028228,0
2026-07-26T09:50:19.373681,11/03 12:15,20.98,0.0,,,,18.0,29.0,0.3764,0.094094,0.0,0.094094,0.0,0.0,0.0,0.0,0.094094,0.3,low,0.028228,0.0,0.028228,0
2026-07-26T09:50:33.656709,11/03 13:15,20.6,0.0,,,,18.0,29.0,0.3764,0.094094,0.0,0.094094,0.0,0.0,0.0,0.0,0.094094,0.3,low,0.028228,0.0,0.028228,0
2026-07-26T09:50:33.673708,11/03 14:15,20.45,0.0,,,,18.0,29.0,0.3764,0.094094,0.0,0.094094,0.0,0.0,0.0,0.0,0.094094,0.3,low,0.028228,0.0,0.028228,0
2026-07-26T09:50:33.687708,11/03 15:15,20.0,0.0,,,,18.0,29.0,0.3764,0.094094,0.0,0.094094,0.0,0.0,0.0,0.0,0.094094,0.3,low,0.028228,0.0,0.028228,0
2026-07-26T09:50:33.701708,11/03 16:15,19.85,0.0,,,,18.0,29.0,0.3764,0.094094,0.0,0.094094,0.0,0.0,0.0,0.0,0.094094,0.55,high,0.051752,0.0,0.051752,0
2026-07-26T09:50:33.714708,11/03 17:15,19.12,0.0,,,,18.0,29.0,0.3764,0.094094,0.0,0.094094,0.0,0.0,0.0,0.0,0.094094,0.55,high,0.051752,0.0,0.051752,0
2026-07-26T09:50:33.728710,11/03 18:15,18.18,0.0,,,,18.0,29.0,0.3764,0.094094,0.0,0.094094,0.0,0.0,0.0,0.0,0.094094,0.55,high,0.051752,0.0,0.051752,0
2026-07-26T09:50:48.366639,11/03 19:15,17.8,0.0,,,,18.0,29.0,0.3764,0.094094,0.0,0.094094,0.0,0.0,0.0,0.0,0.094094,0.55,high,0.051752,0.0,0.051752,0
2026-07-26T09:50:48.381644,11/03 20:15,17.8,0.0,,,,18.0,29.0,0.3764,0.094094,0.0,0.094094,0.0,0.0,0.0,0.0,0.094094,0.55,high,0.051752,0.0,0.051752,0
2026-07-26T09:50:48.395642,11/03 21:15,17.25,0.0,,,,18.0,29.0,0.3764,0.094094,0.0,0.094094,0.0,0.0,0.0,0.0,0.094094,0.4,moderate,0.037638,0.0,0.037638,0
2026-07-26T09:50:48.409638,11/03 22:15,15.45,0.0,,,,18.0,29.0,0.3764,0.094094,0.0,0.094094,0.0,0.0,0.0,0.0,0.094094,0.4,moderate,0.037638,0.0,0.037638,0
2026-07-26T09:50:48.422638,11/03 23:15,14.85,0.0,,,,18.0,29.0,0.3764,0.094094,0.0,0.094094,0.0,0.0,0.0,0.0,0.094094,0.4,moderate,0.037638,0.0,0.037638,0
2026-07-26T09:50:48.435638,11/04 00:15,14.4,0.0,,,,18.0,29.0,0.3764,0.094094,0.0,0.094094,0.0,0.0,0.0,0.0,0.094094,0.34,low,0.031992,0.0,0.031992,0
2026-07-26T09:51:02.371205,11/04 01:15,14.12,0.0,,,,18.0,29.0,0.3764,0.094094,0.0,0.094094,0.0,0.0,0.0,0.0,0.094094,0.34,low,0.031992,0.0,0.031992,0
2026-07-26T09:51:02.388204,11/04 02:15,13.18,0.0,,,,18.0,29.0,0.3764,0.094094,0.0,0.094094,0.0,0.0,0.0,0.0,0.094094,0.34,low,0.031992,0.0,0.031992,0
2026-07-26T09:51:02.405204,11/04 03:15,12.65,0.0,,,,18.0,29.0,0.3764,0.094094,0.0,0.094094,0.0,0.0,0.0,0.0,0.094094,0.34,low,0.031992,0.0,0.031992,0
2026-07-26T09:51:02.418204,11/04 04:15,12.07,0.0,,,,18.0,29.0,0.3764,0.094094,0.0,0.094094,0.0,0.0,0.0,0.0,0.094094,0.34,low,0.031992,0.0,0.031992,0
2026-07-26T09:51:02.431206,11/04 05:15,11.55,0.0,,,,18.0,29.0,0.3764,0.094094,0.0,0.094094,0.0,0.0,0.0,0.0,0.094094,0.34,low,0.031992,0.0,0.031992,0
2026-07-26T09:51:02.446202,11/04 06:15,10.97,0.0,,,,18.0,29.0,0.3764,0.094094,0.0,0.094094,0.0,0.0,0.0,0.0,0.094094,0.43,moderate,0.04046,0.0,0.04046,0
2026-07-26T09:51:16.377629,11/04 07:23,11.0,0.0,,,,18.0,29.0,0.3764,0.094094,0.0,0.094094,0.000632,0.393339,0.285424,0.0,0.487433,0.43,moderate,0.04046,0.071194,0.111655,0
2026-07-26T09:51:16.394628,11/04 08:23,12.35,0.0,,,,18.0,29.0,0.3764,0.094094,0.119391,0.094094,0.010372,0.265209,0.215394,0.055223,0.359303,0.43,moderate,0.04046,0.048003,0.088463,0
2026-07-26T09:51:16.412629,11/04 09:23,13.2,52.0,22.0,20.66,24.4,18.0,29.0,0.3764,0.094094,0.123361,0.094094,0.015734,0.236762,0.195482,0.102457,0.330856,0.43,moderate,0.04046,0.042854,0.083314,0
2026-07-26T09:51:16.428628,11/04 10:23,14.4,52.0,23.8,22.18,26.34,18.0,29.0,0.3764,0.094094,0.145314,0.094094,0.021928,0.209115,0.174726,0.228675,0.303209,0.3,low,0.028228,0.03785,0.066078,1
2026-07-26T09:51:16.442628,11/04 11:23,14.55,52.0,24.58,22.91,26.72,18.0,29.0,0.3764,0.094094,0.147661,0.094094,0.024961,0.182103,0.153724,0.228675,0.276197,0.3,low,0.028228,0.032961,0.061189,1
2026-07-26T09:51:16.457628,11/04 12:15,15.0,41.6,24.8,23.12,26.2,18.0,29.0,0.3764,0.094094,0.155694,0.094094,0.027651,0.164373,0.139031,0.275923,0.258467,0.3,low,0.028228,0.029752,0.05798,1
2026-07-26T09:51:31.803894,11/04 13:15,14.85,20.8,24.57,22.93,26.39,20.0,27.0,0.3764,0.094094,0.156541,0.094094,0.030361,0.151169,0.127732,0.275948,0.245263,0.3,low,0.028228,0.027362,0.05559,1
2026-07-26T09:51:31.820892,11/04 14:15,14.28,41.6,24.84,23.37,27.0,20.0,27.0,0.3825,0.095614,0.149041,0.095614,0.032373,0.023486,0.024616,0.228726,0.1191,0.3,low,0.028684,0.004251,0.032935,1
2026-07-26T09:51:31.839892,11/04 15:15,13.62,52.0,24.95,23.99,27.0,20.0,27.0,0.3869,0.096722,0.151421,0.096722,0.031827,0.0,0.0,0.244553,0.096722,0.3,low,0.029017,0.0,0.029017,1
2026-07-26T09:51:31.855891,11/04 16:15,12.38,52.0,24.83,23.56,27.0,20.0,27.0,0.3778,0.094462,0.127173,0.094462,0.029666,0.092277,0.082037,0.102476,0.186739,0.55,high,0.051954,0.016702,0.068656,1
2026-07-26T09:51:31.871892,11/04 17:23,10.97,52.0,23.94,22.87,25.18,20.0,27.0,0.3764,0.094094,0.0,0.094094,0.000249,0.174103,0.138618,0.0,0.268197,0.55,high,0.051752,0.031513,0.083264,0
2026-07-26T09:51:31.886892,11/04 18:15,10.45,52.0,23.31,22.43,24.77,20.0,27.0,0.3764,0.094094,0.0,0.094094,0.000359,0.245785,0.186008,0.0,0.339879,0.55,high,0.051752,0.044487,0.096239,0
2026-07-26T09:51:47.133825,11/04 19:15,10.15,26.0,21.84,21.17,23.21,20.0,26.0,0.3764,0.094094,0.0,0.094094,0.000533,0.344541,0.252077,0.0,0.438635,0.55,high,0.051752,0.062362,0.114114,0
2026-07-26T09:51:47.151823,11/04 20:15,10.88,0.0,,,,20.0,26.0,0.3764,0.094094,0.0,0.094094,0.000469,0.290169,0.228618,0.0,0.384263,0.55,high,0.051752,0.052521,0.104272,0
2026-07-26T09:51:47.167823,11/04 21:15,11.82,0.0,,,,20.0,26.0,0.3764,0.094094,0.0,0.094094,0.0,0.0,0.0,0.0,0.094094,0.4,moderate,0.037638,0.0,0.037638,0
2026-07-26T09:51:47.181825,11/04 22:15,12.35,0.0,,,,20.0,26.0,0.3764,0.094094,0.0,0.094094,0.0,0.0,0.0,0.0,0.094094,0.4,moderate,0.037638,0.0,0.037638,0
2026-07-26T09:51:47.196825,11/04 23:15,12.53,0.0,,,,20.0,26.0,0.3764,0.094094,0.0,0.094094,2.2e-05,0.013612,0.018,0.0,0.107706,0.4,moderate,0.037638,0.002464,0.040101,0
2026-07-26T09:51:47.211827,11/05 00:15,11.7,0.0,,,,20.0,26.0,0.3764,0.094094,0.0,0.094094,0.000184,0.121852,0.131116,0.0,0.215946,0.34,low,0.031992,0.022055,0.054047,0
2026-07-26T09:52:02.407138,11/05 01:15,11.27,0.0,,,,18.0,28.0,0.3764,0.094094,0.0,0.094094,0.0,0.0,0.0,0.0,0.094094,0.34,low,0.031992,0.0,0.031992,0
2026-07-26T09:52:02.426140,11/05 02:15,10.0,0.0,,,,18.0,28.0,0.3764,0.094094,0.0,0.094094,0.0,0.0,0.0,0.0,0.094094,0.34,low,0.031992,0.0,0.031992,0
2026-07-26T09:52:02.443140,11/05 03:15,10.15,0.0,,,,18.0,28.0,0.3764,0.094094,0.0,0.094094,0.0,0.0,0.0,0.0,0.094094,0.34,low,0.031992,0.0,0.031992,0
2026-07-26T09:52:02.458139,11/05 04:15,10.72,0.0,,,,18.0,28.0,0.3764,0.094094,0.0,0.094094,0.0,0.0,0.0,0.0,0.094094,0.34,low,0.031992,0.0,0.031992,0
2026-07-26T09:52:02.473138,11/05 05:15,11.1,0.0,,,,18.0,28.0,0.3764,0.094094,0.0,0.094094,0.0,0.0,0.0,0.0,0.094094,0.34,low,0.031992,0.0,0.031992,0
2026-07-26T09:52:02.488137,11/05 06:15,10.97,0.0,,,,18.0,28.0,0.3764,0.094094,0.0,0.094094,0.0,0.0,0.0,0.0,0.094094,0.43,moderate,0.04046,0.0,0.04046,0
2026-07-26T09:52:17.044359,11/05 07:15,10.72,0.0,,,,18.0,29.0,0.3764,0.094094,0.0,0.094094,0.000654,0.400088,0.292614,0.0,0.494182,0.43,moderate,0.04046,0.072416,0.112876,0
2026-07-26T09:52:17.063361,11/05 08:15,10.97,0.0,,,,18.0,29.0,0.3764,0.094094,0.0,0.094094,0.000542,0.318442,0.25502,0.0,0.412536,0.43,moderate,0.04046,0.057638,0.098098,0
2026-07-26T09:52:17.083360,11/05 09:15,10.72,52.0,21.02,20.45,22.04,18.0,29.0,0.3764,0.094094,0.0,0.094094,0.000611,0.354074,0.278586,0.0,0.448168,0.43,moderate,0.04046,0.064087,0.104548,0
2026-07-26T09:52:17.102359,11/05 10:15,11.38,52.0,22.5,21.81,23.54,18.0,29.0,0.3764,0.094094,0.0,0.094094,0.000455,0.265855,0.223096,0.0,0.359949,0.3,low,0.028228,0.04812,0.076348,0
2026-07-26T09:52:17.119362,11/05 11:15,12.35,52.0,23.28,22.56,24.18,18.0,29.0,0.3764,0.094094,0.113337,0.094094,0.015022,0.205557,0.176886,0.055334,0.299651,0.3,low,0.028228,0.037206,0.065434,0
2026-07-26T09:52:17.134359,11/05 12:15,12.93,41.6,23.6,22.87,24.4,18.0,29.0,0.3764,0.094094,0.123341,0.094094,0.017815,0.192051,0.163386,0.102716,0.286145,0.3,low,0.028228,0.034761,0.062989,0
2026-07-26T09:52:32.597958,11/05 13:15,13.18,20.8,23.23,22.51,24.07,20.0,27.0,0.3764,0.094094,0.130856,0.094094,0.020295,0.184316,0.155085,0.142276,0.27841,0.3,low,0.028228,0.033361,0.061589,0
2026-07-26T09:52:32.616958,11/05 14:15,12.8,41.6,23.57,22.77,24.52,20.0,27.0,0.3764,0.094094,0.125576,0.094094,0.020985,0.175683,0.146985,0.102769,0.269777,0.3,low,0.028228,0.031799,0.060027,0
2026-07-26T09:52:32.631959,11/05 15:15,12.65,52.0,23.76,22.98,24.81,20.0,27.0,0.3764,0.094094,0.1248,0.094094,0.021558,0.168183,0.140102,0.102769,0.262277,0.3,low,0.028228,0.030441,0.058669,0
2026-07-26T09:52:32.647962,11/05 16:15,12.2,52.0,23.64,22.86,24.78,20.0,27.0,0.3764,0.094094,0.117286,0.094094,0.019868,0.164684,0.136326,0.05534,0.258778,0.55,high,0.051752,0.029808,0.08156,0
2026-07-26T09:52:32.664964,11/05 17:15,12.2,52.0,23.16,22.39,24.54,20.0,27.0,0.3764,0.094094,0.116334,0.094094,0.019612,0.165725,0.136017,0.05534,0.259819,0.55,high,0.051752,0.029996,0.081748,0
2026-07-26T09:52:32.679953,11/05 18:15,12.07,52.0,22.92,22.12,24.4,20.0,27.0,0.3764,0.094094,0.116185,0.094094,0.018816,0.170389,0.138537,0.055366,0.264483,0.55,high,0.051752,0.03084,0.082592,0
2026-07-26T09:52:47.830549,11/05 19:15,11.82,26.0,21.73,21.05,23.1,20.0,26.0,0.3764,0.094094,0.110092,0.094094,0.016366,0.187545,0.149872,0.015827,0.281639,0.55,high,0.051752,0.033946,0.085697,0
2026-07-26T09:52:47.848548,11/05 20:15,12.07,0.0,,,,20.0,26.0,0.3764,0.094094,0.114767,0.094094,0.016157,0.213261,0.167435,0.055335,0.307355,0.55,high,0.051752,0.0386,0.090352,0
2026-07-26T09:52:47.863547,11/05 21:15,11.82,0.0,,,,20.0,26.0,0.3764,0.094094,0.0,0.094094,0.0,0.0,0.0,0.0,0.094094,0.4,moderate,0.037638,0.0,0.037638,0
2026-07-26T09:52:47.876547,11/05 22:15,12.2,0.0,,,,20.0,26.0,0.3764,0.094094,0.0,0.094094,0.0,0.0,0.0,0.0,0.094094,0.4,moderate,0.037638,0.0,0.037638,0
2026-07-26T09:52:47.889548,11/05 23:15,12.35,0.0,,,,20.0,26.0,0.3764,0.094094,0.0,0.094094,4.1e-05,0.028087,0.030455,0.0,0.122181,0.4,moderate,0.037638,0.005084,0.042721,0
2026-07-26T09:52:47.902545,11/06 00:15,12.8,0.0,,,,20.0,26.0,0.3764,0.094094,0.0,0.094094,0.000113,0.079545,0.081106,0.0,0.173639,0.34,low,0.031992,0.014398,0.04639,0
2026-07-26T09:53:01.876270,11/06 01:15,12.8,0.0,,,,18.0,28.0,0.3764,0.094094,0.0,0.094094,0.0,0.0,0.0,0.0,0.094094,0.34,low,0.031992,0.0,0.031992,0
2026-07-26T09:53:01.893269,11/06 02:15,12.8,0.0,,,,18.0,28.0,0.3764,0.094094,0.0,0.094094,0.0,0.0,0.0,0.0,0.094094,0.34,low,0.031992,0.0,0.031992,0
2026-07-26T09:53:01.907268,11/06 03:15,12.8,0.0,,,,18.0,28.0,0.3764,0.094094,0.0,0.094094,0.0,0.0,0.0,0.0,0.094094,0.34,low,0.031992,0.0,0.031992,0
2026-07-26T09:53:01.921270,11/06 04:15,12.65,0.0,,,,18.0,28.0,0.3764,0.094094,0.0,0.094094,0.0,0.0,0.0,0.0,0.094094,0.34,low,0.031992,0.0,0.031992,0
2026-07-26T09:53:01.934269,11/06 05:15,12.2,0.0,,,,18.0,28.0,0.3764,0.094094,0.0,0.094094,0.0,0.0,0.0,0.0,0.094094,0.34,low,0.031992,0.0,0.031992,0
2026-07-26T09:53:01.947270,11/06 06:15,12.07,0.0,,,,18.0,28.0,0.3764,0.094094,0.0,0.094094,0.0,0.0,0.0,0.0,0.094094,0.43,moderate,0.04046,0.0,0.04046,0
2026-07-26T09:53:15.783489,11/06 07:15,11.82,0.0,,,,18.0,29.0,0.3764,0.094094,0.109352,0.094094,0.007867,0.292688,0.217302,0.015845,0.386782,0.43,moderate,0.04046,0.052977,0.093437,0
2026-07-26T09:53:15.800488,11/06 08:15,12.35,0.0,,,,18.0,29.0,0.3764,0.094094,0.1128,0.094094,0.008499,0.284096,0.219044,0.055408,0.37819,0.43,moderate,0.04046,0.051421,0.091882,0
2026-07-26T09:53:15.816489,11/06 09:15,12.8,52.0,21.23,20.66,22.17,18.0,29.0,0.3764,0.094094,0.122303,0.094094,0.011749,0.253578,0.202894,0.102898,0.347672,0.43,moderate,0.04046,0.045898,0.086358,0
2026-07-26T09:53:15.833488,11/06 10:15,13.08,52.0,22.68,21.99,23.72,18.0,29.0,0.3764,0.094094,0.123871,0.094094,0.013262,0.228992,0.18686,0.102898,0.323086,0.3,low,0.028228,0.041448,0.069676,0
2026-07-26T09:53:15.847487,11/06 11:15,14.18,52.0,23.4,22.68,24.33,18.0,29.0,0.3764,0.094094,0.137489,0.094094,0.016136,0.209207,0.172511,0.190052,0.303301,0.3,low,0.028228,0.037866,0.066095,0
2026-07-26T09:53:15.861487,11/06 12:15,14.85,41.6,23.77,23.04,24.51,18.0,29.0,0.3764,0.094094,0.160227,0.094094,0.020304,0.192214,0.159439,0.323571,0.286308,0.3,low,0.028228,0.034791,0.063019,0
2026-07-26T09:53:31.529085,11/06 13:15,14.28,20.8,23.45,22.75,24.21,20.0,27.0,0.3764,0.094094,0.154641,0.094094,0.019977,0.181941,0.150825,0.269557,0.276035,0.3,low,0.028228,0.032931,0.06116,0
2026-07-26T09:53:31.547085,11/06 14:15,13.9,41.6,23.82,23.07,24.72,20.0,27.0,0.3764,0.094094,0.148041,0.094094,0.020534,0.171725,0.142428,0.232061,0.265819,0.3,low,0.028228,0.031082,0.05931,0
2026-07-26T09:53:31.563083,11/06 15:15,13.75,52.0,23.92,23.16,24.96,20.0,27.0,0.3764,0.094094,0.147237,0.094094,0.021036,0.163094,0.135211,0.232061,0.257188,0.3,low,0.028228,0.02952,0.057748,0
2026-07-26T09:53:31.578081,11/06 16:15,13.18,52.0,23.57,22.77,24.85,20.0,27.0,0.3764,0.094094,0.137591,0.094094,0.019517,0.160822,0.132553,0.173028,0.254916,0.55,high,0.051752,0.029109,0.08086,0
2026-07-26T09:53:31.593082,11/06 17:15,12.8,52.0,23.16,22.34,24.57,20.0,27.0,0.3764,0.094094,0.129937,0.094094,0.01828,0.163507,0.133596,0.131107,0.257601,0.55,high,0.051752,0.029595,0.081346,0
2026-07-26T09:53:31.608088,11/06 18:15,12.8,52.0,22.97,22.14,24.45,20.0,27.0,0.3764,0.094094,0.129039,0.094094,0.017865,0.168403,0.136455,0.131107,0.262497,0.55,high,0.051752,0.030481,0.082233,0
2026-07-26T09:53:46.881263,11/06 19:15,12.8,26.0,21.81,21.1,23.16,20.0,26.0,0.3764,0.094094,0.128867,0.094094,0.01685,0.185577,0.147925,0.131107,0.279671,0.55,high,0.051752,0.033589,0.085341,0
2026-07-26T09:53:46.900264,11/06 20:15,12.8,0.0,,,,20.0,26.0,0.3764,0.094094,0.136967,0.094094,0.016853,0.211552,0.165744,0.184761,0.305646,0.55,high,0.051752,0.038291,0.090043,0
2026-07-26T09:53:46.915266,11/06 21:15,12.93,0.0,,,,20.0,26.0,0.3764,0.094094,0.0,0.094094,0.0,0.0,0.0,0.0,0.094094,0.4,moderate,0.037638,0.0,0.037638,0
2026-07-26T09:53:46.930264,11/06 22:15,13.45,0.0,,,,20.0,26.0,0.3764,0.094094,0.0,0.094094,0.0,0.0,0.0,0.0,0.094094,0.4,moderate,0.037638,0.0,0.037638,0
2026-07-26T09:53:46.945263,11/06 23:15,13.9,0.0,,,,20.0,26.0,0.3764,0.094094,0.0,0.094094,0.0,0.0,0.0,0.0,0.094094,0.4,moderate,0.037638,0.0,0.037638,0
2026-07-26T09:53:46.960264,11/07 00:15,13.9,0.0,,,,20.0,26.0,0.3764,0.094094,0.0,0.094094,0.0,0.0,0.0,0.0,0.094094,0.34,low,0.031992,0.0,0.031992,0
2026-07-26T09:54:01.921109,11/07 01:15,13.9,0.0,,,,18.0,28.0,0.3764,0.094094,0.0,0.094094,0.0,0.0,0.0,0.0,0.094094,0.34,low,0.031992,0.0,0.031992,0
2026-07-26T09:54:01.938107,11/07 02:15,14.03,0.0,,,,18.0,28.0,0.3764,0.094094,0.0,0.094094,0.0,0.0,0.0,0.0,0.094094,0.34,low,0.031992,0.0,0.031992,0
2026-07-26T09:54:01.957108,11/07 03:15,14.28,0.0,,,,18.0,28.0,0.3764,0.094094,0.0,0.094094,0.0,0.0,0.0,0.0,0.094094,0.34,low,0.031992,0.0,0.031992,0
2026-07-26T09:54:01.975108,11/07 04:15,13.62,0.0,,,,18.0,28.0,0.3764,0.094094,0.0,0.094094,0.0,0.0,0.0,0.0,0.094094,0.34,low,0.031992,0.0,0.031992,0
2026-07-26T09:54:01.990107,11/07 05:15,12.93,0.0,,,,18.0,28.0,0.3764,0.094094,0.0,0.094094,0.0,0.0,0.0,0.0,0.094094,0.34,low,0.031992,0.0,0.031992,0
2026-07-26T09:54:02.003109,11/07 06:15,13.18,0.0,,,,18.0,28.0,0.3764,0.094094,0.0,0.094094,0.0,0.0,0.0,0.0,0.094094,0.43,moderate,0.04046,0.0,0.04046,0
2026-07-26T09:54:17.904688,11/07 07:15,12.8,0.0,,,,18.0,29.0,0.3764,0.094094,0.150337,0.094094,0.012874,0.278986,0.212946,0.257043,0.37308,0.43,moderate,0.04046,0.050496,0.090957,0
2026-07-26T09:54:17.923703,11/07 08:15,12.8,0.0,,,,18.0,29.0,0.3764,0.094094,0.150285,0.094094,0.012861,0.275097,0.215023,0.257043,0.369191,0.43,moderate,0.04046,0.049793,0.090253,0
2026-07-26T09:54:17.940755,11/07 09:15,12.8,52.0,21.36,20.77,22.33,18.0,29.0,0.3764,0.094094,0.151513,0.094094,0.014794,0.247354,0.199251,0.257043,0.341448,0.43,moderate,0.04046,0.044771,0.085231,0
2026-07-26T09:54:17.961698,11/07 10:15,13.08,52.0,22.73,22.03,23.83,18.0,29.0,0.3764,0.094094,0.151388,0.094094,0.016159,0.224564,0.183835,0.257043,0.318658,0.3,low,0.028228,0.040646,0.068874,0
2026-07-26T09:54:17.976701,11/07 11:15,13.9,52.0,23.42,22.69,24.41,18.0,29.0,0.3764,0.094094,0.176906,0.094094,0.02098,0.206173,0.170225,0.406653,0.300267,0.3,low,0.028228,0.037317,0.065546,0
2026-07-26T09:54:17.992741,11/07 12:15,13.9,41.6,23.82,23.07,24.6,18.0,29.0,0.3764,0.094094,0.178649,0.094094,0.022117,0.190103,0.157737,0.406725,0.284197,0.3,low,0.028228,0.034409,0.062637,0
2026-07-26T09:54:33.645223,11/07 13:15,14.03,20.8,23.65,22.92,24.34,20.0,27.0,0.3764,0.094094,0.192412,0.094094,0.025424,0.179717,0.149053,0.485282,0.273811,0.3,low,0.028228,0.032529,0.060757,0
2026-07-26T09:54:33.664222,11/07 14:15,14.28,41.6,24.06,23.3,24.86,20.0,27.0,0.3764,0.094094,0.198051,0.094094,0.027644,0.167377,0.139166,0.51082,0.261471,0.3,low,0.028228,0.030295,0.058523,0
2026-07-26T09:54:33.683222,11/07 15:15,13.9,52.0,24.18,23.4,25.18,20.0,27.0,0.3764,0.094094,0.179937,0.094094,0.025581,0.157358,0.130905,0.40712,0.251452,0.3,low,0.028228,0.028482,0.05671,0
2026-07-26T09:54:33.698221,11/07 16:15,13.75,52.0,23.96,23.17,25.15,20.0,27.0,0.3764,0.094094,0.178809,0.094094,0.025574,0.153739,0.127239,0.40712,0.247833,0.55,high,0.051752,0.027827,0.079578,0
2026-07-26T09:54:33.712222,11/07 17:15,13.3,52.0,23.45,22.64,24.82,20.0,27.0,0.3764,0.094094,0.171242,0.094094,0.026718,0.15505,0.127259,0.359771,0.249144,0.55,high,0.051752,0.028064,0.079816,0
2026-07-26T09:54:33.726221,11/07 18:15,13.3,52.0,23.21,22.37,24.66,20.0,27.0,0.3764,0.094094,0.157916,0.094094,0.024699,0.160512,0.13042,0.285097,0.254606,0.55,high,0.051752,0.029053,0.080804,0
2026-07-26T09:54:49.009435,11/07 19:15,13.3,26.0,22.02,21.28,23.35,20.0,26.0,0.3764,0.094094,0.156207,0.094094,0.022473,0.178348,0.142313,0.285063,0.272442,0.55,high,0.051752,0.032281,0.084033,0
2026-07-26T09:54:49.028430,11/07 20:15,13.3,0.0,,,,20.0,26.0,0.3764,0.094094,0.15595,0.094094,0.019615,0.206033,0.161232,0.285063,0.300127,0.55,high,0.051752,0.037292,0.089044,0
2026-07-26T09:54:49.043427,11/07 21:15,13.3,0.0,,,,20.0,26.0,0.3764,0.094094,0.0,0.094094,0.0,0.0,0.0,0.0,0.094094,0.4,moderate,0.037638,0.0,0.037638,0
2026-07-26T09:54:49.056426,11/07 22:15,13.3,0.0,,,,20.0,26.0,0.3764,0.094094,0.0,0.094094,0.0,0.0,0.0,0.0,0.094094,0.4,moderate,0.037638,0.0,0.037638,0
2026-07-26T09:54:49.069428,11/07 23:15,13.3,0.0,,,,20.0,26.0,0.3764,0.094094,0.0,0.094094,0.0,0.0,0.0,0.0,0.094094,0.4,moderate,0.037638,0.0,0.037638,0
2026-07-26T09:54:49.083427,11/08 00:15,13.45,0.0,,,,20.0,26.0,0.3764,0.094094,0.0,0.094094,0.0,0.0,0.0,0.0,0.094094,0.34,low,0.031992,0.0,0.031992,0
2026-07-26T09:55:03.887777,11/08 01:15,13.9,0.0,,,,18.0,28.0,0.3764,0.094094,0.0,0.094094,0.0,0.0,0.0,0.0,0.094094,0.34,low,0.031992,0.0,0.031992,0
2026-07-26T09:55:03.904787,11/08 02:15,13.9,0.0,,,,18.0,28.0,0.3764,0.094094,0.0,0.094094,0.0,0.0,0.0,0.0,0.094094,0.34,low,0.031992,0.0,0.031992,0
2026-07-26T09:55:03.918776,11/08 03:15,13.9,0.0,,,,18.0,28.0,0.3764,0.094094,0.0,0.094094,0.0,0.0,0.0,0.0,0.094094,0.34,low,0.031992,0.0,0.031992,0
2026-07-26T09:55:03.932775,11/08 04:15,13.9,0.0,,,,18.0,28.0,0.3764,0.094094,0.0,0.094094,0.0,0.0,0.0,0.0,0.094094,0.34,low,0.031992,0.0,0.031992,0
2026-07-26T09:55:03.946776,11/08 05:15,13.9,0.0,,,,18.0,28.0,0.3764,0.094094,0.0,0.094094,0.0,0.0,0.0,0.0,0.094094,0.34,low,0.031992,0.0,0.031992,0
2026-07-26T09:55:03.959777,11/08 06:15,13.9,0.0,,,,18.0,28.0,0.3764,0.094094,0.0,0.094094,0.0,0.0,0.0,0.0,0.094094,0.43,moderate,0.04046,0.0,0.04046,0
2026-07-26T09:55:17.891283,11/08 07:15,14.03,0.0,,,,18.0,29.0,0.3764,0.094094,0.177118,0.094094,0.016804,0.277892,0.211376,0.406583,0.371986,0.43,moderate,0.04046,0.050298,0.090759,0
2026-07-26T09:55:17.908280,11/08 08:15,14.4,0.0,,,,18.0,29.0,0.3764,0.094094,0.195562,0.094094,0.019706,0.271726,0.212209,0.509801,0.36582,0.43,moderate,0.04046,0.049182,0.089643,0
2026-07-26T09:55:17.924280,11/08 09:23,14.7,52.0,21.79,21.15,22.49,18.0,29.0,0.3764,0.094094,0.197696,0.094094,0.022067,0.239449,0.193437,0.509801,0.333543,0.43,moderate,0.04046,0.04334,0.083801,0
2026-07-26T09:55:17.942280,11/08 10:15,15.72,52.0,23.38,22.63,24.1,18.0,29.0,0.3764,0.094094,0.231997,0.094094,0.028342,0.213798,0.175794,0.700881,0.307892,0.3,low,0.028228,0.038697,0.066926,0
2026-07-26T09:55:17.956279,11/08 11:15,16.38,52.0,24.13,23.35,24.76,18.0,29.0,0.3764,0.094094,0.253297,0.094094,0.032203,0.190973,0.158852,0.808645,0.285067,0.3,low,0.028228,0.034566,0.062794,0
2026-07-26T09:55:17.970280,11/08 12:15,17.2,41.6,24.42,23.64,24.96,18.0,29.0,0.3764,0.094094,0.286629,0.094094,0.037865,0.171686,0.143782,0.980364,0.26578,0.3,low,0.028228,0.031075,0.059303,0
2026-07-26T09:55:32.779136,11/08 13:15,16.92,20.8,24.17,23.42,24.65,20.0,27.0,0.3764,0.094094,0.274101,0.094094,0.037292,0.16005,0.133981,0.908646,0.254144,0.3,low,0.028228,0.028969,0.057197,0
2026-07-26T09:55:32.796133,11/08 14:15,16.1,41.6,24.45,23.67,25.14,20.0,27.0,0.3764,0.094094,0.242886,0.094094,0.034812,0.148889,0.124713,0.741759,0.242983,0.3,low,0.028228,0.026949,0.055177,0
2026-07-26T09:55:32.811130,11/08 15:15,16.1,52.0,24.54,23.76,25.43,20.0,27.0,0.3764,0.094094,0.241599,0.094094,0.035337,0.140761,0.117716,0.741759,0.234855,0.3,low,0.028228,0.025478,0.053706,0
2026-07-26T09:55:32.824129,11/08 16:15,16.25,52.0,24.34,23.56,25.37,20.0,27.0,0.3764,0.094094,0.242432,0.094094,0.03766,0.138451,0.115021,0.741759,0.232545,0.55,high,0.051752,0.02506,0.076811,0
2026-07-26T09:55:32.838131,11/08 17:15,16.7,52.0,23.85,23.05,25.05,20.0,27.0,0.3764,0.094094,0.266278,0.094094,0.041937,0.140481,0.115615,0.870994,0.234575,0.55,high,0.051752,0.025427,0.077179,0
2026-07-26T09:55:32.853130,11/08 18:15,16.7,52.0,23.64,22.8,24.93,20.0,27.0,0.3764,0.094094,0.266741,0.094094,0.041888,0.146021,0.118902,0.870788,0.240115,0.55,high,0.051752,0.02643,0.078182,0
2026-07-26T09:55:47.271453,11/08 19:15,16.55,26.0,22.45,21.71,23.61,20.0,26.0,0.3764,0.094094,0.278979,0.094094,0.041655,0.163556,0.130656,0.940829,0.25765,0.55,high,0.051752,0.029604,0.081355,0
2026-07-26T09:55:47.288449,11/08 20:15,16.25,0.0,,,,20.0,26.0,0.3764,0.094094,0.270744,0.094094,0.036294,0.192823,0.150608,0.899639,0.286917,0.55,high,0.051752,0.034901,0.086653,0
2026-07-26T09:55:47.304449,11/08 21:15,16.55,0.0,,,,20.0,26.0,0.3764,0.094094,0.0,0.094094,0.0,0.0,0.0,0.0,0.094094,0.4,moderate,0.037638,0.0,0.037638,0
2026-07-26T09:55:47.317448,11/08 22:15,16.1,0.0,,,,20.0,26.0,0.3764,0.094094,0.0,0.094094,0.0,0.0,0.0,0.0,0.094094,0.4,moderate,0.037638,0.0,0.037638,0
2026-07-26T09:55:47.329448,11/08 23:15,16.1,0.0,,,,20.0,26.0,0.3764,0.094094,0.0,0.094094,0.0,0.0,0.0,0.0,0.094094,0.4,moderate,0.037638,0.0,0.037638,0
2026-07-26T09:55:47.342453,11/09 00:15,16.1,0.0,,,,20.0,26.0,0.3764,0.094094,0.0,0.094094,0.0,0.0,0.0,0.0,0.094094,0.34,low,0.031992,0.0,0.031992,0
2026-07-26T09:56:01.289959,11/09 01:15,16.1,0.0,,,,18.0,28.0,0.3764,0.094094,0.0,0.094094,0.0,0.0,0.0,0.0,0.094094,0.34,low,0.031992,0.0,0.031992,0
2026-07-26T09:56:01.306960,11/09 02:15,16.1,0.0,,,,18.0,28.0,0.3764,0.094094,0.0,0.094094,0.0,0.0,0.0,0.0,0.094094,0.34,low,0.031992,0.0,0.031992,0
2026-07-26T09:56:01.321959,11/09 03:15,16.1,0.0,,,,18.0,28.0,0.3764,0.094094,0.0,0.094094,0.0,0.0,0.0,0.0,0.094094,0.34,low,0.031992,0.0,0.031992,0
2026-07-26T09:56:01.335959,11/09 04:15,16.1,0.0,,,,18.0,28.0,0.3764,0.094094,0.0,0.094094,0.0,0.0,0.0,0.0,0.094094,0.34,low,0.031992,0.0,0.031992,0
2026-07-26T09:56:01.347958,11/09 05:15,16.1,0.0,,,,18.0,28.0,0.3764,0.094094,0.0,0.094094,0.0,0.0,0.0,0.0,0.094094,0.34,low,0.031992,0.0,0.031992,0
2026-07-26T09:56:01.360962,11/09 06:15,16.25,0.0,,,,18.0,28.0,0.3764,0.094094,0.0,0.094094,0.0,0.0,0.0,0.0,0.094094,0.43,moderate,0.04046,0.0,0.04046,0
2026-07-26T09:56:15.762228,11/09 07:15,16.82,0.0,,,,18.0,29.0,0.3764,0.094094,0.0,0.094094,0.0,0.0,0.0,0.0,0.094094,0.43,moderate,0.04046,0.0,0.04046,0
2026-07-26T09:56:15.778878,11/09 08:15,17.2,0.0,,,,18.0,29.0,0.3764,0.094094,0.0,0.094094,0.0,0.0,0.0,0.0,0.094094,0.43,moderate,0.04046,0.0,0.04046,0
2026-07-26T09:56:15.794205,11/09 09:15,16.65,0.0,,,,18.0,29.0,0.3764,0.094094,0.0,0.094094,0.0,0.0,0.0,0.0,0.094094,0.43,moderate,0.04046,0.0,0.04046,0
2026-07-26T09:56:15.810208,11/09 10:15,15.0,0.0,,,,18.0,29.0,0.3764,0.094094,0.0,0.094094,0.0,0.0,0.0,0.0,0.094094,0.3,low,0.028228,0.0,0.028228,0
2026-07-26T09:56:15.825203,11/09 11:15,15.43,0.0,,,,18.0,29.0,0.3764,0.094094,0.0,0.094094,0.0,0.0,0.0,0.0,0.094094,0.3,low,0.028228,0.0,0.028228,0
2026-07-26T09:56:15.839212,11/09 12:15,16.97,0.0,,,,18.0,29.0,0.3764,0.094094,0.0,0.094094,0.0,0.0,0.0,0.0,0.094094,0.3,low,0.028228,0.0,0.028228,0
2026-07-26T09:56:30.214599,11/09 13:23,17.93,0.0,,,,18.0,29.0,0.3764,0.094094,0.0,0.094094,0.0,0.0,0.0,0.0,0.094094,0.3,low,0.028228,0.0,0.028228,0
2026-07-26T09:56:30.233599,11/09 14:15,18.3,0.0,,,,18.0,29.0,0.3764,0.094094,0.0,0.094094,0.0,0.0,0.0,0.0,0.094094,0.3,low,0.028228,0.0,0.028228,0
2026-07-26T09:56:30.248599,11/09 15:15,17.9,0.0,,,,18.0,29.0,0.3764,0.094094,0.0,0.094094,0.0,0.0,0.0,0.0,0.094094,0.3,low,0.028228,0.0,0.028228,0
2026-07-26T09:56:30.263599,11/09 16:15,16.55,0.0,,,,18.0,29.0,0.3764,0.094094,0.0,0.094094,0.0,0.0,0.0,0.0,0.094094,0.55,high,0.051752,0.0,0.051752,0
2026-07-26T09:56:30.277601,11/09 17:23,15.12,0.0,,,,18.0,29.0,0.3764,0.094094,0.0,0.094094,0.0,0.0,0.0,0.0,0.094094,0.55,high,0.051752,0.0,0.051752,0
2026-07-26T09:56:30.291598,11/09 18:15,10.95,0.0,,,,18.0,29.0,0.3764,0.094094,0.0,0.094094,0.0,0.0,0.0,0.0,0.094094,0.55,high,0.051752,0.0,0.051752,0
2026-07-26T09:56:45.570686,11/09 19:15,6.93,0.0,,,,18.0,29.0,0.3764,0.094094,0.0,0.094094,0.0,0.0,0.0,0.0,0.094094,0.55,high,0.051752,0.0,0.051752,0
2026-07-26T09:56:45.588686,11/09 20:15,5.82,0.0,,,,18.0,29.0,0.3764,0.094094,0.0,0.094094,0.0,0.0,0.0,0.0,0.094094,0.55,high,0.051752,0.0,0.051752,0
2026-07-26T09:56:45.604686,11/09 21:15,4.72,0.0,,,,18.0,29.0,0.3764,0.094094,0.0,0.094094,0.0,0.0,0.0,0.0,0.094094,0.4,moderate,0.037638,0.0,0.037638,0
2026-07-26T09:56:45.620686,11/09 22:15,3.75,0.0,,,,18.0,29.0,0.3764,0.094094,0.0,0.094094,0.0,0.0,0.0,0.0,0.094094,0.4,moderate,0.037638,0.0,0.037638,0
2026-07-26T09:56:45.635685,11/09 23:15,3.3,0.0,,,,18.0,29.0,0.3764,0.094094,0.0,0.094094,0.0,0.0,0.0,0.0,0.094094,0.4,moderate,0.037638,0.0,0.037638,0
2026-07-26T09:56:45.649685,11/10 00:15,3.3,0.0,,,,18.0,29.0,0.3764,0.094094,0.0,0.094094,0.0,0.0,0.0,0.0,0.094094,0.34,low,0.031992,0.0,0.031992,0
2026-07-26T09:57:01.112044,11/10 01:15,3.17,0.0,,,,18.0,29.0,0.3764,0.094094,0.0,0.094094,0.0,0.0,0.0,0.0,0.094094,0.34,low,0.031992,0.0,0.031992,0
2026-07-26T09:57:01.132047,11/10 02:15,2.8,0.0,,,,18.0,29.0,0.3764,0.094094,0.0,0.094094,0.0,0.0,0.0,0.0,0.094094,0.34,low,0.031992,0.0,0.031992,0
2026-07-26T09:57:01.148044,11/10 03:15,2.65,0.0,,,,18.0,29.0,0.3764,0.094094,0.0,0.094094,0.0,0.0,0.0,0.0,0.094094,0.34,low,0.031992,0.0,0.031992,0
2026-07-26T09:57:01.165045,11/10 04:15,2.08,0.0,,,,18.0,29.0,0.3764,0.094094,0.0,0.094094,5.5e-05,0.013494,0.046768,0.0,0.107588,0.34,low,0.031992,0.002442,0.034434,0
2026-07-26T09:57:01.183045,11/10 05:15,1.7,0.0,,,,18.0,29.0,0.3764,0.094094,0.0,0.094094,9.6e-05,0.070502,0.075343,0.0,0.164596,0.34,low,0.031992,0.012761,0.044753,0
2026-07-26T09:57:01.200046,11/10 06:15,1.7,0.0,,,,18.0,29.0,0.3764,0.094094,0.0,0.094094,0.000135,0.105226,0.105345,0.0,0.19932,0.43,moderate,0.04046,0.019046,0.059506,0
2026-07-26T09:57:16.951234,11/10 07:15,1.7,0.0,,,,18.0,29.0,0.3764,0.094094,0.0,0.094094,0.000105,0.085714,0.082058,0.0,0.179808,0.43,moderate,0.04046,0.015514,0.055975,0
2026-07-26T09:57:16.971228,11/10 08:15,1.7,0.0,,,,18.0,29.0,0.3764,0.094094,0.0,0.094094,1.6e-05,0.01305,0.011624,0.0,0.107144,0.43,moderate,0.04046,0.002362,0.042822,0
2026-07-26T09:57:16.987230,11/10 09:15,1.7,0.0,,,,18.0,29.0,0.3764,0.094094,0.0,0.094094,0.0,0.0,0.0,0.0,0.094094,0.43,moderate,0.04046,0.0,0.04046,0
2026-07-26T09:57:17.004229,11/10 10:15,1.7,0.0,,,,18.0,29.0,0.3764,0.094094,0.0,0.094094,0.0,0.0,0.0,0.0,0.094094,0.3,low,0.028228,0.0,0.028228,0
2026-07-26T09:57:17.020230,11/10 11:15,1.7,0.0,,,,18.0,29.0,0.3764,0.094094,0.0,0.094094,0.0,0.0,0.0,0.0,0.094094,0.3,low,0.028228,0.0,0.028228,0
2026-07-26T09:57:17.035232,11/10 12:15,1.7,0.0,,,,18.0,29.0,0.3764,0.094094,0.0,0.094094,0.0,0.0,0.0,0.0,0.094094,0.3,low,0.028228,0.0,0.028228,0
2026-07-26T09:57:31.597005,11/10 13:15,1.7,0.0,,,,18.0,29.0,0.3764,0.094094,0.0,0.094094,0.0,0.0,0.0,0.0,0.094094,0.3,low,0.028228,0.0,0.028228,0
2026-07-26T09:57:31.615005,11/10 14:15,1.82,0.0,,,,18.0,29.0,0.3764,0.094094,0.0,0.094094,0.0,0.0,0.0,0.0,0.094094,0.3,low,0.028228,0.0,0.028228,0
2026-07-26T09:57:31.630997,11/10 15:15,2.08,0.0,,,,18.0,29.0,0.3764,0.094094,0.0,0.094094,0.0,0.0,0.0,0.0,0.094094,0.3,low,0.028228,0.0,0.028228,0
2026-07-26T09:57:31.645997,11/10 16:15,1.7,0.0,,,,18.0,29.0,0.3764,0.094094,0.0,0.094094,0.0,0.0,0.0,0.0,0.094094,0.55,high,0.051752,0.0,0.051752,0
2026-07-26T09:57:31.661997,11/10 17:15,1.7,0.0,,,,18.0,29.0,0.3764,0.094094,0.0,0.094094,0.0,0.0,0.0,0.0,0.094094,0.55,high,0.051752,0.0,0.051752,0
2026-07-26T09:57:31.678012,11/10 18:15,1.7,0.0,,,,18.0,29.0,0.3764,0.094094,0.0,0.094094,0.0,0.0,0.0,0.0,0.094094,0.55,high,0.051752,0.0,0.051752,0
2026-07-26T09:57:46.170439,11/10 19:15,1.7,0.0,,,,18.0,29.0,0.3764,0.094094,0.0,0.094094,1.8e-05,0.014772,0.013797,0.0,0.108866,0.55,high,0.051752,0.002674,0.054425,0
2026-07-26T09:57:46.188433,11/10 20:15,1.7,0.0,,,,18.0,29.0,0.3764,0.094094,0.0,0.094094,4.8e-05,0.039842,0.038729,0.0,0.133936,0.55,high,0.051752,0.007211,0.058963,0
2026-07-26T09:57:46.204433,11/10 21:15,1.7,0.0,,,,18.0,29.0,0.3764,0.094094,0.0,0.094094,3.2e-05,0.026641,0.022254,0.0,0.120735,0.4,moderate,0.037638,0.004822,0.04246,0
2026-07-26T09:57:46.218434,11/10 22:15,1.82,0.0,,,,18.0,29.0,0.3764,0.094094,0.0,0.094094,0.000181,0.156235,0.138063,0.0,0.250329,0.4,moderate,0.037638,0.028279,0.065916,0
2026-07-26T09:57:46.233433,11/10 23:15,2.35,0.0,,,,18.0,29.0,0.3764,0.094094,0.0,0.094094,0.000156,0.138127,0.12001,0.0,0.232221,0.4,moderate,0.037638,0.025001,0.062639,0
2026-07-26T09:57:46.247435,11/11 00:15,2.65,0.0,,,,18.0,29.0,0.3764,0.094094,0.0,0.094094,7.1e-05,0.063773,0.053,0.0,0.157867,0.34,low,0.031992,0.011543,0.043535,0
2026-07-26T09:58:00.088750,11/11 01:15,2.2,0.0,,,,18.0,29.0,0.3764,0.094094,0.0,0.094094,0.000307,0.279166,0.226825,0.0,0.37326,0.34,low,0.031992,0.050529,0.082521,0
2026-07-26T09:58:00.104750,11/11 02:15,2.08,0.0,,,,18.0,29.0,0.3764,0.094094,0.0,0.094094,0.000305,0.27897,0.225995,0.0,0.373064,0.34,low,0.031992,0.050494,0.082486,0
2026-07-26T09:58:00.120748,11/11 03:15,1.55,0.0,,,,18.0,29.0,0.3764,0.094094,0.0,0.094094,0.000325,0.298173,0.240147,0.0,0.392267,0.34,low,0.031992,0.053969,0.085961,0
2026-07-26T09:58:00.137750,11/11 04:15,0.98,0.0,,,,18.0,29.0,0.3764,0.094094,0.0,0.094094,0.000416,0.379359,0.300953,0.0,0.473453,0.34,low,0.031992,0.068664,0.100656,0
2026-07-26T09:58:00.151752,11/11 05:15,0.6,0.0,,,,18.0,29.0,0.3764,0.094094,0.0,0.094094,0.000447,0.404338,0.321549,0.0,0.498432,0.34,low,0.031992,0.073185,0.105177,0
2026-07-26T09:58:00.166747,11/11 06:15,0.3,0.0,,,,18.0,29.0,0.3764,0.094094,0.0,0.094094,0.000517,0.461426,0.365326,0.0,0.55552,0.43,moderate,0.04046,0.083518,0.123979,0
2026-07-26T09:58:14.121764,11/11 07:15,-0.45,0.0,,,,18.0,29.0,0.3764,0.094094,0.0,0.094094,0.005574,2.042246,1.624663,0.0,2.13634,0.43,moderate,0.04046,0.369647,0.410107,0
2026-07-26T09:58:14.137764,11/11 08:15,0.15,0.0,,,,18.0,29.0,0.3764,0.094094,0.0,0.094094,0.005207,1.786634,1.426622,0.0,1.880728,0.43,moderate,0.04046,0.323381,0.363841,0
2026-07-26T09:58:14.155762,11/11 09:20,1.0,52.0,20.29,19.32,21.86,18.0,29.0,0.3764,0.094094,0.0,0.094094,0.004479,1.354175,1.092784,0.0,1.448269,0.43,moderate,0.04046,0.245106,0.285566,1
2026-07-26T09:58:14.171763,11/11 10:23,2.2,52.0,21.96,20.59,23.96,18.0,29.0,0.3764,0.094094,0.0,0.094094,0.003991,1.137602,0.948887,0.0,1.231696,0.3,low,0.028228,0.205906,0.234134,0
2026-07-26T09:58:14.185775,11/11 11:15,2.62,52.0,22.53,21.27,23.8,18.0,29.0,0.3764,0.094094,0.0,0.094094,0.00418,1.096011,0.931479,0.0,1.190105,0.3,low,0.028228,0.198378,0.226606,0
2026-07-26T09:58:14.197764,11/11 12:15,3.62,41.6,22.82,21.49,23.67,18.0,29.0,0.3764,0.094094,0.0,0.094094,0.005068,0.239805,0.734353,0.0,0.333899,0.3,low,0.028228,0.043405,0.071633,0
2026-07-26T09:58:28.952451,11/11 13:15,2.92,20.8,22.26,21.01,23.2,20.0,27.0,0.3764,0.094094,0.0,0.094094,0.005305,0.940566,0.734159,0.0,1.03466,0.3,low,0.028228,0.170242,0.198471,0
2026-07-26T09:58:28.969450,11/11 14:15,3.17,41.6,22.76,21.42,24.29,20.0,27.0,0.3764,0.094094,0.0,0.094094,0.005193,0.61915,0.683915,0.0,0.713244,0.3,low,0.028228,0.112066,0.140294,0
2026-07-26T09:58:28.984449,11/11 15:15,2.8,52.0,22.98,21.9,24.47,20.0,27.0,0.3764,0.094094,0.0,0.094094,0.005302,0.944159,0.736765,0.0,1.038253,0.3,low,0.028228,0.170893,0.199121,0
2026-07-26T09:58:28.997450,11/11 16:15,2.52,52.0,22.83,21.74,24.2,20.0,27.0,0.3764,0.094094,0.0,0.094094,0.005285,0.886577,0.768337,0.0,0.980671,0.55,high,0.051752,0.16047,0.212222,0
2026-07-26T09:58:29.011449,11/11 17:15,1.27,52.0,22.3,21.38,24.07,20.0,27.0,0.3764,0.094094,0.0,0.094094,0.005358,1.473942,0.925262,0.0,1.568036,0.55,high,0.051752,0.266784,0.318535,0
2026-07-26T09:58:29.025450,11/11 18:15,-0.15,52.0,21.96,21.12,23.99,20.0,27.0,0.3764,0.094094,0.0,0.094094,0.003733,1.343344,1.062833,0.0,1.437438,0.55,high,0.051752,0.243145,0.294897,0
2026-07-26T09:58:43.434538,11/11 19:15,-0.88,26.0,20.77,20.13,22.65,20.0,26.0,0.3764,0.094094,0.0,0.094094,0.003975,1.396809,1.122873,0.0,1.490903,0.55,high,0.051752,0.252822,0.304574,0
2026-07-26T09:58:43.453537,11/11 20:15,-1.7,0.0,,,,20.0,26.0,0.3764,0.094094,0.0,0.094094,0.005299,2.219646,1.805916,0.0,2.31374,0.55,high,0.051752,0.401756,0.453508,0
2026-07-26T09:58:43.469538,11/11 21:15,-1.55,0.0,,,,20.0,26.0,0.3764,0.094094,0.0,0.094094,0.00112,0.730937,0.653957,0.0,0.825031,0.4,moderate,0.037638,0.1323,0.169937,0
2026-07-26T09:58:43.484538,11/11 22:15,-1.25,0.0,,,,20.0,26.0,0.3764,0.094094,0.0,0.094094,0.001674,1.122559,0.887017,0.0,1.216653,0.4,moderate,0.037638,0.203183,0.240821,0
2026-07-26T09:58:43.499537,11/11 23:15,-1.82,0.0,,,,20.0,26.0,0.3764,0.094094,0.0,0.094094,0.002153,1.363346,1.085771,0.0,1.45744,0.4,moderate,0.037638,0.246766,0.284403,0
2026-07-26T09:58:43.514538,11/12 00:15,-2.35,0.0,,,,20.0,26.0,0.3764,0.094094,0.0,0.094094,0.002562,1.56377,1.247628,0.0,1.657864,0.34,low,0.031992,0.283042,0.315034,0
2026-07-26T09:58:57.589183,11/12 01:15,-2.65,0.0,,,,18.0,28.0,0.3764,0.094094,0.0,0.094094,0.0,0.0,0.0,0.0,0.094094,0.34,low,0.031992,0.0,0.031992,0
2026-07-26T09:58:57.604182,11/12 02:15,-2.35,0.0,,,,18.0,28.0,0.3764,0.094094,0.0,0.094094,0.000308,0.209268,0.232503,0.0,0.303362,0.34,low,0.031992,0.037878,0.069869,0
2026-07-26T09:58:57.618188,11/12 03:15,-2.92,0.0,,,,18.0,28.0,0.3764,0.094094,0.0,0.094094,0.000542,0.426892,0.382805,0.0,0.520986,0.34,low,0.031992,0.077267,0.109259,0
2026-07-26T09:58:57.635182,11/12 04:15,-3.57,0.0,,,,18.0,28.0,0.3764,0.094094,0.0,0.094094,0.000734,0.608474,0.495076,0.0,0.702568,0.34,low,0.031992,0.110134,0.142126,0
2026-07-26T09:58:57.649181,11/12 05:15,-4.28,0.0,,,,18.0,28.0,0.3764,0.094094,0.0,0.094094,0.000758,0.632298,0.510419,0.0,0.726392,0.34,low,0.031992,0.114446,0.146438,0
2026-07-26T09:58:57.662181,11/12 06:15,-4.03,0.0,,,,18.0,28.0,0.3764,0.094094,0.0,0.094094,0.000881,0.726328,0.576891,0.0,0.820422,0.43,moderate,0.04046,0.131465,0.171926,0
2026-07-26T09:59:11.548440,11/12 07:15,-4.0,0.0,,,,18.0,29.0,0.3764,0.094094,0.0,0.094094,0.006914,2.555594,2.042979,0.0,2.649688,0.43,moderate,0.04046,0.462563,0.503023,0
2026-07-26T09:59:11.568439,11/12 08:23,-2.37,0.0,,,,18.0,29.0,0.3764,0.094094,0.0,0.094094,0.006222,2.250402,1.806863,0.0,2.344496,0.43,moderate,0.04046,0.407323,0.447783,0
2026-07-26T09:59:11.585440,11/12 09:23,-0.55,52.0,20.24,19.09,22.52,18.0,29.0,0.3764,0.094094,0.0,0.094094,0.004922,1.529568,1.231498,0.0,1.623662,0.43,moderate,0.04046,0.276852,0.317312,1
2026-07-26T09:59:11.602443,11/12 10:23,1.25,52.0,21.76,20.22,24.44,18.0,29.0,0.3764,0.094094,0.0,0.094094,0.004216,1.296806,1.040524,0.0,1.3909,0.3,low,0.028228,0.234722,0.26295,0
2026-07-26T09:59:11.619439,11/12 11:23,1.97,52.0,22.79,21.04,25.23,18.0,29.0,0.3764,0.094094,0.0,0.094094,0.00385,1.203009,0.97215,0.0,1.297103,0.3,low,0.028228,0.217745,0.245973,0
2026-07-26T09:59:11.635439,11/12 12:23,2.65,41.6,23.14,21.37,24.76,18.0,29.0,0.3764,0.094094,0.0,0.094094,0.004236,0.770675,0.867223,0.0,0.864769,0.3,low,0.028228,0.139492,0.16772,0
2026-07-26T09:59:27.101452,11/12 13:23,2.35,20.8,22.86,21.18,24.47,20.0,27.0,0.3764,0.094094,0.0,0.094094,0.005138,1.130068,0.900903,0.0,1.224162,0.3,low,0.028228,0.204542,0.232771,0
2026-07-26T09:59:27.120454,11/12 14:15,2.65,41.6,23.39,21.8,25.63,20.0,27.0,0.3764,0.094094,0.0,0.094094,0.005257,0.80608,0.840215,0.0,0.900174,0.3,low,0.028228,0.1459,0.174129,0
2026-07-26T09:59:27.135453,11/12 15:15,2.2,52.0,23.61,22.42,25.76,20.0,27.0,0.3764,0.094094,0.0,0.094094,0.005138,1.176227,0.878523,0.0,1.270321,0.3,low,0.028228,0.212897,0.241125,0
2026-07-26T09:59:27.150452,11/12 16:15,1.65,52.0,23.34,22.2,25.06,20.0,27.0,0.3764,0.094094,0.0,0.094094,0.004211,1.104877,0.873829,0.0,1.198971,0.55,high,0.051752,0.199983,0.251734,0
2026-07-26T09:59:27.165453,11/12 17:23,-0.15,52.0,22.46,21.53,24.26,20.0,27.0,0.3764,0.094094,0.0,0.094094,0.003612,1.323108,1.049978,0.0,1.417202,0.55,high,0.051752,0.239483,0.291234,0
2026-07-26T09:59:27.180459,11/12 18:15,-0.6,52.0,21.99,21.15,24.06,20.0,27.0,0.3764,0.094094,0.0,0.094094,0.003783,1.371717,1.103511,0.0,1.465811,0.55,high,0.051752,0.248281,0.300032,0
2026-07-26T09:59:43.062929,11/12 19:15,-1.0,26.0,20.75,20.1,22.61,20.0,26.0,0.3764,0.094094,0.0,0.094094,0.003942,1.39433,1.119449,0.0,1.488424,0.55,high,0.051752,0.252374,0.304125,0
2026-07-26T09:59:43.081929,11/12 20:15,-2.2,0.0,,,,20.0,26.0,0.3764,0.094094,0.0,0.094094,0.005376,2.254263,1.829251,0.0,2.348357,0.55,high,0.051752,0.408022,0.459773,0
2026-07-26T09:59:43.101925,11/12 21:15,-2.2,0.0,,,,20.0,26.0,0.3764,0.094094,0.0,0.094094,0.001097,0.714526,0.642878,0.0,0.80862,0.4,moderate,0.037638,0.129329,0.166967,0
2026-07-26T09:59:43.118924,11/12 22:15,-2.48,0.0,,,,20.0,26.0,0.3764,0.094094,0.0,0.094094,0.00183,1.204354,0.941649,0.0,1.298448,0.4,moderate,0.037638,0.217988,0.255626,0
2026-07-26T09:59:43.135925,11/12 23:15,-3.45,0.0,,,,20.0,26.0,0.3764,0.094094,0.0,0.094094,0.002286,1.410052,1.12471,0.0,1.504146,0.4,moderate,0.037638,0.255219,0.292857,0
2026-07-26T09:59:43.152925,11/13 00:15,-3.9,0.0,,,,20.0,26.0,0.3764,0.094094,0.0,0.094094,0.002486,1.504213,1.208278,0.0,1.598307,0.34,low,0.031992,0.272263,0.304255,0
2026-07-26T09:59:58.665524,11/13 01:15,-3.75,0.0,,,,18.0,28.0,0.3764,0.094094,0.0,0.094094,0.0,0.0,0.0,0.0,0.094094,0.34,low,0.031992,0.0,0.031992,0
2026-07-26T09:59:58.684524,11/13 02:15,-3.17,0.0,,,,18.0,28.0,0.3764,0.094094,0.0,0.094094,0.000164,0.105558,0.132285,0.0,0.199652,0.34,low,0.031992,0.019106,0.051098,0
2026-07-26T09:59:58.702523,11/13 03:15,-2.52,0.0,,,,18.0,28.0,0.3764,0.094094,0.0,0.094094,0.000377,0.283302,0.280632,0.0,0.377396,0.34,low,0.031992,0.051278,0.08327,0
2026-07-26T09:59:58.718523,11/13 04:15,-1.82,0.0,,,,18.0,28.0,0.3764,0.094094,0.0,0.094094,0.000358,0.297362,0.267903,0.0,0.391456,0.34,low,0.031992,0.053823,0.085814,0
2026-07-26T09:59:58.733522,11/13 05:15,-2.35,0.0,,,,18.0,28.0,0.3764,0.094094,0.0,0.094094,0.000396,0.345446,0.292282,0.0,0.43954,0.34,low,0.031992,0.062526,0.094518,0
2026-07-26T09:59:58.749522,11/13 06:15,-3.2,0.0,,,,18.0,28.0,0.3764,0.094094,0.0,0.094094,0.000531,0.470326,0.378417,0.0,0.56442,0.43,moderate,0.04046,0.085129,0.125589,0
2026-07-26T10:00:13.339218,11/13 07:15,-3.58,0.0,,,,18.0,29.0,0.3764,0.094094,0.0,0.094094,0.006651,2.401267,1.912787,0.0,2.495361,0.43,moderate,0.04046,0.434629,0.47509,0
2026-07-26T10:00:13.359212,11/13 08:23,-0.68,0.0,,,,18.0,29.0,0.3764,0.094094,0.0,0.094094,0.005364,1.789249,1.41833,0.0,1.883343,0.43,moderate,0.04046,0.323854,0.364314,0
2026-07-26T10:00:13.379211,11/13 09:23,1.27,52.0,20.33,19.51,21.39,18.0,29.0,0.3764,0.094094,0.0,0.094094,0.004549,1.366042,1.098111,0.0,1.460136,0.43,moderate,0.04046,0.247254,0.287714,1
2026-07-26T10:00:13.398215,11/13 10:23,3.57,52.0,21.75,20.78,22.95,18.0,29.0,0.3764,0.094094,0.0,0.094094,0.003917,1.024529,0.868174,0.0,1.118623,0.3,low,0.028228,0.18544,0.213668,0
2026-07-26T10:00:13.416212,11/13 11:15,4.4,52.0,22.4,21.32,23.56,18.0,29.0,0.3764,0.094094,0.0,0.094094,0.004983,0.034,0.62369,0.0,0.128094,0.3,low,0.028228,0.006154,0.034382,0
2026-07-26T10:00:13.433211,11/13 12:15,4.4,41.6,22.32,21.08,23.53,18.0,29.0,0.3764,0.094094,0.0,0.094094,0.004959,0.048041,0.439812,0.0,0.142135,0.3,low,0.028228,0.008695,0.036924,0
2026-07-26T10:00:29.591520,11/13 13:15,4.4,20.8,21.69,20.54,23.0,20.0,27.0,0.3764,0.094094,0.0,0.094094,0.00495,0.073621,0.315946,0.0,0.167715,0.3,low,0.028228,0.013325,0.041554,0
2026-07-26T10:00:29.611516,11/13 14:15,4.4,41.6,21.94,20.71,23.49,20.0,27.0,0.3764,0.094094,0.0,0.094094,0.004951,0.098996,0.253136,0.0,0.19309,0.3,low,0.028228,0.017918,0.046146,0
2026-07-26T10:00:29.627518,11/13 15:15,4.28,52.0,21.9,20.7,23.75,20.0,27.0,0.3764,0.094094,0.0,0.094094,0.004953,0.121418,0.217666,0.0,0.215512,0.3,low,0.028228,0.021977,0.050205,0
2026-07-26T10:00:29.642512,11/13 16:15,3.75,52.0,21.57,20.46,23.62,20.0,27.0,0.3764,0.094094,0.0,0.094094,0.005148,0.734333,0.354186,0.0,0.828427,0.55,high,0.051752,0.132914,0.184666,0
2026-07-26T10:00:29.657521,11/13 17:15,3.3,52.0,21.27,20.32,23.31,20.0,27.0,0.3764,0.094094,0.0,0.094094,0.005256,0.932504,0.555362,0.0,1.026598,0.55,high,0.051752,0.168783,0.220535,0
2026-07-26T10:00:29.670521,11/13 18:15,3.3,52.0,21.19,20.3,23.23,20.0,27.0,0.3764,0.094094,0.0,0.094094,0.005217,0.724603,0.624405,0.0,0.818697,0.55,high,0.051752,0.131153,0.182905,0
2026-07-26T10:00:44.420902,11/13 19:15,3.17,26.0,20.38,20.0,21.86,20.0,26.0,0.3764,0.094094,0.0,0.094094,0.005461,0.982876,0.756631,0.0,1.07697,0.55,high,0.051752,0.177901,0.229652,0
2026-07-26T10:00:44.437895,11/13 20:15,2.8,0.0,,,,20.0,26.0,0.3764,0.094094,0.0,0.094094,0.004484,1.827674,1.445097,0.0,1.921768,0.55,high,0.051752,0.330809,0.382561,0
2026-07-26T10:00:44.453895,11/13 21:15,2.8,0.0,,,,20.0,26.0,0.3764,0.094094,0.0,0.094094,0.001027,0.666262,0.612185,0.0,0.760356,0.4,moderate,0.037638,0.120593,0.158231,0
2026-07-26T10:00:44.468893,11/13 22:15,2.52,0.0,,,,20.0,26.0,0.3764,0.094094,0.0,0.094094,0.001261,0.89079,0.722908,0.0,0.984884,0.4,moderate,0.037638,0.161233,0.198871,0
2026-07-26T10:00:44.482895,11/13 23:15,1.55,0.0,,,,20.0,26.0,0.3764,0.094094,0.0,0.094094,0.001811,1.235387,0.972939,0.0,1.329481,0.4,moderate,0.037638,0.223605,0.261243,0
2026-07-26T10:00:44.496894,11/14 00:15,1.1,0.0,,,,20.0,26.0,0.3764,0.094094,0.0,0.094094,0.001927,1.27961,1.026885,0.0,1.373704,0.34,low,0.031992,0.231609,0.263601,0
2026-07-26T10:00:58.302842,11/14 01:15,1.1,0.0,,,,18.0,28.0,0.3764,0.094094,0.0,0.094094,0.0,0.0,0.0,0.0,0.094094,0.34,low,0.031992,0.0,0.031992,0
2026-07-26T10:00:58.319842,11/14 02:15,1.25,0.0,,,,18.0,28.0,0.3764,0.094094,0.0,0.094094,0.0,0.0,0.0,0.0,0.094094,0.34,low,0.031992,0.0,0.031992,0
2026-07-26T10:00:58.335842,11/14 03:15,1.7,0.0,,,,18.0,28.0,0.3764,0.094094,0.0,0.094094,0.0,0.0,0.0,0.0,0.094094,0.34,low,0.031992,0.0,0.031992,0
2026-07-26T10:00:58.349839,11/14 04:15,1.82,0.0,,,,18.0,28.0,0.3764,0.094094,0.0,0.094094,8.4e-05,0.057161,0.06679,0.0,0.151255,0.34,low,0.031992,0.010346,0.042338,0
2026-07-26T10:00:58.364841,11/14 05:15,2.2,0.0,,,,18.0,28.0,0.3764,0.094094,0.0,0.094094,9.8e-05,0.071022,0.076214,0.0,0.165116,0.34,low,0.031992,0.012855,0.044847,0
2026-07-26T10:00:58.376839,11/14 06:15,1.93,0.0,,,,18.0,28.0,0.3764,0.094094,0.0,0.094094,0.000147,0.11341,0.114438,0.0,0.207504,0.43,moderate,0.04046,0.020527,0.060988,0
2026-07-26T10:01:11.748992,11/14 07:15,1.38,0.0,,,,18.0,29.0,0.3764,0.094094,0.0,0.094094,0.004802,1.611237,1.229425,0.0,1.705331,0.43,moderate,0.04046,0.291634,0.332094,0
2026-07-26T10:01:11.768992,11/14 08:23,2.62,0.0,,,,18.0,29.0,0.3764,0.094094,0.0,0.094094,0.004406,1.286568,1.015256,0.0,1.380662,0.43,moderate,0.04046,0.232869,0.273329,0
2026-07-26T10:01:11.787993,11/14 09:23,4.32,52.0,21.0,19.65,23.68,18.0,29.0,0.3764,0.094094,0.0,0.094094,0.00385,1.037946,0.826843,0.0,1.13204,0.43,moderate,0.04046,0.187868,0.228329,1
2026-07-26T10:01:11.805992,11/14 10:23,6.0,52.0,22.76,20.99,25.79,18.0,29.0,0.3764,0.094094,0.0,0.094094,0.002672,0.822409,0.671618,0.0,0.916503,0.3,low,0.028228,0.148856,0.177084,0
2026-07-26T10:01:11.820993,11/14 11:23,7.62,52.0,23.75,21.82,26.45,18.0,29.0,0.3764,0.094094,0.0,0.094094,0.001612,0.602107,0.522583,0.0,0.696201,0.3,low,0.028228,0.108981,0.13721,1
2026-07-26T10:01:11.837995,11/14 12:23,9.33,41.6,24.18,22.23,25.97,18.0,29.0,0.3764,0.094094,0.0,0.094094,0.000913,0.409561,0.368191,0.0,0.503655,0.3,low,0.028228,0.074131,0.102359,0
2026-07-26T10:01:25.951086,11/14 13:15,10.72,20.8,24.04,22.19,25.98,20.0,27.0,0.3764,0.094094,0.0,0.094094,0.000446,0.231701,0.219792,0.0,0.325795,0.3,low,0.028228,0.041938,0.070166,0
2026-07-26T10:01:25.969082,11/14 14:15,11.25,41.6,24.51,22.83,27.0,20.0,27.0,0.3781,0.094533,0.0,0.094533,0.000252,0.143906,0.139521,0.0,0.238439,0.3,low,0.02836,0.026047,0.054407,1
2026-07-26T10:01:25.984080,11/14 15:15,11.12,52.0,24.73,23.52,27.0,20.0,27.0,0.3792,0.094804,0.11552,0.094804,0.01492,0.07989,0.080423,0.015643,0.174694,0.3,low,0.028441,0.01446,0.042901,1
2026-07-26T10:01:25.998082,11/14 16:15,8.85,52.0,24.53,23.33,26.64,20.0,27.0,0.3764,0.094094,0.0,0.094094,0.000618,0.378583,0.28081,0.0,0.472677,0.55,high,0.051752,0.068524,0.120275,1
2026-07-26T10:01:26.012081,11/14 17:23,7.08,52.0,23.53,22.57,24.95,20.0,27.0,0.3764,0.094094,0.0,0.094094,0.001278,0.655415,0.45702,0.0,0.749509,0.55,high,0.051752,0.11863,0.170382,0
2026-07-26T10:01:26.026081,11/14 18:15,6.7,52.0,23.03,22.17,24.73,20.0,27.0,0.3764,0.094094,0.0,0.094094,0.001508,0.654607,0.503526,0.0,0.748701,0.55,high,0.051752,0.118484,0.170236,0
2026-07-26T10:01:40.790843,11/14 19:15,6.7,26.0,21.65,20.95,23.29,20.0,26.0,0.3764,0.094094,0.0,0.094094,0.001607,0.656865,0.521911,0.0,0.750959,0.55,high,0.051752,0.118893,0.170644,0
2026-07-26T10:01:40.808839,11/14 20:15,6.55,0.0,,,,20.0,26.0,0.3764,0.094094,0.0,0.094094,0.001766,0.119703,0.570688,0.0,0.213797,0.55,high,0.051752,0.021666,0.073418,0
2026-07-26T10:01:40.823837,11/14 21:15,6.52,0.0,,,,20.0,26.0,0.3764,0.094094,0.0,0.094094,8e-06,0.003153,0.005725,0.0,0.097247,0.4,moderate,0.037638,0.000571,0.038208,0
2026-07-26T10:01:40.837840,11/14 22:15,7.38,0.0,,,,20.0,26.0,0.3764,0.094094,0.0,0.094094,0.000312,0.159455,0.192859,0.0,0.253549,0.4,moderate,0.037638,0.028861,0.066499,0
2026-07-26T10:01:40.850849,11/14 23:15,6.1,0.0,,,,20.0,26.0,0.3764,0.094094,0.0,0.094094,0.000647,0.444033,0.389398,0.0,0.538127,0.4,moderate,0.037638,0.08037,0.118008,0
2026-07-26T10:01:40.864837,11/15 00:15,6.65,0.0,,,,20.0,26.0,0.3764,0.094094,0.0,0.094094,0.000793,0.600692,0.486401,0.0,0.694786,0.34,low,0.031992,0.108725,0.140717,0
2026-07-26T10:01:55.785676,11/15 01:15,8.45,0.0,,,,18.0,28.0,0.3764,0.094094,0.0,0.094094,0.0,0.0,0.0,0.0,0.094094,0.34,low,0.031992,0.0,0.031992,0
2026-07-26T10:01:55.803674,11/15 02:15,8.35,0.0,,,,18.0,28.0,0.3764,0.094094,0.0,0.094094,0.0,0.0,0.0,0.0,0.094094,0.34,low,0.031992,0.0,0.031992,0
2026-07-26T10:01:55.817673,11/15 03:15,7.53,0.0,,,,18.0,28.0,0.3764,0.094094,0.0,0.094094,0.0,0.0,0.0,0.0,0.094094,0.34,low,0.031992,0.0,0.031992,0
2026-07-26T10:01:55.830681,11/15 04:15,9.57,0.0,,,,18.0,28.0,0.3764,0.094094,0.0,0.094094,0.0,0.0,0.0,0.0,0.094094,0.34,low,0.031992,0.0,0.031992,0
2026-07-26T10:01:55.843677,11/15 05:15,8.58,0.0,,,,18.0,28.0,0.3764,0.094094,0.0,0.094094,0.0,0.0,0.0,0.0,0.094094,0.34,low,0.031992,0.0,0.031992,0
2026-07-26T10:01:55.856675,11/15 06:15,9.55,0.0,,,,18.0,28.0,0.3764,0.094094,0.0,0.094094,0.0,0.0,0.0,0.0,0.094094,0.43,moderate,0.04046,0.0,0.04046,0
2026-07-26T10:02:10.187633,11/15 07:15,10.28,0.0,,,,18.0,29.0,0.3764,0.094094,0.0,0.094094,0.00085,0.491494,0.349694,0.0,0.585588,0.43,moderate,0.04046,0.08896,0.129421,0
2026-07-26T10:02:10.205633,11/15 08:15,11.1,0.0,,,,18.0,29.0,0.3764,0.094094,0.0,0.094094,0.000567,0.316957,0.262994,0.0,0.411051,0.43,moderate,0.04046,0.057369,0.09783,0
2026-07-26T10:02:10.222634,11/15 09:23,11.65,52.0,21.09,20.34,21.83,18.0,29.0,0.3764,0.094094,0.0,0.094094,0.000511,0.293731,0.243746,0.0,0.387825,0.43,moderate,0.04046,0.053165,0.093626,0
2026-07-26T10:02:10.238633,11/15 10:23,13.88,52.0,22.86,21.91,23.48,18.0,29.0,0.3764,0.094094,0.127548,0.094094,0.017853,0.225474,0.192782,0.142255,0.319568,0.3,low,0.028228,0.040811,0.069039,0
2026-07-26T10:02:10.254633,11/15 11:23,15.6,52.0,23.88,22.75,24.58,18.0,29.0,0.3764,0.094094,0.162936,0.094094,0.026717,0.202494,0.172511,0.324041,0.296588,0.3,low,0.028228,0.036651,0.06488,0
2026-07-26T10:02:10.270632,11/15 12:15,15.17,41.6,24.26,23.0,24.87,18.0,29.0,0.3764,0.094094,0.163784,0.094094,0.02333,0.183713,0.156063,0.323616,0.277807,0.3,low,0.028228,0.033252,0.06148,0
2026-07-26T10:02:25.928653,11/15 13:15,14.03,20.8,23.71,22.65,24.26,20.0,27.0,0.3764,0.094094,0.142885,0.094094,0.024708,0.169063,0.143144,0.188976,0.263157,0.3,low,0.028228,0.0306,0.058829,0
2026-07-26T10:02:25.946666,11/15 14:15,14.55,41.6,23.88,22.93,24.76,20.0,27.0,0.3764,0.094094,0.148887,0.094094,0.033562,0.160703,0.135192,0.228283,0.254797,0.3,low,0.028228,0.029087,0.057315,0
2026-07-26T10:02:25.962617,11/15 15:15,14.85,52.0,23.93,23.05,24.97,20.0,27.0,0.3764,0.094094,0.153959,0.094094,0.019874,0.156059,0.130314,0.275331,0.250153,0.3,low,0.028228,0.028247,0.056475,0
2026-07-26T10:02:25.977621,11/15 16:15,14.0,52.0,23.75,22.9,24.97,20.0,27.0,0.3764,0.094094,0.147015,0.094094,0.0192,0.155797,0.128891,0.228254,0.249891,0.55,high,0.051752,0.028199,0.079951,0
2026-07-26T10:02:25.991665,11/15 17:15,12.65,52.0,23.26,22.42,24.68,20.0,27.0,0.3764,0.094094,0.135026,0.094094,0.033386,0.157624,0.129267,0.102166,0.251718,0.55,high,0.051752,0.02853,0.080282,0
2026-07-26T10:02:26.006662,11/15 18:15,11.65,52.0,23.04,22.19,24.56,20.0,27.0,0.3764,0.094094,0.118693,0.094094,0.031071,0.162839,0.13227,0.055077,0.256933,0.55,high,0.051752,0.029474,0.081226,0
2026-07-26T10:02:41.214770,11/15 19:15,9.85,26.0,21.76,21.04,23.23,20.0,26.0,0.3764,0.094094,0.0,0.094094,0.000564,0.375413,0.262811,0.0,0.469507,0.55,high,0.051752,0.06795,0.119701,0
2026-07-26T10:02:41.234769,11/15 20:15,9.83,0.0,,,,20.0,26.0,0.3764,0.094094,0.0,0.094094,0.000776,0.456554,0.330146,0.0,0.550648,0.55,high,0.051752,0.082636,0.134388,0
2026-07-26T10:02:41.251769,11/15 21:15,11.52,0.0,,,,20.0,26.0,0.3764,0.094094,0.0,0.094094,0.0,0.0,0.0,0.0,0.094094,0.4,moderate,0.037638,0.0,0.037638,0
2026-07-26T10:02:41.266768,11/15 22:15,12.8,0.0,,,,20.0,26.0,0.3764,0.094094,0.0,0.094094,0.0,0.0,0.0,0.0,0.094094,0.4,moderate,0.037638,0.0,0.037638,0
2026-07-26T10:02:41.281767,11/15 23:15,12.65,0.0,,,,20.0,26.0,0.3764,0.094094,0.0,0.094094,3.7e-05,0.021444,0.027374,0.0,0.115538,0.4,moderate,0.037638,0.003881,0.041519,0
2026-07-26T10:02:41.297769,11/16 00:15,11.92,0.0,,,,20.0,26.0,0.3764,0.094094,0.0,0.094094,0.000178,0.111616,0.126278,0.0,0.20571,0.34,low,0.031992,0.020202,0.052194,0
2026-07-26T10:02:56.673810,11/16 01:15,10.4,0.0,,,,18.0,28.0,0.3764,0.094094,0.0,0.094094,0.0,0.0,0.0,0.0,0.094094,0.34,low,0.031992,0.0,0.031992,0
2026-07-26T10:02:56.690800,11/16 02:15,8.03,0.0,,,,18.0,28.0,0.3764,0.094094,0.0,0.094094,0.0,0.0,0.0,0.0,0.094094,0.34,low,0.031992,0.0,0.031992,0
2026-07-26T10:02:56.707800,11/16 03:15,7.2,0.0,,,,18.0,28.0,0.3764,0.094094,0.0,0.094094,0.0,0.0,0.0,0.0,0.094094,0.34,low,0.031992,0.0,0.031992,0
2026-07-26T10:02:56.722798,11/16 04:15,6.93,0.0,,,,18.0,28.0,0.3764,0.094094,0.0,0.094094,0.0,0.0,0.0,0.0,0.094094,0.34,low,0.031992,0.0,0.031992,0
2026-07-26T10:02:56.736798,11/16 05:15,5.55,0.0,,,,18.0,28.0,0.3764,0.094094,0.0,0.094094,0.0,0.0,0.0,0.0,0.094094,0.34,low,0.031992,0.0,0.031992,0
2026-07-26T10:02:56.752798,11/16 06:15,3.62,0.0,,,,18.0,28.0,0.3764,0.094094,0.0,0.094094,0.0,0.0,0.0,0.0,0.094094,0.43,moderate,0.04046,0.0,0.04046,0
2026-07-26T10:03:11.548017,11/16 07:23,2.92,0.0,,,,18.0,29.0,0.3764,0.094094,0.0,0.094094,0.0,0.0,0.0,0.0,0.094094,0.43,moderate,0.04046,0.0,0.04046,0
2026-07-26T10:03:11.568019,11/16 08:23,4.15,0.0,,,,18.0,29.0,0.3764,0.094094,0.0,0.094094,0.0,0.0,0.0,0.0,0.094094,0.43,moderate,0.04046,0.0,0.04046,0
2026-07-26T10:03:11.587017,11/16 09:23,7.38,0.0,,,,18.0,29.0,0.3764,0.094094,0.0,0.094094,0.0,0.0,0.0,0.0,0.094094,0.43,moderate,0.04046,0.0,0.04046,0
2026-07-26T10:03:11.602017,11/16 10:15,9.55,0.0,,,,18.0,29.0,0.3764,0.094094,0.0,0.094094,0.0,0.0,0.0,0.0,0.094094,0.3,low,0.028228,0.0,0.028228,0
2026-07-26T10:03:11.617017,11/16 11:15,10.0,0.0,,,,18.0,29.0,0.3764,0.094094,0.0,0.094094,0.0,0.0,0.0,0.0,0.094094,0.3,low,0.028228,0.0,0.028228,0
2026-07-26T10:03:11.632016,11/16 12:15,10.43,0.0,,,,18.0,29.0,0.3764,0.094094,0.0,0.094094,0.0,0.0,0.0,0.0,0.094094,0.3,low,0.028228,0.0,0.028228,0
2026-07-26T10:03:26.654186,11/16 13:23,11.7,0.0,,,,18.0,29.0,0.3764,0.094094,0.0,0.094094,0.0,0.0,0.0,0.0,0.094094,0.3,low,0.028228,0.0,0.028228,0
2026-07-26T10:03:26.672186,11/16 14:15,11.42,0.0,,,,18.0,29.0,0.3764,0.094094,0.0,0.094094,0.0,0.0,0.0,0.0,0.094094,0.3,low,0.028228,0.0,0.028228,0
2026-07-26T10:03:26.689186,11/16 15:23,10.17,0.0,,,,18.0,29.0,0.3764,0.094094,0.0,0.094094,0.0,0.0,0.0,0.0,0.094094,0.3,low,0.028228,0.0,0.028228,0
2026-07-26T10:03:26.705184,11/16 16:15,8.9,0.0,,,,18.0,29.0,0.3764,0.094094,0.0,0.094094,0.0,0.0,0.0,0.0,0.094094,0.55,high,0.051752,0.0,0.051752,0
2026-07-26T10:03:26.719184,11/16 17:15,8.62,0.0,,,,18.0,29.0,0.3764,0.094094,0.0,0.094094,0.0,0.0,0.0,0.0,0.094094,0.55,high,0.051752,0.0,0.051752,0
2026-07-26T10:03:26.733185,11/16 18:15,7.8,0.0,,,,18.0,29.0,0.3764,0.094094,0.0,0.094094,0.0,0.0,0.0,0.0,0.094094,0.55,high,0.051752,0.0,0.051752,0
2026-07-26T10:03:41.100180,11/16 19:15,7.65,0.0,,,,18.0,29.0,0.3764,0.094094,0.0,0.094094,0.0,0.0,0.0,0.0,0.094094,0.55,high,0.051752,0.0,0.051752,0
2026-07-26T10:03:41.116186,11/16 20:15,7.2,0.0,,,,18.0,29.0,0.3764,0.094094,0.0,0.094094,0.0,0.0,0.0,0.0,0.094094,0.55,high,0.051752,0.0,0.051752,0
2026-07-26T10:03:41.131184,11/16 21:15,7.2,0.0,,,,18.0,29.0,0.3764,0.094094,0.0,0.094094,0.0,0.0,0.0,0.0,0.094094,0.4,moderate,0.037638,0.0,0.037638,0
2026-07-26T10:03:41.146180,11/16 22:15,7.08,0.0,,,,18.0,29.0,0.3764,0.094094,0.0,0.094094,0.0,0.0,0.0,0.0,0.094094,0.4,moderate,0.037638,0.0,0.037638,0
2026-07-26T10:03:41.160179,11/16 23:15,6.55,0.0,,,,18.0,29.0,0.3764,0.094094,0.0,0.094094,0.0,0.0,0.0,0.0,0.094094,0.4,moderate,0.037638,0.0,0.037638,0
2026-07-26T10:03:41.176182,11/17 00:15,5.97,0.0,,,,18.0,29.0,0.3764,0.094094,0.0,0.094094,0.0,0.0,0.0,0.0,0.094094,0.34,low,0.031992,0.0,0.031992,0
2026-07-26T10:03:55.716491,11/17 01:15,5.45,0.0,,,,18.0,29.0,0.3764,0.094094,0.0,0.094094,0.0,0.0,0.0,0.0,0.094094,0.34,low,0.031992,0.0,0.031992,0
2026-07-26T10:03:55.733491,11/17 02:15,5.0,0.0,,,,18.0,29.0,0.3764,0.094094,0.0,0.094094,0.0,0.0,0.0,0.0,0.094094,0.34,low,0.031992,0.0,0.031992,0
2026-07-26T10:03:55.748489,11/17 03:15,4.58,0.0,,,,18.0,29.0,0.3764,0.094094,0.0,0.094094,0.0,0.0,0.0,0.0,0.094094,0.34,low,0.031992,0.0,0.031992,0
2026-07-26T10:03:55.761489,11/17 04:15,3.17,0.0,,,,18.0,29.0,0.3764,0.094094,0.0,0.094094,0.0,0.0,0.0,0.0,0.094094,0.34,low,0.031992,0.0,0.031992,0
2026-07-26T10:03:55.775489,11/17 05:15,2.52,0.0,,,,18.0,29.0,0.3764,0.094094,0.0,0.094094,0.0,0.0,0.0,0.0,0.094094,0.34,low,0.031992,0.0,0.031992,0
2026-07-26T10:03:55.788489,11/17 06:15,1.55,0.0,,,,18.0,29.0,0.3764,0.094094,0.0,0.094094,0.0,0.0,0.0,0.0,0.094094,0.43,moderate,0.04046,0.0,0.04046,0
2026-07-26T10:04:09.687297,11/17 07:15,1.38,0.0,,,,18.0,29.0,0.3764,0.094094,0.0,0.094094,0.0,0.0,0.0,0.0,0.094094,0.43,moderate,0.04046,0.0,0.04046,0
2026-07-26T10:04:09.704290,11/17 08:23,2.48,0.0,,,,18.0,29.0,0.3764,0.094094,0.0,0.094094,0.0,0.0,0.0,0.0,0.094094,0.43,moderate,0.04046,0.0,0.04046,0
2026-07-26T10:04:09.719290,11/17 09:15,3.72,0.0,,,,18.0,29.0,0.3764,0.094094,0.0,0.094094,0.0,0.0,0.0,0.0,0.094094,0.43,moderate,0.04046,0.0,0.04046,0
2026-07-26T10:04:09.733288,11/17 10:15,5.55,0.0,,,,18.0,29.0,0.3764,0.094094,0.0,0.094094,0.0,0.0,0.0,0.0,0.094094,0.3,low,0.028228,0.0,0.028228,0
2026-07-26T10:04:09.748291,11/17 11:15,7.2,0.0,,,,18.0,29.0,0.3764,0.094094,0.0,0.094094,0.0,0.0,0.0,0.0,0.094094,0.3,low,0.028228,0.0,0.028228,0
2026-07-26T10:04:09.761289,11/17 12:15,6.93,0.0,,,,18.0,29.0,0.3764,0.094094,0.0,0.094094,0.0,0.0,0.0,0.0,0.094094,0.3,low,0.028228,0.0,0.028228,0
2026-07-26T10:04:23.667157,11/17 13:15,5.97,0.0,,,,18.0,29.0,0.3764,0.094094,0.0,0.094094,0.0,0.0,0.0,0.0,0.094094,0.3,low,0.028228,0.0,0.028228,0
2026-07-26T10:04:23.681161,11/17 14:15,5.6,0.0,,,,18.0,29.0,0.3764,0.094094,0.0,0.094094,0.0,0.0,0.0,0.0,0.094094,0.3,low,0.028228,0.0,0.028228,0
2026-07-26T10:04:23.695158,11/17 15:15,5.6,0.0,,,,18.0,29.0,0.3764,0.094094,0.0,0.094094,0.0,0.0,0.0,0.0,0.094094,0.3,low,0.028228,0.0,0.028228,0
2026-07-26T10:04:23.710157,11/17 16:15,5.6,0.0,,,,18.0,29.0,0.3764,0.094094,0.0,0.094094,0.0,0.0,0.0,0.0,0.094094,0.55,high,0.051752,0.0,0.051752,0
2026-07-26T10:04:23.723160,11/17 17:15,5.72,0.0,,,,18.0,29.0,0.3764,0.094094,0.0,0.094094,0.0,0.0,0.0,0.0,0.094094,0.55,high,0.051752,0.0,0.051752,0
2026-07-26T10:04:23.737158,11/17 18:15,5.97,0.0,,,,18.0,29.0,0.3764,0.094094,0.0,0.094094,0.0,0.0,0.0,0.0,0.094094,0.55,high,0.051752,0.0,0.051752,0
2026-07-26T10:04:37.346840,11/17 19:15,5.17,0.0,,,,18.0,29.0,0.3764,0.094094,0.0,0.094094,0.0,0.0,0.0,0.0,0.094094,0.55,high,0.051752,0.0,0.051752,0
2026-07-26T10:04:37.362835,11/17 20:15,3.9,0.0,,,,18.0,29.0,0.3764,0.094094,0.0,0.094094,0.0,0.0,0.0,0.0,0.094094,0.55,high,0.051752,0.0,0.051752,0
2026-07-26T10:04:37.376834,11/17 21:15,3.9,0.0,,,,18.0,29.0,0.3764,0.094094,0.0,0.094094,0.0,0.0,0.0,0.0,0.094094,0.4,moderate,0.037638,0.0,0.037638,0
2026-07-26T10:04:37.389835,11/17 22:15,3.75,0.0,,,,18.0,29.0,0.3764,0.094094,0.0,0.094094,0.0,0.0,0.0,0.0,0.094094,0.4,moderate,0.037638,0.0,0.037638,0
2026-07-26T10:04:37.403835,11/17 23:15,3.3,0.0,,,,18.0,29.0,0.3764,0.094094,0.0,0.094094,0.0,0.0,0.0,0.0,0.094094,0.4,moderate,0.037638,0.0,0.037638,0
2026-07-26T10:04:37.416835,11/18 00:15,3.3,0.0,,,,18.0,29.0,0.3764,0.094094,0.0,0.094094,0.0,0.0,0.0,0.0,0.094094,0.34,low,0.031992,0.0,0.031992,0
2026-07-26T10:04:51.816921,11/18 01:15,3.3,0.0,,,,18.0,29.0,0.3764,0.094094,0.0,0.094094,7.7e-05,0.050074,0.061543,0.0,0.144168,0.34,low,0.031992,0.009063,0.041055,0
2026-07-26T10:04:51.834921,11/18 02:15,3.17,0.0,,,,18.0,29.0,0.3764,0.094094,0.0,0.094094,0.000117,0.081312,0.090624,0.0,0.175406,0.34,low,0.031992,0.014717,0.046709,0
2026-07-26T10:04:51.874921,11/18 03:15,2.8,0.0,,,,18.0,29.0,0.3764,0.094094,0.0,0.094094,0.00024,0.181227,0.179639,0.0,0.275321,0.34,low,0.031992,0.032802,0.064794,0
2026-07-26T10:04:51.888919,11/18 04:15,2.65,0.0,,,,18.0,29.0,0.3764,0.094094,0.0,0.094094,0.000257,0.208987,0.191588,0.0,0.303081,0.34,low,0.031992,0.037827,0.069819,0
2026-07-26T10:04:51.902919,11/18 05:15,2.2,0.0,,,,18.0,29.0,0.3764,0.094094,0.0,0.094094,0.000257,0.219501,0.192784,0.0,0.313595,0.34,low,0.031992,0.03973,0.071722,0
2026-07-26T10:04:51.915921,11/18 06:15,2.2,0.0,,,,18.0,29.0,0.3764,0.094094,0.0,0.094094,0.000279,0.245672,0.20767,0.0,0.339766,0.43,moderate,0.04046,0.044467,0.084927,0
2026-07-26T10:05:05.432736,11/18 07:15,2.2,0.0,,,,18.0,29.0,0.3764,0.094094,0.0,0.094094,0.004737,1.610625,1.233675,0.0,1.704719,0.43,moderate,0.04046,0.291523,0.331984,0
2026-07-26T10:05:05.449737,11/18 08:15,2.2,0.0,,,,18.0,29.0,0.3764,0.094094,0.0,0.094094,0.004594,1.445666,1.151536,0.0,1.53976,0.43,moderate,0.04046,0.261666,0.302126,0
2026-07-26T10:05:05.466735,11/18 09:15,2.35,52.0,19.94,19.47,21.15,18.0,29.0,0.3764,0.094094,0.0,0.094094,0.004179,1.196657,0.966387,0.0,1.290751,0.43,moderate,0.04046,0.216595,0.257055,1
2026-07-26T10:05:05.483736,11/18 10:20,3.07,52.0,21.4,20.55,22.63,18.0,29.0,0.3764,0.094094,0.0,0.094094,0.004051,0.851421,0.902161,0.0,0.945515,0.3,low,0.028228,0.154107,0.182335,0
2026-07-26T10:05:05.500734,11/18 11:23,4.17,52.0,22.49,20.98,23.57,18.0,29.0,0.3764,0.094094,0.0,0.094094,0.005068,0.265466,0.665506,0.0,0.35956,0.3,low,0.028228,0.048049,0.076278,0
2026-07-26T10:05:05.514738,11/18 12:23,5.28,41.6,22.92,21.24,23.92,18.0,29.0,0.3764,0.094094,0.0,0.094094,0.003261,1.782549,0.696039,0.0,1.876643,0.3,low,0.028228,0.322641,0.35087,0
2026-07-26T10:05:20.592428,11/18 13:15,5.97,20.8,23.0,21.4,24.85,20.0,27.0,0.3764,0.094094,0.0,0.094094,0.00208,0.726701,0.59829,0.0,0.820795,0.3,low,0.028228,0.131533,0.159761,0
2026-07-26T10:05:20.611427,11/18 14:15,5.72,41.6,23.64,21.98,26.44,20.0,27.0,0.3764,0.094094,0.0,0.094094,0.00225,0.78329,0.622997,0.0,0.877384,0.3,low,0.028228,0.141775,0.170004,1
2026-07-26T10:05:20.627425,11/18 15:15,5.97,52.0,23.95,22.59,27.0,20.0,27.0,0.3785,0.094622,0.0,0.094622,0.001723,0.657541,0.547748,0.0,0.752163,0.3,low,0.028387,0.119015,0.147402,1
2026-07-26T10:05:20.642425,11/18 16:15,4.9,52.0,23.88,22.44,26.65,20.0,27.0,0.3764,0.094094,0.0,0.094094,0.00211,0.76637,0.603417,0.0,0.860464,0.55,high,0.051752,0.138713,0.190465,1
2026-07-26T10:05:20.658425,11/18 17:23,2.52,52.0,22.93,21.82,24.5,20.0,27.0,0.3764,0.094094,0.0,0.094094,0.005278,0.845613,0.790697,0.0,0.939707,0.55,high,0.051752,0.153056,0.204808,0
2026-07-26T10:05:20.672425,11/18 18:15,1.7,52.0,22.47,21.53,24.38,20.0,27.0,0.3764,0.094094,0.0,0.094094,0.004958,1.503097,0.916437,0.0,1.597191,0.55,high,0.051752,0.272061,0.323812,0
2026-07-26T10:05:35.891392,11/18 19:15,1.97,26.0,21.09,20.4,22.89,20.0,26.0,0.3764,0.094094,0.0,0.094094,0.003642,1.279721,0.931735,0.0,1.373815,0.55,high,0.051752,0.23163,0.283381,0
2026-07-26T10:05:35.911392,11/18 20:15,2.65,0.0,,,,20.0,26.0,0.3764,0.094094,0.0,0.094094,0.003737,1.345522,1.09376,0.0,1.439616,0.55,high,0.051752,0.243539,0.295291,0
2026-07-26T10:05:35.928397,11/18 21:15,2.2,0.0,,,,20.0,26.0,0.3764,0.094094,0.0,0.094094,0.000506,0.264384,0.33877,0.0,0.358478,0.4,moderate,0.037638,0.047854,0.085491,0
2026-07-26T10:05:35.941391,11/18 22:15,2.08,0.0,,,,20.0,26.0,0.3764,0.094094,0.0,0.094094,0.000918,0.641189,0.561662,0.0,0.735283,0.4,moderate,0.037638,0.116055,0.153693,0
2026-07-26T10:05:35.957390,11/18 23:15,1.7,0.0,,,,20.0,26.0,0.3764,0.094094,0.0,0.094094,0.00126,0.909908,0.722814,0.0,1.004002,0.4,moderate,0.037638,0.164693,0.202331,0
2026-07-26T10:05:35.972399,11/19 00:15,1.12,0.0,,,,20.0,26.0,0.3764,0.094094,0.0,0.094094,0.001456,1.016908,0.807905,0.0,1.111002,0.34,low,0.031992,0.18406,0.216052,0
2026-07-26T10:05:51.174640,11/19 01:15,-0.45,0.0,,,,18.0,28.0,0.3764,0.094094,0.0,0.094094,0.0,0.0,0.0,0.0,0.094094,0.34,low,0.031992,0.0,0.031992,0
2026-07-26T10:05:51.193640,11/19 02:15,0.28,0.0,,,,18.0,28.0,0.3764,0.094094,0.0,0.094094,0.0,0.0,0.0,0.0,0.094094,0.34,low,0.031992,0.0,0.031992,0
2026-07-26T10:05:51.210640,11/19 03:15,0.83,0.0,,,,18.0,28.0,0.3764,0.094094,0.0,0.094094,0.0,0.0,0.0,0.0,0.094094,0.34,low,0.031992,0.0,0.031992,0
2026-07-26T10:05:51.226638,11/19 04:15,0.15,0.0,,,,18.0,28.0,0.3764,0.094094,0.0,0.094094,0.0,0.0,0.0,0.0,0.094094,0.34,low,0.031992,0.0,0.031992,0
2026-07-26T10:05:51.244640,11/19 05:15,0.72,0.0,,,,18.0,28.0,0.3764,0.094094,0.0,0.094094,4.4e-05,0.030828,0.036311,0.0,0.124922,0.34,low,0.031992,0.00558,0.037572,0
2026-07-26T10:05:51.259637,11/19 06:15,1.25,0.0,,,,18.0,28.0,0.3764,0.094094,0.0,0.094094,0.000148,0.110322,0.117399,0.0,0.204416,0.43,moderate,0.04046,0.019968,0.060429,0
2026-07-26T10:06:06.145907,11/19 07:15,2.1,0.0,,,,18.0,29.0,0.3764,0.094094,0.0,0.094094,0.004719,1.585553,1.197495,0.0,1.679647,0.43,moderate,0.04046,0.286985,0.327446,0
2026-07-26T10:06:06.164904,11/19 08:15,3.72,0.0,,,,18.0,29.0,0.3764,0.094094,0.0,0.094094,0.004253,1.164667,0.913416,0.0,1.258761,0.43,moderate,0.04046,0.210805,0.251265,0
2026-07-26T10:06:06.183907,11/19 09:15,5.15,52.0,20.22,19.71,21.55,18.0,29.0,0.3764,0.094094,0.0,0.094094,0.00339,0.891515,0.747117,0.0,0.985609,0.43,moderate,0.04046,0.161364,0.201825,1
2026-07-26T10:06:06.199906,11/19 10:15,5.87,52.0,21.7,21.02,23.09,18.0,29.0,0.3764,0.094094,0.0,0.094094,0.002937,0.96584,0.683554,0.0,1.059934,0.3,low,0.028228,0.174817,0.203045,0
2026-07-26T10:06:06.215906,11/19 11:15,6.83,52.0,22.44,21.72,23.72,18.0,29.0,0.3764,0.094094,0.0,0.094094,0.001962,0.691557,0.580888,0.0,0.785651,0.3,low,0.028228,0.125172,0.1534,0
2026-07-26T10:06:06.229906,11/19 12:15,7.35,41.6,22.61,21.89,23.81,18.0,29.0,0.3764,0.094094,0.0,0.094094,0.001638,0.635618,0.527442,0.0,0.729712,0.3,low,0.028228,0.115047,0.143275,0
2026-07-26T10:06:22.461192,11/19 13:15,7.65,20.8,22.33,21.64,23.47,20.0,27.0,0.3764,0.094094,0.0,0.094094,0.001348,0.565262,0.471272,0.0,0.659356,0.3,low,0.028228,0.102312,0.130541,0
2026-07-26T10:06:22.479197,11/19 14:15,7.2,41.6,22.77,22.03,24.02,20.0,27.0,0.3764,0.094094,0.0,0.094094,0.00154,0.644526,0.509682,0.0,0.73862,0.3,low,0.028228,0.116659,0.144887,0
2026-07-26T10:06:22.494192,11/19 15:15,7.2,52.0,22.92,22.16,24.31,20.0,27.0,0.3764,0.094094,0.0,0.094094,0.001499,0.621647,0.501772,0.0,0.715741,0.3,low,0.028228,0.112518,0.140746,0
2026-07-26T10:06:22.507192,11/19 16:15,7.08,52.0,22.73,21.98,24.25,20.0,27.0,0.3764,0.094094,0.0,0.094094,0.001476,0.61621,0.497318,0.0,0.710304,0.55,high,0.051752,0.111534,0.163286,0
2026-07-26T10:06:22.521190,11/19 17:15,6.43,52.0,22.2,21.45,23.87,20.0,27.0,0.3764,0.094094,0.0,0.094094,0.001689,0.681262,0.536676,0.0,0.775356,0.55,high,0.051752,0.123308,0.17506,0
2026-07-26T10:06:22.535190,11/19 18:15,5.6,52.0,21.91,21.14,23.67,20.0,27.0,0.3764,0.094094,0.0,0.094094,0.002274,0.813112,0.626271,0.0,0.907206,0.55,high,0.051752,0.147173,0.198925,0
2026-07-26T10:06:37.995520,11/19 19:15,5.45,26.0,20.78,20.22,22.27,20.0,26.0,0.3764,0.094094,0.0,0.094094,0.002355,0.795067,0.63676,0.0,0.889161,0.55,high,0.051752,0.143907,0.195659,0
2026-07-26T10:06:38.013524,11/19 20:15,5.15,0.0,,,,20.0,26.0,0.3764,0.094094,0.0,0.094094,0.003807,1.592541,1.076884,0.0,1.686635,0.55,high,0.051752,0.28825,0.340002,0
2026-07-26T10:06:38.027515,11/19 21:15,5.72,0.0,,,,20.0,26.0,0.3764,0.094094,0.0,0.094094,0.000573,0.343469,0.374226,0.0,0.437563,0.4,moderate,0.037638,0.062168,0.099805,0
2026-07-26T10:06:38.042515,11/19 22:15,5.97,0.0,,,,20.0,26.0,0.3764,0.094094,0.0,0.094094,0.000915,0.661774,0.557265,0.0,0.755868,0.4,moderate,0.037638,0.119781,0.157419,0
2026-07-26T10:06:38.056515,11/19 23:15,5.6,0.0,,,,20.0,26.0,0.3764,0.094094,0.0,0.094094,0.001183,0.868752,0.695934,0.0,0.962846,0.4,moderate,0.037638,0.157244,0.194882,0
2026-07-26T10:06:38.068515,11/20 00:15,5.72,0.0,,,,20.0,26.0,0.3764,0.094094,0.0,0.094094,0.001215,0.88818,0.715264,0.0,0.982274,0.34,low,0.031992,0.160761,0.192753,0
2026-07-26T10:06:53.229152,11/20 01:15,6.37,0.0,,,,18.0,28.0,0.3764,0.094094,0.0,0.094094,0.0,0.0,0.0,0.0,0.094094,0.34,low,0.031992,0.0,0.031992,0
2026-07-26T10:06:53.246290,11/20 02:15,7.08,0.0,,,,18.0,28.0,0.3764,0.094094,0.0,0.094094,0.0,0.0,0.0,0.0,0.094094,0.34,low,0.031992,0.0,0.031992,0
2026-07-26T10:06:53.259294,11/20 03:15,6.83,0.0,,,,18.0,28.0,0.3764,0.094094,0.0,0.094094,0.0,0.0,0.0,0.0,0.094094,0.34,low,0.031992,0.0,0.031992,0
2026-07-26T10:06:53.273288,11/20 04:15,7.2,0.0,,,,18.0,28.0,0.3764,0.094094,0.0,0.094094,0.0,0.0,0.0,0.0,0.094094,0.34,low,0.031992,0.0,0.031992,0
2026-07-26T10:06:53.287294,11/20 05:15,7.35,0.0,,,,18.0,28.0,0.3764,0.094094,0.0,0.094094,0.0,0.0,0.0,0.0,0.094094,0.34,low,0.031992,0.0,0.031992,0
2026-07-26T10:06:53.300323,11/20 06:15,8.07,0.0,,,,18.0,28.0,0.3764,0.094094,0.0,0.094094,0.0,0.0,0.0,0.0,0.094094,0.43,moderate,0.04046,0.0,0.04046,0
2026-07-26T10:07:07.358597,11/20 07:15,9.03,0.0,,,,18.0,29.0,0.3764,0.094094,0.0,0.094094,0.001214,0.583714,0.442698,0.0,0.677808,0.43,moderate,0.04046,0.105652,0.146113,0
2026-07-26T10:07:07.376596,11/20 08:15,9.83,0.0,,,,18.0,29.0,0.3764,0.094094,0.0,0.094094,0.00105,0.493916,0.40383,0.0,0.58801,0.43,moderate,0.04046,0.089399,0.129859,0
2026-07-26T10:07:07.392595,11/20 09:15,11.1,52.0,20.68,20.14,21.66,18.0,29.0,0.3764,0.094094,0.0,0.094094,0.000535,0.275603,0.252043,0.0,0.369697,0.43,moderate,0.04046,0.049884,0.090345,0
2026-07-26T10:07:07.406595,11/20 10:15,11.25,52.0,21.98,21.32,23.14,18.0,29.0,0.3764,0.094094,0.0,0.094094,0.000491,0.273935,0.236411,0.0,0.368029,0.3,low,0.028228,0.049582,0.07781,0
2026-07-26T10:07:07.423594,11/20 11:15,11.7,52.0,22.72,22.03,23.8,18.0,29.0,0.3764,0.094094,0.107245,0.094094,0.011641,0.217284,0.189518,0.01574,0.311378,0.3,low,0.028228,0.039328,0.067557,0
2026-07-26T10:07:07.436595,11/20 12:15,11.82,41.6,23.0,22.31,23.88,18.0,29.0,0.3764,0.094094,0.108676,0.094094,0.013077,0.205711,0.175915,0.015779,0.299805,0.3,low,0.028228,0.037234,0.065462,0
2026-07-26T10:07:22.016237,11/20 13:15,12.62,20.8,22.76,22.09,23.58,20.0,27.0,0.3764,0.094094,0.114713,0.094094,0.015312,0.199428,0.167913,0.055388,0.293522,0.3,low,0.028228,0.036096,0.064325,0
2026-07-26T10:07:22.033237,11/20 14:15,14.03,41.6,23.31,22.59,24.2,20.0,27.0,0.3764,0.094094,0.142259,0.094094,0.020259,0.190746,0.159452,0.232284,0.28484,0.3,low,0.028228,0.034525,0.062753,0
2026-07-26T10:07:22.048236,11/20 15:15,14.55,52.0,23.58,22.85,24.56,20.0,27.0,0.3764,0.094094,0.163394,0.094094,0.022667,0.180334,0.150344,0.330018,0.274428,0.3,low,0.028228,0.03264,0.060869,0
2026-07-26T10:07:22.061235,11/20 16:15,15.0,52.0,23.46,22.71,24.59,20.0,27.0,0.3764,0.094094,0.174438,0.094094,0.023915,0.174398,0.144654,0.387016,0.268492,0.55,high,0.051752,0.031566,0.083318,0
2026-07-26T10:07:22.074240,11/20 17:15,14.18,52.0,23.08,22.31,24.33,20.0,27.0,0.3764,0.094094,0.175028,0.094094,0.023838,0.173047,0.142482,0.386983,0.267141,0.55,high,0.051752,0.031322,0.083073,0
2026-07-26T10:07:22.087235,11/20 18:15,11.27,52.0,22.78,22.0,24.2,20.0,27.0,0.3764,0.094094,0.114605,0.094094,0.015934,0.172376,0.141136,0.015814,0.26647,0.55,high,0.051752,0.0312,0.082952,0
2026-07-26T10:07:36.527915,11/20 19:15,9.85,26.0,21.52,20.9,22.85,20.0,26.0,0.3764,0.094094,0.0,0.094094,0.00058,0.37659,0.268467,0.0,0.470684,0.55,high,0.051752,0.068163,0.119914,0
2026-07-26T10:07:36.544917,11/20 20:15,9.0,0.0,,,,20.0,26.0,0.3764,0.094094,0.0,0.094094,0.000917,0.047171,0.361007,0.0,0.141265,0.55,high,0.051752,0.008538,0.06029,0
2026-07-26T10:07:36.559922,11/20 21:15,7.1,0.0,,,,20.0,26.0,0.3764,0.094094,0.0,0.094094,9.1e-05,0.053654,0.056174,0.0,0.147748,0.4,moderate,0.037638,0.009711,0.047349,0
2026-07-26T10:07:36.571915,11/20 22:15,4.45,0.0,,,,20.0,26.0,0.3764,0.094094,0.0,0.094094,0.000647,0.457654,0.360648,0.0,0.551748,0.4,moderate,0.037638,0.082835,0.120473,0
2026-07-26T10:07:36.584921,11/20 23:15,2.52,0.0,,,,20.0,26.0,0.3764,0.094094,0.0,0.094094,0.001374,0.987359,0.735976,0.0,1.081453,0.4,moderate,0.037638,0.178712,0.21635,0
2026-07-26T10:07:36.597916,11/21 00:15,1.42,0.0,,,,20.0,26.0,0.3764,0.094094,0.0,0.094094,0.001751,1.193157,0.94091,0.0,1.287251,0.34,low,0.031992,0.215961,0.247953,0
2026-07-26T10:07:50.461276,11/21 01:15,0.3,0.0,,,,18.0,28.0,0.3764,0.094094,0.0,0.094094,0.0,0.0,0.0,0.0,0.094094,0.34,low,0.031992,0.0,0.031992,0
2026-07-26T10:07:50.475273,11/21 02:15,-0.72,0.0,,,,18.0,28.0,0.3764,0.094094,0.0,0.094094,0.0,0.0,0.0,0.0,0.094094,0.34,low,0.031992,0.0,0.031992,0
2026-07-26T10:07:50.491274,11/21 03:15,-1.38,0.0,,,,18.0,28.0,0.3764,0.094094,0.0,0.094094,0.00031,0.225054,0.231113,0.0,0.319148,0.34,low,0.031992,0.040735,0.072727,0
2026-07-26T10:07:50.505274,11/21 04:15,-2.35,0.0,,,,18.0,28.0,0.3764,0.094094,0.0,0.094094,0.000476,0.385014,0.340155,0.0,0.479108,0.34,low,0.031992,0.069688,0.101679,0
2026-07-26T10:07:50.519274,11/21 05:15,-3.07,0.0,,,,18.0,28.0,0.3764,0.094094,0.0,0.094094,0.000689,0.578525,0.467358,0.0,0.672619,0.34,low,0.031992,0.104713,0.136705,0
2026-07-26T10:07:50.531274,11/21 06:15,-4.03,0.0,,,,18.0,28.0,0.3764,0.094094,0.0,0.094094,0.000855,0.707827,0.559076,0.0,0.801921,0.43,moderate,0.04046,0.128117,0.168577,0
2026-07-26T10:08:03.817927,11/21 07:15,-4.12,0.0,,,,18.0,29.0,0.3764,0.094094,0.0,0.094094,0.007041,2.692435,2.155654,0.0,2.786529,0.43,moderate,0.04046,0.487331,0.527791,0
2026-07-26T10:08:03.835924,11/21 08:23,-3.17,0.0,,,,18.0,29.0,0.3764,0.094094,0.0,0.094094,0.006446,2.384428,1.913828,0.0,2.478522,0.43,moderate,0.04046,0.431581,0.472042,0
2026-07-26T10:08:03.852924,11/21 09:23,-2.37,52.0,20.07,19.02,21.99,18.0,29.0,0.3764,0.094094,0.0,0.094094,0.005339,1.689275,1.363025,0.0,1.783369,0.43,moderate,0.04046,0.305759,0.346219,1
2026-07-26T10:08:03.867924,11/21 10:23,-0.83,52.0,21.72,20.22,23.89,18.0,29.0,0.3764,0.094094,0.0,0.094094,0.004682,1.504583,1.21331,0.0,1.598677,0.3,low,0.028228,0.27233,0.300558,0
2026-07-26T10:08:03.882925,11/21 11:23,0.28,52.0,22.52,20.74,24.67,18.0,29.0,0.3764,0.094094,0.0,0.094094,0.004211,1.374183,1.108573,0.0,1.468277,0.3,low,0.028228,0.248727,0.276955,0
2026-07-26T10:08:03.898930,11/21 12:23,1.25,41.6,22.93,21.08,24.41,18.0,29.0,0.3764,0.094094,0.0,0.094094,0.003807,1.249106,1.006002,0.0,1.3432,0.3,low,0.028228,0.226088,0.254316,0
2026-07-26T10:08:19.933843,11/21 13:15,1.82,20.8,22.68,20.93,24.63,20.0,27.0,0.3764,0.094094,0.0,0.094094,0.003584,1.178415,0.948368,0.0,1.272509,0.3,low,0.028228,0.213293,0.241521,0
2026-07-26T10:08:19.953842,11/21 14:15,2.08,41.6,23.22,21.56,25.66,20.0,27.0,0.3764,0.094094,0.0,0.094094,0.003457,1.034982,0.896716,0.0,1.129076,0.3,low,0.028228,0.187332,0.21556,0
2026-07-26T10:08:19.970841,11/21 15:15,1.42,52.0,23.26,21.98,25.24,20.0,27.0,0.3764,0.094094,0.0,0.094094,0.00338,1.162687,0.926262,0.0,1.256781,0.3,low,0.028228,0.210446,0.238675,0
2026-07-26T10:08:19.986843,11/21 16:23,0.3,52.0,22.8,21.83,24.21,20.0,27.0,0.3764,0.094094,0.0,0.094094,0.003532,1.247278,1.009358,0.0,1.341372,0.55,high,0.051752,0.225757,0.277509,0
2026-07-26T10:08:20.003842,11/21 17:15,-0.88,52.0,22.01,21.15,23.88,20.0,27.0,0.3764,0.094094,0.0,0.094094,0.00382,1.372699,1.107217,0.0,1.466793,0.55,high,0.051752,0.248459,0.30021,0
2026-07-26T10:08:20.017841,11/21 18:15,-1.82,52.0,21.6,20.8,23.69,20.0,27.0,0.3764,0.094094,0.0,0.094094,0.004138,1.490338,1.1992,0.0,1.584432,0.55,high,0.051752,0.269751,0.321503,0
2026-07-26T10:08:35.751293,11/21 19:15,-2.35,26.0,20.47,20.0,22.17,20.0,26.0,0.3764,0.094094,0.0,0.094094,0.004552,1.66264,1.358419,0.0,1.756734,0.55,high,0.051752,0.300938,0.35269,0
2026-07-26T10:08:35.771287,11/21 20:15,-2.8,0.0,,,,20.0,26.0,0.3764,0.094094,0.0,0.094094,0.005974,2.555642,2.061625,0.0,2.649736,0.55,high,0.051752,0.462571,0.514323,0
2026-07-26T10:08:35.789289,11/21 21:15,-3.07,0.0,,,,20.0,26.0,0.3764,0.094094,0.0,0.094094,0.001673,1.065367,0.879963,0.0,1.159461,0.4,moderate,0.037638,0.192831,0.230469,0
2026-07-26T10:08:35.803287,11/21 22:15,-3.9,0.0,,,,20.0,26.0,0.3764,0.094094,0.0,0.094094,0.002452,1.480724,1.17635,0.0,1.574818,0.4,moderate,0.037638,0.268011,0.305649,0
2026-07-26T10:08:35.819288,11/21 23:15,-4.03,0.0,,,,20.0,26.0,0.3764,0.094094,0.0,0.094094,0.003178,1.803736,1.434839,0.0,1.89783,0.4,moderate,0.037638,0.326476,0.364114,0
2026-07-26T10:08:35.834289,11/22 00:15,-4.4,0.0,,,,20.0,26.0,0.3764,0.094094,0.0,0.094094,0.00304,1.728534,1.397344,0.0,1.822628,0.34,low,0.031992,0.312865,0.344857,0
2026-07-26T10:08:50.829215,11/22 01:15,-4.4,0.0,,,,18.0,28.0,0.3764,0.094094,0.0,0.094094,0.000125,0.072615,0.100446,0.0,0.166709,0.34,low,0.031992,0.013143,0.045135,0
2026-07-26T10:08:50.845206,11/22 02:15,-4.4,0.0,,,,18.0,28.0,0.3764,0.094094,0.0,0.094094,0.000353,0.24897,0.264704,0.0,0.343064,0.34,low,0.031992,0.045064,0.077056,0
2026-07-26T10:08:50.861206,11/22 03:15,-4.28,0.0,,,,18.0,28.0,0.3764,0.094094,0.0,0.094094,0.000525,0.422364,0.374983,0.0,0.516458,0.34,low,0.031992,0.076448,0.10844,0
2026-07-26T10:08:50.875205,11/22 04:15,-3.9,0.0,,,,18.0,28.0,0.3764,0.094094,0.0,0.094094,0.000567,0.48193,0.401439,0.0,0.576024,0.34,low,0.031992,0.087229,0.119221,0
2026-07-26T10:08:50.890205,11/22 05:15,-4.03,0.0,,,,18.0,28.0,0.3764,0.094094,0.0,0.094094,0.000692,0.593545,0.473922,0.0,0.687639,0.34,low,0.031992,0.107432,0.139424,0
2026-07-26T10:08:50.904205,11/22 06:15,-4.28,0.0,,,,18.0,28.0,0.3764,0.094094,0.0,0.094094,0.000651,0.558382,0.451187,0.0,0.652476,0.43,moderate,0.04046,0.101067,0.141528,0
2026-07-26T10:09:05.719916,11/22 07:15,-3.75,0.0,,,,18.0,29.0,0.3764,0.094094,0.0,0.094094,0.006728,2.493566,1.999274,0.0,2.58766,0.43,moderate,0.04046,0.451335,0.491796,0
2026-07-26T10:09:05.738913,11/22 08:15,-2.75,0.0,,,,18.0,29.0,0.3764,0.094094,0.0,0.094094,0.006273,2.234601,1.788713,0.0,2.328695,0.43,moderate,0.04046,0.404463,0.444923,0
2026-07-26T10:09:05.757916,11/22 09:15,-0.68,52.0,19.82,19.27,21.34,18.0,29.0,0.3764,0.094094,0.0,0.094094,0.004993,1.538764,1.236633,0.0,1.632858,0.43,moderate,0.04046,0.278516,0.318977,1
2026-07-26T10:09:05.774913,11/22 10:15,0.72,52.0,21.07,20.36,22.8,18.0,29.0,0.3764,0.094094,0.0,0.094094,0.004434,1.357583,1.089331,0.0,1.451677,0.3,low,0.028228,0.245723,0.273951,0
2026-07-26T10:09:05.789914,11/22 11:15,1.38,52.0,21.73,21.01,23.33,18.0,29.0,0.3764,0.094094,0.0,0.094094,0.004159,1.284104,1.03617,0.0,1.378198,0.3,low,0.028228,0.232423,0.260651,0
2026-07-26T10:09:05.804913,11/22 12:15,2.48,41.6,21.95,21.23,23.46,18.0,29.0,0.3764,0.094094,0.0,0.094094,0.003814,1.084768,0.937264,0.0,1.178862,0.3,low,0.028228,0.196343,0.224571,0
2026-07-26T10:09:22.464656,11/22 13:15,3.45,20.8,21.73,21.02,23.18,20.0,27.0,0.3764,0.094094,0.0,0.094094,0.005162,0.523745,0.83662,0.0,0.617839,0.3,low,0.028228,0.094798,0.123026,0
2026-07-26T10:09:22.484658,11/22 14:15,3.9,41.6,22.07,21.2,23.64,20.0,27.0,0.3764,0.094094,0.0,0.094094,0.005068,0.265511,0.63751,0.0,0.359605,0.3,low,0.028228,0.048057,0.076286,0
2026-07-26T10:09:22.500656,11/22 15:15,3.75,52.0,22.21,21.22,23.9,20.0,27.0,0.3764,0.094094,0.0,0.094094,0.005079,0.337012,0.531225,0.0,0.431106,0.3,low,0.028228,0.060999,0.089227,0
2026-07-26T10:09:22.516655,11/22 16:15,3.3,52.0,21.87,20.95,23.74,20.0,27.0,0.3764,0.094094,0.0,0.094094,0.005234,0.79709,0.591575,0.0,0.891184,0.55,high,0.051752,0.144273,0.196025,0
2026-07-26T10:09:22.530656,11/22 17:15,3.3,52.0,21.49,20.63,23.47,20.0,27.0,0.3764,0.094094,0.0,0.094094,0.005213,0.705307,0.633001,0.0,0.799401,0.55,high,0.051752,0.127661,0.179412,0
2026-07-26T10:09:22.545655,11/22 18:15,3.02,52.0,21.26,20.42,23.28,20.0,27.0,0.3764,0.094094,0.0,0.094094,0.005208,0.683421,0.644497,0.0,0.777515,0.55,high,0.051752,0.123699,0.175451,0
2026-07-26T10:09:38.404883,11/22 19:15,2.08,26.0,20.4,20.0,21.94,20.0,26.0,0.3764,0.094094,0.0,0.094094,0.005558,1.626953,0.903116,0.0,1.721047,0.55,high,0.051752,0.294478,0.34623,0
2026-07-26T10:09:38.424884,11/22 20:15,1.7,0.0,,,,20.0,26.0,0.3764,0.094094,0.0,0.094094,0.004841,2.023536,1.632291,0.0,2.11763,0.55,high,0.051752,0.36626,0.418012,0
2026-07-26T10:09:38.441883,11/22 21:15,1.97,0.0,,,,20.0,26.0,0.3764,0.094094,0.0,0.094094,0.001002,0.660374,0.602474,0.0,0.754468,0.4,moderate,0.037638,0.119528,0.157165,0
2026-07-26T10:09:38.457882,11/22 22:15,2.65,0.0,,,,20.0,26.0,0.3764,0.094094,0.0,0.094094,0.001448,1.006804,0.801212,0.0,1.100898,0.4,moderate,0.037638,0.182232,0.219869,0
2026-07-26T10:09:38.473882,11/22 23:15,2.2,0.0,,,,20.0,26.0,0.3764,0.094094,0.0,0.094094,0.001857,1.251155,0.994473,0.0,1.345249,0.4,moderate,0.037638,0.226459,0.264097,0
2026-07-26T10:09:38.490883,11/23 00:15,2.2,0.0,,,,20.0,26.0,0.3764,0.094094,0.0,0.094094,0.001794,1.204895,0.974511,0.0,1.298989,0.34,low,0.031992,0.218086,0.250078,0
2026-07-26T10:09:55.177773,11/23 01:15,2.08,0.0,,,,18.0,28.0,0.3764,0.094094,0.0,0.094094,0.0,0.0,0.0,0.0,0.094094,0.34,low,0.031992,0.0,0.031992,0
2026-07-26T10:09:55.194775,11/23 02:15,1.7,0.0,,,,18.0,28.0,0.3764,0.094094,0.0,0.094094,0.0,0.0,0.0,0.0,0.094094,0.34,low,0.031992,0.0,0.031992,0
2026-07-26T10:09:55.212773,11/23 03:15,1.7,0.0,,,,18.0,28.0,0.3764,0.094094,0.0,0.094094,0.0,0.0,0.0,0.0,0.094094,0.34,low,0.031992,0.0,0.031992,0
2026-07-26T10:09:55.228773,11/23 04:15,1.55,0.0,,,,18.0,28.0,0.3764,0.094094,0.0,0.094094,0.0,0.0,0.0,0.0,0.094094,0.34,low,0.031992,0.0,0.031992,0
2026-07-26T10:09:55.242771,11/23 05:15,1.1,0.0,,,,18.0,28.0,0.3764,0.094094,0.0,0.094094,0.0,0.0,0.0,0.0,0.094094,0.34,low,0.031992,0.0,0.031992,0
2026-07-26T10:09:55.258772,11/23 06:15,1.38,0.0,,,,18.0,28.0,0.3764,0.094094,0.0,0.094094,0.0,0.0,0.0,0.0,0.094094,0.43,moderate,0.04046,0.0,0.04046,0
2026-07-26T10:10:10.612468,11/23 07:15,2.2,0.0,,,,18.0,29.0,0.3764,0.094094,0.0,0.094094,0.0,0.0,0.0,0.0,0.094094,0.43,moderate,0.04046,0.0,0.04046,0
2026-07-26T10:10:10.630458,11/23 08:15,2.2,0.0,,,,18.0,29.0,0.3764,0.094094,0.0,0.094094,0.0,0.0,0.0,0.0,0.094094,0.43,moderate,0.04046,0.0,0.04046,0
2026-07-26T10:10:10.648457,11/23 09:15,2.2,0.0,,,,18.0,29.0,0.3764,0.094094,0.0,0.094094,0.0,0.0,0.0,0.0,0.094094,0.43,moderate,0.04046,0.0,0.04046,0
2026-07-26T10:10:10.661456,11/23 10:15,2.2,0.0,,,,18.0,29.0,0.3764,0.094094,0.0,0.094094,0.0,0.0,0.0,0.0,0.094094,0.3,low,0.028228,0.0,0.028228,0
2026-07-26T10:10:10.677457,11/23 11:15,2.48,0.0,,,,18.0,29.0,0.3764,0.094094,0.0,0.094094,0.0,0.0,0.0,0.0,0.094094,0.3,low,0.028228,0.0,0.028228,0
2026-07-26T10:10:10.692457,11/23 12:15,3.3,0.0,,,,18.0,29.0,0.3764,0.094094,0.0,0.094094,0.0,0.0,0.0,0.0,0.094094,0.3,low,0.028228,0.0,0.028228,0
2026-07-26T10:10:25.779769,11/23 13:15,3.17,0.0,,,,18.0,29.0,0.3764,0.094094,0.0,0.094094,0.0,0.0,0.0,0.0,0.094094,0.3,low,0.028228,0.0,0.028228,0
2026-07-26T10:10:25.796765,11/23 14:15,2.92,0.0,,,,18.0,29.0,0.3764,0.094094,0.0,0.094094,0.0,0.0,0.0,0.0,0.094094,0.3,low,0.028228,0.0,0.028228,0
2026-07-26T10:10:25.812767,11/23 15:15,3.02,0.0,,,,18.0,29.0,0.3764,0.094094,0.0,0.094094,0.0,0.0,0.0,0.0,0.094094,0.3,low,0.028228,0.0,0.028228,0
2026-07-26T10:10:25.827770,11/23 16:15,2.2,0.0,,,,18.0,29.0,0.3764,0.094094,0.0,0.094094,0.0,0.0,0.0,0.0,0.094094,0.55,high,0.051752,0.0,0.051752,0
2026-07-26T10:10:25.841765,11/23 17:15,2.35,0.0,,,,18.0,29.0,0.3764,0.094094,0.0,0.094094,0.0,0.0,0.0,0.0,0.094094,0.55,high,0.051752,0.0,0.051752,0
2026-07-26T10:10:25.855765,11/23 18:15,2.65,0.0,,,,18.0,29.0,0.3764,0.094094,0.0,0.094094,0.0,0.0,0.0,0.0,0.094094,0.55,high,0.051752,0.0,0.051752,0
2026-07-26T10:10:40.353782,11/23 19:15,2.08,0.0,,,,18.0,29.0,0.3764,0.094094,0.0,0.094094,0.0,0.0,0.0,0.0,0.094094,0.55,high,0.051752,0.0,0.051752,0
2026-07-26T10:10:40.370782,11/23 20:15,1.7,0.0,,,,18.0,29.0,0.3764,0.094094,0.0,0.094094,0.0,0.0,0.0,0.0,0.094094,0.55,high,0.051752,0.0,0.051752,0
2026-07-26T10:10:40.387782,11/23 21:15,1.42,0.0,,,,18.0,29.0,0.3764,0.094094,0.0,0.094094,0.0,0.0,0.0,0.0,0.094094,0.4,moderate,0.037638,0.0,0.037638,0
2026-07-26T10:10:40.400782,11/23 22:15,0.72,0.0,,,,18.0,29.0,0.3764,0.094094,0.0,0.094094,0.0,0.0,0.0,0.0,0.094094,0.4,moderate,0.037638,0.0,0.037638,0
2026-07-26T10:10:40.414781,11/23 23:15,1.25,0.0,,,,18.0,29.0,0.3764,0.094094,0.0,0.094094,6.5e-05,0.044931,0.051672,0.0,0.139025,0.4,moderate,0.037638,0.008133,0.04577,0
2026-07-26T10:10:40.428782,11/24 00:15,1.42,0.0,,,,18.0,29.0,0.3764,0.094094,0.0,0.094094,3.6e-05,0.025129,0.025508,0.0,0.119223,0.34,low,0.031992,0.004548,0.03654,0
2026-07-26T10:10:54.523033,11/24 01:15,0.45,0.0,,,,18.0,29.0,0.3764,0.094094,0.0,0.094094,0.000154,0.114109,0.119287,0.0,0.208203,0.34,low,0.031992,0.020654,0.052646,0
2026-07-26T10:10:54.540044,11/24 02:15,0.15,0.0,,,,18.0,29.0,0.3764,0.094094,0.0,0.094094,0.000216,0.172149,0.166572,0.0,0.266243,0.34,low,0.031992,0.031159,0.063151,0
2026-07-26T10:10:54.556041,11/24 03:15,0.6,0.0,,,,18.0,29.0,0.3764,0.094094,0.0,0.094094,0.000246,0.207819,0.187742,0.0,0.301913,0.34,low,0.031992,0.037615,0.069607,0
2026-07-26T10:10:54.572038,11/24 04:15,0.6,0.0,,,,18.0,29.0,0.3764,0.094094,0.0,0.094094,0.000176,0.153801,0.135745,0.0,0.247895,0.34,low,0.031992,0.027838,0.05983,0
2026-07-26T10:10:54.588039,11/24 05:15,0.45,0.0,,,,18.0,29.0,0.3764,0.094094,0.0,0.094094,0.000204,0.183073,0.157152,0.0,0.277167,0.34,low,0.031992,0.033136,0.065128,0
2026-07-26T10:10:54.607041,11/24 06:15,0.0,0.0,,,,18.0,29.0,0.3764,0.094094,0.0,0.094094,0.000191,0.174816,0.148193,0.0,0.26891,0.43,moderate,0.04046,0.031642,0.072102,0
2026-07-26T10:11:09.171080,11/24 07:15,0.15,0.0,,,,18.0,29.0,0.3764,0.094094,0.0,0.094094,0.00018,0.1667,0.138896,0.0,0.260794,0.43,moderate,0.04046,0.030173,0.070633,0
2026-07-26T10:11:09.188096,11/24 08:15,0.6,0.0,,,,18.0,29.0,0.3764,0.094094,0.0,0.094094,8.7e-05,0.081517,0.068646,0.0,0.175611,0.43,moderate,0.04046,0.014755,0.055215,0
2026-07-26T10:11:09.202091,11/24 09:15,0.88,0.0,,,,18.0,29.0,0.3764,0.094094,0.0,0.094094,0.0,0.0,0.0,0.0,0.094094,0.43,moderate,0.04046,0.0,0.04046,0
2026-07-26T10:11:09.215087,11/24 10:23,1.7,0.0,,,,18.0,29.0,0.3764,0.094094,0.0,0.094094,0.0,0.0,0.0,0.0,0.094094,0.3,low,0.028228,0.0,0.028228,0
2026-07-26T10:11:09.229089,11/24 11:15,1.7,0.0,,,,18.0,29.0,0.3764,0.094094,0.0,0.094094,0.0,0.0,0.0,0.0,0.094094,0.3,low,0.028228,0.0,0.028228,0
2026-07-26T10:11:09.242094,11/24 12:15,1.97,0.0,,,,18.0,29.0,0.3764,0.094094,0.0,0.094094,0.0,0.0,0.0,0.0,0.094094,0.3,low,0.028228,0.0,0.028228,0
2026-07-26T10:11:23.166673,11/24 13:23,3.07,0.0,,,,18.0,29.0,0.3764,0.094094,0.0,0.094094,0.0,0.0,0.0,0.0,0.094094,0.3,low,0.028228,0.0,0.028228,0
2026-07-26T10:11:23.183672,11/24 14:15,3.75,0.0,,,,18.0,29.0,0.3764,0.094094,0.0,0.094094,0.0,0.0,0.0,0.0,0.094094,0.3,low,0.028228,0.0,0.028228,0
2026-07-26T10:11:23.197672,11/24 15:15,2.9,0.0,,,,18.0,29.0,0.3764,0.094094,0.0,0.094094,0.0,0.0,0.0,0.0,0.094094,0.3,low,0.028228,0.0,0.028228,0
2026-07-26T10:11:23.212672,11/24 16:23,1.27,0.0,,,,18.0,29.0,0.3764,0.094094,0.0,0.094094,0.0,0.0,0.0,0.0,0.094094,0.55,high,0.051752,0.0,0.051752,0
2026-07-26T10:11:23.226672,11/24 17:23,-0.15,0.0,,,,18.0,29.0,0.3764,0.094094,0.0,0.094094,0.0,0.0,0.0,0.0,0.094094,0.55,high,0.051752,0.0,0.051752,0
2026-07-26T10:11:23.239674,11/24 18:15,-0.72,0.0,,,,18.0,29.0,0.3764,0.094094,0.0,0.094094,0.0,0.0,0.0,0.0,0.094094,0.55,high,0.051752,0.0,0.051752,0
2026-07-26T10:11:36.970999,11/24 19:15,-1.1,0.0,,,,18.0,29.0,0.3764,0.094094,0.0,0.094094,0.0,0.0,0.0,0.0,0.094094,0.55,high,0.051752,0.0,0.051752,0
2026-07-26T10:11:36.985995,11/24 20:15,-0.98,0.0,,,,18.0,29.0,0.3764,0.094094,0.0,0.094094,0.0,0.0,0.0,0.0,0.094094,0.55,high,0.051752,0.0,0.051752,0
2026-07-26T10:11:36.998995,11/24 21:15,-0.6,0.0,,,,18.0,29.0,0.3764,0.094094,0.0,0.094094,0.0,0.0,0.0,0.0,0.094094,0.4,moderate,0.037638,0.0,0.037638,0
2026-07-26T10:11:37.011994,11/24 22:15,-0.3,0.0,,,,18.0,29.0,0.3764,0.094094,0.0,0.094094,0.0,0.0,0.0,0.0,0.094094,0.4,moderate,0.037638,0.0,0.037638,0
2026-07-26T10:11:37.024996,11/24 23:15,0.6,0.0,,,,18.0,29.0,0.3764,0.094094,0.0,0.094094,2e-06,0.001434,0.000782,0.0,0.095528,0.4,moderate,0.037638,0.00026,0.037897,0
2026-07-26T10:11:37.036995,11/25 00:15,0.45,0.0,,,,18.0,29.0,0.3764,0.094094,0.0,0.094094,0.000126,0.119584,0.100726,0.0,0.213678,0.34,low,0.031992,0.021645,0.053637,0
2026-07-26T10:11:51.297326,11/25 01:15,-0.15,0.0,,,,18.0,29.0,0.3764,0.094094,0.0,0.094094,0.000472,0.439833,0.335371,0.0,0.533927,0.34,low,0.031992,0.07961,0.111602,0
2026-07-26T10:11:51.313536,11/25 02:15,-0.45,0.0,,,,18.0,29.0,0.3764,0.094094,0.0,0.094094,0.000318,0.293021,0.236451,0.0,0.387115,0.34,low,0.031992,0.053037,0.085029,0
2026-07-26T10:11:51.330008,11/25 03:15,-0.15,0.0,,,,18.0,29.0,0.3764,0.094094,0.0,0.094094,0.000272,0.252723,0.205879,0.0,0.346817,0.34,low,0.031992,0.045743,0.077735,0
2026-07-26T10:11:51.343952,11/25 04:15,-0.72,0.0,,,,18.0,29.0,0.3764,0.094094,0.0,0.094094,0.000358,0.332224,0.264804,0.0,0.426318,0.34,low,0.031992,0.060133,0.092125,0
2026-07-26T10:11:51.357035,11/25 05:15,-1.1,0.0,,,,18.0,29.0,0.3764,0.094094,0.0,0.094094,0.000378,0.34896,0.27764,0.0,0.443054,0.34,low,0.031992,0.063162,0.095154,0
2026-07-26T10:11:51.370556,11/25 06:15,-1.25,0.0,,,,18.0,29.0,0.3764,0.094094,0.0,0.094094,0.000396,0.3636,0.290374,0.0,0.457694,0.43,moderate,0.04046,0.065812,0.106272,0
2026-07-26T10:12:04.682816,11/25 07:15,-1.82,0.0,,,,18.0,29.0,0.3764,0.094094,0.0,0.094094,0.005798,2.105087,1.662992,0.0,2.199181,0.43,moderate,0.04046,0.381021,0.421481,0
2026-07-26T10:12:04.700822,11/25 08:15,-2.75,0.0,,,,18.0,29.0,0.3764,0.094094,0.0,0.094094,0.005833,2.056088,1.648194,0.0,2.150182,0.43,moderate,0.04046,0.372152,0.412612,0
2026-07-26T10:12:04.716821,11/25 09:15,-4.7,52.0,19.65,19.1,20.97,18.0,29.0,0.3764,0.094094,0.0,0.094094,0.005867,1.850079,1.4906,0.0,1.944173,0.43,moderate,0.04046,0.334864,0.375325,1
2026-07-26T10:12:04.731816,11/25 10:15,-5.87,52.0,20.67,19.87,22.15,18.0,29.0,0.3764,0.094094,0.0,0.094094,0.006136,1.951179,1.571178,0.0,2.045273,0.3,low,0.028228,0.353163,0.381392,1
2026-07-26T10:12:04.746818,11/25 11:15,-6.83,52.0,21.25,20.35,22.74,18.0,29.0,0.3764,0.094094,0.0,0.094094,0.006464,2.045889,1.645557,0.0,2.139983,0.3,low,0.028228,0.370306,0.398534,0
2026-07-26T10:12:04.760817,11/25 12:15,-7.2,41.6,21.37,20.37,22.68,18.0,29.0,0.3764,0.094094,0.0,0.094094,0.006587,2.080738,1.674834,0.0,2.174832,0.3,low,0.028228,0.376614,0.404842,0
2026-07-26T10:12:19.991853,11/25 13:15,-7.2,20.8,20.95,20.06,22.21,20.0,27.0,0.3764,0.094094,0.0,0.094094,0.006525,2.07247,1.669503,0.0,2.166564,0.3,low,0.028228,0.375117,0.403345,0
2026-07-26T10:12:20.008897,11/25 14:15,-7.35,41.6,21.2,20.32,22.82,20.0,27.0,0.3764,0.094094,0.0,0.094094,0.006476,2.067209,1.665265,0.0,2.161303,0.3,low,0.028228,0.374165,0.402393,0
2026-07-26T10:12:20.025853,11/25 15:15,-7.65,52.0,21.25,20.46,22.96,20.0,27.0,0.3764,0.094094,0.0,0.094094,0.006743,2.124696,1.707983,0.0,2.21879,0.3,low,0.028228,0.38457,0.412798,0
2026-07-26T10:12:20.040150,11/25 16:15,-7.48,52.0,20.92,20.2,22.92,20.0,27.0,0.3764,0.094094,0.0,0.094094,0.006433,2.060198,1.661487,0.0,2.154292,0.55,high,0.051752,0.372896,0.424648,0
2026-07-26T10:12:20.054150,11/25 17:15,-8.3,52.0,20.53,20.0,22.53,20.0,27.0,0.3764,0.094094,0.0,0.094094,0.007171,2.2837,1.837375,0.0,2.377794,0.55,high,0.051752,0.41335,0.465101,0
2026-07-26T10:12:20.067153,11/25 18:15,-8.45,52.0,20.49,20.0,22.43,20.0,27.0,0.3764,0.094094,0.0,0.094094,0.007341,2.403058,1.938895,0.0,2.497152,0.55,high,0.051752,0.434953,0.486705,0
2026-07-26T10:12:34.889388,11/25 19:15,-9.03,26.0,20.2,20.0,21.0,20.0,26.0,0.3764,0.094094,0.0,0.094094,0.009158,3.362038,2.705957,0.0,3.456132,0.55,high,0.051752,0.608529,0.660281,0
2026-07-26T10:12:34.907383,11/25 20:15,-9.7,0.0,,,,20.0,26.0,0.3764,0.094094,0.0,0.094094,0.011036,3.989702,3.206911,0.0,4.083796,0.55,high,0.051752,0.722136,0.773888,0
2026-07-26T10:12:34.923383,11/25 21:15,-10.72,0.0,,,,20.0,26.0,0.3764,0.094094,0.0,0.094094,0.004397,2.161537,1.72277,0.0,2.255631,0.4,moderate,0.037638,0.391238,0.428876,0
2026-07-26T10:12:34.938382,11/25 22:15,-11.38,0.0,,,,20.0,26.0,0.3764,0.094094,0.0,0.094094,0.006898,2.861977,2.265743,0.0,2.956071,0.4,moderate,0.037638,0.518018,0.555655,0
2026-07-26T10:12:34.953386,11/25 23:15,-12.35,0.0,,,,20.0,26.0,0.3764,0.094094,0.0,0.094094,0.008351,3.115113,2.490531,0.0,3.209207,0.4,moderate,0.037638,0.563835,0.601473,0
2026-07-26T10:12:34.967383,11/26 00:15,-12.8,0.0,,,,20.0,26.0,0.3764,0.094094,0.0,0.094094,0.006983,2.822832,2.292291,0.0,2.916926,0.34,low,0.031992,0.510933,0.542925,0
2026-07-26T10:12:49.519237,11/26 01:15,-13.08,0.0,,,,18.0,28.0,0.3764,0.094094,0.0,0.094094,0.001354,0.886521,0.800669,0.0,0.980615,0.34,low,0.031992,0.16046,0.192452,0
2026-07-26T10:12:49.537487,11/26 02:15,-14.18,0.0,,,,18.0,28.0,0.3764,0.094094,0.0,0.094094,0.002116,1.400581,1.101331,0.0,1.494675,0.34,low,0.031992,0.253505,0.285497,0
2026-07-26T10:12:49.555438,11/26 03:15,-15.15,0.0,,,,18.0,28.0,0.3764,0.094094,0.0,0.094094,0.002618,1.608037,1.271447,0.0,1.702131,0.34,low,0.031992,0.291055,0.323047,0
2026-07-26T10:12:49.571442,11/26 04:15,-15.6,0.0,,,,18.0,28.0,0.3764,0.094094,0.0,0.094094,0.002741,1.608916,1.285527,0.0,1.70301,0.34,low,0.031992,0.291214,0.323206,0
2026-07-26T10:12:49.586444,11/26 05:15,-15.6,0.0,,,,18.0,28.0,0.3764,0.094094,0.0,0.094094,0.002933,1.650757,1.317306,0.0,1.744851,0.34,low,0.031992,0.298787,0.330779,0
2026-07-26T10:12:49.600445,11/26 06:15,-15.72,0.0,,,,18.0,28.0,0.3764,0.094094,0.0,0.094094,0.003413,1.792115,1.423464,0.0,1.886209,0.43,moderate,0.04046,0.324373,0.364833,0
2026-07-26T10:13:03.774037,11/26 07:15,-16.1,0.0,,,,18.0,29.0,0.3764,0.094094,0.0,0.094094,0.017438,4.514717,3.632538,0.0,4.608811,0.43,moderate,0.04046,0.817164,0.857624,0
2026-07-26T10:13:03.793038,11/26 08:15,-15.68,0.0,,,,18.0,29.0,0.3764,0.094094,0.0,0.094094,0.016651,4.136263,3.32896,0.0,4.230357,0.43,moderate,0.04046,0.748664,0.789124,0
2026-07-26T10:13:03.813037,11/26 09:23,-13.85,52.0,19.44,18.27,21.61,18.0,29.0,0.3764,0.094094,0.0,0.094094,0.013476,2.833133,2.297082,0.0,2.927227,0.43,moderate,0.04046,0.512797,0.553257,1
2026-07-26T10:13:03.830037,11/26 10:23,-11.8,52.0,20.95,19.27,23.71,18.0,29.0,0.3764,0.094094,0.0,0.094094,0.010706,2.598524,2.109526,0.0,2.692618,0.3,low,0.028228,0.470333,0.498561,1
2026-07-26T10:13:03.847036,11/26 11:23,-10.17,52.0,21.81,19.92,24.36,18.0,29.0,0.3764,0.094094,0.0,0.094094,0.009111,2.426425,1.965882,0.0,2.520519,0.3,low,0.028228,0.439183,0.467411,1
2026-07-26T10:13:03.863037,11/26 12:23,-8.62,41.6,22.1,20.18,23.84,18.0,29.0,0.3764,0.094094,0.0,0.094094,0.007665,2.237577,1.815788,0.0,2.331671,0.3,low,0.028228,0.405001,0.43323,0
2026-07-26T10:13:20.192324,11/26 13:23,-7.65,20.8,21.81,20.05,23.54,20.0,27.0,0.3764,0.094094,0.0,0.094094,0.006851,2.122039,1.716936,0.0,2.216133,0.3,low,0.028228,0.384089,0.412317,0
2026-07-26T10:13:20.212324,11/26 14:15,-7.35,41.6,22.32,20.64,24.54,20.0,27.0,0.3764,0.094094,0.0,0.094094,0.006407,2.053913,1.65873,0.0,2.148007,0.3,low,0.028228,0.371758,0.399986,0
2026-07-26T10:13:20.230324,11/26 15:15,-8.07,52.0,22.3,20.97,24.07,20.0,27.0,0.3764,0.094094,0.0,0.094094,0.006618,2.109878,1.696428,0.0,2.203972,0.3,low,0.028228,0.381888,0.410116,0
2026-07-26T10:13:20.247323,11/26 16:15,-9.33,52.0,21.81,20.78,23.79,20.0,27.0,0.3764,0.094094,0.0,0.094094,0.007243,2.21971,1.779421,0.0,2.313804,0.55,high,0.051752,0.401768,0.453519,0
2026-07-26T10:13:20.263323,11/26 17:15,-10.72,52.0,21.12,20.25,23.41,20.0,27.0,0.3764,0.094094,0.0,0.094094,0.008507,2.393426,1.915824,0.0,2.48752,0.55,high,0.051752,0.43321,0.484962,0
2026-07-26T10:13:20.277323,11/26 18:15,-11.38,52.0,20.81,20.01,23.26,20.0,27.0,0.3764,0.094094,0.0,0.094094,0.008962,2.444677,1.965529,0.0,2.538771,0.55,high,0.051752,0.442487,0.494238,0
2026-07-26T10:13:37.254917,11/26 19:15,-12.2,26.0,20.39,20.0,21.96,20.0,26.0,0.3764,0.094094,0.0,0.094094,0.010949,3.288808,2.646639,0.0,3.382902,0.55,high,0.051752,0.595274,0.647026,0
2026-07-26T10:13:37.275915,11/26 20:15,-12.2,0.0,,,,20.0,26.0,0.3764,0.094094,0.0,0.094094,0.012775,4.106167,3.306542,0.0,4.200261,0.55,high,0.051752,0.743216,0.794968,0
2026-07-26T10:13:37.293915,11/26 21:15,-11.8,0.0,,,,20.0,26.0,0.3764,0.094094,0.0,0.094094,0.003341,1.73528,1.386632,0.0,1.829374,0.4,moderate,0.037638,0.314086,0.351723,0
2026-07-26T10:13:37.309914,11/26 22:15,-10.3,0.0,,,,20.0,26.0,0.3764,0.094094,0.0,0.094094,0.004262,2.119162,1.699185,0.0,2.213256,0.4,moderate,0.037638,0.383568,0.421206,0
2026-07-26T10:13:37.327917,11/26 23:15,-8.85,0.0,,,,20.0,26.0,0.3764,0.094094,0.0,0.094094,0.004164,2.103647,1.701335,0.0,2.197741,0.4,moderate,0.037638,0.38076,0.418398,0
2026-07-26T10:13:37.345925,11/27 00:15,-7.2,0.0,,,,20.0,26.0,0.3764,0.094094,0.0,0.094094,0.004299,2.187026,1.763422,0.0,2.28112,0.34,low,0.031992,0.395852,0.427844,0
2026-07-26T10:13:53.618478,11/27 01:15,-7.08,0.0,,,,18.0,28.0,0.3764,0.094094,0.0,0.094094,0.000507,0.313839,0.365247,0.0,0.407933,0.34,low,0.031992,0.056805,0.088797,0
2026-07-26T10:13:53.636476,11/27 02:15,-6.83,0.0,,,,18.0,28.0,0.3764,0.094094,0.0,0.094094,0.000913,0.699782,0.596253,0.0,0.793876,0.34,low,0.031992,0.126661,0.158653,0
2026-07-26T10:13:53.653476,11/27 03:15,-7.2,0.0,,,,18.0,28.0,0.3764,0.094094,0.0,0.094094,0.001201,0.932331,0.738387,0.0,1.026425,0.34,low,0.031992,0.168752,0.200744,0
2026-07-26T10:13:53.670474,11/27 04:15,-7.08,0.0,,,,18.0,28.0,0.3764,0.094094,0.0,0.094094,0.001301,0.98488,0.786393,0.0,1.078974,0.34,low,0.031992,0.178263,0.210255,0
2026-07-26T10:13:53.685475,11/27 05:15,-6.7,0.0,,,,18.0,28.0,0.3764,0.094094,0.0,0.094094,0.001323,0.993007,0.797829,0.0,1.087101,0.34,low,0.031992,0.179734,0.211726,0
2026-07-26T10:13:53.701474,11/27 06:15,-6.55,0.0,,,,18.0,28.0,0.3764,0.094094,0.0,0.094094,0.001404,1.044155,0.835326,0.0,1.138249,0.43,moderate,0.04046,0.188992,0.229452,0
2026-07-26T10:14:08.738067,11/27 07:15,-5.97,0.0,,,,18.0,29.0,0.3764,0.094094,0.0,0.094094,0.008173,3.003895,2.416132,0.0,3.097989,0.43,moderate,0.04046,0.543705,0.584165,0
2026-07-26T10:14:08.757056,11/27 08:15,-5.45,0.0,,,,18.0,29.0,0.3764,0.094094,0.0,0.094094,0.007867,2.894231,2.330385,0.0,2.988325,0.43,moderate,0.04046,0.523856,0.564316,0
2026-07-26T10:14:08.775056,11/27 09:15,-4.85,52.0,19.13,18.69,20.55,18.0,29.0,0.3764,0.094094,0.0,0.094094,0.006288,1.924469,1.552115,0.0,2.018563,0.43,moderate,0.04046,0.348329,0.388789,1
2026-07-26T10:14:08.791055,11/27 10:15,-4.12,52.0,20.32,19.75,22.05,18.0,29.0,0.3764,0.094094,0.0,0.094094,0.005896,1.850714,1.492739,0.0,1.944808,0.3,low,0.028228,0.334979,0.363207,1
2026-07-26T10:14:08.806056,11/27 11:15,-3.3,52.0,21.1,20.44,22.81,18.0,29.0,0.3764,0.094094,0.0,0.094094,0.005379,1.727538,1.394607,0.0,1.821632,0.3,low,0.028228,0.312684,0.340913,0
2026-07-26T10:14:08.821055,11/27 12:15,-3.3,41.6,21.18,20.54,22.84,18.0,29.0,0.3764,0.094094,0.0,0.094094,0.00523,1.714056,1.383058,0.0,1.80815,0.3,low,0.028228,0.310244,0.338472,0
2026-07-26T10:14:24.566331,11/27 13:15,-3.3,20.8,20.97,20.39,22.56,20.0,27.0,0.3764,0.094094,0.0,0.094094,0.005145,1.707326,1.376155,0.0,1.80142,0.3,low,0.028228,0.309026,0.337254,0
2026-07-26T10:14:24.584330,11/27 14:15,-3.17,41.6,21.36,20.68,23.13,20.0,27.0,0.3764,0.094094,0.0,0.094094,0.005053,1.697079,1.368648,0.0,1.791173,0.3,low,0.028228,0.307171,0.335399,0
2026-07-26T10:14:24.601329,11/27 15:15,-2.65,52.0,21.61,20.87,23.52,20.0,27.0,0.3764,0.094094,0.0,0.094094,0.004824,1.640234,1.322314,0.0,1.734328,0.3,low,0.028228,0.296882,0.325111,0
2026-07-26T10:14:24.617329,11/27 16:15,-2.35,52.0,21.59,20.83,23.61,20.0,27.0,0.3764,0.094094,0.0,0.094094,0.004615,1.578644,1.271581,0.0,1.672738,0.55,high,0.051752,0.285735,0.337486,0
2026-07-26T10:14:24.631334,11/27 17:15,-2.8,52.0,21.26,20.52,23.4,20.0,27.0,0.3764,0.094094,0.0,0.094094,0.00476,1.635379,1.316863,0.0,1.729473,0.55,high,0.051752,0.296004,0.347755,0
2026-07-26T10:14:24.645329,11/27 18:15,-2.92,52.0,21.09,20.36,23.28,20.0,27.0,0.3764,0.094094,0.0,0.094094,0.004761,1.635783,1.316982,0.0,1.729877,0.55,high,0.051752,0.296077,0.347828,0
2026-07-26T10:14:40.161131,11/27 19:15,-3.45,26.0,20.36,20.0,21.82,20.0,26.0,0.3764,0.094094,0.0,0.094094,0.005449,2.090193,1.697993,0.0,2.184287,0.55,high,0.051752,0.378325,0.430077,0
2026-07-26T10:14:40.180532,11/27 20:15,-4.03,0.0,,,,20.0,26.0,0.3764,0.094094,0.0,0.094094,0.007181,3.026156,2.434862,0.0,3.12025,0.55,high,0.051752,0.547734,0.599486,0
2026-07-26T10:14:40.199530,11/27 21:15,-4.83,0.0,,,,20.0,26.0,0.3764,0.094094,0.0,0.094094,0.002301,1.36758,1.10242,0.0,1.461674,0.4,moderate,0.037638,0.247532,0.28517,0
2026-07-26T10:14:40.214374,11/27 22:15,-6.37,0.0,,,,20.0,26.0,0.3764,0.094094,0.0,0.094094,0.003277,1.824059,1.448658,0.0,1.918153,0.4,moderate,0.037638,0.330155,0.367792,0
2026-07-26T10:14:40.228381,11/27 23:15,-7.35,0.0,,,,20.0,26.0,0.3764,0.094094,0.0,0.094094,0.0039,2.046433,1.634911,0.0,2.140527,0.4,moderate,0.037638,0.370404,0.408042,0
2026-07-26T10:14:40.243408,11/28 00:15,-7.92,0.0,,,,20.0,26.0,0.3764,0.094094,0.0,0.094094,0.004134,2.122659,1.704973,0.0,2.216753,0.34,low,0.031992,0.384201,0.416193,0
2026-07-26T10:14:54.238745,11/28 01:15,-8.3,0.0,,,,18.0,28.0,0.3764,0.094094,0.0,0.094094,0.000462,0.277715,0.333885,0.0,0.371809,0.34,low,0.031992,0.050266,0.082258,0
2026-07-26T10:14:54.255742,11/28 02:15,-8.18,0.0,,,,18.0,28.0,0.3764,0.094094,0.0,0.094094,0.000906,0.684464,0.588068,0.0,0.778558,0.34,low,0.031992,0.123888,0.15588,0
2026-07-26T10:14:54.270742,11/28 03:15,-7.8,0.0,,,,18.0,28.0,0.3764,0.094094,0.0,0.094094,0.001198,0.922722,0.733137,0.0,1.016816,0.34,low,0.031992,0.167013,0.199005,0
2026-07-26T10:14:54.284741,11/28 04:15,-7.92,0.0,,,,18.0,28.0,0.3764,0.094094,0.0,0.094094,0.001339,1.004519,0.799574,0.0,1.098613,0.34,low,0.031992,0.181818,0.21381,0
2026-07-26T10:14:54.298741,11/28 05:15,-9.0,0.0,,,,18.0,28.0,0.3764,0.094094,0.0,0.094094,0.001481,1.083232,0.864035,0.0,1.177326,0.34,low,0.031992,0.196065,0.228057,0
2026-07-26T10:14:54.312741,11/28 06:15,-11.52,0.0,,,,18.0,28.0,0.3764,0.094094,0.0,0.094094,0.001811,1.268512,1.001403,0.0,1.362606,0.43,moderate,0.04046,0.229601,0.270061,0
2026-07-26T10:15:08.074541,11/28 07:15,-12.8,0.0,,,,18.0,29.0,0.3764,0.094094,0.0,0.094094,0.013591,4.048183,3.247128,0.0,4.142277,0.43,moderate,0.04046,0.732721,0.773182,0
2026-07-26T10:15:08.091168,11/28 08:15,-12.53,0.0,,,,18.0,29.0,0.3764,0.094094,0.0,0.094094,0.012985,3.683844,2.963499,0.0,3.777938,0.43,moderate,0.04046,0.666776,0.707236,0
2026-07-26T10:15:08.106181,11/28 09:23,-11.12,52.0,19.81,18.63,21.87,18.0,29.0,0.3764,0.094094,0.0,0.094094,0.010323,2.567029,2.07555,0.0,2.661123,0.43,moderate,0.04046,0.464632,0.505093,1
2026-07-26T10:15:08.122169,11/28 10:23,-9.0,52.0,21.31,19.63,23.94,18.0,29.0,0.3764,0.094094,0.0,0.094094,0.00833,2.312267,1.879925,0.0,2.406361,0.3,low,0.028228,0.41852,0.446749,1
2026-07-26T10:15:08.137163,11/28 11:23,-7.52,52.0,22.2,20.31,24.56,18.0,29.0,0.3764,0.094094,0.0,0.094094,0.00709,2.142296,1.736798,0.0,2.23639,0.3,low,0.028228,0.387756,0.415984,0
2026-07-26T10:15:08.151214,11/28 12:15,-6.43,41.6,22.42,20.62,23.93,18.0,29.0,0.3764,0.094094,0.0,0.094094,0.006352,2.022044,1.635995,0.0,2.116138,0.3,low,0.028228,0.36599,0.394218,0
2026-07-26T10:15:22.968748,11/28 13:15,-5.45,20.8,22.11,20.55,23.33,20.0,27.0,0.3764,0.094094,0.0,0.094094,0.005741,1.903393,1.538321,0.0,1.997487,0.3,low,0.028228,0.344514,0.372742,0
2026-07-26T10:15:22.986749,11/28 14:15,-5.15,41.6,22.54,20.98,24.37,20.0,27.0,0.3764,0.094094,0.0,0.094094,0.005375,1.83216,1.479223,0.0,1.926254,0.3,low,0.028228,0.331621,0.359849,0
2026-07-26T10:15:23.000748,11/28 15:15,-5.6,52.0,22.39,21.2,24.0,20.0,27.0,0.3764,0.094094,0.0,0.094094,0.005518,1.886525,1.51808,0.0,1.980619,0.3,low,0.028228,0.341461,0.369689,0
2026-07-26T10:15:23.014746,11/28 16:15,-6.0,52.0,22.19,21.2,24.11,20.0,27.0,0.3764,0.094094,0.0,0.094094,0.005495,1.882648,1.515878,0.0,1.976742,0.55,high,0.051752,0.340759,0.392511,0
2026-07-26T10:15:23.028758,11/28 17:15,-7.08,52.0,21.48,20.61,23.75,20.0,27.0,0.3764,0.094094,0.0,0.094094,0.006239,2.052723,1.643796,0.0,2.146817,0.55,high,0.051752,0.371543,0.423295,0
2026-07-26T10:15:23.041747,11/28 18:15,-6.98,52.0,21.15,20.34,23.52,20.0,27.0,0.3764,0.094094,0.0,0.094094,0.006053,1.997669,1.609795,0.0,2.091763,0.55,high,0.051752,0.361578,0.41333,0
2026-07-26T10:15:38.996284,11/28 19:15,-8.07,26.0,20.43,20.0,22.13,20.0,26.0,0.3764,0.094094,0.0,0.094094,0.007191,2.524866,2.036069,0.0,2.61896,0.55,high,0.051752,0.457001,0.508752,0
2026-07-26T10:15:39.013300,11/28 20:15,-8.75,0.0,,,,20.0,26.0,0.3764,0.094094,0.0,0.094094,0.009458,3.521993,2.828457,0.0,3.616087,0.55,high,0.051752,0.637481,0.689232,0
2026-07-26T10:15:39.028287,11/28 21:15,-8.18,0.0,,,,20.0,26.0,0.3764,0.094094,0.0,0.094094,0.002466,1.433217,1.153401,0.0,1.527311,0.4,moderate,0.037638,0.259412,0.29705,0
2026-07-26T10:15:39.042285,11/28 22:15,-7.92,0.0,,,,20.0,26.0,0.3764,0.094094,0.0,0.094094,0.003157,1.73157,1.389139,0.0,1.825664,0.4,moderate,0.037638,0.313414,0.351052,0
2026-07-26T10:15:39.055283,11/28 23:15,-8.45,0.0,,,,20.0,26.0,0.3764,0.094094,0.0,0.094094,0.003638,1.935485,1.550618,0.0,2.029579,0.4,moderate,0.037638,0.350323,0.38796,0
2026-07-26T10:15:39.069283,11/29 00:15,-9.18,0.0,,,,20.0,26.0,0.3764,0.094094,0.0,0.094094,0.003249,1.776648,1.442691,0.0,1.870742,0.34,low,0.031992,0.321573,0.353565,0
2026-07-26T10:15:53.304316,11/29 01:15,-10.15,0.0,,,,18.0,28.0,0.3764,0.094094,0.0,0.094094,0.000522,0.258109,0.348245,0.0,0.352203,0.34,low,0.031992,0.046718,0.07871,0
2026-07-26T10:15:53.321318,11/29 02:15,-10.88,0.0,,,,18.0,28.0,0.3764,0.094094,0.0,0.094094,0.001072,0.814557,0.663454,0.0,0.908651,0.34,low,0.031992,0.147435,0.179427,0
2026-07-26T10:15:53.336319,11/29 03:15,-11.55,0.0,,,,18.0,28.0,0.3764,0.094094,0.0,0.094094,0.001331,1.00536,0.79394,0.0,1.099454,0.34,low,0.031992,0.18197,0.213962,0
2026-07-26T10:15:53.350316,11/29 04:15,-11.38,0.0,,,,18.0,28.0,0.3764,0.094094,0.0,0.094094,0.001327,0.991461,0.801224,0.0,1.085555,0.34,low,0.031992,0.179454,0.211446,0
2026-07-26T10:15:53.363317,11/29 05:15,-12.2,0.0,,,,18.0,28.0,0.3764,0.094094,0.0,0.094094,0.001295,0.979392,0.794439,0.0,1.073486,0.34,low,0.031992,0.17727,0.209262,0
2026-07-26T10:15:53.377318,11/29 06:15,-12.2,0.0,,,,18.0,28.0,0.3764,0.094094,0.0,0.094094,0.001427,1.055292,0.831117,0.0,1.149386,0.43,moderate,0.04046,0.191008,0.231468,0
2026-07-26T10:16:07.388023,11/29 07:15,-11.92,0.0,,,,18.0,29.0,0.3764,0.094094,0.0,0.094094,0.012613,3.772345,3.039797,0.0,3.866439,0.43,moderate,0.04046,0.682794,0.723255,0
2026-07-26T10:16:07.407565,11/29 08:15,-10.12,0.0,,,,18.0,29.0,0.3764,0.094094,0.0,0.094094,0.011134,3.33477,2.682991,0.0,3.428864,0.43,moderate,0.04046,0.603593,0.644054,0
2026-07-26T10:16:07.425516,11/29 09:23,-6.38,52.0,20.05,19.02,21.38,18.0,29.0,0.3764,0.094094,0.0,0.094094,0.007281,2.122014,1.726945,0.0,2.216108,0.43,moderate,0.04046,0.384085,0.424545,1
2026-07-26T10:16:07.442522,11/29 10:23,-3.2,52.0,21.75,20.32,23.37,18.0,29.0,0.3764,0.094094,0.0,0.094094,0.005688,1.790541,1.450213,0.0,1.884635,0.3,low,0.028228,0.324088,0.352316,0
2026-07-26T10:16:07.458512,11/29 11:23,-0.83,52.0,22.51,21.0,23.98,18.0,29.0,0.3764,0.094094,0.0,0.094094,0.004641,1.501688,1.210226,0.0,1.595782,0.3,low,0.028228,0.271806,0.300034,0
2026-07-26T10:16:07.473512,11/29 12:15,0.0,41.6,22.68,21.26,23.58,18.0,29.0,0.3764,0.094094,0.0,0.094094,0.004194,1.374228,1.107433,0.0,1.468322,0.3,low,0.028228,0.248735,0.276963,0
2026-07-26T10:16:23.425755,11/29 13:15,0.15,20.8,22.58,21.13,23.86,20.0,27.0,0.3764,0.094094,0.0,0.094094,0.004039,1.353778,1.093872,0.0,1.447872,0.3,low,0.028228,0.245034,0.273262,0
2026-07-26T10:16:23.444759,11/29 14:15,0.6,41.6,23.18,21.69,25.25,20.0,27.0,0.3764,0.094094,0.0,0.094094,0.003753,1.280438,1.031665,0.0,1.374532,0.3,low,0.028228,0.231759,0.259987,0
2026-07-26T10:16:23.461756,11/29 15:15,0.17,52.0,23.41,22.17,25.44,20.0,27.0,0.3764,0.094094,0.0,0.094094,0.003627,1.261501,1.019304,0.0,1.355595,0.3,low,0.028228,0.228332,0.25656,0
2026-07-26T10:16:23.478756,11/29 16:23,-1.25,52.0,23.01,21.96,24.52,20.0,27.0,0.3764,0.094094,0.0,0.094094,0.003927,1.417175,1.14589,0.0,1.511269,0.55,high,0.051752,0.256509,0.30826,0
2026-07-26T10:16:23.494767,11/29 17:15,-2.25,52.0,22.28,21.37,24.26,20.0,27.0,0.3764,0.094094,0.0,0.094094,0.004094,1.484519,1.194954,0.0,1.578613,0.55,high,0.051752,0.268698,0.32045,0
2026-07-26T10:16:23.508756,11/29 18:15,-4.45,52.0,21.81,20.93,24.05,20.0,27.0,0.3764,0.094094,0.0,0.094094,0.00477,1.710471,1.372217,0.0,1.804565,0.55,high,0.051752,0.309595,0.361347,0
2026-07-26T10:16:38.771634,11/29 19:15,-6.37,26.0,20.68,20.01,22.79,20.0,26.0,0.3764,0.094094,0.0,0.094094,0.005746,1.961685,1.572151,0.0,2.055779,0.55,high,0.051752,0.355065,0.406817,0
2026-07-26T10:16:38.788635,11/29 20:15,-7.2,0.0,,,,20.0,26.0,0.3764,0.094094,0.0,0.094094,0.007509,2.904409,2.342506,0.0,2.998503,0.55,high,0.051752,0.525698,0.57745,0
2026-07-26T10:16:38.804632,11/29 21:15,-7.35,0.0,,,,20.0,26.0,0.3764,0.094094,0.0,0.094094,0.001745,1.097973,0.90878,0.0,1.192067,0.4,moderate,0.037638,0.198733,0.236371,0
2026-07-26T10:16:38.820633,11/29 22:15,-7.65,0.0,,,,20.0,26.0,0.3764,0.094094,0.0,0.094094,0.002556,1.498901,1.176522,0.0,1.592995,0.4,moderate,0.037638,0.271301,0.308939,0
2026-07-26T10:16:38.836632,11/29 23:15,-7.2,0.0,,,,20.0,26.0,0.3764,0.094094,0.0,0.094094,0.003082,1.713739,1.371541,0.0,1.807833,0.4,moderate,0.037638,0.310187,0.347824,0
2026-07-26T10:16:38.851633,11/30 00:15,-7.48,0.0,,,,20.0,26.0,0.3764,0.094094,0.0,0.094094,0.002808,1.600109,1.300467,0.0,1.694203,0.34,low,0.031992,0.28962,0.321612,0
2026-07-26T10:16:54.547873,11/30 01:15,-8.45,0.0,,,,18.0,28.0,0.3764,0.094094,0.0,0.094094,0.0,0.0,0.0,0.0,0.094094,0.34,low,0.031992,0.0,0.031992,0
2026-07-26T10:16:54.567871,11/30 02:15,-8.75,0.0,,,,18.0,28.0,0.3764,0.094094,0.0,0.094094,0.00045,0.302199,0.328158,0.0,0.396293,0.34,low,0.031992,0.054698,0.08669,0
2026-07-26T10:16:54.586876,11/30 03:15,-8.3,0.0,,,,18.0,28.0,0.3764,0.094094,0.0,0.094094,0.000683,0.540341,0.470022,0.0,0.634435,0.34,low,0.031992,0.097802,0.129794,0
2026-07-26T10:16:54.605874,11/30 04:15,-8.18,0.0,,,,18.0,28.0,0.3764,0.094094,0.0,0.094094,0.00071,0.591349,0.487947,0.0,0.685443,0.34,low,0.031992,0.107034,0.139026,0
2026-07-26T10:16:54.621870,11/30 05:15,-7.52,0.0,,,,18.0,28.0,0.3764,0.094094,0.0,0.094094,0.000632,0.539331,0.444667,0.0,0.633425,0.34,low,0.031992,0.097619,0.129611,0
2026-07-26T10:16:54.638872,11/30 06:15,-5.85,0.0,,,,18.0,28.0,0.3764,0.094094,0.0,0.094094,0.000595,0.517234,0.423876,0.0,0.611328,0.43,moderate,0.04046,0.093619,0.13408,0
2026-07-26T10:17:09.579053,11/30 07:15,-3.02,0.0,,,,18.0,29.0,0.3764,0.094094,0.0,0.094094,0.000589,0.516773,0.417762,0.0,0.610867,0.43,moderate,0.04046,0.093536,0.133996,0
2026-07-26T10:17:09.598048,11/30 08:15,-1.93,0.0,,,,18.0,29.0,0.3764,0.094094,0.0,0.094094,0.000364,0.324146,0.271301,0.0,0.41824,0.43,moderate,0.04046,0.05867,0.099131,0
2026-07-26T10:17:09.616055,11/30 09:15,-0.68,0.0,,,,18.0,29.0,0.3764,0.094094,0.0,0.094094,8.5e-05,0.077083,0.064849,0.0,0.171177,0.43,moderate,0.04046,0.013952,0.054412,0
2026-07-26T10:17:09.632047,11/30 10:15,0.72,0.0,,,,18.0,29.0,0.3764,0.094094,0.0,0.094094,0.0,0.0,0.0,0.0,0.094094,0.3,low,0.028228,0.0,0.028228,0
2026-07-26T10:17:09.647048,11/30 11:15,1.1,0.0,,,,18.0,29.0,0.3764,0.094094,0.0,0.094094,0.0,0.0,0.0,0.0,0.094094,0.3,low,0.028228,0.0,0.028228,0
2026-07-26T10:17:09.663049,11/30 12:15,1.25,0.0,,,,18.0,29.0,0.3764,0.094094,0.0,0.094094,0.0,0.0,0.0,0.0,0.094094,0.3,low,0.028228,0.0,0.028228,0
2026-07-26T10:17:24.837244,11/30 13:15,1.82,0.0,,,,18.0,29.0,0.3764,0.094094,0.0,0.094094,0.0,0.0,0.0,0.0,0.094094,0.3,low,0.028228,0.0,0.028228,0
2026-07-26T10:17:24.856254,11/30 14:15,2.2,0.0,,,,18.0,29.0,0.3764,0.094094,0.0,0.094094,0.0,0.0,0.0,0.0,0.094094,0.3,low,0.028228,0.0,0.028228,0
2026-07-26T10:17:24.873625,11/30 15:15,2.08,0.0,,,,18.0,29.0,0.3764,0.094094,0.0,0.094094,0.0,0.0,0.0,0.0,0.094094,0.3,low,0.028228,0.0,0.028228,0
2026-07-26T10:17:24.889630,11/30 16:15,1.7,0.0,,,,18.0,29.0,0.3764,0.094094,0.0,0.094094,0.0,0.0,0.0,0.0,0.094094,0.55,high,0.051752,0.0,0.051752,0
2026-07-26T10:17:24.903626,11/30 17:15,1.7,0.0,,,,18.0,29.0,0.3764,0.094094,0.0,0.094094,0.0,0.0,0.0,0.0,0.094094,0.55,high,0.051752,0.0,0.051752,0
2026-07-26T10:17:24.917624,11/30 18:15,1.82,0.0,,,,18.0,29.0,0.3764,0.094094,0.0,0.094094,0.0,0.0,0.0,0.0,0.094094,0.55,high,0.051752,0.0,0.051752,0
2026-07-26T10:17:39.062089,11/30 19:15,2.2,0.0,,,,18.0,29.0,0.3764,0.094094,0.0,0.094094,0.0,0.0,0.0,0.0,0.094094,0.55,high,0.051752,0.0,0.051752,0
2026-07-26T10:17:39.079088,11/30 20:15,2.2,0.0,,,,18.0,29.0,0.3764,0.094094,0.0,0.094094,0.0,0.0,0.0,0.0,0.094094,0.55,high,0.051752,0.0,0.051752,0
2026-07-26T10:17:39.094083,11/30 21:15,2.28,0.0,,,,18.0,29.0,0.3764,0.094094,0.0,0.094094,0.0,0.0,0.0,0.0,0.094094,0.4,moderate,0.037638,0.0,0.037638,0
2026-07-26T10:17:39.109081,11/30 22:15,2.58,0.0,,,,18.0,29.0,0.3764,0.094094,0.0,0.094094,0.0,0.0,0.0,0.0,0.094094,0.4,moderate,0.037638,0.0,0.037638,0
2026-07-26T10:17:39.123082,11/30 23:15,2.87,0.0,,,,18.0,29.0,0.3764,0.094094,0.0,0.094094,0.0,0.0,0.0,0.0,0.094094,0.4,moderate,0.037638,0.0,0.037638,0
2026-07-26T10:17:39.138085,12/01 00:15,3.2,0.0,,,,18.0,29.0,0.3764,0.094094,0.0,0.094094,0.0,0.0,0.0,0.0,0.094094,0.34,low,0.031992,0.0,0.031992,0
2026-07-26T10:17:53.685255,12/01 01:15,3.58,0.0,,,,18.0,29.0,0.3764,0.094094,0.0,0.094094,0.0,0.0,0.0,0.0,0.094094,0.34,low,0.031992,0.0,0.031992,0
2026-07-26T10:17:53.702261,12/01 02:15,3.87,0.0,,,,18.0,29.0,0.3764,0.094094,0.0,0.094094,0.0,0.0,0.0,0.0,0.094094,0.34,low,0.031992,0.0,0.031992,0
2026-07-26T10:17:53.717217,12/01 03:15,4.17,0.0,,,,18.0,29.0,0.3764,0.094094,0.0,0.094094,0.0,0.0,0.0,0.0,0.094094,0.34,low,0.031992,0.0,0.031992,0
2026-07-26T10:17:53.732258,12/01 04:15,4.83,0.0,,,,18.0,29.0,0.3764,0.094094,0.0,0.094094,0.0,0.0,0.0,0.0,0.094094,0.34,low,0.031992,0.0,0.031992,0
2026-07-26T10:17:53.745214,12/01 05:15,6.1,0.0,,,,18.0,29.0,0.3764,0.094094,0.0,0.094094,0.0,0.0,0.0,0.0,0.094094,0.34,low,0.031992,0.0,0.031992,0
2026-07-26T10:17:53.759214,12/01 06:15,5.82,0.0,,,,18.0,29.0,0.3764,0.094094,0.0,0.094094,0.0,0.0,0.0,0.0,0.094094,0.43,moderate,0.04046,0.0,0.04046,0
2026-07-26T10:18:07.868765,12/01 07:15,5.83,0.0,,,,18.0,29.0,0.3764,0.094094,0.0,0.094094,0.0,0.0,0.0,0.0,0.094094,0.43,moderate,0.04046,0.0,0.04046,0
2026-07-26T10:18:07.885764,12/01 08:15,7.9,0.0,,,,18.0,29.0,0.3764,0.094094,0.0,0.094094,0.0,0.0,0.0,0.0,0.094094,0.43,moderate,0.04046,0.0,0.04046,0
2026-07-26T10:18:07.899769,12/01 09:15,6.7,0.0,,,,18.0,29.0,0.3764,0.094094,0.0,0.094094,0.0,0.0,0.0,0.0,0.094094,0.43,moderate,0.04046,0.0,0.04046,0
2026-07-26T10:18:07.913764,12/01 10:15,5.85,0.0,,,,18.0,29.0,0.3764,0.094094,0.0,0.094094,0.0,0.0,0.0,0.0,0.094094,0.3,low,0.028228,0.0,0.028228,0
2026-07-26T10:18:07.927765,12/01 11:15,3.3,0.0,,,,18.0,29.0,0.3764,0.094094,0.0,0.094094,0.0,0.0,0.0,0.0,0.094094,0.3,low,0.028228,0.0,0.028228,0
2026-07-26T10:18:07.941766,12/01 12:15,3.3,0.0,,,,18.0,29.0,0.3764,0.094094,0.0,0.094094,0.0,0.0,0.0,0.0,0.094094,0.3,low,0.028228,0.0,0.028228,0
2026-07-26T10:18:22.251625,12/01 13:15,3.45,0.0,,,,18.0,29.0,0.3764,0.094094,0.0,0.094094,0.0,0.0,0.0,0.0,0.094094,0.3,low,0.028228,0.0,0.028228,0
2026-07-26T10:18:22.268624,12/01 14:15,3.9,0.0,,,,18.0,29.0,0.3764,0.094094,0.0,0.094094,0.0,0.0,0.0,0.0,0.094094,0.3,low,0.028228,0.0,0.028228,0
2026-07-26T10:18:22.283624,12/01 15:15,3.75,0.0,,,,18.0,29.0,0.3764,0.094094,0.0,0.094094,0.0,0.0,0.0,0.0,0.094094,0.3,low,0.028228,0.0,0.028228,0
2026-07-26T10:18:22.296624,12/01 16:15,3.17,0.0,,,,18.0,29.0,0.3764,0.094094,0.0,0.094094,0.0,0.0,0.0,0.0,0.094094,0.55,high,0.051752,0.0,0.051752,0
2026-07-26T10:18:22.309623,12/01 17:15,2.52,0.0,,,,18.0,29.0,0.3764,0.094094,0.0,0.094094,0.0,0.0,0.0,0.0,0.094094,0.55,high,0.051752,0.0,0.051752,0
2026-07-26T10:18:22.321625,12/01 18:15,1.82,0.0,,,,18.0,29.0,0.3764,0.094094,0.0,0.094094,0.0,0.0,0.0,0.0,0.094094,0.55,high,0.051752,0.0,0.051752,0
2026-07-26T10:18:35.938199,12/01 19:15,2.2,0.0,,,,18.0,29.0,0.3764,0.094094,0.0,0.094094,2.7e-05,0.024088,0.02154,0.0,0.118182,0.55,high,0.051752,0.00436,0.056112,0
2026-07-26T10:18:35.953196,12/01 20:15,2.2,0.0,,,,18.0,29.0,0.3764,0.094094,0.0,0.094094,7.9e-05,0.072291,0.061727,0.0,0.166385,0.55,high,0.051752,0.013085,0.064836,0
2026-07-26T10:18:35.968195,12/01 21:15,2.35,0.0,,,,18.0,29.0,0.3764,0.094094,0.0,0.094094,0.000154,0.142161,0.1192,0.0,0.236255,0.4,moderate,0.037638,0.025731,0.063369,0
2026-07-26T10:18:35.982194,12/01 22:15,2.65,0.0,,,,18.0,29.0,0.3764,0.094094,0.0,0.094094,6.9e-05,0.064232,0.051934,0.0,0.158326,0.4,moderate,0.037638,0.011626,0.049264,0
2026-07-26T10:18:35.998195,12/01 23:15,2.08,0.0,,,,18.0,29.0,0.3764,0.094094,0.0,0.094094,0.000228,0.212634,0.171683,0.0,0.306728,0.4,moderate,0.037638,0.038487,0.076124,0
2026-07-26T10:18:36.011194,12/02 00:15,1.7,0.0,,,,18.0,29.0,0.3764,0.094094,0.0,0.094094,0.000239,0.223447,0.180565,0.0,0.317541,0.34,low,0.031992,0.040444,0.072436,0
2026-07-26T10:18:50.178774,12/02 01:15,1.55,0.0,,,,18.0,29.0,0.3764,0.094094,0.0,0.094094,0.000522,0.475638,0.366782,0.0,0.569732,0.34,low,0.031992,0.08609,0.118082,0
2026-07-26T10:18:50.195776,12/02 02:15,1.1,0.0,,,,18.0,29.0,0.3764,0.094094,0.0,0.094094,0.000504,0.449342,0.356947,0.0,0.543436,0.34,low,0.031992,0.081331,0.113323,0
2026-07-26T10:18:50.209773,12/02 03:15,1.1,0.0,,,,18.0,29.0,0.3764,0.094094,0.0,0.094094,0.00051,0.450408,0.360825,0.0,0.544502,0.34,low,0.031992,0.081524,0.113516,0
2026-07-26T10:18:50.223772,12/02 04:15,1.1,0.0,,,,18.0,29.0,0.3764,0.094094,0.0,0.094094,0.000574,0.501406,0.397915,0.0,0.5955,0.34,low,0.031992,0.090754,0.122746,0
2026-07-26T10:18:50.237773,12/02 05:15,1.1,0.0,,,,18.0,29.0,0.3764,0.094094,0.0,0.094094,0.000615,0.531109,0.422329,0.0,0.625203,0.34,low,0.031992,0.096131,0.128123,0
2026-07-26T10:18:50.250773,12/02 06:15,0.83,0.0,,,,18.0,29.0,0.3764,0.094094,0.0,0.094094,0.00063,0.539217,0.431379,0.0,0.633311,0.43,moderate,0.04046,0.097598,0.138059,0
2026-07-26T10:19:04.320850,12/02 07:15,0.0,0.0,,,,18.0,29.0,0.3764,0.094094,0.0,0.094094,0.005531,2.01712,1.616452,0.0,2.111214,0.43,moderate,0.04046,0.365099,0.405559,0
2026-07-26T10:19:04.337848,12/02 08:15,0.0,0.0,,,,18.0,29.0,0.3764,0.094094,0.0,0.094094,0.005394,1.915357,1.534838,0.0,2.009451,0.43,moderate,0.04046,0.34668,0.38714,0
2026-07-26T10:19:04.355848,12/02 09:15,0.15,52.0,19.72,19.24,21.0,18.0,29.0,0.3764,0.094094,0.0,0.094094,0.004677,1.420012,1.145862,0.0,1.514106,0.43,moderate,0.04046,0.257022,0.297483,1
2026-07-26T10:19:04.370858,12/02 10:15,0.6,52.0,21.03,20.36,22.51,18.0,29.0,0.3764,0.094094,0.0,0.094094,0.00437,1.346809,1.08487,0.0,1.440903,0.3,low,0.028228,0.243772,0.272001,0
2026-07-26T10:19:04.384847,12/02 11:15,0.45,52.0,21.76,21.05,23.21,18.0,29.0,0.3764,0.094094,0.0,0.094094,0.004187,1.323135,1.070123,0.0,1.417229,0.3,low,0.028228,0.239487,0.267716,0
2026-07-26T10:19:04.399850,12/02 12:15,0.0,41.6,21.79,21.08,23.22,18.0,29.0,0.3764,0.094094,0.0,0.094094,0.004175,1.366804,1.105987,0.0,1.460898,0.3,low,0.028228,0.247392,0.27562,0
2026-07-26T10:19:19.823107,12/02 13:15,0.15,20.8,21.46,20.79,22.89,20.0,27.0,0.3764,0.094094,0.0,0.094094,0.004108,1.364532,1.100148,0.0,1.458626,0.3,low,0.028228,0.24698,0.275208,0
2026-07-26T10:19:19.841107,12/02 14:15,0.72,41.6,21.8,21.07,23.36,20.0,27.0,0.3764,0.094094,0.0,0.094094,0.003914,1.300622,1.046685,0.0,1.394716,0.3,low,0.028228,0.235413,0.263641,0
2026-07-26T10:19:19.857105,12/02 15:15,0.68,52.0,22.05,21.29,23.75,20.0,27.0,0.3764,0.094094,0.0,0.094094,0.003753,1.244753,1.001505,0.0,1.338847,0.3,low,0.028228,0.2253,0.253528,0
2026-07-26T10:19:19.872106,12/02 16:15,-0.6,52.0,21.74,20.98,23.64,20.0,27.0,0.3764,0.094094,0.0,0.094094,0.004057,1.39692,1.130774,0.0,1.491014,0.55,high,0.051752,0.252843,0.304594,0
2026-07-26T10:19:19.888104,12/02 17:15,-0.72,52.0,21.35,20.6,23.39,20.0,27.0,0.3764,0.094094,0.0,0.094094,0.004061,1.405727,1.131195,0.0,1.499821,0.55,high,0.051752,0.254437,0.306188,0
2026-07-26T10:19:19.902106,12/02 18:15,-1.1,52.0,21.26,20.48,23.39,20.0,27.0,0.3764,0.094094,0.0,0.094094,0.004202,1.456194,1.172739,0.0,1.550288,0.55,high,0.051752,0.263571,0.315323,0
2026-07-26T10:19:34.723947,12/02 19:15,-1.25,26.0,20.42,20.0,22.09,20.0,26.0,0.3764,0.094094,0.0,0.094094,0.004509,1.648421,1.342252,0.0,1.742515,0.55,high,0.051752,0.298364,0.350116,0
2026-07-26T10:19:34.743944,12/02 20:15,-1.97,0.0,,,,20.0,26.0,0.3764,0.094094,0.0,0.094094,0.005915,2.524444,2.035609,0.0,2.618538,0.55,high,0.051752,0.456924,0.508676,0
2026-07-26T10:19:34.759945,12/02 21:15,-3.07,0.0,,,,20.0,26.0,0.3764,0.094094,0.0,0.094094,0.001656,1.061243,0.881312,0.0,1.155337,0.4,moderate,0.037638,0.192085,0.229723,0
2026-07-26T10:19:34.775944,12/02 22:15,-4.03,0.0,,,,20.0,26.0,0.3764,0.094094,0.0,0.094094,0.002254,1.402419,1.120118,0.0,1.496513,0.4,moderate,0.037638,0.253838,0.291475,0
2026-07-26T10:19:34.790946,12/02 23:15,-4.83,0.0,,,,20.0,26.0,0.3764,0.094094,0.0,0.094094,0.002771,1.649043,1.314793,0.0,1.743137,0.4,moderate,0.037638,0.298477,0.336114,0
2026-07-26T10:19:34.803949,12/03 00:15,-6.25,0.0,,,,20.0,26.0,0.3764,0.094094,0.0,0.094094,0.002695,1.594945,1.286897,0.0,1.689039,0.34,low,0.031992,0.288685,0.320677,0
2026-07-26T10:19:50.750868,12/03 01:15,-6.83,0.0,,,,18.0,28.0,0.3764,0.094094,0.0,0.094094,0.000142,0.085577,0.112815,0.0,0.179671,0.34,low,0.031992,0.015489,0.047481,0
2026-07-26T10:19:50.769861,12/03 02:15,-7.35,0.0,,,,18.0,28.0,0.3764,0.094094,0.0,0.094094,0.00064,0.474111,0.440961,0.0,0.568205,0.34,low,0.031992,0.085814,0.117806,0
2026-07-26T10:19:50.786862,12/03 03:15,-7.38,0.0,,,,18.0,28.0,0.3764,0.094094,0.0,0.094094,0.0009,0.719519,0.58552,0.0,0.813613,0.34,low,0.031992,0.130233,0.162225,0
2026-07-26T10:19:50.803861,12/03 04:15,-5.82,0.0,,,,18.0,28.0,0.3764,0.094094,0.0,0.094094,0.000768,0.628434,0.518531,0.0,0.722528,0.34,low,0.031992,0.113747,0.145739,0
2026-07-26T10:19:50.818862,12/03 05:15,-5.0,0.0,,,,18.0,28.0,0.3764,0.094094,0.0,0.094094,0.00076,0.63375,0.514777,0.0,0.727844,0.34,low,0.031992,0.114709,0.146701,0
2026-07-26T10:19:50.834861,12/03 06:15,-5.15,0.0,,,,18.0,28.0,0.3764,0.094094,0.0,0.094094,0.000796,0.665941,0.534784,0.0,0.760035,0.43,moderate,0.04046,0.120535,0.160996,0
2026-07-26T10:20:06.957825,12/03 07:15,-5.3,0.0,,,,18.0,29.0,0.3764,0.094094,0.0,0.094094,0.007664,2.813045,2.263315,0.0,2.907139,0.43,moderate,0.04046,0.509161,0.549622,0
2026-07-26T10:20:06.976826,12/03 08:15,-3.58,0.0,,,,18.0,29.0,0.3764,0.094094,0.0,0.094094,0.006799,2.398988,1.926832,0.0,2.493082,0.43,moderate,0.04046,0.434217,0.474677,0
2026-07-26T10:20:06.996830,12/03 09:23,-0.83,52.0,19.99,19.11,21.23,18.0,29.0,0.3764,0.094094,0.0,0.094094,0.005039,1.543667,1.240451,0.0,1.637761,0.43,moderate,0.04046,0.279404,0.319864,1
2026-07-26T10:20:07.012831,12/03 10:15,0.28,52.0,21.07,20.15,22.71,18.0,29.0,0.3764,0.094094,0.0,0.094094,0.004609,1.4166,1.14088,0.0,1.510694,0.3,low,0.028228,0.256405,0.284633,0
2026-07-26T10:20:07.028825,12/03 11:15,1.38,52.0,21.64,20.81,23.22,18.0,29.0,0.3764,0.094094,0.0,0.094094,0.004206,1.292879,1.040321,0.0,1.386973,0.3,low,0.028228,0.234011,0.262239,0
2026-07-26T10:20:07.046824,12/03 12:15,2.62,41.6,21.93,21.15,23.38,18.0,29.0,0.3764,0.094094,0.0,0.094094,0.003859,1.092286,0.9413,0.0,1.18638,0.3,low,0.028228,0.197704,0.225932,0
2026-07-26T10:20:22.658858,12/03 13:15,4.03,20.8,21.67,20.91,23.06,20.0,27.0,0.3764,0.094094,0.0,0.094094,0.005069,0.23871,0.752172,0.0,0.332804,0.3,low,0.028228,0.043207,0.071435,0
2026-07-26T10:20:22.676859,12/03 14:15,4.28,41.6,21.92,20.98,23.54,20.0,27.0,0.3764,0.094094,0.0,0.094094,0.004968,0.040419,0.517104,0.0,0.134513,0.3,low,0.028228,0.007316,0.035544,0
2026-07-26T10:20:22.691856,12/03 15:15,4.03,52.0,21.9,20.83,23.78,20.0,27.0,0.3764,0.094094,0.0,0.094094,0.005095,0.418592,0.463329,0.0,0.512686,0.3,low,0.028228,0.075765,0.103993,0
2026-07-26T10:20:22.706856,12/03 16:15,4.12,52.0,21.56,20.49,23.64,20.0,27.0,0.3764,0.094094,0.0,0.094094,0.004952,0.06344,0.361136,0.0,0.157534,0.55,high,0.051752,0.011483,0.063234,0
2026-07-26T10:20:22.720856,12/03 17:15,3.17,52.0,21.24,20.24,23.36,20.0,27.0,0.3764,0.094094,0.0,0.094094,0.00528,1.065969,0.525916,0.0,1.160063,0.55,high,0.051752,0.19294,0.244692,0
2026-07-26T10:20:22.735857,12/03 18:15,2.8,52.0,21.33,20.38,23.44,20.0,27.0,0.3764,0.094094,0.0,0.094094,0.005323,1.04507,0.705941,0.0,1.139164,0.55,high,0.051752,0.189158,0.240909,0
2026-07-26T10:20:38.674001,12/03 19:15,2.65,26.0,20.46,20.0,22.12,20.0,26.0,0.3764,0.094094,0.0,0.094094,0.005439,1.169611,0.844338,0.0,1.263705,0.55,high,0.051752,0.2117,0.263451,0
2026-07-26T10:20:38.691994,12/03 20:15,2.08,0.0,,,,20.0,26.0,0.3764,0.094094,0.0,0.094094,0.004681,1.910073,1.538068,0.0,2.004167,0.55,high,0.051752,0.345723,0.397475,0
2026-07-26T10:20:38.707994,12/03 21:15,1.55,0.0,,,,20.0,26.0,0.3764,0.094094,0.0,0.094094,0.001123,0.733698,0.658139,0.0,0.827792,0.4,moderate,0.037638,0.132799,0.170437,0
2026-07-26T10:20:38.721995,12/03 22:15,1.25,0.0,,,,20.0,26.0,0.3764,0.094094,0.0,0.094094,0.001585,1.080003,0.861616,0.0,1.174097,0.4,moderate,0.037638,0.195481,0.233118,0
2026-07-26T10:20:38.734995,12/03 23:15,1.82,0.0,,,,20.0,26.0,0.3764,0.094094,0.0,0.094094,0.001846,1.242055,0.994195,0.0,1.336149,0.4,moderate,0.037638,0.224812,0.26245,0
2026-07-26T10:20:38.748996,12/04 00:15,2.2,0.0,,,,20.0,26.0,0.3764,0.094094,0.0,0.094094,0.002154,1.413466,1.130247,0.0,1.50756,0.34,low,0.031992,0.255837,0.287829,0
2026-07-26T10:20:53.011253,12/04 01:15,2.2,0.0,,,,18.0,28.0,0.3764,0.094094,0.0,0.094094,0.0,0.0,0.0,0.0,0.094094,0.34,low,0.031992,0.0,0.031992,0
2026-07-26T10:20:53.026249,12/04 02:15,2.2,0.0,,,,18.0,28.0,0.3764,0.094094,0.0,0.094094,0.0,0.0,0.0,0.0,0.094094,0.34,low,0.031992,0.0,0.031992,0
2026-07-26T10:20:53.042249,12/04 03:15,2.08,0.0,,,,18.0,28.0,0.3764,0.094094,0.0,0.094094,0.000112,0.076426,0.089652,0.0,0.17052,0.34,low,0.031992,0.013833,0.045825,0
2026-07-26T10:20:53.055249,12/04 04:15,1.7,0.0,,,,18.0,28.0,0.3764,0.094094,0.0,0.094094,0.000327,0.248894,0.242403,0.0,0.342988,0.34,low,0.031992,0.04505,0.077042,0
2026-07-26T10:20:53.069248,12/04 05:15,1.55,0.0,,,,18.0,28.0,0.3764,0.094094,0.0,0.094094,0.000431,0.355698,0.309544,0.0,0.449792,0.34,low,0.031992,0.064381,0.096373,0
2026-07-26T10:20:53.083250,12/04 06:15,1.1,0.0,,,,18.0,28.0,0.3764,0.094094,0.0,0.094094,0.000477,0.40873,0.339156,0.0,0.502824,0.43,moderate,0.04046,0.07398,0.114441,0
2026-07-26T10:21:06.572297,12/04 07:15,0.98,0.0,,,,18.0,29.0,0.3764,0.094094,0.0,0.094094,0.005139,1.841052,1.457964,0.0,1.935146,0.43,moderate,0.04046,0.33323,0.373691,0
2026-07-26T10:21:06.590294,12/04 08:15,0.17,0.0,,,,18.0,29.0,0.3764,0.094094,0.0,0.094094,0.005107,1.764456,1.415764,0.0,1.85855,0.43,moderate,0.04046,0.319367,0.359827,0
2026-07-26T10:21:06.606295,12/04 09:23,-0.55,52.0,19.82,19.23,21.08,18.0,29.0,0.3764,0.094094,0.0,0.094094,0.004854,1.512913,1.227051,0.0,1.607007,0.43,moderate,0.04046,0.273837,0.314298,1
2026-07-26T10:21:06.622293,12/04 10:23,1.65,52.0,21.2,20.3,22.49,18.0,29.0,0.3764,0.094094,0.0,0.094094,0.004215,1.299224,1.040885,0.0,1.393318,0.3,low,0.028228,0.23516,0.263388,0
2026-07-26T10:21:06.637293,12/04 11:23,3.3,52.0,22.18,21.05,23.18,18.0,29.0,0.3764,0.094094,0.0,0.094094,0.004895,0.539097,0.849765,0.0,0.633191,0.3,low,0.028228,0.097577,0.125805,0
2026-07-26T10:21:06.651292,12/04 12:23,3.45,41.6,22.58,21.12,23.44,18.0,29.0,0.3764,0.094094,0.0,0.094094,0.005185,0.58535,0.71887,0.0,0.679444,0.3,low,0.028228,0.105948,0.134177,0
2026-07-26T10:21:21.539218,12/04 13:15,3.75,20.8,22.33,20.68,24.19,20.0,27.0,0.3764,0.094094,0.0,0.094094,0.005072,0.298095,0.581972,0.0,0.392189,0.3,low,0.028228,0.053955,0.082183,0
2026-07-26T10:21:21.554214,12/04 14:15,3.17,41.6,22.67,20.97,25.08,20.0,27.0,0.3764,0.094094,0.0,0.094094,0.005227,0.761054,0.604485,0.0,0.855148,0.3,low,0.028228,0.137751,0.165979,0
2026-07-26T10:21:21.568215,12/04 15:15,2.52,52.0,23.04,21.63,25.53,20.0,27.0,0.3764,0.094094,0.0,0.094094,0.005314,0.998464,0.717355,0.0,1.092558,0.3,low,0.028228,0.180722,0.20895,0
2026-07-26T10:21:21.582214,12/04 16:15,1.42,52.0,22.95,21.7,24.91,20.0,27.0,0.3764,0.094094,0.0,0.094094,0.005391,1.548275,0.92368,0.0,1.642369,0.55,high,0.051752,0.280238,0.331989,0
2026-07-26T10:21:21.597214,12/04 17:23,0.45,52.0,22.17,21.21,23.95,20.0,27.0,0.3764,0.094094,0.0,0.094094,0.003589,1.285985,1.012999,0.0,1.380079,0.55,high,0.051752,0.232763,0.284515,0
2026-07-26T10:21:21.612214,12/04 18:15,0.0,52.0,21.73,20.88,23.73,20.0,27.0,0.3764,0.094094,0.0,0.094094,0.003738,1.323105,1.065304,0.0,1.417199,0.55,high,0.051752,0.239482,0.291234,0
2026-07-26T10:21:36.136069,12/04 19:15,-0.15,26.0,20.53,20.0,22.25,20.0,26.0,0.3764,0.094094,0.0,0.094094,0.003953,1.393536,1.13169,0.0,1.48763,0.55,high,0.051752,0.25223,0.303982,0
2026-07-26T10:21:36.154066,12/04 20:15,-0.88,0.0,,,,20.0,26.0,0.3764,0.094094,0.0,0.094094,0.00541,2.329464,1.887826,0.0,2.423558,0.55,high,0.051752,0.421633,0.473385,0
2026-07-26T10:21:36.168067,12/04 21:15,-1.97,0.0,,,,20.0,26.0,0.3764,0.094094,0.0,0.094094,0.0014,0.909429,0.773607,0.0,1.003523,0.4,moderate,0.037638,0.164607,0.202244,0
2026-07-26T10:21:36.182067,12/04 22:15,-2.8,0.0,,,,20.0,26.0,0.3764,0.094094,0.0,0.094094,0.002009,1.280733,1.013218,0.0,1.374827,0.4,moderate,0.037638,0.231813,0.26945,0
2026-07-26T10:21:36.195068,12/04 23:15,-2.1,0.0,,,,20.0,26.0,0.3764,0.094094,0.0,0.094094,0.002581,1.575139,1.254106,0.0,1.669233,0.4,moderate,0.037638,0.2851,0.322738,0
2026-07-26T10:21:36.207079,12/05 00:15,0.0,0.0,,,,20.0,26.0,0.3764,0.094094,0.0,0.094094,0.002424,1.501269,1.221103,0.0,1.595363,0.34,low,0.031992,0.27173,0.303722,0
2026-07-26T10:21:50.222608,12/05 01:15,0.0,0.0,,,,18.0,28.0,0.3764,0.094094,0.0,0.094094,0.0,0.0,0.0,0.0,0.094094,0.34,low,0.031992,0.0,0.031992,0
2026-07-26T10:21:50.241608,12/05 02:15,0.0,0.0,,,,18.0,28.0,0.3764,0.094094,0.0,0.094094,0.000163,0.059981,0.126756,0.0,0.154075,0.34,low,0.031992,0.010857,0.042849,0
2026-07-26T10:21:50.256608,12/05 03:15,-0.42,0.0,,,,18.0,28.0,0.3764,0.094094,0.0,0.094094,0.000262,0.195543,0.19541,0.0,0.289637,0.34,low,0.031992,0.035393,0.067385,0
2026-07-26T10:21:50.270607,12/05 04:15,-1.97,0.0,,,,18.0,28.0,0.3764,0.094094,0.0,0.094094,0.00042,0.344542,0.301603,0.0,0.438636,0.34,low,0.031992,0.062362,0.094354,0
2026-07-26T10:21:50.285608,12/05 05:15,-3.07,0.0,,,,18.0,28.0,0.3764,0.094094,0.0,0.094094,0.000554,0.475141,0.388584,0.0,0.569235,0.34,low,0.031992,0.086001,0.117992,0
2026-07-26T10:21:50.299607,12/05 06:15,-4.03,0.0,,,,18.0,28.0,0.3764,0.094094,0.0,0.094094,0.000719,0.615872,0.486599,0.0,0.709966,0.43,moderate,0.04046,0.111473,0.151933,0
2026-07-26T10:22:03.889305,12/05 07:15,-4.4,0.0,,,,18.0,29.0,0.3764,0.094094,0.0,0.094094,0.006925,2.593612,2.081196,0.0,2.687706,0.43,moderate,0.04046,0.469444,0.509904,0
2026-07-26T10:22:03.905308,12/05 08:23,-4.0,0.0,,,,18.0,29.0,0.3764,0.094094,0.0,0.094094,0.006715,2.41651,1.942369,0.0,2.510604,0.43,moderate,0.04046,0.437388,0.477849,0
2026-07-26T10:22:03.924305,12/05 09:20,-2.25,52.0,20.39,19.06,22.85,18.0,29.0,0.3764,0.094094,0.0,0.094094,0.005346,1.689468,1.363722,0.0,1.783562,0.43,moderate,0.04046,0.305794,0.346254,1
2026-07-26T10:22:03.941304,12/05 10:23,-0.17,52.0,22.13,20.22,25.1,18.0,29.0,0.3764,0.094094,0.0,0.094094,0.004561,1.45742,1.173889,0.0,1.551514,0.3,low,0.028228,0.263793,0.292021,0
2026-07-26T10:22:03.959307,12/05 11:23,1.38,52.0,23.16,21.01,25.92,18.0,29.0,0.3764,0.094094,0.0,0.094094,0.003957,1.267123,1.019497,0.0,1.361217,0.3,low,0.028228,0.229349,0.257577,0
2026-07-26T10:22:03.974305,12/05 12:23,2.2,41.6,23.61,21.38,25.51,18.0,29.0,0.3764,0.094094,0.0,0.094094,0.003573,1.042073,0.9126,0.0,1.136167,0.3,low,0.028228,0.188615,0.216843,0
2026-07-26T10:22:19.539563,12/05 13:23,2.48,20.8,23.31,21.17,25.8,20.0,27.0,0.3764,0.094094,0.0,0.094094,0.003811,1.054222,0.896925,0.0,1.148316,0.3,low,0.028228,0.190814,0.219042,0
2026-07-26T10:22:19.558563,12/05 14:15,3.02,41.6,23.82,21.8,27.0,20.0,27.0,0.3814,0.095349,0.0,0.095349,0.003682,0.510496,0.737599,0.0,0.605845,0.3,low,0.028605,0.0924,0.121004,1
2026-07-26T10:22:19.575562,12/05 15:15,1.8,52.0,23.96,22.41,27.0,20.0,27.0,0.3833,0.095825,0.0,0.095825,0.003531,1.150271,0.788307,0.0,1.246096,0.3,low,0.028747,0.208199,0.236947,1
2026-07-26T10:22:19.590563,12/05 16:15,0.02,52.0,23.79,22.3,26.73,20.0,27.0,0.3764,0.094094,0.0,0.094094,0.003424,1.317422,0.991069,0.0,1.411516,0.55,high,0.051752,0.238453,0.290205,1
2026-07-26T10:22:19.606570,12/05 17:23,-1.82,52.0,22.77,21.66,24.55,20.0,27.0,0.3764,0.094094,0.0,0.094094,0.003909,1.45995,1.17573,0.0,1.554044,0.55,high,0.051752,0.264251,0.316003,0
2026-07-26T10:22:19.619569,12/05 18:15,-2.62,52.0,22.31,21.33,24.42,20.0,27.0,0.3764,0.094094,0.0,0.094094,0.004115,1.521977,1.22319,0.0,1.616071,0.55,high,0.051752,0.275478,0.32723,0
2026-07-26T10:22:35.084529,12/05 19:15,-3.9,26.0,20.92,20.16,23.02,20.0,26.0,0.3764,0.094094,0.0,0.094094,0.004784,1.712931,1.373713,0.0,1.807025,0.55,high,0.051752,0.310041,0.361792,0
2026-07-26T10:22:35.104528,12/05 20:15,-3.9,0.0,,,,20.0,26.0,0.3764,0.094094,0.0,0.094094,0.005775,2.355041,1.915151,0.0,2.449135,0.55,high,0.051752,0.426262,0.478014,0
2026-07-26T10:22:35.120528,12/05 21:15,-3.62,0.0,,,,20.0,26.0,0.3764,0.094094,0.0,0.094094,0.001359,0.869635,0.753196,0.0,0.963729,0.4,moderate,0.037638,0.157404,0.195042,0
2026-07-26T10:22:35.135535,12/05 22:15,-2.65,0.0,,,,20.0,26.0,0.3764,0.094094,0.0,0.094094,0.001922,1.229692,0.974143,0.0,1.323786,0.4,moderate,0.037638,0.222574,0.260212,0
2026-07-26T10:22:35.151532,12/05 23:15,-2.08,0.0,,,,20.0,26.0,0.3764,0.094094,0.0,0.094094,0.002355,1.455008,1.164857,0.0,1.549102,0.4,moderate,0.037638,0.263356,0.300994,0
2026-07-26T10:22:35.167532,12/06 00:15,-1.7,0.0,,,,20.0,26.0,0.3764,0.094094,0.0,0.094094,0.002584,1.575478,1.265687,0.0,1.669572,0.34,low,0.031992,0.285162,0.317153,0
2026-07-26T10:22:50.515323,12/06 01:15,-1.7,0.0,,,,18.0,28.0,0.3764,0.094094,0.0,0.094094,0.0,0.0,0.0,0.0,0.094094,0.34,low,0.031992,0.0,0.031992,0
2026-07-26T10:22:50.533324,12/06 02:15,-1.7,0.0,,,,18.0,28.0,0.3764,0.094094,0.0,0.094094,0.000266,0.17878,0.204478,0.0,0.272874,0.34,low,0.031992,0.032359,0.064351,0
2026-07-26T10:22:50.551323,12/06 03:15,-1.7,0.0,,,,18.0,28.0,0.3764,0.094094,0.0,0.094094,0.00044,0.344009,0.321114,0.0,0.438103,0.34,low,0.031992,0.062266,0.094258,0
2026-07-26T10:22:50.568323,12/06 04:15,-1.7,0.0,,,,18.0,28.0,0.3764,0.094094,0.0,0.094094,0.000569,0.476983,0.400009,0.0,0.571077,0.34,low,0.031992,0.086334,0.118326,0
2026-07-26T10:22:50.584323,12/06 05:15,-1.55,0.0,,,,18.0,28.0,0.3764,0.094094,0.0,0.094094,0.000704,0.597039,0.476374,0.0,0.691133,0.34,low,0.031992,0.108064,0.140056,0
2026-07-26T10:22:50.600322,12/06 06:15,-0.83,0.0,,,,18.0,28.0,0.3764,0.094094,0.0,0.094094,0.000597,0.50898,0.41436,0.0,0.603074,0.43,moderate,0.04046,0.092125,0.132586,0
2026-07-26T10:23:05.710004,12/06 07:15,0.15,0.0,,,,18.0,29.0,0.3764,0.094094,0.0,0.094094,0.005549,2.022893,1.613635,0.0,2.116987,0.43,moderate,0.04046,0.366144,0.406604,0
2026-07-26T10:23:05.726997,12/06 08:15,0.88,0.0,,,,18.0,29.0,0.3764,0.094094,0.0,0.094094,0.005194,1.779782,1.415028,0.0,1.873876,0.43,moderate,0.04046,0.322141,0.362601,0
2026-07-26T10:23:05.746998,12/06 09:15,2.1,52.0,19.95,19.25,21.05,18.0,29.0,0.3764,0.094094,0.0,0.094094,0.004372,1.263159,1.01391,0.0,1.357253,0.43,moderate,0.04046,0.228632,0.269092,1
2026-07-26T10:23:05.763998,12/06 10:23,3.57,52.0,21.39,20.41,22.58,18.0,29.0,0.3764,0.094094,0.0,0.094094,0.003891,1.089336,0.870956,0.0,1.18343,0.3,low,0.028228,0.19717,0.225398,0
2026-07-26T10:23:05.779997,12/06 11:15,4.7,52.0,22.22,20.88,23.17,18.0,29.0,0.3764,0.094094,0.0,0.094094,0.004984,0.033828,0.63446,0.0,0.127922,0.3,low,0.028228,0.006123,0.034351,0
2026-07-26T10:23:05.794997,12/06 12:15,6.0,41.6,22.58,21.39,23.46,18.0,29.0,0.3764,0.094094,0.0,0.094094,0.002559,0.856117,0.658996,0.0,0.950211,0.3,low,0.028228,0.154957,0.183185,0
2026-07-26T10:23:21.497916,12/06 13:15,7.08,20.8,22.36,21.29,23.19,20.0,27.0,0.3764,0.094094,0.0,0.094094,0.001612,0.607052,0.522533,0.0,0.701146,0.3,low,0.028228,0.109876,0.138105,0
2026-07-26T10:23:21.515916,12/06 14:15,6.7,41.6,22.62,21.65,23.76,20.0,27.0,0.3764,0.094094,0.0,0.094094,0.001778,0.692855,0.55189,0.0,0.786949,0.3,low,0.028228,0.125407,0.153635,0
2026-07-26T10:23:21.531917,12/06 15:15,6.55,52.0,22.83,21.93,24.11,20.0,27.0,0.3764,0.094094,0.0,0.094094,0.001732,0.673421,0.543945,0.0,0.767515,0.3,low,0.028228,0.121889,0.150117,0
2026-07-26T10:23:21.546916,12/06 16:15,5.82,52.0,22.72,21.92,24.13,20.0,27.0,0.3764,0.094094,0.0,0.094094,0.001994,0.744138,0.586359,0.0,0.838232,0.55,high,0.051752,0.134689,0.186441,0
2026-07-26T10:23:21.560912,12/06 17:15,4.85,52.0,22.15,21.36,23.84,20.0,27.0,0.3764,0.094094,0.0,0.094094,0.002648,0.869323,0.672766,0.0,0.963417,0.55,high,0.051752,0.157347,0.209099,0
2026-07-26T10:23:21.575913,12/06 18:15,4.55,52.0,21.9,21.1,23.72,20.0,27.0,0.3764,0.094094,0.0,0.094094,0.003048,0.030086,0.722272,0.0,0.12418,0.55,high,0.051752,0.005446,0.057197,0
2026-07-26T10:23:36.870905,12/06 19:15,5.0,26.0,20.71,20.11,22.32,20.0,26.0,0.3764,0.094094,0.0,0.094094,0.002791,0.864767,0.686428,0.0,0.958861,0.55,high,0.051752,0.156523,0.208275,0
2026-07-26T10:23:36.888898,12/06 20:15,5.0,0.0,,,,20.0,26.0,0.3764,0.094094,0.0,0.094094,0.003565,1.414914,1.119446,0.0,1.509008,0.55,high,0.051752,0.256099,0.307851,0
2026-07-26T10:23:36.903890,12/06 21:15,5.0,0.0,,,,20.0,26.0,0.3764,0.094094,0.0,0.094094,0.000713,0.437616,0.453401,0.0,0.53171,0.4,moderate,0.037638,0.079208,0.116846,0
2026-07-26T10:23:36.917889,12/06 22:15,5.0,0.0,,,,20.0,26.0,0.3764,0.094094,0.0,0.094094,0.001142,0.814738,0.665212,0.0,0.908832,0.4,moderate,0.037638,0.147468,0.185105,0
2026-07-26T10:23:36.932889,12/06 23:15,5.0,0.0,,,,20.0,26.0,0.3764,0.094094,0.0,0.094094,0.001309,0.941619,0.759182,0.0,1.035713,0.4,moderate,0.037638,0.170433,0.208071,0
2026-07-26T10:23:36.947891,12/07 00:15,5.0,0.0,,,,20.0,26.0,0.3764,0.094094,0.0,0.094094,0.001426,1.022617,0.820863,0.0,1.116711,0.34,low,0.031992,0.185094,0.217086,0
2026-07-26T10:23:51.727243,12/07 01:15,5.0,0.0,,,,18.0,28.0,0.3764,0.094094,0.0,0.094094,0.0,0.0,0.0,0.0,0.094094,0.34,low,0.031992,0.0,0.031992,0
2026-07-26T10:23:51.743244,12/07 02:15,5.0,0.0,,,,18.0,28.0,0.3764,0.094094,0.0,0.094094,0.0,0.0,0.0,0.0,0.094094,0.34,low,0.031992,0.0,0.031992,0
2026-07-26T10:23:51.759242,12/07 03:15,5.0,0.0,,,,18.0,28.0,0.3764,0.094094,0.0,0.094094,0.0,0.0,0.0,0.0,0.094094,0.34,low,0.031992,0.0,0.031992,0
2026-07-26T10:23:51.773241,12/07 04:15,5.0,0.0,,,,18.0,28.0,0.3764,0.094094,0.0,0.094094,0.0,0.0,0.0,0.0,0.094094,0.34,low,0.031992,0.0,0.031992,0
2026-07-26T10:23:51.787241,12/07 05:15,5.0,0.0,,,,18.0,28.0,0.3764,0.094094,0.0,0.094094,0.0,0.0,0.0,0.0,0.094094,0.34,low,0.031992,0.0,0.031992,0
2026-07-26T10:23:51.800242,12/07 06:15,5.0,0.0,,,,18.0,28.0,0.3764,0.094094,0.0,0.094094,0.0,0.0,0.0,0.0,0.094094,0.43,moderate,0.04046,0.0,0.04046,0
2026-07-26T10:24:05.937332,12/07 07:15,5.0,0.0,,,,18.0,29.0,0.3764,0.094094,0.0,0.094094,0.0,0.0,0.0,0.0,0.094094,0.43,moderate,0.04046,0.0,0.04046,0
2026-07-26T10:24:05.954331,12/07 08:15,5.15,0.0,,,,18.0,29.0,0.3764,0.094094,0.0,0.094094,0.0,0.0,0.0,0.0,0.094094,0.43,moderate,0.04046,0.0,0.04046,0
2026-07-26T10:24:05.969330,12/07 09:15,5.72,0.0,,,,18.0,29.0,0.3764,0.094094,0.0,0.094094,0.0,0.0,0.0,0.0,0.094094,0.43,moderate,0.04046,0.0,0.04046,0
2026-07-26T10:24:05.982331,12/07 10:15,6.52,0.0,,,,18.0,29.0,0.3764,0.094094,0.0,0.094094,0.0,0.0,0.0,0.0,0.094094,0.3,low,0.028228,0.0,0.028228,0
2026-07-26T10:24:05.995331,12/07 11:23,8.07,0.0,,,,18.0,29.0,0.3764,0.094094,0.0,0.094094,0.0,0.0,0.0,0.0,0.094094,0.3,low,0.028228,0.0,0.028228,0
2026-07-26T10:24:06.009330,12/07 12:15,9.03,0.0,,,,18.0,29.0,0.3764,0.094094,0.0,0.094094,0.0,0.0,0.0,0.0,0.094094,0.3,low,0.028228,0.0,0.028228,0
2026-07-26T10:24:19.999083,12/07 13:15,9.4,0.0,,,,18.0,29.0,0.3764,0.094094,0.0,0.094094,0.0,0.0,0.0,0.0,0.094094,0.3,low,0.028228,0.0,0.028228,0
2026-07-26T10:24:20.014081,12/07 14:15,9.83,0.0,,,,18.0,29.0,0.3764,0.094094,0.0,0.094094,0.0,0.0,0.0,0.0,0.094094,0.3,low,0.028228,0.0,0.028228,0
2026-07-26T10:24:20.028082,12/07 15:15,10.67,0.0,,,,18.0,29.0,0.3764,0.094094,0.0,0.094094,0.0,0.0,0.0,0.0,0.094094,0.3,low,0.028228,0.0,0.028228,0
2026-07-26T10:24:20.040084,12/07 16:15,9.12,0.0,,,,18.0,29.0,0.3764,0.094094,0.0,0.094094,0.0,0.0,0.0,0.0,0.094094,0.55,high,0.051752,0.0,0.051752,0
2026-07-26T10:24:20.053089,12/07 17:15,8.18,0.0,,,,18.0,29.0,0.3764,0.094094,0.0,0.094094,0.0,0.0,0.0,0.0,0.094094,0.55,high,0.051752,0.0,0.051752,0
2026-07-26T10:24:20.065085,12/07 18:15,7.38,0.0,,,,18.0,29.0,0.3764,0.094094,0.0,0.094094,0.0,0.0,0.0,0.0,0.094094,0.55,high,0.051752,0.0,0.051752,0
2026-07-26T10:24:33.319563,12/07 19:15,5.97,0.0,,,,18.0,29.0,0.3764,0.094094,0.0,0.094094,0.0,0.0,0.0,0.0,0.094094,0.55,high,0.051752,0.0,0.051752,0
2026-07-26T10:24:33.336566,12/07 20:15,5.87,0.0,,,,18.0,29.0,0.3764,0.094094,0.0,0.094094,0.0,0.0,0.0,0.0,0.094094,0.55,high,0.051752,0.0,0.051752,0
2026-07-26T10:24:33.351562,12/07 21:15,6.43,0.0,,,,18.0,29.0,0.3764,0.094094,0.0,0.094094,0.0,0.0,0.0,0.0,0.094094,0.4,moderate,0.037638,0.0,0.037638,0
2026-07-26T10:24:33.364561,12/07 22:15,5.45,0.0,,,,18.0,29.0,0.3764,0.094094,0.0,0.094094,0.0,0.0,0.0,0.0,0.094094,0.4,moderate,0.037638,0.0,0.037638,0
2026-07-26T10:24:33.380568,12/07 23:15,4.58,0.0,,,,18.0,29.0,0.3764,0.094094,0.0,0.094094,0.0,0.0,0.0,0.0,0.094094,0.4,moderate,0.037638,0.0,0.037638,0
2026-07-26T10:24:33.395562,12/08 00:15,3.3,0.0,,,,18.0,29.0,0.3764,0.094094,0.0,0.094094,0.0,0.0,0.0,0.0,0.094094,0.34,low,0.031992,0.0,0.031992,0
2026-07-26T10:24:47.581330,12/08 01:15,3.17,0.0,,,,18.0,29.0,0.3764,0.094094,0.0,0.094094,0.0,0.0,0.0,0.0,0.094094,0.34,low,0.031992,0.0,0.031992,0
2026-07-26T10:24:47.596328,12/08 02:15,2.8,0.0,,,,18.0,29.0,0.3764,0.094094,0.0,0.094094,0.0,0.0,0.0,0.0,0.094094,0.34,low,0.031992,0.0,0.031992,0
2026-07-26T10:24:47.611330,12/08 03:15,2.8,0.0,,,,18.0,29.0,0.3764,0.094094,0.0,0.094094,0.0,0.0,0.0,0.0,0.094094,0.34,low,0.031992,0.0,0.031992,0
2026-07-26T10:24:47.624327,12/08 04:15,2.65,0.0,,,,18.0,29.0,0.3764,0.094094,0.0,0.094094,1.4e-05,0.010148,0.00972,0.0,0.104242,0.34,low,0.031992,0.001837,0.033829,0
2026-07-26T10:24:47.637330,12/08 05:15,2.2,0.0,,,,18.0,29.0,0.3764,0.094094,0.0,0.094094,0.00015,0.111825,0.115291,0.0,0.205919,0.34,low,0.031992,0.02024,0.052232,0
2026-07-26T10:24:47.651331,12/08 06:15,2.08,0.0,,,,18.0,29.0,0.3764,0.094094,0.0,0.094094,0.000155,0.122736,0.119107,0.0,0.21683,0.43,moderate,0.04046,0.022215,0.062676,0
2026-07-26T10:25:01.570959,12/08 07:15,1.7,0.0,,,,18.0,29.0,0.3764,0.094094,0.0,0.094094,0.000186,0.154646,0.143558,0.0,0.24874,0.43,moderate,0.04046,0.027991,0.068451,0
2026-07-26T10:25:01.588960,12/08 08:15,1.7,0.0,,,,18.0,29.0,0.3764,0.094094,0.0,0.094094,9e-05,0.076934,0.069791,0.0,0.171028,0.43,moderate,0.04046,0.013925,0.054385,0
2026-07-26T10:25:01.603958,12/08 09:15,1.7,0.0,,,,18.0,29.0,0.3764,0.094094,0.0,0.094094,4.2e-05,0.036495,0.029934,0.0,0.130589,0.43,moderate,0.04046,0.006606,0.047066,0
2026-07-26T10:25:01.618957,12/08 10:15,1.7,0.0,,,,18.0,29.0,0.3764,0.094094,0.0,0.094094,0.0,0.0,0.0,0.0,0.094094,0.3,low,0.028228,0.0,0.028228,0
2026-07-26T10:25:01.632958,12/08 11:15,1.7,0.0,,,,18.0,29.0,0.3764,0.094094,0.0,0.094094,0.0,0.0,0.0,0.0,0.094094,0.3,low,0.028228,0.0,0.028228,0
2026-07-26T10:25:01.646958,12/08 12:15,1.7,0.0,,,,18.0,29.0,0.3764,0.094094,0.0,0.094094,0.0,0.0,0.0,0.0,0.094094,0.3,low,0.028228,0.0,0.028228,0
2026-07-26T10:25:16.238177,12/08 13:15,1.7,0.0,,,,18.0,29.0,0.3764,0.094094,0.0,0.094094,0.0,0.0,0.0,0.0,0.094094,0.3,low,0.028228,0.0,0.028228,0
2026-07-26T10:25:16.254176,12/08 14:15,1.7,0.0,,,,18.0,29.0,0.3764,0.094094,0.0,0.094094,0.0,0.0,0.0,0.0,0.094094,0.3,low,0.028228,0.0,0.028228,0
2026-07-26T10:25:16.269176,12/08 15:15,1.27,0.0,,,,18.0,29.0,0.3764,0.094094,0.0,0.094094,0.0,0.0,0.0,0.0,0.094094,0.3,low,0.028228,0.0,0.028228,0
2026-07-26T10:25:16.284178,12/08 16:15,-0.28,0.0,,,,18.0,29.0,0.3764,0.094094,0.0,0.094094,0.0,0.0,0.0,0.0,0.094094,0.55,high,0.051752,0.0,0.051752,0
2026-07-26T10:25:16.298174,12/08 17:15,-1.25,0.0,,,,18.0,29.0,0.3764,0.094094,0.0,0.094094,7e-05,0.015427,0.058399,0.0,0.109521,0.55,high,0.051752,0.002792,0.054544,0
2026-07-26T10:25:16.314175,12/08 18:15,-1.82,0.0,,,,18.0,29.0,0.3764,0.094094,0.0,0.094094,0.000229,0.205598,0.175086,0.0,0.299692,0.55,high,0.051752,0.037213,0.088965,0
2026-07-26T10:25:30.457050,12/08 19:15,-2.08,0.0,,,,18.0,29.0,0.3764,0.094094,0.0,0.094094,0.00045,0.409595,0.323056,0.0,0.503689,0.55,high,0.051752,0.074137,0.125888,0
2026-07-26T10:25:30.476048,12/08 20:15,-1.97,0.0,,,,18.0,29.0,0.3764,0.094094,0.0,0.094094,0.00036,0.329216,0.267318,0.0,0.42331,0.55,high,0.051752,0.059588,0.11134,0
2026-07-26T10:25:30.493048,12/08 21:15,-2.65,0.0,,,,18.0,29.0,0.3764,0.094094,0.0,0.094094,0.000614,0.553277,0.426069,0.0,0.647371,0.4,moderate,0.037638,0.100143,0.137781,0
2026-07-26T10:25:30.507047,12/08 22:15,-2.2,0.0,,,,18.0,29.0,0.3764,0.094094,0.0,0.094094,0.000488,0.433977,0.351239,0.0,0.528071,0.4,moderate,0.037638,0.07855,0.116187,0
2026-07-26T10:25:30.522047,12/08 23:15,-2.2,0.0,,,,18.0,29.0,0.3764,0.094094,0.0,0.094094,0.000616,0.542691,0.427543,0.0,0.636785,0.4,moderate,0.037638,0.098227,0.135865,0
2026-07-26T10:25:30.535047,12/09 00:15,-2.35,0.0,,,,18.0,29.0,0.3764,0.094094,0.0,0.094094,0.000576,0.50378,0.40598,0.0,0.597874,0.34,low,0.031992,0.091184,0.123176,0
2026-07-26T10:25:45.144263,12/09 01:15,-2.52,0.0,,,,18.0,29.0,0.3764,0.094094,0.0,0.094094,0.000864,0.724886,0.567551,0.0,0.81898,0.34,low,0.031992,0.131204,0.163196,0
2026-07-26T10:25:45.161259,12/09 02:15,-2.1,0.0,,,,18.0,29.0,0.3764,0.094094,0.0,0.094094,0.00081,0.667969,0.536976,0.0,0.762063,0.34,low,0.031992,0.120902,0.152894,0
2026-07-26T10:25:45.178260,12/09 03:15,-3.57,0.0,,,,18.0,29.0,0.3764,0.094094,0.0,0.094094,0.000913,0.744649,0.593028,0.0,0.838743,0.34,low,0.031992,0.134781,0.166773,0
2026-07-26T10:25:45.191258,12/09 04:15,-4.7,0.0,,,,18.0,29.0,0.3764,0.094094,0.0,0.094094,0.001017,0.81297,0.646073,0.0,0.907064,0.34,low,0.031992,0.147148,0.17914,0
2026-07-26T10:25:45.205263,12/09 05:15,-5.72,0.0,,,,18.0,29.0,0.3764,0.094094,0.0,0.094094,0.001099,0.863069,0.68839,0.0,0.957163,0.34,low,0.031992,0.156215,0.188207,0
2026-07-26T10:25:45.220259,12/09 06:15,-6.1,0.0,,,,18.0,29.0,0.3764,0.094094,0.0,0.094094,0.001188,0.916824,0.731007,0.0,1.010918,0.43,moderate,0.04046,0.165945,0.206406,0
2026-07-26T10:25:58.802327,12/09 07:15,-5.97,0.0,,,,18.0,29.0,0.3764,0.094094,0.0,0.094094,0.008082,2.98806,2.405311,0.0,3.082154,0.43,moderate,0.04046,0.540839,0.581299,0
2026-07-26T10:25:58.818331,12/09 08:15,-5.17,0.0,,,,18.0,29.0,0.3764,0.094094,0.0,0.094094,0.007446,2.648432,2.127249,0.0,2.742526,0.43,moderate,0.04046,0.479366,0.519827,0
2026-07-26T10:25:58.836327,12/09 09:23,-3.47,52.0,19.92,18.91,21.3,18.0,29.0,0.3764,0.094094,0.0,0.094094,0.005815,1.806948,1.459511,0.0,1.901042,0.43,moderate,0.04046,0.327058,0.367518,1
2026-07-26T10:25:58.852327,12/09 10:15,-2.08,52.0,21.22,19.93,22.69,18.0,29.0,0.3764,0.094094,0.0,0.094094,0.005113,1.627708,1.311718,0.0,1.721802,0.3,low,0.028228,0.294615,0.322843,1
2026-07-26T10:25:58.865327,12/09 11:15,-1.7,52.0,21.75,20.46,22.89,18.0,29.0,0.3764,0.094094,0.0,0.094094,0.00478,1.555798,1.256675,0.0,1.649892,0.3,low,0.028228,0.281599,0.309828,0
2026-07-26T10:25:58.880329,12/09 12:15,-1.7,41.6,21.59,20.52,23.06,18.0,29.0,0.3764,0.094094,0.0,0.094094,0.004632,1.541786,1.244563,0.0,1.63588,0.3,low,0.028228,0.279063,0.307291,0
2026-07-26T10:26:13.868448,12/09 13:15,-1.7,20.8,21.03,20.2,22.51,20.0,27.0,0.3764,0.094094,0.0,0.094094,0.00457,1.537541,1.239182,0.0,1.631635,0.3,low,0.028228,0.278295,0.306523,0
2026-07-26T10:26:13.886450,12/09 14:15,-1.82,41.6,21.33,20.52,23.03,20.0,27.0,0.3764,0.094094,0.0,0.094094,0.004517,1.531495,1.234599,0.0,1.625589,0.3,low,0.028228,0.277201,0.305429,0
2026-07-26T10:26:13.904449,12/09 15:15,-2.2,52.0,21.42,20.63,23.25,20.0,27.0,0.3764,0.094094,0.0,0.094094,0.00459,1.573764,1.268824,0.0,1.667858,0.3,low,0.028228,0.284851,0.313079,0
2026-07-26T10:26:13.920448,12/09 16:15,-2.35,52.0,21.23,20.5,23.17,20.0,27.0,0.3764,0.094094,0.0,0.094094,0.00456,1.571931,1.266156,0.0,1.666025,0.55,high,0.051752,0.28452,0.336271,0
2026-07-26T10:26:13.936448,12/09 17:15,-3.07,52.0,20.85,20.16,22.9,20.0,27.0,0.3764,0.094094,0.0,0.094094,0.004732,1.632174,1.313585,0.0,1.726268,0.55,high,0.051752,0.295423,0.347175,0
2026-07-26T10:26:13.950450,12/09 18:15,-4.17,52.0,20.73,20.03,22.89,20.0,27.0,0.3764,0.094094,0.0,0.094094,0.005088,1.743169,1.401697,0.0,1.837263,0.55,high,0.051752,0.315514,0.367265,0
2026-07-26T10:26:28.396365,12/09 19:15,-5.42,26.0,20.33,20.0,21.65,20.0,26.0,0.3764,0.094094,0.0,0.094094,0.006281,2.464252,1.989934,0.0,2.558346,0.55,high,0.051752,0.44603,0.497781,0
2026-07-26T10:26:28.411364,12/09 20:15,-6.83,0.0,,,,20.0,26.0,0.3764,0.094094,0.0,0.094094,0.008541,3.424822,2.747534,0.0,3.518916,0.55,high,0.051752,0.619893,0.671644,0
2026-07-26T10:26:28.425365,12/09 21:15,-7.2,0.0,,,,20.0,26.0,0.3764,0.094094,0.0,0.094094,0.003186,1.750115,1.401957,0.0,1.844209,0.4,moderate,0.037638,0.316771,0.354408,0
2026-07-26T10:26:28.438363,12/09 22:15,-6.93,0.0,,,,20.0,26.0,0.3764,0.094094,0.0,0.094094,0.004037,2.087195,1.67144,0.0,2.181289,0.4,moderate,0.037638,0.377782,0.41542,0
2026-07-26T10:26:28.451363,12/09 23:15,-6.25,0.0,,,,20.0,26.0,0.3764,0.094094,0.0,0.094094,0.004286,2.182214,1.755526,0.0,2.276308,0.4,moderate,0.037638,0.394981,0.432618,0
2026-07-26T10:26:28.464364,12/10 00:15,-6.83,0.0,,,,20.0,26.0,0.3764,0.094094,0.0,0.094094,0.004646,2.311861,1.853711,0.0,2.405955,0.34,low,0.031992,0.418447,0.450439,0
2026-07-26T10:26:42.186036,12/10 01:15,-7.2,0.0,,,,18.0,28.0,0.3764,0.094094,0.0,0.094094,0.000627,0.394235,0.433114,0.0,0.488329,0.34,low,0.031992,0.071357,0.103348,0
2026-07-26T10:26:42.203040,12/10 02:15,-7.35,0.0,,,,18.0,28.0,0.3764,0.094094,0.0,0.094094,0.001017,0.77117,0.644476,0.0,0.865264,0.34,low,0.031992,0.139582,0.171574,0
2026-07-26T10:26:42.218036,12/10 03:15,-7.8,0.0,,,,18.0,28.0,0.3764,0.094094,0.0,0.094094,0.001266,0.963167,0.764683,0.0,1.057261,0.34,low,0.031992,0.174333,0.206325,0
2026-07-26T10:26:42.232037,12/10 04:15,-7.8,0.0,,,,18.0,28.0,0.3764,0.094094,0.0,0.094094,0.001406,1.040524,0.828659,0.0,1.134618,0.34,low,0.031992,0.188335,0.220327,0
2026-07-26T10:26:42.245036,12/10 05:15,-7.92,0.0,,,,18.0,28.0,0.3764,0.094094,0.0,0.094094,0.001499,1.088216,0.871615,0.0,1.18231,0.34,low,0.031992,0.196967,0.228959,0
2026-07-26T10:26:42.258035,12/10 06:15,-8.3,0.0,,,,18.0,28.0,0.3764,0.094094,0.0,0.094094,0.00149,1.0817,0.873618,0.0,1.175794,0.43,moderate,0.04046,0.195788,0.236248,0
2026-07-26T10:26:56.323961,12/10 07:15,-8.3,0.0,,,,18.0,29.0,0.3764,0.094094,0.0,0.094094,0.009558,3.367149,2.711336,0.0,3.461243,0.43,moderate,0.04046,0.609454,0.649914,0
2026-07-26T10:26:56.340962,12/10 08:23,-7.9,0.0,,,,18.0,29.0,0.3764,0.094094,0.0,0.094094,0.009014,3.031013,2.435366,0.0,3.125107,0.43,moderate,0.04046,0.548613,0.589074,0
2026-07-26T10:26:56.357960,12/10 09:23,-6.28,52.0,19.88,18.65,22.05,18.0,29.0,0.3764,0.094094,0.0,0.094094,0.00695,2.07865,1.681622,0.0,2.172744,0.43,moderate,0.04046,0.376236,0.416696,1
2026-07-26T10:26:56.372962,12/10 10:23,-4.58,52.0,21.36,19.65,24.01,18.0,29.0,0.3764,0.094094,0.0,0.094094,0.006015,1.893506,1.532235,0.0,1.9876,0.3,low,0.028228,0.342725,0.370953,1
2026-07-26T10:26:56.386960,12/10 11:23,-2.9,52.0,22.33,20.31,24.8,18.0,29.0,0.3764,0.094094,0.0,0.094094,0.005209,1.707366,1.3807,0.0,1.80146,0.3,low,0.028228,0.309033,0.337261,0
2026-07-26T10:26:56.402960,12/10 12:15,-1.55,41.6,22.55,20.52,24.3,18.0,29.0,0.3764,0.094094,0.0,0.094094,0.004586,1.537136,1.240378,0.0,1.63123,0.3,low,0.028228,0.278222,0.30645,0
2026-07-26T10:27:11.895367,12/10 13:15,-0.98,20.8,22.37,20.43,24.51,20.0,27.0,0.3764,0.094094,0.0,0.094094,0.004294,1.463921,1.180645,0.0,1.558015,0.3,low,0.028228,0.26497,0.293198,0
2026-07-26T10:27:11.913356,12/10 14:15,-0.6,41.6,22.94,21.03,25.85,20.0,27.0,0.3764,0.094094,0.0,0.094094,0.004032,1.398102,1.127953,0.0,1.492196,0.3,low,0.028228,0.253056,0.281285,0
2026-07-26T10:27:11.928355,12/10 15:15,-0.88,52.0,23.19,21.6,26.11,20.0,27.0,0.3764,0.094094,0.0,0.094094,0.003912,1.382596,1.11639,0.0,1.47669,0.3,low,0.028228,0.25025,0.278478,1
2026-07-26T10:27:11.944355,12/10 16:23,-2.38,52.0,22.85,21.57,25.12,20.0,27.0,0.3764,0.094094,0.0,0.094094,0.004111,1.482572,1.196363,0.0,1.576666,0.55,high,0.051752,0.268346,0.320097,0
2026-07-26T10:27:11.959356,12/10 17:23,-4.83,52.0,21.89,20.92,23.86,20.0,27.0,0.3764,0.094094,0.0,0.094094,0.004938,1.761242,1.411196,0.0,1.855336,0.55,high,0.051752,0.318785,0.370537,0
2026-07-26T10:27:11.974357,12/10 18:15,-6.25,52.0,21.39,20.51,23.64,20.0,27.0,0.3764,0.094094,0.0,0.094094,0.005648,1.935435,1.549993,0.0,2.029529,0.55,high,0.051752,0.350314,0.402065,0
2026-07-26T10:27:27.294165,12/10 19:15,-6.83,26.0,20.45,20.0,22.23,20.0,26.0,0.3764,0.094094,0.0,0.094094,0.006376,2.268493,1.832143,0.0,2.362587,0.55,high,0.051752,0.410597,0.462349,0
2026-07-26T10:27:27.312163,12/10 20:15,-6.8,0.0,,,,20.0,26.0,0.3764,0.094094,0.0,0.094094,0.00831,3.298663,2.655794,0.0,3.392757,0.55,high,0.051752,0.597058,0.64881,0
2026-07-26T10:27:27.329164,12/10 21:15,-5.45,0.0,,,,20.0,26.0,0.3764,0.094094,0.0,0.094094,0.002331,1.373265,1.105416,0.0,1.467359,0.4,moderate,0.037638,0.248561,0.286199,0
2026-07-26T10:27:27.343163,12/10 22:15,-5.0,0.0,,,,20.0,26.0,0.3764,0.094094,0.0,0.094094,0.003147,1.773005,1.416201,0.0,1.867099,0.4,moderate,0.037638,0.320914,0.358552,0
2026-07-26T10:27:27.357165,12/10 23:15,-5.0,0.0,,,,20.0,26.0,0.3764,0.094094,0.0,0.094094,0.003343,1.855458,1.492487,0.0,1.949552,0.4,moderate,0.037638,0.335838,0.373475,0
2026-07-26T10:27:27.371163,12/11 00:15,-5.0,0.0,,,,20.0,26.0,0.3764,0.094094,0.0,0.094094,0.003456,1.909092,1.537029,0.0,2.003186,0.34,low,0.031992,0.345546,0.377538,0
2026-07-26T10:27:42.347481,12/11 01:15,-5.28,0.0,,,,18.0,28.0,0.3764,0.094094,0.0,0.094094,0.000284,0.167724,0.216105,0.0,0.261818,0.34,low,0.031992,0.030358,0.06235,0
2026-07-26T10:27:42.366526,12/11 02:15,-6.37,0.0,,,,18.0,28.0,0.3764,0.094094,0.0,0.094094,0.000696,0.519512,0.473739,0.0,0.613606,0.34,low,0.031992,0.094032,0.126024,0
2026-07-26T10:27:42.385528,12/11 03:15,-7.2,0.0,,,,18.0,28.0,0.3764,0.094094,0.0,0.094094,0.00093,0.742231,0.601743,0.0,0.836325,0.34,low,0.031992,0.134344,0.166336,0
2026-07-26T10:27:42.402521,12/11 04:15,-7.35,0.0,,,,18.0,28.0,0.3764,0.094094,0.0,0.094094,0.001019,0.810501,0.648843,0.0,0.904595,0.34,low,0.031992,0.146701,0.178693,0
2026-07-26T10:27:42.417573,12/11 05:15,-7.92,0.0,,,,18.0,28.0,0.3764,0.094094,0.0,0.094094,0.001161,0.905262,0.718983,0.0,0.999356,0.34,low,0.031992,0.163852,0.195844,0
2026-07-26T10:27:42.431520,12/11 06:15,-8.03,0.0,,,,18.0,28.0,0.3764,0.094094,0.0,0.094094,0.001205,0.92482,0.74139,0.0,1.018914,0.43,moderate,0.04046,0.167392,0.207853,0
2026-07-26T10:27:56.988613,12/11 07:15,-7.2,0.0,,,,18.0,29.0,0.3764,0.094094,0.0,0.094094,0.008699,3.136171,2.531174,0.0,3.230265,0.43,moderate,0.04046,0.567647,0.608107,0
2026-07-26T10:27:57.008615,12/11 08:15,-6.65,0.0,,,,18.0,29.0,0.3764,0.094094,0.0,0.094094,0.008296,2.880372,2.307533,0.0,2.974466,0.43,moderate,0.04046,0.521347,0.561808,0
2026-07-26T10:27:57.026613,12/11 09:23,-4.72,52.0,19.78,18.81,21.06,18.0,29.0,0.3764,0.094094,0.0,0.094094,0.006229,1.914035,1.547623,0.0,2.008129,0.43,moderate,0.04046,0.34644,0.386901,1
2026-07-26T10:27:57.041612,12/11 10:23,-3.62,52.0,21.31,19.91,22.99,18.0,29.0,0.3764,0.094094,0.0,0.094094,0.005618,1.787496,1.444842,0.0,1.88159,0.3,low,0.028228,0.323537,0.351765,1
2026-07-26T10:27:57.057614,12/11 11:15,-2.52,52.0,22.08,20.62,23.38,18.0,29.0,0.3764,0.094094,0.0,0.094094,0.005076,1.662553,1.342643,0.0,1.756647,0.3,low,0.028228,0.300922,0.32915,0
2026-07-26T10:27:57.071612,12/11 12:15,-1.27,41.6,22.2,20.88,23.47,18.0,29.0,0.3764,0.094094,0.0,0.094094,0.004615,1.540622,1.242773,0.0,1.634716,0.3,low,0.028228,0.278853,0.307081,0
2026-07-26T10:28:12.115543,12/11 13:23,0.0,20.8,22.18,20.78,23.25,20.0,27.0,0.3764,0.094094,0.0,0.094094,0.004097,1.366796,1.098668,0.0,1.46089,0.3,low,0.028228,0.24739,0.275618,0
2026-07-26T10:28:12.135537,12/11 14:23,0.0,41.6,22.97,21.3,25.52,20.0,27.0,0.3764,0.094094,0.0,0.094094,0.003938,1.340866,1.084194,0.0,1.43496,0.3,low,0.028228,0.242697,0.270925,0
2026-07-26T10:28:12.152537,12/11 15:15,-0.28,52.0,23.36,21.81,26.53,20.0,27.0,0.3764,0.094094,0.0,0.094094,0.003799,1.325699,1.07091,0.0,1.419793,0.3,low,0.028228,0.239952,0.26818,1
2026-07-26T10:28:12.167537,12/11 16:23,-1.52,52.0,23.16,21.73,25.78,20.0,27.0,0.3764,0.094094,0.0,0.094094,0.003951,1.420076,1.147956,0.0,1.51417,0.55,high,0.051752,0.257034,0.308785,0
2026-07-26T10:28:12.183537,12/11 17:23,-3.35,52.0,22.12,21.07,24.02,20.0,27.0,0.3764,0.094094,0.0,0.094094,0.004411,1.595994,1.283323,0.0,1.690088,0.55,high,0.051752,0.288875,0.340627,0
2026-07-26T10:28:12.198537,12/11 18:15,-5.42,52.0,21.63,20.72,23.84,20.0,27.0,0.3764,0.094094,0.0,0.094094,0.005176,1.823317,1.460605,0.0,1.917411,0.55,high,0.051752,0.33002,0.381772,0
2026-07-26T10:28:29.091003,12/11 19:15,-6.83,26.0,20.6,20.0,22.62,20.0,26.0,0.3764,0.094094,0.0,0.094094,0.00616,2.127221,1.71496,0.0,2.221315,0.55,high,0.051752,0.385027,0.436779,0
2026-07-26T10:28:29.109005,12/11 20:15,-7.2,0.0,,,,20.0,26.0,0.3764,0.094094,0.0,0.094094,0.007789,3.047362,2.458166,0.0,3.141456,0.55,high,0.051752,0.551573,0.603324,0
2026-07-26T10:28:29.125609,12/11 21:15,-7.08,0.0,,,,20.0,26.0,0.3764,0.094094,0.0,0.094094,0.001731,1.092098,0.907779,0.0,1.186192,0.4,moderate,0.037638,0.19767,0.235307,0
2026-07-26T10:28:29.142647,12/11 22:15,-6.83,0.0,,,,20.0,26.0,0.3764,0.094094,0.0,0.094094,0.002293,1.394575,1.104858,0.0,1.488669,0.4,moderate,0.037638,0.252418,0.290056,0
2026-07-26T10:28:29.157638,12/11 23:15,-7.48,0.0,,,,20.0,26.0,0.3764,0.094094,0.0,0.094094,0.002742,1.596837,1.27649,0.0,1.690931,0.4,moderate,0.037638,0.289027,0.326665,0
2026-07-26T10:28:29.172656,12/12 00:15,-8.3,0.0,,,,20.0,26.0,0.3764,0.094094,0.0,0.094094,0.003741,2.009035,1.593135,0.0,2.103129,0.34,low,0.031992,0.363635,0.395627,0
2026-07-26T10:28:44.946591,12/12 01:15,-8.18,0.0,,,,18.0,28.0,0.3764,0.094094,0.0,0.094094,0.000465,0.284401,0.334713,0.0,0.378495,0.34,low,0.031992,0.051477,0.083469,0
2026-07-26T10:28:44.963594,12/12 02:15,-7.8,0.0,,,,18.0,28.0,0.3764,0.094094,0.0,0.094094,0.000649,0.497153,0.448888,0.0,0.591247,0.34,low,0.031992,0.089985,0.121977,0
2026-07-26T10:28:44.980592,12/12 03:15,-7.92,0.0,,,,18.0,28.0,0.3764,0.094094,0.0,0.094094,0.00097,0.780217,0.624069,0.0,0.874311,0.34,low,0.031992,0.141219,0.173211,0
2026-07-26T10:28:44.996590,12/12 04:15,-8.18,0.0,,,,18.0,28.0,0.3764,0.094094,0.0,0.094094,0.001122,0.883888,0.701023,0.0,0.977982,0.34,low,0.031992,0.159984,0.191976,0
2026-07-26T10:28:45.011588,12/12 05:15,-7.92,0.0,,,,18.0,28.0,0.3764,0.094094,0.0,0.094094,0.001296,0.988534,0.782953,0.0,1.082628,0.34,low,0.031992,0.178925,0.210917,0
2026-07-26T10:28:45.026588,12/12 06:15,-8.18,0.0,,,,18.0,28.0,0.3764,0.094094,0.0,0.094094,0.001395,1.040794,0.831427,0.0,1.134888,0.43,moderate,0.04046,0.188384,0.228844,0
2026-07-26T10:28:59.145802,12/12 07:15,-7.65,0.0,,,,18.0,29.0,0.3764,0.094094,0.0,0.094094,0.00882,3.076875,2.475962,0.0,3.170969,0.43,moderate,0.04046,0.556914,0.597375,0
2026-07-26T10:28:59.164807,12/12 08:15,-6.65,0.0,,,,18.0,29.0,0.3764,0.094094,0.0,0.094094,0.008146,2.766496,2.21835,0.0,2.86059,0.43,moderate,0.04046,0.500736,0.541196,0
2026-07-26T10:28:59.183801,12/12 09:23,-4.3,52.0,20.02,19.03,21.32,18.0,29.0,0.3764,0.094094,0.0,0.094094,0.00624,1.914887,1.548559,0.0,2.008981,0.43,moderate,0.04046,0.346595,0.387055,1
2026-07-26T10:28:59.202806,12/12 10:23,-1.65,52.0,21.63,20.14,23.26,18.0,29.0,0.3764,0.094094,0.0,0.094094,0.005125,1.626723,1.312659,0.0,1.720817,0.3,low,0.028228,0.294437,0.322665,0
2026-07-26T10:28:59.220806,12/12 11:23,0.28,52.0,22.51,20.93,24.02,18.0,29.0,0.3764,0.094094,0.0,0.094094,0.00435,1.392226,1.120339,0.0,1.48632,0.3,low,0.028228,0.251993,0.280221,0
2026-07-26T10:28:59.236802,12/12 12:15,1.25,41.6,22.74,21.23,23.68,18.0,29.0,0.3764,0.094094,0.0,0.094094,0.003952,1.265904,1.019035,0.0,1.359998,0.3,low,0.028228,0.229129,0.257357,0
2026-07-26T10:29:15.522306,12/12 13:15,1.82,20.8,22.4,21.02,23.36,20.0,27.0,0.3764,0.094094,0.0,0.094094,0.003703,1.191518,0.959454,0.0,1.285612,0.3,low,0.028228,0.215665,0.243893,0
2026-07-26T10:29:15.538308,12/12 14:15,2.08,41.6,22.62,21.47,23.92,20.0,27.0,0.3764,0.094094,0.0,0.094094,0.003549,1.053383,0.91082,0.0,1.147477,0.3,low,0.028228,0.190662,0.218891,0
2026-07-26T10:29:15.554306,12/12 15:15,1.55,52.0,22.67,21.63,24.22,20.0,27.0,0.3764,0.094094,0.0,0.094094,0.003515,1.173478,0.940737,0.0,1.267572,0.3,low,0.028228,0.2124,0.240628,0
2026-07-26T10:29:15.571307,12/12 16:15,0.98,52.0,22.35,21.41,24.18,20.0,27.0,0.3764,0.094094,0.0,0.094094,0.003583,1.219283,0.985046,0.0,1.313377,0.55,high,0.051752,0.22069,0.272442,0
2026-07-26T10:29:15.585307,12/12 17:15,0.45,52.0,21.91,21.01,23.91,20.0,27.0,0.3764,0.094094,0.0,0.094094,0.003688,1.271668,1.02529,0.0,1.365762,0.55,high,0.051752,0.230172,0.281924,0
2026-07-26T10:29:15.599307,12/12 18:15,-0.15,52.0,21.81,20.91,23.93,20.0,27.0,0.3764,0.094094,0.0,0.094094,0.003839,1.333921,1.07519,0.0,1.428015,0.55,high,0.051752,0.24144,0.293191,0
2026-07-26T10:29:30.585404,12/12 19:15,-0.6,26.0,20.59,20.0,22.51,20.0,26.0,0.3764,0.094094,0.0,0.094094,0.004114,1.428861,1.156079,0.0,1.522955,0.55,high,0.051752,0.258624,0.310376,0
2026-07-26T10:29:30.605404,12/12 20:15,-0.45,0.0,,,,20.0,26.0,0.3764,0.094094,0.0,0.094094,0.005088,2.1124,1.710826,0.0,2.206494,0.55,high,0.051752,0.382344,0.434096,0
2026-07-26T10:29:30.622403,12/12 21:15,0.0,0.0,,,,20.0,26.0,0.3764,0.094094,0.0,0.094094,0.001168,0.764076,0.67914,0.0,0.85817,0.4,moderate,0.037638,0.138298,0.175935,0
2026-07-26T10:29:30.635407,12/12 22:15,0.0,0.0,,,,20.0,26.0,0.3764,0.094094,0.0,0.094094,0.001639,1.106273,0.877565,0.0,1.200367,0.4,moderate,0.037638,0.200235,0.237873,0
2026-07-26T10:29:30.649403,12/12 23:15,0.0,0.0,,,,20.0,26.0,0.3764,0.094094,0.0,0.094094,0.002134,1.387492,1.104934,0.0,1.481586,0.4,moderate,0.037638,0.251136,0.288774,0
2026-07-26T10:29:30.664403,12/13 00:15,0.0,0.0,,,,20.0,26.0,0.3764,0.094094,0.0,0.094094,0.002282,1.45691,1.170426,0.0,1.551004,0.34,low,0.031992,0.263701,0.295693,0
2026-07-26T10:29:45.624039,12/13 01:15,0.0,0.0,,,,18.0,28.0,0.3764,0.094094,0.0,0.094094,0.0,0.0,0.0,0.0,0.094094,0.34,low,0.031992,0.0,0.031992,0
2026-07-26T10:29:45.641041,12/13 02:15,0.0,0.0,,,,18.0,28.0,0.3764,0.094094,0.0,0.094094,6e-06,0.003605,0.005265,0.0,0.097699,0.34,low,0.031992,0.000653,0.032644,0
2026-07-26T10:29:45.656039,12/13 03:15,-0.15,0.0,,,,18.0,28.0,0.3764,0.094094,0.0,0.094094,0.000174,0.119852,0.138653,0.0,0.213946,0.34,low,0.031992,0.021693,0.053685,0
2026-07-26T10:29:45.671037,12/13 04:15,-0.72,0.0,,,,18.0,28.0,0.3764,0.094094,0.0,0.094094,0.00025,0.192438,0.192129,0.0,0.286532,0.34,low,0.031992,0.034831,0.066823,0
2026-07-26T10:29:45.685050,12/13 05:15,-1.1,0.0,,,,18.0,28.0,0.3764,0.094094,0.0,0.094094,0.000398,0.332073,0.291334,0.0,0.426167,0.34,low,0.031992,0.060105,0.092097,0
2026-07-26T10:29:45.699038,12/13 06:15,-0.98,0.0,,,,18.0,28.0,0.3764,0.094094,0.0,0.094094,0.000448,0.389288,0.323803,0.0,0.483382,0.43,moderate,0.04046,0.070461,0.110922,0
2026-07-26T10:29:59.159374,12/13 07:15,-0.6,0.0,,,,18.0,29.0,0.3764,0.094094,0.0,0.094094,0.005582,2.048314,1.624365,0.0,2.142408,0.43,moderate,0.04046,0.370745,0.411205,0
2026-07-26T10:29:59.176375,12/13 08:15,-0.45,0.0,,,,18.0,29.0,0.3764,0.094094,0.0,0.094094,0.005474,1.940056,1.557376,0.0,2.03415,0.43,moderate,0.04046,0.35115,0.391611,0
2026-07-26T10:29:59.192373,12/13 09:15,0.0,52.0,19.74,19.23,21.3,18.0,29.0,0.3764,0.094094,0.0,0.094094,0.004682,1.423095,1.146141,0.0,1.517189,0.43,moderate,0.04046,0.25758,0.298041,1
2026-07-26T10:29:59.207373,12/13 10:15,0.28,52.0,21.05,20.35,22.81,18.0,29.0,0.3764,0.094094,0.0,0.094094,0.004505,1.403379,1.132838,0.0,1.497473,0.3,low,0.028228,0.254012,0.28224,0
2026-07-26T10:29:59.223374,12/13 11:15,1.25,52.0,21.81,21.07,23.45,18.0,29.0,0.3764,0.094094,0.0,0.094094,0.004119,1.284055,1.033146,0.0,1.378149,0.3,low,0.028228,0.232414,0.260642,0
2026-07-26T10:29:59.238374,12/13 12:15,1.82,41.6,22.0,21.25,23.54,18.0,29.0,0.3764,0.094094,0.0,0.094094,0.003864,1.208926,0.973742,0.0,1.30302,0.3,low,0.028228,0.218816,0.247044,0
2026-07-26T10:30:13.518410,12/13 13:15,2.2,20.8,21.76,21.03,23.23,20.0,27.0,0.3764,0.094094,0.0,0.094094,0.003726,1.073487,0.926785,0.0,1.167581,0.3,low,0.028228,0.194301,0.222529,0
2026-07-26T10:30:13.535405,12/13 14:15,2.2,41.6,22.33,21.53,23.87,20.0,27.0,0.3764,0.094094,0.0,0.094094,0.00395,1.080071,0.918217,0.0,1.174165,0.3,low,0.028228,0.195493,0.223721,0
2026-07-26T10:30:13.552407,12/13 15:15,2.08,52.0,22.52,21.7,24.21,20.0,27.0,0.3764,0.094094,0.0,0.094094,0.004023,1.080273,0.909279,0.0,1.174367,0.3,low,0.028228,0.195529,0.223758,0
2026-07-26T10:30:13.568405,12/13 16:15,1.27,52.0,22.45,21.61,24.29,20.0,27.0,0.3764,0.094094,0.0,0.094094,0.003679,1.265422,0.943515,0.0,1.359516,0.55,high,0.051752,0.229041,0.280793,0
2026-07-26T10:30:13.582405,12/13 17:15,-0.15,52.0,22.01,21.16,24.04,20.0,27.0,0.3764,0.094094,0.0,0.094094,0.003842,1.328764,1.075589,0.0,1.422858,0.55,high,0.051752,0.240506,0.292258,0
2026-07-26T10:30:13.598405,12/13 18:15,-0.6,52.0,21.82,20.95,23.97,20.0,27.0,0.3764,0.094094,0.0,0.094094,0.003985,1.394763,1.123997,0.0,1.488857,0.55,high,0.051752,0.252452,0.304204,0
2026-07-26T10:30:28.150215,12/13 19:15,-0.6,26.0,20.67,20.01,22.64,20.0,26.0,0.3764,0.094094,0.0,0.094094,0.004094,1.415143,1.138349,0.0,1.509237,0.55,high,0.051752,0.256141,0.307893,0
2026-07-26T10:30:28.167215,12/13 20:15,-0.45,0.0,,,,20.0,26.0,0.3764,0.094094,0.0,0.094094,0.005186,2.16431,1.758366,0.0,2.258404,0.55,high,0.051752,0.39174,0.443492,0
2026-07-26T10:30:28.181214,12/13 21:15,0.0,0.0,,,,20.0,26.0,0.3764,0.094094,0.0,0.094094,0.001156,0.759177,0.674047,0.0,0.853271,0.4,moderate,0.037638,0.137411,0.175049,0
2026-07-26T10:30:28.194214,12/13 22:15,-0.28,0.0,,,,20.0,26.0,0.3764,0.094094,0.0,0.094094,0.00153,1.047185,0.836525,0.0,1.141279,0.4,moderate,0.037638,0.18954,0.227178,0
2026-07-26T10:30:28.207215,12/13 23:15,-1.25,0.0,,,,20.0,26.0,0.3764,0.094094,0.0,0.094094,0.001878,1.245351,0.993168,0.0,1.339445,0.4,moderate,0.037638,0.225409,0.263046,0
2026-07-26T10:30:28.220214,12/14 00:15,-1.55,0.0,,,,20.0,26.0,0.3764,0.094094,0.0,0.094094,0.001942,1.274652,1.026153,0.0,1.368746,0.34,low,0.031992,0.230712,0.262704,0
2026-07-26T10:30:41.774058,12/14 01:15,-1.1,0.0,,,,18.0,28.0,0.3764,0.094094,0.0,0.094094,0.0,0.0,0.0,0.0,0.094094,0.34,low,0.031992,0.0,0.031992,0
2026-07-26T10:30:41.790060,12/14 02:15,-1.1,0.0,,,,18.0,28.0,0.3764,0.094094,0.0,0.094094,0.0,0.0,0.0,0.0,0.094094,0.34,low,0.031992,0.0,0.031992,0
2026-07-26T10:30:41.804058,12/14 03:15,-1.25,0.0,,,,18.0,28.0,0.3764,0.094094,0.0,0.094094,0.0,0.0,0.0,0.0,0.094094,0.34,low,0.031992,0.0,0.031992,0
2026-07-26T10:30:41.818058,12/14 04:15,-1.7,0.0,,,,18.0,28.0,0.3764,0.094094,0.0,0.094094,3.3e-05,0.021614,0.029113,0.0,0.115708,0.34,low,0.031992,0.003912,0.035904,0
2026-07-26T10:30:41.834059,12/14 05:15,-1.7,0.0,,,,18.0,28.0,0.3764,0.094094,0.0,0.094094,0.000111,0.077735,0.089929,0.0,0.171829,0.34,low,0.031992,0.01407,0.046062,0
2026-07-26T10:30:41.848058,12/14 06:15,-1.55,0.0,,,,18.0,28.0,0.3764,0.094094,0.0,0.094094,0.00026,0.200968,0.200632,0.0,0.295062,0.43,moderate,0.04046,0.036375,0.076836,0
2026-07-26T10:30:55.380742,12/14 07:15,-1.1,0.0,,,,18.0,29.0,0.3764,0.094094,0.0,0.094094,0.000275,0.229558,0.209633,0.0,0.323652,0.43,moderate,0.04046,0.04155,0.08201,0
2026-07-26T10:30:55.396747,12/14 08:15,-1.1,0.0,,,,18.0,29.0,0.3764,0.094094,0.0,0.094094,0.000144,0.125414,0.113427,0.0,0.219508,0.43,moderate,0.04046,0.0227,0.06316,0
2026-07-26T10:30:55.411748,12/14 09:15,-0.83,0.0,,,,18.0,29.0,0.3764,0.094094,0.0,0.094094,5e-06,0.004178,0.003127,0.0,0.098272,0.43,moderate,0.04046,0.000756,0.041217,0
2026-07-26T10:30:55.426742,12/14 10:15,0.0,0.0,,,,18.0,29.0,0.3764,0.094094,0.0,0.094094,0.0,0.0,0.0,0.0,0.094094,0.3,low,0.028228,0.0,0.028228,0
2026-07-26T10:30:55.441744,12/14 11:15,0.0,0.0,,,,18.0,29.0,0.3764,0.094094,0.0,0.094094,0.0,0.0,0.0,0.0,0.094094,0.3,low,0.028228,0.0,0.028228,0
2026-07-26T10:30:55.455744,12/14 12:15,0.15,0.0,,,,18.0,29.0,0.3764,0.094094,0.0,0.094094,0.0,0.0,0.0,0.0,0.094094,0.3,low,0.028228,0.0,0.028228,0
2026-07-26T10:31:10.028498,12/14 13:15,0.6,0.0,,,,18.0,29.0,0.3764,0.094094,0.0,0.094094,0.0,0.0,0.0,0.0,0.094094,0.3,low,0.028228,0.0,0.028228,0
2026-07-26T10:31:10.044497,12/14 14:15,0.6,0.0,,,,18.0,29.0,0.3764,0.094094,0.0,0.094094,0.0,0.0,0.0,0.0,0.094094,0.3,low,0.028228,0.0,0.028228,0
2026-07-26T10:31:10.059496,12/14 15:15,0.45,0.0,,,,18.0,29.0,0.3764,0.094094,0.0,0.094094,0.0,0.0,0.0,0.0,0.094094,0.3,low,0.028228,0.0,0.028228,0
2026-07-26T10:31:10.074496,12/14 16:15,-0.15,0.0,,,,18.0,29.0,0.3764,0.094094,0.0,0.094094,0.0,0.0,0.0,0.0,0.094094,0.55,high,0.051752,0.0,0.051752,0
2026-07-26T10:31:10.088502,12/14 17:15,-1.27,0.0,,,,18.0,29.0,0.3764,0.094094,0.0,0.094094,0.0,0.0,0.0,0.0,0.094094,0.55,high,0.051752,0.0,0.051752,0
2026-07-26T10:31:10.102496,12/14 18:15,-3.45,0.0,,,,18.0,29.0,0.3764,0.094094,0.0,0.094094,4.7e-05,0.041441,0.038758,0.0,0.135535,0.55,high,0.051752,0.007501,0.059253,0
2026-07-26T10:31:25.101597,12/14 19:15,-4.6,0.0,,,,18.0,29.0,0.3764,0.094094,0.0,0.094094,0.000122,0.110605,0.101869,0.0,0.204699,0.55,high,0.051752,0.02002,0.071771,0
2026-07-26T10:31:25.119599,12/14 20:15,-7.1,0.0,,,,18.0,29.0,0.3764,0.094094,0.0,0.094094,0.000524,0.47982,0.374569,0.0,0.573914,0.55,high,0.051752,0.086847,0.138599,0
2026-07-26T10:31:25.134596,12/14 21:15,-8.45,0.0,,,,18.0,29.0,0.3764,0.094094,0.0,0.094094,0.000795,0.694678,0.530802,0.0,0.788772,0.4,moderate,0.037638,0.125737,0.163374,0
2026-07-26T10:31:25.149596,12/14 22:15,-8.75,0.0,,,,18.0,29.0,0.3764,0.094094,0.0,0.094094,0.000974,0.802958,0.625546,0.0,0.897052,0.4,moderate,0.037638,0.145335,0.182973,0
2026-07-26T10:31:25.162601,12/14 23:15,-8.3,0.0,,,,18.0,29.0,0.3764,0.094094,0.0,0.094094,0.001106,0.876169,0.692664,0.0,0.970263,0.4,moderate,0.037638,0.158587,0.196224,0
2026-07-26T10:31:25.177598,12/15 00:15,-8.58,0.0,,,,18.0,29.0,0.3764,0.094094,0.0,0.094094,0.001349,1.023662,0.805772,0.0,1.117756,0.34,low,0.031992,0.185283,0.217275,0
2026-07-26T10:31:39.449466,12/15 01:15,-9.4,0.0,,,,18.0,29.0,0.3764,0.094094,0.0,0.094094,0.001175,0.895395,0.733713,0.0,0.989489,0.34,low,0.031992,0.162066,0.194058,0
2026-07-26T10:31:39.468469,12/15 02:15,-9.4,0.0,,,,18.0,29.0,0.3764,0.094094,0.0,0.094094,0.001443,1.08472,0.857758,0.0,1.178814,0.34,low,0.031992,0.196334,0.228326,0
2026-07-26T10:31:39.484463,12/15 03:15,-9.7,0.0,,,,18.0,29.0,0.3764,0.094094,0.0,0.094094,0.00148,1.082124,0.862164,0.0,1.176218,0.34,low,0.031992,0.195864,0.227856,0
2026-07-26T10:31:39.501465,12/15 04:15,-10.6,0.0,,,,18.0,29.0,0.3764,0.094094,0.0,0.094094,0.001591,1.126738,0.894851,0.0,1.220832,0.34,low,0.031992,0.20394,0.235932,0
2026-07-26T10:31:39.516462,12/15 05:15,-10.45,0.0,,,,18.0,29.0,0.3764,0.094094,0.0,0.094094,0.001735,1.185117,0.941768,0.0,1.279211,0.34,low,0.031992,0.214506,0.246498,0
2026-07-26T10:31:39.532461,12/15 06:15,-10.0,0.0,,,,18.0,29.0,0.3764,0.094094,0.0,0.094094,0.001768,1.176621,0.940785,0.0,1.270715,0.43,moderate,0.04046,0.212968,0.253429,0
2026-07-26T10:31:55.370702,12/15 07:15,-10.0,0.0,,,,18.0,29.0,0.3764,0.094094,0.0,0.094094,0.00176,1.154752,0.926508,0.0,1.248846,0.43,moderate,0.04046,0.20901,0.249471,0
2026-07-26T10:31:55.389698,12/15 08:15,-10.0,0.0,,,,18.0,29.0,0.3764,0.094094,0.0,0.094094,0.001516,0.987171,0.793342,0.0,1.081265,0.43,moderate,0.04046,0.178678,0.219138,0
2026-07-26T10:31:55.409696,12/15 09:15,-9.72,0.0,,,,18.0,29.0,0.3764,0.094094,0.0,0.094094,0.001143,0.74919,0.610777,0.0,0.843284,0.43,moderate,0.04046,0.135603,0.176064,0
2026-07-26T10:31:55.426696,12/15 10:15,-8.62,0.0,,,,18.0,29.0,0.3764,0.094094,0.0,0.094094,0.000511,0.342319,0.274869,0.0,0.436413,0.3,low,0.028228,0.06196,0.090188,0
2026-07-26T10:31:55.442701,12/15 11:15,-7.65,0.0,,,,18.0,29.0,0.3764,0.094094,0.0,0.094094,0.000219,0.154078,0.158581,0.0,0.248172,0.3,low,0.028228,0.027888,0.056116,0
2026-07-26T10:31:55.458696,12/15 12:15,-7.08,0.0,,,,18.0,29.0,0.3764,0.094094,0.0,0.094094,7.3e-05,0.054206,0.055088,0.0,0.1483,0.3,low,0.028228,0.009811,0.038039,0
2026-07-26T10:32:10.227856,12/15 13:15,-6.55,0.0,,,,18.0,29.0,0.3764,0.094094,0.0,0.094094,2.1e-05,0.01616,0.014141,0.0,0.110254,0.3,low,0.028228,0.002925,0.031153,0
2026-07-26T10:32:10.245857,12/15 14:15,-5.97,0.0,,,,18.0,29.0,0.3764,0.094094,0.0,0.094094,8e-06,0.005841,0.00517,0.0,0.099935,0.3,low,0.028228,0.001057,0.029285,0
2026-07-26T10:32:10.261857,12/15 15:15,-5.72,0.0,,,,18.0,29.0,0.3764,0.094094,0.0,0.094094,1.9e-05,0.014639,0.015272,0.0,0.108733,0.3,low,0.028228,0.00265,0.030878,0
2026-07-26T10:32:10.275855,12/15 16:15,-6.52,0.0,,,,18.0,29.0,0.3764,0.094094,0.0,0.094094,6.5e-05,0.050128,0.050949,0.0,0.144222,0.55,high,0.051752,0.009073,0.060825,0
2026-07-26T10:32:10.291856,12/15 17:23,-7.92,0.0,,,,18.0,29.0,0.3764,0.094094,0.0,0.094094,0.000169,0.135834,0.123592,0.0,0.229928,0.55,high,0.051752,0.024586,0.076338,0
2026-07-26T10:32:10.305856,12/15 18:15,-8.18,0.0,,,,18.0,29.0,0.3764,0.094094,0.0,0.094094,0.000373,0.310145,0.260078,0.0,0.404239,0.55,high,0.051752,0.056136,0.107888,0
2026-07-26T10:32:24.716192,12/15 19:15,-7.8,0.0,,,,18.0,29.0,0.3764,0.094094,0.0,0.094094,0.000746,0.628206,0.500845,0.0,0.7223,0.55,high,0.051752,0.113705,0.165457,0
2026-07-26T10:32:24.732195,12/15 20:15,-7.8,0.0,,,,18.0,29.0,0.3764,0.094094,0.0,0.094094,0.000855,0.70863,0.564809,0.0,0.802724,0.55,high,0.051752,0.128262,0.180014,0
2026-07-26T10:32:24.747191,12/15 21:15,-7.8,0.0,,,,18.0,29.0,0.3764,0.094094,0.0,0.094094,0.00102,0.824681,0.651752,0.0,0.918775,0.4,moderate,0.037638,0.149267,0.186905,0
2026-07-26T10:32:24.761190,12/15 22:15,-7.8,0.0,,,,18.0,29.0,0.3764,0.094094,0.0,0.094094,0.001057,0.838787,0.671666,0.0,0.932881,0.4,moderate,0.037638,0.15182,0.189458,0
2026-07-26T10:32:24.775190,12/15 23:15,-7.8,0.0,,,,18.0,29.0,0.3764,0.094094,0.0,0.094094,0.001103,0.868897,0.69767,0.0,0.962991,0.4,moderate,0.037638,0.15727,0.194908,0
2026-07-26T10:32:24.790191,12/16 00:15,-7.8,0.0,,,,18.0,29.0,0.3764,0.094094,0.0,0.094094,0.00114,0.894254,0.718778,0.0,0.988348,0.34,low,0.031992,0.16186,0.193852,0
2026-07-26T10:32:38.609385,12/16 01:15,-7.92,0.0,,,,18.0,29.0,0.3764,0.094094,0.0,0.094094,0.001496,1.108425,0.876048,0.0,1.202519,0.34,low,0.031992,0.200625,0.232617,0
2026-07-26T10:32:38.626386,12/16 02:15,-8.73,0.0,,,,18.0,29.0,0.3764,0.094094,0.0,0.094094,0.001545,1.109983,0.886746,0.0,1.204077,0.34,low,0.031992,0.200907,0.232899,0
2026-07-26T10:32:38.641384,12/16 03:15,-10.28,0.0,,,,18.0,29.0,0.3764,0.094094,0.0,0.094094,0.001773,1.227638,0.972374,0.0,1.321732,0.34,low,0.031992,0.222202,0.254194,0
2026-07-26T10:32:38.655382,12/16 04:15,-11.25,0.0,,,,18.0,29.0,0.3764,0.094094,0.0,0.094094,0.001897,1.267458,1.010142,0.0,1.361552,0.34,low,0.031992,0.22941,0.261402,0
2026-07-26T10:32:38.669384,12/16 05:15,-11.82,0.0,,,,18.0,29.0,0.3764,0.094094,0.0,0.094094,0.002213,1.406374,1.114129,0.0,1.500468,0.34,low,0.031992,0.254554,0.286546,0
2026-07-26T10:32:38.682385,12/16 06:15,-12.35,0.0,,,,18.0,29.0,0.3764,0.094094,0.0,0.094094,0.002163,1.347535,1.082434,0.0,1.441629,0.43,moderate,0.04046,0.243904,0.284364,0
2026-07-26T10:32:52.847378,12/16 07:15,-12.8,0.0,,,,18.0,29.0,0.3764,0.094094,0.0,0.094094,0.013758,4.068355,3.272132,0.0,4.162449,0.43,moderate,0.04046,0.736372,0.776833,0
2026-07-26T10:32:52.864377,12/16 08:15,-12.38,0.0,,,,18.0,29.0,0.3764,0.094094,0.0,0.094094,0.013307,3.794416,3.050719,0.0,3.88851,0.43,moderate,0.04046,0.686789,0.72725,0
2026-07-26T10:32:52.882376,12/16 09:23,-10.55,52.0,19.53,18.36,21.5,18.0,29.0,0.3764,0.094094,0.0,0.094094,0.00991,2.512353,2.034438,0.0,2.606447,0.43,moderate,0.04046,0.454736,0.495196,1
2026-07-26T10:32:52.897375,12/16 10:23,-8.62,52.0,21.12,19.41,23.71,18.0,29.0,0.3764,0.094094,0.0,0.094094,0.008069,2.273207,1.846584,0.0,2.367301,0.3,low,0.028228,0.41145,0.439679,1
2026-07-26T10:32:52.911376,12/16 11:15,-7.65,52.0,21.95,20.11,24.12,18.0,29.0,0.3764,0.094094,0.0,0.094094,0.007181,2.15672,1.743782,0.0,2.250814,0.3,low,0.028228,0.390366,0.418595,0
2026-07-26T10:32:52.926375,12/16 12:15,-7.08,41.6,21.73,20.28,23.06,18.0,29.0,0.3764,0.094094,0.0,0.094094,0.00668,2.084237,1.682201,0.0,2.178331,0.3,low,0.028228,0.377247,0.405475,0
2026-07-26T10:33:07.533779,12/16 13:15,-6.7,20.8,21.16,20.06,22.53,20.0,27.0,0.3764,0.094094,0.0,0.094094,0.006349,2.02766,1.635707,0.0,2.121754,0.3,low,0.028228,0.367006,0.395235,0
2026-07-26T10:33:07.549773,12/16 14:15,-6.7,41.6,21.39,20.4,23.18,20.0,27.0,0.3764,0.094094,0.0,0.094094,0.00628,2.022735,1.629855,0.0,2.116829,0.3,low,0.028228,0.366115,0.394343,0
2026-07-26T10:33:07.563774,12/16 15:15,-6.7,52.0,21.5,20.56,23.53,20.0,27.0,0.3764,0.094094,0.0,0.094094,0.006217,2.0163,1.624354,0.0,2.110394,0.3,low,0.028228,0.36495,0.393178,0
2026-07-26T10:33:07.579773,12/16 16:15,-6.98,52.0,21.26,20.39,23.52,20.0,27.0,0.3764,0.094094,0.0,0.094094,0.006197,2.015154,1.622572,0.0,2.109248,0.55,high,0.051752,0.364743,0.416495,0
2026-07-26T10:33:07.592772,12/16 17:15,-8.07,52.0,21.03,20.2,23.44,20.0,27.0,0.3764,0.094094,0.0,0.094094,0.006759,2.130887,1.709294,0.0,2.224981,0.55,high,0.051752,0.385691,0.437442,0
2026-07-26T10:33:07.606773,12/16 18:15,-8.75,52.0,20.78,20.0,23.24,20.0,27.0,0.3764,0.094094,0.0,0.094094,0.007452,2.249734,1.805538,0.0,2.343828,0.55,high,0.051752,0.407202,0.458954,0
2026-07-26T10:33:23.282319,12/16 19:15,-7.9,26.0,20.36,20.0,21.78,20.0,26.0,0.3764,0.094094,0.0,0.094094,0.00815,2.950726,2.38834,0.0,3.04482,0.55,high,0.051752,0.534081,0.585833,0
2026-07-26T10:33:23.299317,12/16 20:15,-6.43,0.0,,,,20.0,26.0,0.3764,0.094094,0.0,0.094094,0.008808,3.485426,2.81294,0.0,3.57952,0.55,high,0.051752,0.630862,0.682614,0
2026-07-26T10:33:23.315324,12/16 21:15,-5.72,0.0,,,,20.0,26.0,0.3764,0.094094,0.0,0.094094,0.00273,1.55073,1.263495,0.0,1.644824,0.4,moderate,0.037638,0.280682,0.31832,0
2026-07-26T10:33:23.327315,12/16 22:15,-6.37,0.0,,,,20.0,26.0,0.3764,0.094094,0.0,0.094094,0.003243,1.814921,1.456002,0.0,1.909015,0.4,moderate,0.037638,0.328501,0.366138,0
2026-07-26T10:33:23.340315,12/16 23:15,-7.35,0.0,,,,20.0,26.0,0.3764,0.094094,0.0,0.094094,0.003512,1.922382,1.541368,0.0,2.016476,0.4,moderate,0.037638,0.347951,0.385589,0
2026-07-26T10:33:23.354316,12/17 00:15,-7.8,0.0,,,,20.0,26.0,0.3764,0.094094,0.0,0.094094,0.004219,2.188525,1.746292,0.0,2.282619,0.34,low,0.031992,0.396123,0.428115,0
2026-07-26T10:33:38.107657,12/17 01:15,-7.8,0.0,,,,18.0,28.0,0.3764,0.094094,0.0,0.094094,0.000601,0.376733,0.418844,0.0,0.470827,0.34,low,0.031992,0.068189,0.100181,0
2026-07-26T10:33:38.123659,12/17 02:15,-7.8,0.0,,,,18.0,28.0,0.3764,0.094094,0.0,0.094094,0.001063,0.804557,0.667811,0.0,0.898651,0.34,low,0.031992,0.145625,0.177617,0
2026-07-26T10:33:38.140657,12/17 03:15,-7.8,0.0,,,,18.0,28.0,0.3764,0.094094,0.0,0.094094,0.001275,0.967061,0.76988,0.0,1.061155,0.34,low,0.031992,0.175038,0.20703,0
2026-07-26T10:33:38.155656,12/17 04:15,-7.8,0.0,,,,18.0,28.0,0.3764,0.094094,0.0,0.094094,0.001579,1.143663,0.900565,0.0,1.237757,0.34,low,0.031992,0.207003,0.238995,0
2026-07-26T10:33:38.169659,12/17 05:15,-7.8,0.0,,,,18.0,28.0,0.3764,0.094094,0.0,0.094094,0.001854,1.276512,1.009426,0.0,1.370606,0.34,low,0.031992,0.231049,0.263041,0
2026-07-26T10:33:38.183656,12/17 06:15,-7.8,0.0,,,,18.0,28.0,0.3764,0.094094,0.0,0.094094,0.001695,1.174845,0.957489,0.0,1.268939,0.43,moderate,0.04046,0.212647,0.253107,0
2026-07-26T10:33:52.886859,12/17 07:15,-7.65,0.0,,,,18.0,29.0,0.3764,0.094094,0.0,0.094094,0.009226,3.292433,2.649059,0.0,3.386527,0.43,moderate,0.04046,0.59593,0.636391,0
2026-07-26T10:33:52.906860,12/17 08:15,-7.08,0.0,,,,18.0,29.0,0.3764,0.094094,0.0,0.094094,0.008943,3.237741,2.608903,0.0,3.331835,0.43,moderate,0.04046,0.586031,0.626492,0
2026-07-26T10:33:52.927859,12/17 09:15,-6.7,52.0,18.91,18.45,20.38,18.0,29.0,0.3764,0.094094,0.0,0.094094,0.007022,2.090909,1.686385,0.0,2.185003,0.43,moderate,0.04046,0.378455,0.418915,1
2026-07-26T10:33:52.944863,12/17 10:15,-6.43,52.0,20.04,19.4,21.78,18.0,29.0,0.3764,0.094094,0.0,0.094094,0.006863,2.077775,1.675484,0.0,2.171869,0.3,low,0.028228,0.376077,0.404305,1
2026-07-26T10:33:52.962865,12/17 11:15,-5.45,52.0,20.45,19.82,22.29,18.0,29.0,0.3764,0.094094,0.0,0.094094,0.006234,1.953507,1.578279,0.0,2.047601,0.3,low,0.028228,0.353585,0.381813,1
2026-07-26T10:33:52.978864,12/17 12:15,-5.15,41.6,20.49,19.89,22.26,18.0,29.0,0.3764,0.094094,0.0,0.094094,0.005893,1.887894,1.523179,0.0,1.981988,0.3,low,0.028228,0.341709,0.369937,1
2026-07-26T10:34:08.919048,12/17 13:15,-5.72,20.8,20.33,20.0,21.64,20.0,27.0,0.3764,0.094094,0.0,0.094094,0.006372,2.232221,1.803497,0.0,2.326315,0.3,low,0.028228,0.404032,0.43226,0
2026-07-26T10:34:08.938046,12/17 14:15,-6.1,41.6,20.43,20.0,22.1,20.0,27.0,0.3764,0.094094,0.0,0.094094,0.006265,2.051053,1.651999,0.0,2.145147,0.3,low,0.028228,0.371241,0.399469,0
2026-07-26T10:34:08.954044,12/17 15:15,-6.37,52.0,20.55,20.0,22.43,20.0,27.0,0.3764,0.094094,0.0,0.094094,0.006145,1.983009,1.59738,0.0,2.077103,0.3,low,0.028228,0.358925,0.387153,0
2026-07-26T10:34:08.969047,12/17 16:15,-7.2,52.0,20.46,20.0,22.28,20.0,27.0,0.3764,0.094094,0.0,0.094094,0.006726,2.191423,1.767522,0.0,2.285517,0.55,high,0.051752,0.396648,0.448399,0
2026-07-26T10:34:08.984044,12/17 17:15,-7.2,52.0,20.41,20.0,22.06,20.0,27.0,0.3764,0.094094,0.0,0.094094,0.007,2.446301,1.971326,0.0,2.540395,0.55,high,0.051752,0.44278,0.494532,0
2026-07-26T10:34:08.997044,12/17 18:15,-7.35,52.0,20.44,20.0,22.18,20.0,27.0,0.3764,0.094094,0.0,0.094094,0.006978,2.428049,1.95275,0.0,2.522143,0.55,high,0.051752,0.439477,0.491229,0
2026-07-26T10:34:24.939730,12/17 19:15,-8.07,26.0,20.18,20.0,20.9,20.0,26.0,0.3764,0.094094,0.0,0.094094,0.008632,3.294573,2.650493,0.0,3.388667,0.55,high,0.051752,0.596318,0.648069,0
2026-07-26T10:34:24.959077,12/17 20:15,-9.03,0.0,,,,20.0,26.0,0.3764,0.094094,0.0,0.094094,0.011992,4.424324,3.550996,0.0,4.518418,0.55,high,0.051752,0.800803,0.852554,0
2026-07-26T10:34:24.975292,12/17 21:15,-9.83,0.0,,,,20.0,26.0,0.3764,0.094094,0.0,0.094094,0.004585,2.227939,1.800083,0.0,2.322033,0.4,moderate,0.037638,0.403257,0.440895,0
2026-07-26T10:34:24.990297,12/17 22:15,-10.67,0.0,,,,20.0,26.0,0.3764,0.094094,0.0,0.094094,0.005926,2.639165,2.106392,0.0,2.733259,0.4,moderate,0.037638,0.477689,0.515326,0
2026-07-26T10:34:25.004638,12/17 23:15,-9.55,0.0,,,,20.0,26.0,0.3764,0.094094,0.0,0.094094,0.006415,2.758079,2.217068,0.0,2.852173,0.4,moderate,0.037638,0.499212,0.53685,0
2026-07-26T10:34:25.018676,12/18 00:15,-10.15,0.0,,,,20.0,26.0,0.3764,0.094094,0.0,0.094094,0.006199,2.70774,2.183729,0.0,2.801834,0.34,low,0.031992,0.490101,0.522093,0
2026-07-26T10:34:40.312768,12/18 01:15,-10.6,0.0,,,,18.0,28.0,0.3764,0.094094,0.0,0.094094,0.001149,0.753512,0.707508,0.0,0.847606,0.34,low,0.031992,0.136386,0.168378,0
2026-07-26T10:34:40.333167,12/18 02:15,-10.72,0.0,,,,18.0,28.0,0.3764,0.094094,0.0,0.094094,0.001522,1.089352,0.876526,0.0,1.183446,0.34,low,0.031992,0.197173,0.229165,0
2026-07-26T10:34:40.350798,12/18 03:15,-11.38,0.0,,,,18.0,28.0,0.3764,0.094094,0.0,0.094094,0.001884,1.296162,1.026508,0.0,1.390256,0.34,low,0.031992,0.234605,0.266597,0
2026-07-26T10:34:40.366074,12/18 04:15,-12.35,0.0,,,,18.0,28.0,0.3764,0.094094,0.0,0.094094,0.002294,1.483354,1.168581,0.0,1.577448,0.34,low,0.031992,0.268487,0.300479,0
2026-07-26T10:34:40.381074,12/18 05:15,-13.08,0.0,,,,18.0,28.0,0.3764,0.094094,0.0,0.094094,0.002504,1.529097,1.216942,0.0,1.623191,0.34,low,0.031992,0.276767,0.308759,0
2026-07-26T10:34:40.396066,12/18 06:15,-13.9,0.0,,,,18.0,28.0,0.3764,0.094094,0.0,0.094094,0.002646,1.556659,1.243671,0.0,1.650753,0.43,moderate,0.04046,0.281755,0.322216,0
2026-07-26T10:34:54.670491,12/18 07:15,-13.9,0.0,,,,18.0,29.0,0.3764,0.094094,0.0,0.094094,0.015433,4.320002,3.479006,0.0,4.414096,0.43,moderate,0.04046,0.78192,0.822381,0
2026-07-26T10:34:54.686490,12/18 08:15,-13.62,0.0,,,,18.0,29.0,0.3764,0.094094,0.0,0.094094,0.01455,3.887668,3.118688,0.0,3.981762,0.43,moderate,0.04046,0.703668,0.744128,0
2026-07-26T10:34:54.704489,12/18 09:23,-12.38,52.0,19.46,18.37,21.08,18.0,29.0,0.3764,0.094094,0.0,0.094094,0.011491,2.682208,2.16916,0.0,2.776302,0.43,moderate,0.04046,0.48548,0.52594,1
2026-07-26T10:34:54.719496,12/18 10:23,-10.4,52.0,20.94,19.31,23.25,18.0,29.0,0.3764,0.094094,0.0,0.094094,0.009718,2.494765,2.021302,0.0,2.588859,0.3,low,0.028228,0.451552,0.479781,1
2026-07-26T10:34:54.734492,12/18 11:23,-8.03,52.0,21.68,19.81,24.02,18.0,29.0,0.3764,0.094094,0.0,0.094094,0.007499,2.193574,1.785366,0.0,2.287668,0.3,low,0.028228,0.397037,0.425265,1
2026-07-26T10:34:54.749490,12/18 12:23,-6.93,41.6,22.02,20.07,23.73,18.0,29.0,0.3764,0.094094,0.0,0.094094,0.0067,2.080773,1.683823,0.0,2.174867,0.3,low,0.028228,0.37662,0.404848,0
2026-07-26T10:35:10.059563,12/18 13:15,-5.97,20.8,21.8,20.0,23.78,20.0,27.0,0.3764,0.094094,0.0,0.094094,0.00606,1.969539,1.591633,0.0,2.063633,0.3,low,0.028228,0.356487,0.384715,0
2026-07-26T10:35:10.078562,12/18 14:15,-5.6,41.6,22.31,20.45,25.17,20.0,27.0,0.3764,0.094094,0.0,0.094094,0.005692,1.900963,1.533857,0.0,1.995057,0.3,low,0.028228,0.344074,0.372303,0
2026-07-26T10:35:10.092560,12/18 15:15,-5.87,52.0,22.46,20.88,25.44,20.0,27.0,0.3764,0.094094,0.0,0.094094,0.005572,1.888796,1.522949,0.0,1.98289,0.3,low,0.028228,0.341872,0.3701,0
2026-07-26T10:35:10.107561,12/18 16:23,-6.83,52.0,22.12,20.69,24.3,20.0,27.0,0.3764,0.094094,0.0,0.094094,0.005988,1.997218,1.603519,0.0,2.091312,0.55,high,0.051752,0.361496,0.413248,0
2026-07-26T10:35:10.121564,12/18 17:23,-7.35,52.0,21.25,20.24,23.28,20.0,27.0,0.3764,0.094094,0.0,0.094094,0.006267,2.049127,1.646184,0.0,2.143221,0.55,high,0.051752,0.370892,0.422644,0
2026-07-26T10:35:10.135561,12/18 18:15,-8.07,52.0,20.77,20.0,22.95,20.0,27.0,0.3764,0.094094,0.0,0.094094,0.006663,2.133974,1.718729,0.0,2.228068,0.55,high,0.051752,0.386249,0.438001,0
2026-07-26T10:35:24.449597,12/18 19:15,-8.9,26.0,20.33,20.0,21.63,20.0,26.0,0.3764,0.094094,0.0,0.094094,0.008304,2.939469,2.362087,0.0,3.033563,0.55,high,0.051752,0.532044,0.583796,0
2026-07-26T10:35:24.466598,12/18 20:15,-9.18,0.0,,,,20.0,26.0,0.3764,0.094094,0.0,0.094094,0.010107,3.765543,3.030332,0.0,3.859637,0.55,high,0.051752,0.681563,0.733315,0
2026-07-26T10:35:24.481598,12/18 21:15,-10.55,0.0,,,,20.0,26.0,0.3764,0.094094,0.0,0.094094,0.003684,1.907941,1.526439,0.0,2.002035,0.4,moderate,0.037638,0.345337,0.382975,0
2026-07-26T10:35:24.494595,12/18 22:15,-12.2,0.0,,,,20.0,26.0,0.3764,0.094094,0.0,0.094094,0.004919,2.33913,1.865435,0.0,2.433224,0.4,moderate,0.037638,0.423383,0.46102,0
2026-07-26T10:35:24.507595,12/18 23:15,-12.35,0.0,,,,20.0,26.0,0.3764,0.094094,0.0,0.094094,0.00556,2.521386,2.021895,0.0,2.61548,0.4,moderate,0.037638,0.456371,0.494008,0
2026-07-26T10:35:24.520595,12/19 00:15,-12.93,0.0,,,,20.0,26.0,0.3764,0.094094,0.0,0.094094,0.006173,2.685007,2.152234,0.0,2.779101,0.34,low,0.031992,0.485986,0.517978,0
2026-07-26T10:35:38.259205,12/19 01:15,-13.58,0.0,,,,18.0,28.0,0.3764,0.094094,0.0,0.094094,0.001317,0.865841,0.783413,0.0,0.959935,0.34,low,0.031992,0.156717,0.188709,0
2026-07-26T10:35:38.276202,12/19 02:15,-14.55,0.0,,,,18.0,28.0,0.3764,0.094094,0.0,0.094094,0.001921,1.301438,1.031091,0.0,1.395532,0.34,low,0.031992,0.23556,0.267552,0
2026-07-26T10:35:38.291202,12/19 03:15,-15.15,0.0,,,,18.0,28.0,0.3764,0.094094,0.0,0.094094,0.002416,1.532115,1.212579,0.0,1.626209,0.34,low,0.031992,0.277313,0.309305,0
2026-07-26T10:35:38.305204,12/19 04:15,-15.6,0.0,,,,18.0,28.0,0.3764,0.094094,0.0,0.094094,0.002846,1.670239,1.319511,0.0,1.764333,0.34,low,0.031992,0.302313,0.334305,0
2026-07-26T10:35:38.316202,12/19 05:15,-15.72,0.0,,,,18.0,28.0,0.3764,0.094094,0.0,0.094094,0.003184,1.744632,1.38765,0.0,1.838726,0.34,low,0.031992,0.315778,0.34777,0
2026-07-26T10:35:38.329204,12/19 06:15,-16.1,0.0,,,,18.0,28.0,0.3764,0.094094,0.0,0.094094,0.003271,1.733065,1.388223,0.0,1.827159,0.43,moderate,0.04046,0.313685,0.354145,0
2026-07-26T10:35:52.223981,12/19 07:15,-16.1,0.0,,,,18.0,29.0,0.3764,0.094094,0.0,0.094094,0.018083,4.732709,3.812011,0.0,4.826803,0.43,moderate,0.04046,0.85662,0.897081,0
2026-07-26T10:35:52.240982,12/19 08:15,-15.83,0.0,,,,18.0,29.0,0.3764,0.094094,0.0,0.094094,0.017458,4.433738,3.565132,0.0,4.527832,0.43,moderate,0.04046,0.802507,0.842967,0
2026-07-26T10:35:52.257981,12/19 09:20,-14.45,52.0,19.33,18.14,21.43,18.0,29.0,0.3764,0.094094,0.0,0.094094,0.014353,2.903604,2.346244,0.0,2.997698,0.43,moderate,0.04046,0.525552,0.566013,1
2026-07-26T10:35:52.273980,12/19 10:23,-12.1,52.0,20.79,19.03,23.6,18.0,29.0,0.3764,0.094094,0.0,0.094094,0.01135,2.659869,2.159688,0.0,2.753963,0.3,low,0.028228,0.481436,0.509664,1
2026-07-26T10:35:52.289981,12/19 11:23,-9.72,52.0,21.72,19.68,24.44,18.0,29.0,0.3764,0.094094,0.0,0.094094,0.008733,2.365162,1.922804,0.0,2.459256,0.3,low,0.028228,0.428094,0.456323,1
2026-07-26T10:35:52.305981,12/19 12:23,-8.62,41.6,21.99,19.92,23.93,18.0,29.0,0.3764,0.094094,0.0,0.094094,0.00772,2.248544,1.820405,0.0,2.342638,0.3,low,0.028228,0.406986,0.435215,1
2026-07-26T10:36:07.579811,12/19 13:23,-7.8,20.8,21.7,20.0,23.49,20.0,27.0,0.3764,0.094094,0.0,0.094094,0.00693,2.153495,1.741538,0.0,2.247589,0.3,low,0.028228,0.389783,0.418011,0
2026-07-26T10:36:07.598812,12/19 14:15,-7.8,41.6,22.19,20.33,24.99,20.0,27.0,0.3764,0.094094,0.0,0.094094,0.006765,2.122045,1.709785,0.0,2.216139,0.3,low,0.028228,0.38409,0.412318,0
2026-07-26T10:36:07.615811,12/19 15:15,-7.8,52.0,22.5,20.81,25.66,20.0,27.0,0.3764,0.094094,0.0,0.094094,0.006646,2.108044,1.699115,0.0,2.202138,0.3,low,0.028228,0.381556,0.409784,0
2026-07-26T10:36:07.630809,12/19 16:23,-8.5,52.0,22.19,20.53,24.85,20.0,27.0,0.3764,0.094094,0.0,0.094094,0.006573,2.100734,1.692404,0.0,2.194828,0.55,high,0.051752,0.380233,0.431985,0
2026-07-26T10:36:07.646810,12/19 17:23,-10.88,52.0,21.41,20.23,23.53,20.0,27.0,0.3764,0.094094,0.0,0.094094,0.008484,2.401579,1.91376,0.0,2.495673,0.55,high,0.051752,0.434686,0.486437,0
2026-07-26T10:36:07.660809,12/19 18:15,-11.97,52.0,21.02,20.11,23.46,20.0,27.0,0.3764,0.094094,0.0,0.094094,0.009425,2.500266,2.005045,0.0,2.59436,0.55,high,0.051752,0.452548,0.5043,0
2026-07-26T10:36:24.319717,12/19 19:15,-13.2,26.0,20.41,20.0,22.05,20.0,26.0,0.3764,0.094094,0.0,0.094094,0.011453,3.284043,2.647773,0.0,3.378137,0.55,high,0.051752,0.594412,0.646163,0
2026-07-26T10:36:24.339036,12/19 20:15,-14.55,0.0,,,,20.0,26.0,0.3764,0.094094,0.0,0.094094,0.015634,4.450427,3.569992,0.0,4.544521,0.55,high,0.051752,0.805527,0.857279,0
2026-07-26T10:36:24.354987,12/19 21:15,-15.15,0.0,,,,20.0,26.0,0.3764,0.094094,0.0,0.094094,0.004561,2.154488,1.727451,0.0,2.248582,0.4,moderate,0.037638,0.389962,0.4276,0
2026-07-26T10:36:24.367991,12/19 22:15,-15.72,0.0,,,,20.0,26.0,0.3764,0.094094,0.0,0.094094,0.005279,2.390751,1.921324,0.0,2.484845,0.4,moderate,0.037638,0.432726,0.470364,0
2026-07-26T10:36:24.382155,12/19 23:15,-16.25,0.0,,,,20.0,26.0,0.3764,0.094094,0.0,0.094094,0.005028,2.325975,1.880752,0.0,2.420069,0.4,moderate,0.037638,0.421001,0.458639,0
2026-07-26T10:36:24.397319,12/20 00:15,-16.7,0.0,,,,20.0,26.0,0.3764,0.094094,0.0,0.094094,0.006978,2.869903,2.279105,0.0,2.963997,0.34,low,0.031992,0.519452,0.551444,0
2026-07-26T10:36:39.690837,12/20 01:15,-16.82,0.0,,,,18.0,28.0,0.3764,0.094094,0.0,0.094094,0.001653,1.081822,0.931994,0.0,1.175916,0.34,low,0.031992,0.19581,0.227802,0
2026-07-26T10:36:39.708832,12/20 02:15,-17.35,0.0,,,,18.0,28.0,0.3764,0.094094,0.0,0.094094,0.002212,1.449815,1.152363,0.0,1.543909,0.34,low,0.031992,0.262417,0.294408,0
2026-07-26T10:36:39.725833,12/20 03:15,-17.65,0.0,,,,18.0,28.0,0.3764,0.094094,0.0,0.094094,0.002779,1.645166,1.293453,0.0,1.73926,0.34,low,0.031992,0.297775,0.329767,0
2026-07-26T10:36:39.740835,12/20 04:15,-17.35,0.0,,,,18.0,28.0,0.3764,0.094094,0.0,0.094094,0.003352,1.793533,1.418275,0.0,1.887627,0.34,low,0.031992,0.324629,0.356621,0
2026-07-26T10:36:39.755833,12/20 05:15,-17.8,0.0,,,,18.0,28.0,0.3764,0.094094,0.0,0.094094,0.00332,1.721832,1.382376,0.0,1.815926,0.34,low,0.031992,0.311652,0.343644,0
2026-07-26T10:36:39.769832,12/20 06:15,-17.93,0.0,,,,18.0,28.0,0.3764,0.094094,0.0,0.094094,0.003684,1.825639,1.457582,0.0,1.919733,0.43,moderate,0.04046,0.330441,0.370901,0
2026-07-26T10:36:55.197836,12/20 07:15,-18.18,0.0,,,,18.0,29.0,0.3764,0.094094,0.0,0.094094,0.018183,4.852452,3.90856,0.0,4.946546,0.43,moderate,0.04046,0.878294,0.918754,0
2026-07-26T10:36:55.217894,12/20 08:15,-17.53,0.0,,,,18.0,29.0,0.3764,0.094094,0.0,0.094094,0.017604,4.583755,3.686658,0.0,4.677849,0.43,moderate,0.04046,0.82966,0.87012,0
2026-07-26T10:36:55.237859,12/20 09:23,-15.85,52.0,18.85,18.0,20.12,18.0,29.0,0.3764,0.094094,0.0,0.094094,0.014868,3.021355,2.426557,0.0,3.115449,0.43,moderate,0.04046,0.546865,0.587326,1
2026-07-26T10:36:55.256892,12/20 10:23,-12.63,52.0,20.32,18.88,22.32,18.0,29.0,0.3764,0.094094,0.0,0.094094,0.012008,2.705897,2.206201,0.0,2.799991,0.3,low,0.028228,0.489767,0.517996,1
2026-07-26T10:36:55.274857,12/20 11:23,-10.45,52.0,21.31,19.57,23.42,18.0,29.0,0.3764,0.094094,0.0,0.094094,0.009279,2.434274,1.978179,0.0,2.528368,0.3,low,0.028228,0.440604,0.468832,1
2026-07-26T10:36:55.291853,12/20 12:15,-9.85,41.6,21.53,19.79,23.06,18.0,29.0,0.3764,0.094094,0.0,0.094094,0.008646,2.372442,1.916375,0.0,2.466536,0.3,low,0.028228,0.429412,0.45764,1
2026-07-26T10:37:12.460520,12/20 13:15,-9.4,20.8,21.26,20.0,22.58,20.0,27.0,0.3764,0.094094,0.0,0.094094,0.008182,2.440732,1.972446,0.0,2.534826,0.3,low,0.028228,0.441772,0.470001,0
2026-07-26T10:37:12.479518,12/20 14:15,-9.28,41.6,21.53,20.0,23.75,20.0,27.0,0.3764,0.094094,0.0,0.094094,0.007892,2.291322,1.845485,0.0,2.385416,0.3,low,0.028228,0.414729,0.442957,0
2026-07-26T10:37:12.496518,12/20 15:15,-9.18,52.0,21.7,20.31,23.86,20.0,27.0,0.3764,0.094094,0.0,0.094094,0.007443,2.226365,1.797329,0.0,2.320459,0.3,low,0.028228,0.402972,0.4312,0
2026-07-26T10:37:12.511527,12/20 16:23,-10.43,52.0,21.3,20.05,23.01,20.0,27.0,0.3764,0.094094,0.0,0.094094,0.008189,2.344387,1.87899,0.0,2.438481,0.55,high,0.051752,0.424334,0.476086,0
2026-07-26T10:37:12.529518,12/20 17:23,-11.82,52.0,20.69,20.0,22.54,20.0,27.0,0.3764,0.094094,0.0,0.094094,0.009778,2.739306,2.200007,0.0,2.8334,0.55,high,0.051752,0.495814,0.547566,0
2026-07-26T10:37:12.543519,12/20 18:15,-12.35,52.0,20.46,20.0,22.31,20.0,27.0,0.3764,0.094094,0.0,0.094094,0.010456,2.923063,2.354405,0.0,3.017157,0.55,high,0.051752,0.529074,0.580826,0
2026-07-26T10:37:28.408218,12/20 19:15,-12.53,26.0,20.12,20.0,20.59,20.0,26.0,0.3764,0.094094,0.0,0.094094,0.013357,4.172322,3.357391,0.0,4.266416,0.55,high,0.051752,0.75519,0.806942,0
2026-07-26T10:37:28.425220,12/20 20:15,-11.12,0.0,,,,20.0,26.0,0.3764,0.094094,0.0,0.094094,0.015391,5.037266,4.061687,0.0,5.13136,0.55,high,0.051752,0.911745,0.963497,0
2026-07-26T10:37:28.440215,12/20 21:15,-8.73,0.0,,,,20.0,26.0,0.3764,0.094094,0.0,0.094094,0.00773,2.998308,2.398538,0.0,3.092402,0.4,moderate,0.037638,0.542694,0.580331,0
2026-07-26T10:37:28.455213,12/20 22:15,-6.43,0.0,,,,20.0,26.0,0.3764,0.094094,0.0,0.094094,0.006617,2.770658,2.257119,0.0,2.864752,0.4,moderate,0.037638,0.501489,0.539127,0
2026-07-26T10:37:28.469217,12/20 23:15,-5.6,0.0,,,,20.0,26.0,0.3764,0.094094,0.0,0.094094,0.006464,2.783144,2.245502,0.0,2.877238,0.4,moderate,0.037638,0.503749,0.541387,0
2026-07-26T10:37:28.484213,12/21 00:15,-5.6,0.0,,,,20.0,26.0,0.3764,0.094094,0.0,0.094094,0.006506,2.803847,2.257117,0.0,2.897941,0.34,low,0.031992,0.507496,0.539488,0
2026-07-26T10:37:42.799884,12/21 01:15,-5.45,0.0,,,,18.0,28.0,0.3764,0.094094,0.0,0.094094,0.000685,0.419753,0.468006,0.0,0.513847,0.34,low,0.031992,0.075975,0.107967,0
2026-07-26T10:37:42.815868,12/21 02:15,-4.85,0.0,,,,18.0,28.0,0.3764,0.094094,0.0,0.094094,0.00105,0.792156,0.662824,0.0,0.88625,0.34,low,0.031992,0.14338,0.175372,0
2026-07-26T10:37:42.832870,12/21 03:15,-4.4,0.0,,,,18.0,28.0,0.3764,0.094094,0.0,0.094094,0.00115,0.884799,0.711671,0.0,0.978893,0.34,low,0.031992,0.160149,0.192141,0
2026-07-26T10:37:42.845868,12/21 04:15,-4.28,0.0,,,,18.0,28.0,0.3764,0.094094,0.0,0.094094,0.001053,0.817966,0.665301,0.0,0.91206,0.34,low,0.031992,0.148052,0.180044,0
2026-07-26T10:37:42.858868,12/21 05:15,-3.62,0.0,,,,18.0,28.0,0.3764,0.094094,0.0,0.094094,0.001003,0.789553,0.640884,0.0,0.883647,0.34,low,0.031992,0.142909,0.174901,0
2026-07-26T10:37:42.871869,12/21 06:15,-2.65,0.0,,,,18.0,28.0,0.3764,0.094094,0.0,0.094094,0.000927,0.739363,0.601441,0.0,0.833457,0.43,moderate,0.04046,0.133825,0.174285,0
2026-07-26T10:37:56.814516,12/21 07:15,-1.93,0.0,,,,18.0,29.0,0.3764,0.094094,0.0,0.094094,0.000933,0.748202,0.60304,0.0,0.842296,0.43,moderate,0.04046,0.135425,0.175885,0
2026-07-26T10:37:56.831516,12/21 08:15,-1.1,0.0,,,,18.0,29.0,0.3764,0.094094,0.0,0.094094,0.000689,0.563757,0.468655,0.0,0.657851,0.43,moderate,0.04046,0.10204,0.1425,0
2026-07-26T10:37:56.846515,12/21 09:15,-0.98,0.0,,,,18.0,29.0,0.3764,0.094094,0.0,0.094094,0.000477,0.404673,0.340917,0.0,0.498767,0.43,moderate,0.04046,0.073246,0.113706,0
2026-07-26T10:37:56.860515,12/21 10:15,-0.6,0.0,,,,18.0,29.0,0.3764,0.094094,0.0,0.094094,0.000172,0.150397,0.130409,0.0,0.244491,0.3,low,0.028228,0.027222,0.05545,0
2026-07-26T10:37:56.874515,12/21 11:15,-0.45,0.0,,,,18.0,29.0,0.3764,0.094094,0.0,0.094094,1.5e-05,0.013184,0.010413,0.0,0.107278,0.3,low,0.028228,0.002386,0.030615,0
2026-07-26T10:37:56.887515,12/21 12:15,0.0,0.0,,,,18.0,29.0,0.3764,0.094094,0.0,0.094094,0.0,0.0,0.0,0.0,0.094094,0.3,low,0.028228,0.0,0.028228,0
2026-07-26T10:38:11.269975,12/21 13:15,0.0,0.0,,,,18.0,29.0,0.3764,0.094094,0.0,0.094094,0.0,0.0,0.0,0.0,0.094094,0.3,low,0.028228,0.0,0.028228,0
2026-07-26T10:38:11.286975,12/21 14:15,0.0,0.0,,,,18.0,29.0,0.3764,0.094094,0.0,0.094094,0.0,0.0,0.0,0.0,0.094094,0.3,low,0.028228,0.0,0.028228,0
2026-07-26T10:38:11.300975,12/21 15:15,0.15,0.0,,,,18.0,29.0,0.3764,0.094094,0.0,0.094094,0.0,0.0,0.0,0.0,0.094094,0.3,low,0.028228,0.0,0.028228,0
2026-07-26T10:38:11.314975,12/21 16:15,0.6,0.0,,,,18.0,29.0,0.3764,0.094094,0.0,0.094094,1.7e-05,0.01483,0.013363,0.0,0.108924,0.55,high,0.051752,0.002684,0.054436,0
2026-07-26T10:38:11.328975,12/21 17:15,0.6,0.0,,,,18.0,29.0,0.3764,0.094094,0.0,0.094094,0.000195,0.174395,0.149615,0.0,0.268489,0.55,high,0.051752,0.031565,0.083317,0
2026-07-26T10:38:11.342975,12/21 18:15,0.6,0.0,,,,18.0,29.0,0.3764,0.094094,0.0,0.094094,0.000228,0.207616,0.174213,0.0,0.30171,0.55,high,0.051752,0.037578,0.08933,0
2026-07-26T10:38:25.050399,12/21 19:15,0.6,0.0,,,,18.0,29.0,0.3764,0.094094,0.0,0.094094,0.000219,0.20261,0.168602,0.0,0.296704,0.55,high,0.051752,0.036672,0.088424,0
2026-07-26T10:38:25.065401,12/21 20:15,0.6,0.0,,,,18.0,29.0,0.3764,0.094094,0.0,0.094094,0.000285,0.265213,0.214422,0.0,0.359307,0.55,high,0.051752,0.048004,0.099755,0
2026-07-26T10:38:25.078398,12/21 21:15,0.6,0.0,,,,18.0,29.0,0.3764,0.094094,0.0,0.094094,0.000322,0.299689,0.240019,0.0,0.393783,0.4,moderate,0.037638,0.054244,0.091881,0
2026-07-26T10:38:25.092397,12/21 22:15,0.45,0.0,,,,18.0,29.0,0.3764,0.094094,0.0,0.094094,0.000267,0.248803,0.201708,0.0,0.342897,0.4,moderate,0.037638,0.045033,0.082671,0
2026-07-26T10:38:25.104400,12/21 23:15,0.0,0.0,,,,18.0,29.0,0.3764,0.094094,0.0,0.094094,0.000443,0.409288,0.319635,0.0,0.503382,0.4,moderate,0.037638,0.074081,0.111719,0
2026-07-26T10:38:25.117398,12/22 00:15,0.0,0.0,,,,18.0,29.0,0.3764,0.094094,0.0,0.094094,0.000277,0.254682,0.20922,0.0,0.348776,0.34,low,0.031992,0.046097,0.078089,0
2026-07-26T10:38:38.727241,12/22 01:15,0.0,0.0,,,,18.0,29.0,0.3764,0.094094,0.0,0.094094,0.000376,0.346916,0.275516,0.0,0.44101,0.34,low,0.031992,0.062792,0.094784,0
2026-07-26T10:38:38.743238,12/22 02:15,0.0,0.0,,,,18.0,29.0,0.3764,0.094094,0.0,0.094094,0.000334,0.307659,0.248078,0.0,0.401753,0.34,low,0.031992,0.055686,0.087678,0
2026-07-26T10:38:38.759238,12/22 03:15,0.0,0.0,,,,18.0,29.0,0.3764,0.094094,0.0,0.094094,0.000338,0.311547,0.251097,0.0,0.405641,0.34,low,0.031992,0.05639,0.088382,0
2026-07-26T10:38:38.772237,12/22 04:15,0.0,0.0,,,,18.0,29.0,0.3764,0.094094,0.0,0.094094,0.000318,0.293302,0.238232,0.0,0.387396,0.34,low,0.031992,0.053088,0.08508,0
2026-07-26T10:38:38.785237,12/22 05:15,0.0,0.0,,,,18.0,29.0,0.3764,0.094094,0.0,0.094094,0.000342,0.316133,0.25325,0.0,0.410227,0.34,low,0.031992,0.05722,0.089212,0
2026-07-26T10:38:38.799238,12/22 06:15,0.0,0.0,,,,18.0,29.0,0.3764,0.094094,0.0,0.094094,0.000322,0.297604,0.239778,0.0,0.391698,0.43,moderate,0.04046,0.053866,0.094327,0
2026-07-26T10:38:52.761083,12/22 07:15,0.0,0.0,,,,18.0,29.0,0.3764,0.094094,0.0,0.094094,0.000256,0.237631,0.194295,0.0,0.331725,0.43,moderate,0.04046,0.043011,0.083472,0
2026-07-26T10:38:52.778084,12/22 08:15,-0.15,0.0,,,,18.0,29.0,0.3764,0.094094,0.0,0.094094,0.000142,0.133124,0.110558,0.0,0.227218,0.43,moderate,0.04046,0.024095,0.064556,0
2026-07-26T10:38:52.794084,12/22 09:15,-0.45,0.0,,,,18.0,29.0,0.3764,0.094094,0.0,0.094094,4e-06,0.003327,0.001209,0.0,0.097421,0.43,moderate,0.04046,0.000602,0.041063,0
2026-07-26T10:38:52.807084,12/22 10:15,0.0,0.0,,,,18.0,29.0,0.3764,0.094094,0.0,0.094094,0.0,0.0,0.0,0.0,0.094094,0.3,low,0.028228,0.0,0.028228,0
2026-07-26T10:38:52.821083,12/22 11:15,0.0,0.0,,,,18.0,29.0,0.3764,0.094094,0.0,0.094094,0.0,0.0,0.0,0.0,0.094094,0.3,low,0.028228,0.0,0.028228,0
2026-07-26T10:38:52.835084,12/22 12:15,0.15,0.0,,,,18.0,29.0,0.3764,0.094094,0.0,0.094094,0.0,0.0,0.0,0.0,0.094094,0.3,low,0.028228,0.0,0.028228,0
2026-07-26T10:39:07.788328,12/22 13:15,0.6,0.0,,,,18.0,29.0,0.3764,0.094094,0.0,0.094094,0.0,0.0,0.0,0.0,0.094094,0.3,low,0.028228,0.0,0.028228,0
2026-07-26T10:39:07.804328,12/22 14:15,0.6,0.0,,,,18.0,29.0,0.3764,0.094094,0.0,0.094094,0.0,0.0,0.0,0.0,0.094094,0.3,low,0.028228,0.0,0.028228,0
2026-07-26T10:39:07.821328,12/22 15:15,0.6,0.0,,,,18.0,29.0,0.3764,0.094094,0.0,0.094094,0.0,0.0,0.0,0.0,0.094094,0.3,low,0.028228,0.0,0.028228,0
2026-07-26T10:39:07.837328,12/22 16:15,0.6,0.0,,,,18.0,29.0,0.3764,0.094094,0.0,0.094094,0.0,0.0,0.0,0.0,0.094094,0.55,high,0.051752,0.0,0.051752,0
2026-07-26T10:39:07.851327,12/22 17:15,0.6,0.0,,,,18.0,29.0,0.3764,0.094094,0.0,0.094094,0.0,0.0,0.0,0.0,0.094094,0.55,high,0.051752,0.0,0.051752,0
2026-07-26T10:39:07.866328,12/22 18:15,0.6,0.0,,,,18.0,29.0,0.3764,0.094094,0.0,0.094094,0.0,0.0,0.0,0.0,0.094094,0.55,high,0.051752,0.0,0.051752,0
2026-07-26T10:39:22.811475,12/22 19:15,0.45,0.0,,,,18.0,29.0,0.3764,0.094094,0.0,0.094094,0.0,0.0,0.0,0.0,0.094094,0.55,high,0.051752,0.0,0.051752,0
2026-07-26T10:39:22.829478,12/22 20:15,0.0,0.0,,,,18.0,29.0,0.3764,0.094094,0.0,0.094094,0.000119,0.112425,0.096104,0.0,0.206519,0.55,high,0.051752,0.020349,0.072101,0
2026-07-26T10:39:22.849478,12/22 21:15,0.0,0.0,,,,18.0,29.0,0.3764,0.094094,0.0,0.094094,0.00027,0.25677,0.20624,0.0,0.350864,0.4,moderate,0.037638,0.046475,0.084113,0
2026-07-26T10:39:22.867474,12/22 22:15,0.0,0.0,,,,18.0,29.0,0.3764,0.094094,0.0,0.094094,0.00027,0.25613,0.205786,0.0,0.350224,0.4,moderate,0.037638,0.04636,0.083997,0
2026-07-26T10:39:22.881474,12/22 23:15,0.0,0.0,,,,18.0,29.0,0.3764,0.094094,0.0,0.094094,0.000256,0.242708,0.195206,0.0,0.336802,0.4,moderate,0.037638,0.04393,0.081568,0
2026-07-26T10:39:22.897475,12/23 00:15,-0.15,0.0,,,,18.0,29.0,0.3764,0.094094,0.0,0.094094,0.000229,0.217344,0.176275,0.0,0.311438,0.34,low,0.031992,0.039339,0.071331,0
2026-07-26T10:39:37.713154,12/23 01:15,-0.72,0.0,,,,18.0,29.0,0.3764,0.094094,0.0,0.094094,0.000554,0.509834,0.389111,0.0,0.603928,0.34,low,0.031992,0.09228,0.124272,0
2026-07-26T10:39:37.732162,12/23 02:15,-1.25,0.0,,,,18.0,29.0,0.3764,0.094094,0.0,0.094094,0.000626,0.55475,0.432195,0.0,0.648844,0.34,low,0.031992,0.10041,0.132402,0
2026-07-26T10:39:37.749651,12/23 03:15,-1.97,0.0,,,,18.0,29.0,0.3764,0.094094,0.0,0.094094,0.000668,0.578035,0.458478,0.0,0.672129,0.34,low,0.031992,0.104624,0.136616,0
2026-07-26T10:39:37.765653,12/23 04:15,-3.2,0.0,,,,18.0,29.0,0.3764,0.094094,0.0,0.094094,0.000879,0.735208,0.572179,0.0,0.829302,0.34,low,0.031992,0.133073,0.165065,0
2026-07-26T10:39:37.780614,12/23 05:15,-4.98,0.0,,,,18.0,29.0,0.3764,0.094094,0.0,0.094094,0.001011,0.814322,0.642032,0.0,0.908416,0.34,low,0.031992,0.147392,0.179384,0
2026-07-26T10:39:37.797083,12/23 06:15,-6.98,0.0,,,,18.0,29.0,0.3764,0.094094,0.0,0.094094,0.001261,0.971884,0.762706,0.0,1.065978,0.43,moderate,0.04046,0.175911,0.216371,0
2026-07-26T10:39:53.151140,12/23 07:15,-7.92,0.0,,,,18.0,29.0,0.3764,0.094094,0.0,0.094094,0.008971,3.22483,2.589973,0.0,3.318924,0.43,moderate,0.04046,0.583694,0.624155,0
2026-07-26T10:39:53.171137,12/23 08:15,-8.18,0.0,,,,18.0,29.0,0.3764,0.094094,0.0,0.094094,0.008886,3.01309,2.418081,0.0,3.107184,0.43,moderate,0.04046,0.545369,0.58583,0
2026-07-26T10:39:53.191136,12/23 09:23,-7.52,52.0,19.72,18.69,21.17,18.0,29.0,0.3764,0.094094,0.0,0.094094,0.007437,2.183911,1.762797,0.0,2.278005,0.43,moderate,0.04046,0.395288,0.435748,1
2026-07-26T10:39:53.209138,12/23 10:23,-6.43,52.0,21.22,19.64,23.43,18.0,29.0,0.3764,0.094094,0.0,0.094094,0.006682,2.055132,1.662203,0.0,2.149226,0.3,low,0.028228,0.371979,0.400207,1
2026-07-26T10:39:53.225136,12/23 11:23,-5.45,52.0,22.05,20.14,24.31,18.0,29.0,0.3764,0.094094,0.0,0.094094,0.005995,1.928147,1.559652,0.0,2.022241,0.3,low,0.028228,0.348995,0.377223,0
2026-07-26T10:39:53.241141,12/23 12:23,-4.72,41.6,22.49,20.4,24.19,18.0,29.0,0.3764,0.094094,0.0,0.094094,0.005576,1.85267,1.497033,0.0,1.946764,0.3,low,0.028228,0.335333,0.363561,0
2026-07-26T10:40:09.006462,12/23 13:23,-3.62,20.8,22.14,20.17,24.44,20.0,27.0,0.3764,0.094094,0.0,0.094094,0.005069,1.733251,1.399971,0.0,1.827345,0.3,low,0.028228,0.313718,0.341947,0
2026-07-26T10:40:09.026463,12/23 14:23,-2.65,41.6,22.82,20.79,26.12,20.0,27.0,0.3764,0.094094,0.0,0.094094,0.004598,1.611467,1.301323,0.0,1.705561,0.3,low,0.028228,0.291676,0.319904,1
2026-07-26T10:40:09.043463,12/23 15:15,-2.48,52.0,23.05,21.29,26.68,20.0,27.0,0.3764,0.094094,0.0,0.094094,0.004328,1.542138,1.244314,0.0,1.636232,0.3,low,0.028228,0.279127,0.307355,1
2026-07-26T10:40:09.059469,12/23 16:23,-3.72,52.0,22.82,21.18,25.88,20.0,27.0,0.3764,0.094094,0.0,0.094094,0.004575,1.643966,1.324035,0.0,1.73806,0.55,high,0.051752,0.297558,0.34931,0
2026-07-26T10:40:09.076462,12/23 17:23,-5.15,52.0,21.83,20.68,23.7,20.0,27.0,0.3764,0.094094,0.0,0.094094,0.005176,1.821726,1.460551,0.0,1.91582,0.55,high,0.051752,0.329732,0.381484,0
2026-07-26T10:40:09.091462,12/23 18:15,-5.72,52.0,21.25,20.4,23.39,20.0,27.0,0.3764,0.094094,0.0,0.094094,0.005476,1.884667,1.514234,0.0,1.978761,0.55,high,0.051752,0.341125,0.392876,0
2026-07-26T10:40:24.741532,12/23 19:15,-6.1,26.0,20.37,20.0,21.82,20.0,26.0,0.3764,0.094094,0.0,0.094094,0.006341,2.36589,1.916598,0.0,2.459984,0.55,high,0.051752,0.428226,0.479978,0
2026-07-26T10:40:24.759532,12/23 20:15,-6.37,0.0,,,,20.0,26.0,0.3764,0.094094,0.0,0.094094,0.008083,3.308067,2.662596,0.0,3.402161,0.55,high,0.051752,0.59876,0.650512,0
2026-07-26T10:40:24.775533,12/23 21:15,-7.2,0.0,,,,20.0,26.0,0.3764,0.094094,0.0,0.094094,0.003329,1.809156,1.430571,0.0,1.90325,0.4,moderate,0.037638,0.327457,0.365095,0
2026-07-26T10:40:24.790533,12/23 22:15,-7.35,0.0,,,,20.0,26.0,0.3764,0.094094,0.0,0.094094,0.004232,2.143243,1.714257,0.0,2.237337,0.4,moderate,0.037638,0.387927,0.425565,0
2026-07-26T10:40:24.805532,12/23 23:15,-7.65,0.0,,,,20.0,26.0,0.3764,0.094094,0.0,0.094094,0.005055,2.413369,1.929101,0.0,2.507463,0.4,moderate,0.037638,0.43682,0.474457,0
2026-07-26T10:40:24.820531,12/24 00:15,-7.2,0.0,,,,20.0,26.0,0.3764,0.094094,0.0,0.094094,0.005315,2.486284,2.000119,0.0,2.580378,0.34,low,0.031992,0.450017,0.482009,0
2026-07-26T10:40:39.147548,12/24 01:15,-7.08,0.0,,,,18.0,28.0,0.3764,0.094094,0.0,0.094094,0.000754,0.479383,0.503118,0.0,0.573477,0.34,low,0.031992,0.086768,0.11876,0
2026-07-26T10:40:39.166544,12/24 02:15,-6.7,0.0,,,,18.0,28.0,0.3764,0.094094,0.0,0.094094,0.00118,0.879904,0.720996,0.0,0.973998,0.34,low,0.031992,0.159263,0.191255,0
2026-07-26T10:40:39.181540,12/24 03:15,-6.7,0.0,,,,18.0,28.0,0.3764,0.094094,0.0,0.094094,0.001489,1.087931,0.859445,0.0,1.182025,0.34,low,0.031992,0.196916,0.228907,0
2026-07-26T10:40:39.195540,12/24 04:15,-6.7,0.0,,,,18.0,28.0,0.3764,0.094094,0.0,0.094094,0.00163,1.152082,0.919062,0.0,1.246176,0.34,low,0.031992,0.208527,0.240519,0
2026-07-26T10:40:39.209539,12/24 05:15,-6.7,0.0,,,,18.0,28.0,0.3764,0.094094,0.0,0.094094,0.001717,1.192053,0.956055,0.0,1.286147,0.34,low,0.031992,0.215762,0.247754,0
2026-07-26T10:40:39.223541,12/24 06:15,-6.83,0.0,,,,18.0,28.0,0.3764,0.094094,0.0,0.094094,0.001617,1.134523,0.921606,0.0,1.228617,0.43,moderate,0.04046,0.205349,0.245809,0
2026-07-26T10:40:53.270096,12/24 07:15,-7.2,0.0,,,,18.0,29.0,0.3764,0.094094,0.0,0.094094,0.008939,3.258263,2.620019,0.0,3.352357,0.43,moderate,0.04046,0.589746,0.630206,0
2026-07-26T10:40:53.286092,12/24 08:15,-7.08,0.0,,,,18.0,29.0,0.3764,0.094094,0.0,0.094094,0.008729,3.105103,2.48959,0.0,3.199197,0.43,moderate,0.04046,0.562024,0.602484,0
2026-07-26T10:40:53.303091,12/24 09:23,-6.43,52.0,19.62,18.57,21.31,18.0,29.0,0.3764,0.094094,0.0,0.094094,0.006952,2.083617,1.681761,0.0,2.177711,0.43,moderate,0.04046,0.377135,0.417595,1
2026-07-26T10:40:53.319091,12/24 10:23,-5.3,52.0,21.19,19.59,23.58,18.0,29.0,0.3764,0.094094,0.0,0.094094,0.006249,1.952878,1.579233,0.0,2.046972,0.3,low,0.028228,0.353471,0.381699,1
2026-07-26T10:40:53.335092,12/24 11:23,-4.12,52.0,21.98,20.09,24.35,18.0,29.0,0.3764,0.094094,0.0,0.094094,0.005573,1.814653,1.467516,0.0,1.908747,0.3,low,0.028228,0.328452,0.35668,0
2026-07-26T10:40:53.350093,12/24 12:23,-3.02,41.6,22.32,20.34,24.05,18.0,29.0,0.3764,0.094094,0.0,0.094094,0.00503,1.689998,1.365835,0.0,1.784092,0.3,low,0.028228,0.30589,0.334118,0
2026-07-26T10:41:08.808185,12/24 13:23,-2.08,20.8,22.33,20.38,24.58,20.0,27.0,0.3764,0.094094,0.0,0.094094,0.004584,1.571104,1.268009,0.0,1.665198,0.3,low,0.028228,0.28437,0.312598,0
2026-07-26T10:41:08.826185,12/24 14:15,-1.7,41.6,22.94,20.96,26.08,20.0,27.0,0.3764,0.094094,0.0,0.094094,0.004309,1.507118,1.215548,0.0,1.601212,0.3,low,0.028228,0.272788,0.301017,1
2026-07-26T10:41:08.842184,12/24 15:15,-1.97,52.0,23.11,21.44,26.45,20.0,27.0,0.3764,0.094094,0.0,0.094094,0.004187,1.491422,1.203929,0.0,1.585516,0.3,low,0.028228,0.269947,0.298176,1
2026-07-26T10:41:08.857190,12/24 16:23,-2.92,52.0,22.72,21.25,25.34,20.0,27.0,0.3764,0.094094,0.0,0.094094,0.004417,1.593355,1.283701,0.0,1.687449,0.55,high,0.051752,0.288397,0.340149,0
2026-07-26T10:41:08.871188,12/24 17:23,-3.87,52.0,21.77,20.77,23.64,20.0,27.0,0.3764,0.094094,0.0,0.094094,0.004606,1.650888,1.327191,0.0,1.744982,0.55,high,0.051752,0.298811,0.350562,0
2026-07-26T10:41:08.886185,12/24 18:15,-5.72,52.0,21.22,20.4,23.37,20.0,27.0,0.3764,0.094094,0.0,0.094094,0.005468,1.89081,1.513524,0.0,1.984904,0.55,high,0.051752,0.342237,0.393988,0
2026-07-26T10:41:23.125330,12/24 19:15,-6.25,26.0,20.34,20.0,21.72,20.0,26.0,0.3764,0.094094,0.0,0.094094,0.006433,2.436251,1.985298,0.0,2.530345,0.55,high,0.051752,0.440961,0.492713,0
2026-07-26T10:41:23.140326,12/24 20:15,-6.7,0.0,,,,20.0,26.0,0.3764,0.094094,0.0,0.094094,0.008491,3.433445,2.759297,0.0,3.527539,0.55,high,0.051752,0.621454,0.673205,0
2026-07-26T10:41:23.154329,12/24 21:15,-7.1,0.0,,,,20.0,26.0,0.3764,0.094094,0.0,0.094094,0.003142,1.723798,1.374588,0.0,1.817892,0.4,moderate,0.037638,0.312007,0.349645,0
2026-07-26T10:41:23.168326,12/24 22:15,-8.45,0.0,,,,20.0,26.0,0.3764,0.094094,0.0,0.094094,0.00401,2.062113,1.649232,0.0,2.156207,0.4,moderate,0.037638,0.373242,0.41088,0
2026-07-26T10:41:23.182328,12/24 23:15,-9.03,0.0,,,,20.0,26.0,0.3764,0.094094,0.0,0.094094,0.004654,2.285542,1.829174,0.0,2.379636,0.4,moderate,0.037638,0.413683,0.451321,0
2026-07-26T10:41:23.196327,12/25 00:15,-9.28,0.0,,,,20.0,26.0,0.3764,0.094094,0.0,0.094094,0.005162,2.440789,1.956688,0.0,2.534883,0.34,low,0.031992,0.441783,0.473775,0
2026-07-26T10:41:36.723365,12/25 01:15,-8.62,0.0,,,,18.0,28.0,0.3764,0.094094,0.0,0.094094,0.000884,0.571058,0.572009,0.0,0.665152,0.34,low,0.031992,0.103361,0.135353,0
2026-07-26T10:41:36.740466,12/25 02:15,-7.65,0.0,,,,18.0,28.0,0.3764,0.094094,0.0,0.094094,0.001029,0.777766,0.65135,0.0,0.87186,0.34,low,0.031992,0.140776,0.172768,0
2026-07-26T10:41:36.755770,12/25 03:15,-7.48,0.0,,,,18.0,28.0,0.3764,0.094094,0.0,0.094094,0.001281,0.972524,0.77268,0.0,1.066618,0.34,low,0.031992,0.176027,0.208019,0
2026-07-26T10:41:36.769770,12/25 04:15,-8.58,0.0,,,,18.0,28.0,0.3764,0.094094,0.0,0.094094,0.001486,1.0898,0.863572,0.0,1.183894,0.34,low,0.031992,0.197254,0.229246,0
2026-07-26T10:41:36.782773,12/25 05:15,-9.4,0.0,,,,18.0,28.0,0.3764,0.094094,0.0,0.094094,0.001361,1.002823,0.817514,0.0,1.096917,0.34,low,0.031992,0.181511,0.213503,0
2026-07-26T10:41:36.796806,12/25 06:15,-9.4,0.0,,,,18.0,28.0,0.3764,0.094094,0.0,0.094094,0.001494,1.099038,0.87875,0.0,1.193132,0.43,moderate,0.04046,0.198926,0.239386,0
2026-07-26T10:41:50.010389,12/25 07:15,-9.28,0.0,,,,18.0,29.0,0.3764,0.094094,0.0,0.094094,0.010353,3.504826,2.822736,0.0,3.59892,0.43,moderate,0.04046,0.634374,0.674834,0
2026-07-26T10:41:50.026388,12/25 08:15,-8.35,0.0,,,,18.0,29.0,0.3764,0.094094,0.0,0.094094,0.009687,3.239413,2.602247,0.0,3.333507,0.43,moderate,0.04046,0.586334,0.626794,0
2026-07-26T10:41:50.043388,12/25 09:23,-6.0,52.0,19.73,18.69,21.16,18.0,29.0,0.3764,0.094094,0.0,0.094094,0.007005,2.081406,1.685643,0.0,2.1755,0.43,moderate,0.04046,0.376734,0.417195,1
2026-07-26T10:41:50.058387,12/25 10:23,-3.47,52.0,21.45,19.81,23.62,18.0,29.0,0.3764,0.094094,0.0,0.094094,0.005683,1.791936,1.450033,0.0,1.88603,0.3,low,0.028228,0.32434,0.352569,1
2026-07-26T10:41:50.073387,12/25 11:23,-1.8,52.0,22.38,20.44,24.64,18.0,29.0,0.3764,0.094094,0.0,0.094094,0.004923,1.604991,1.296936,0.0,1.699085,0.3,low,0.028228,0.290503,0.318732,0
2026-07-26T10:41:50.088388,12/25 12:23,-0.45,41.6,22.85,20.8,24.52,18.0,29.0,0.3764,0.094094,0.0,0.094094,0.004305,1.429476,1.152761,0.0,1.52357,0.3,low,0.028228,0.258735,0.286963,0
2026-07-26T10:42:03.948227,12/25 13:15,0.28,20.8,22.67,20.71,24.79,20.0,27.0,0.3764,0.094094,0.0,0.094094,0.004024,1.354684,1.092411,0.0,1.448778,0.3,low,0.028228,0.245198,0.273426,0
2026-07-26T10:42:03.965224,12/25 14:15,0.98,41.6,23.16,21.41,25.41,20.0,27.0,0.3764,0.094094,0.0,0.094094,0.003661,1.233698,0.992608,0.0,1.327792,0.3,low,0.028228,0.223299,0.251528,0
2026-07-26T10:42:03.980222,12/25 15:15,0.45,52.0,23.45,21.92,25.88,20.0,27.0,0.3764,0.094094,0.0,0.094094,0.003634,1.259802,1.019892,0.0,1.353896,0.3,low,0.028228,0.228024,0.256252,0
2026-07-26T10:42:03.994222,12/25 16:23,-0.55,52.0,22.98,21.85,24.67,20.0,27.0,0.3764,0.094094,0.0,0.094094,0.003693,1.313714,1.060709,0.0,1.407808,0.55,high,0.051752,0.237782,0.289534,0
2026-07-26T10:42:04.008221,12/25 17:23,-2.48,52.0,22.2,21.21,24.13,20.0,27.0,0.3764,0.094094,0.0,0.094094,0.004234,1.533963,1.235347,0.0,1.628057,0.55,high,0.051752,0.277647,0.329399,0
2026-07-26T10:42:04.022222,12/25 18:15,-3.45,52.0,21.69,20.77,23.88,20.0,27.0,0.3764,0.094094,0.0,0.094094,0.004594,1.650644,1.326262,0.0,1.744738,0.55,high,0.051752,0.298767,0.350518,0
2026-07-26T10:42:18.695699,12/25 19:15,-4.03,26.0,20.57,20.0,22.53,20.0,26.0,0.3764,0.094094,0.0,0.094094,0.005002,1.789078,1.447168,0.0,1.883172,0.55,high,0.051752,0.323823,0.375575,0
2026-07-26T10:42:18.710695,12/25 20:15,-4.55,0.0,,,,20.0,26.0,0.3764,0.094094,0.0,0.094094,0.006557,2.742634,2.215194,0.0,2.836728,0.55,high,0.051752,0.496417,0.548168,0
2026-07-26T10:42:18.725696,12/25 21:15,-4.85,0.0,,,,20.0,26.0,0.3764,0.094094,0.0,0.094094,0.001736,1.098959,0.90593,0.0,1.193053,0.4,moderate,0.037638,0.198912,0.236549,0
2026-07-26T10:42:18.739696,12/25 22:15,-4.28,0.0,,,,20.0,26.0,0.3764,0.094094,0.0,0.094094,0.002212,1.356071,1.080245,0.0,1.450165,0.4,moderate,0.037638,0.245449,0.283086,0
2026-07-26T10:42:18.754696,12/25 23:15,-4.03,0.0,,,,20.0,26.0,0.3764,0.094094,0.0,0.094094,0.002593,1.56211,1.253782,0.0,1.656204,0.4,moderate,0.037638,0.282742,0.32038,0
2026-07-26T10:42:18.767699,12/26 00:15,-4.55,0.0,,,,20.0,26.0,0.3764,0.094094,0.0,0.094094,0.002903,1.708456,1.367973,0.0,1.80255,0.34,low,0.031992,0.309231,0.341222,0
2026-07-26T10:42:33.193476,12/26 01:15,-4.58,0.0,,,,18.0,28.0,0.3764,0.094094,0.0,0.094094,0.0,0.0,0.0,0.0,0.094094,0.34,low,0.031992,0.0,0.031992,0
2026-07-26T10:42:33.210474,12/26 02:15,-3.3,0.0,,,,18.0,28.0,0.3764,0.094094,0.0,0.094094,0.000236,0.155808,0.185398,0.0,0.249902,0.34,low,0.031992,0.028201,0.060193,0
2026-07-26T10:42:33.226474,12/26 03:15,-3.02,0.0,,,,18.0,28.0,0.3764,0.094094,0.0,0.094094,0.000517,0.401549,0.370448,0.0,0.495643,0.34,low,0.031992,0.07268,0.104672,0
2026-07-26T10:42:33.239472,12/26 04:15,-2.08,0.0,,,,18.0,28.0,0.3764,0.094094,0.0,0.094094,0.000558,0.467384,0.393166,0.0,0.561478,0.34,low,0.031992,0.084597,0.116588,0
2026-07-26T10:42:33.253473,12/26 05:15,-2.52,0.0,,,,18.0,28.0,0.3764,0.094094,0.0,0.094094,0.000585,0.502103,0.40918,0.0,0.596197,0.34,low,0.031992,0.090881,0.122873,0
2026-07-26T10:42:33.266473,12/26 06:15,-4.85,0.0,,,,18.0,28.0,0.3764,0.094094,0.0,0.094094,0.000793,0.674762,0.531006,0.0,0.768856,0.43,moderate,0.04046,0.122132,0.162592,0
2026-07-26T10:42:47.403236,12/26 07:15,-4.12,0.0,,,,18.0,29.0,0.3764,0.094094,0.0,0.094094,0.007037,2.629131,2.115171,0.0,2.723225,0.43,moderate,0.04046,0.475873,0.516333,0
2026-07-26T10:42:47.420234,12/26 08:15,-2.75,0.0,,,,18.0,29.0,0.3764,0.094094,0.0,0.094094,0.00645,2.355769,1.892196,0.0,2.449863,0.43,moderate,0.04046,0.426394,0.466855,0
2026-07-26T10:42:47.438234,12/26 09:15,-0.98,52.0,19.6,19.08,21.14,18.0,29.0,0.3764,0.094094,0.0,0.094094,0.005008,1.540549,1.237813,0.0,1.634643,0.43,moderate,0.04046,0.278839,0.3193,1
2026-07-26T10:42:47.455234,12/26 10:15,-0.3,52.0,20.9,20.18,22.65,18.0,29.0,0.3764,0.094094,0.0,0.094094,0.004706,1.469941,1.184982,0.0,1.564035,0.3,low,0.028228,0.266059,0.294288,0
2026-07-26T10:42:47.469233,12/26 11:15,0.3,52.0,21.49,20.76,23.12,18.0,29.0,0.3764,0.094094,0.0,0.094094,0.004275,1.338019,1.076967,0.0,1.432113,0.3,low,0.028228,0.242181,0.27041,0
2026-07-26T10:42:47.484233,12/26 12:15,-0.17,41.6,21.73,20.98,23.26,18.0,29.0,0.3764,0.094094,0.0,0.094094,0.004396,1.432822,1.160747,0.0,1.526916,0.3,low,0.028228,0.259341,0.287569,0
2026-07-26T10:43:03.103376,12/26 13:15,1.1,20.8,21.37,20.67,22.86,20.0,27.0,0.3764,0.094094,0.0,0.094094,0.003957,1.273029,1.01958,0.0,1.367123,0.3,low,0.028228,0.230418,0.258646,0
2026-07-26T10:43:03.120375,12/26 14:15,1.1,41.6,21.85,21.1,23.43,20.0,27.0,0.3764,0.094094,0.0,0.094094,0.003866,1.252947,1.011559,0.0,1.347041,0.3,low,0.028228,0.226783,0.255012,0
2026-07-26T10:43:03.137374,12/26 15:15,1.1,52.0,21.97,21.2,23.65,20.0,27.0,0.3764,0.094094,0.0,0.094094,0.003785,1.244958,1.004319,0.0,1.339052,0.3,low,0.028228,0.225337,0.253566,0
2026-07-26T10:43:03.152374,12/26 16:15,1.1,52.0,21.85,21.09,23.65,20.0,27.0,0.3764,0.094094,0.0,0.094094,0.003742,1.241299,1.000393,0.0,1.335393,0.55,high,0.051752,0.224675,0.276427,0
2026-07-26T10:43:03.167380,12/26 17:15,1.1,52.0,21.4,20.65,23.33,20.0,27.0,0.3764,0.094094,0.0,0.094094,0.003733,1.24152,0.999568,0.0,1.335614,0.55,high,0.051752,0.224715,0.276467,0
2026-07-26T10:43:03.182376,12/26 18:15,1.1,52.0,21.25,20.51,23.24,20.0,27.0,0.3764,0.094094,0.0,0.094094,0.003751,1.244384,1.001339,0.0,1.338478,0.55,high,0.051752,0.225234,0.276985,0
2026-07-26T10:43:19.625963,12/26 19:15,1.1,26.0,20.37,20.0,21.84,20.0,26.0,0.3764,0.094094,0.0,0.094094,0.004078,1.450072,1.1879,0.0,1.544166,0.55,high,0.051752,0.262463,0.314215,0
2026-07-26T10:43:19.644957,12/26 20:15,0.98,0.0,,,,20.0,26.0,0.3764,0.094094,0.0,0.094094,0.005155,2.166271,1.746877,0.0,2.260365,0.55,high,0.051752,0.392095,0.443847,0
2026-07-26T10:43:19.661957,12/26 21:15,0.45,0.0,,,,20.0,26.0,0.3764,0.094094,0.0,0.094094,0.001469,0.954158,0.807097,0.0,1.048252,0.4,moderate,0.037638,0.172703,0.21034,0
2026-07-26T10:43:19.680957,12/26 22:15,-0.28,0.0,,,,20.0,26.0,0.3764,0.094094,0.0,0.094094,0.001848,1.222202,0.980967,0.0,1.316296,0.4,moderate,0.037638,0.221219,0.258856,0
2026-07-26T10:43:19.698956,12/26 23:15,-1.25,0.0,,,,20.0,26.0,0.3764,0.094094,0.0,0.094094,0.002176,1.405293,1.122288,0.0,1.499387,0.4,moderate,0.037638,0.254358,0.291996,0
2026-07-26T10:43:19.718956,12/27 00:15,-1.97,0.0,,,,20.0,26.0,0.3764,0.094094,0.0,0.094094,0.002483,1.550538,1.238161,0.0,1.644632,0.34,low,0.031992,0.280647,0.312639,0
2026-07-26T10:43:35.280544,12/27 01:15,-2.65,0.0,,,,18.0,28.0,0.3764,0.094094,0.0,0.094094,0.0,0.0,0.0,0.0,0.094094,0.34,low,0.031992,0.0,0.031992,0
2026-07-26T10:43:35.299539,12/27 02:15,-2.35,0.0,,,,18.0,28.0,0.3764,0.094094,0.0,0.094094,0.000144,0.094069,0.116814,0.0,0.188163,0.34,low,0.031992,0.017026,0.049018,0
2026-07-26T10:43:35.318540,12/27 03:15,-2.8,0.0,,,,18.0,28.0,0.3764,0.094094,0.0,0.094094,0.000274,0.205186,0.211919,0.0,0.29928,0.34,low,0.031992,0.037139,0.069131,0
2026-07-26T10:43:35.336538,12/27 04:15,-2.65,0.0,,,,18.0,28.0,0.3764,0.094094,0.0,0.094094,0.000591,0.486717,0.413553,0.0,0.580811,0.34,low,0.031992,0.088096,0.120088,0
2026-07-26T10:43:35.351538,12/27 05:15,-2.35,0.0,,,,18.0,28.0,0.3764,0.094094,0.0,0.094094,0.000654,0.554018,0.450269,0.0,0.648112,0.34,low,0.031992,0.100277,0.132269,0
2026-07-26T10:43:35.367536,12/27 06:15,-2.52,0.0,,,,18.0,28.0,0.3764,0.094094,0.0,0.094094,0.000774,0.651954,0.518885,0.0,0.746048,0.43,moderate,0.04046,0.118004,0.158464,0
2026-07-26T10:43:50.185492,12/27 07:15,-1.7,0.0,,,,18.0,29.0,0.3764,0.094094,0.0,0.094094,0.006185,2.342676,1.882147,0.0,2.43677,0.43,moderate,0.04046,0.424024,0.464485,0
2026-07-26T10:43:50.204486,12/27 08:15,-1.55,0.0,,,,18.0,29.0,0.3764,0.094094,0.0,0.094094,0.006191,2.336229,1.879597,0.0,2.430323,0.43,moderate,0.04046,0.422857,0.463318,0
2026-07-26T10:43:50.222482,12/27 09:15,-1.1,52.0,19.37,18.92,20.79,18.0,29.0,0.3764,0.094094,0.0,0.094094,0.004981,1.534319,1.236003,0.0,1.628413,0.43,moderate,0.04046,0.277712,0.318172,1
2026-07-26T10:43:50.238482,12/27 10:15,-1.1,52.0,20.48,19.88,22.11,18.0,29.0,0.3764,0.094094,0.0,0.094094,0.004816,1.515673,1.223895,0.0,1.609767,0.3,low,0.028228,0.274337,0.302565,1
2026-07-26T10:43:50.254484,12/27 11:15,-0.98,52.0,21.07,20.4,22.66,18.0,29.0,0.3764,0.094094,0.0,0.094094,0.004656,1.499866,1.211516,0.0,1.59396,0.3,low,0.028228,0.271476,0.299704,0
2026-07-26T10:43:50.269484,12/27 12:15,-0.6,41.6,21.28,20.57,22.8,18.0,29.0,0.3764,0.094094,0.0,0.094094,0.004418,1.441564,1.162259,0.0,1.535658,0.3,low,0.028228,0.260923,0.289151,0
2026-07-26T10:44:05.736894,12/27 13:15,-0.72,20.8,21.07,20.39,22.41,20.0,27.0,0.3764,0.094094,0.0,0.094094,0.004342,1.433344,1.155858,0.0,1.527438,0.3,low,0.028228,0.259435,0.287663,0
2026-07-26T10:44:05.753894,12/27 14:15,-0.98,41.6,21.34,20.62,22.94,20.0,27.0,0.3764,0.094094,0.0,0.094094,0.004369,1.470569,1.187465,0.0,1.564663,0.3,low,0.028228,0.266173,0.294401,0
2026-07-26T10:44:05.770892,12/27 15:15,-0.88,52.0,21.6,20.83,23.42,20.0,27.0,0.3764,0.094094,0.0,0.094094,0.004191,1.418914,1.142691,0.0,1.513008,0.3,low,0.028228,0.256823,0.285052,0
2026-07-26T10:44:05.785892,12/27 16:15,-1.97,52.0,21.42,20.65,23.39,20.0,27.0,0.3764,0.094094,0.0,0.094094,0.004414,1.518968,1.225397,0.0,1.613062,0.55,high,0.051752,0.274933,0.326685,0
2026-07-26T10:44:05.800894,12/27 17:15,-3.35,52.0,21.13,20.38,23.25,20.0,27.0,0.3764,0.094094,0.0,0.094094,0.004701,1.627955,1.310919,0.0,1.722049,0.55,high,0.051752,0.29466,0.346412,0
2026-07-26T10:44:05.815892,12/27 18:15,-5.0,52.0,21.06,20.28,23.35,20.0,27.0,0.3764,0.094094,0.0,0.094094,0.00543,1.850731,1.484622,0.0,1.944825,0.55,high,0.051752,0.334982,0.386734,0
2026-07-26T10:44:20.871036,12/27 19:15,-5.0,26.0,20.41,20.0,22.03,20.0,26.0,0.3764,0.094094,0.0,0.094094,0.005992,2.257644,1.832048,0.0,2.351738,0.55,high,0.051752,0.408634,0.460385,0
2026-07-26T10:44:20.889027,12/27 20:15,-4.85,0.0,,,,20.0,26.0,0.3764,0.094094,0.0,0.094094,0.007599,3.150648,2.537637,0.0,3.244742,0.55,high,0.051752,0.570267,0.622019,0
2026-07-26T10:44:20.905027,12/27 21:15,-4.28,0.0,,,,20.0,26.0,0.3764,0.094094,0.0,0.094094,0.002317,1.372723,1.108859,0.0,1.466817,0.4,moderate,0.037638,0.248463,0.2861,0
2026-07-26T10:44:20.920027,12/27 22:15,-4.17,0.0,,,,20.0,26.0,0.3764,0.094094,0.0,0.094094,0.002783,1.636804,1.315975,0.0,1.730898,0.4,moderate,0.037638,0.296262,0.333899,0
2026-07-26T10:44:20.934027,12/27 23:15,-5.42,0.0,,,,20.0,26.0,0.3764,0.094094,0.0,0.094094,0.003142,1.798434,1.438472,0.0,1.892528,0.4,moderate,0.037638,0.325517,0.363154,0
2026-07-26T10:44:20.947030,12/28 00:15,-6.83,0.0,,,,20.0,26.0,0.3764,0.094094,0.0,0.094094,0.003699,2.007165,1.599631,0.0,2.101259,0.34,low,0.031992,0.363297,0.395289,0
2026-07-26T10:44:35.275918,12/28 01:15,-6.93,0.0,,,,18.0,28.0,0.3764,0.094094,0.0,0.094094,0.000118,0.065079,0.095842,0.0,0.159173,0.34,low,0.031992,0.011779,0.043771,0
2026-07-26T10:44:35.292918,12/28 02:15,-5.82,0.0,,,,18.0,28.0,0.3764,0.094094,0.0,0.094094,0.000431,0.299624,0.316649,0.0,0.393718,0.34,low,0.031992,0.054232,0.086224,0
2026-07-26T10:44:35.307918,12/28 03:15,-5.0,0.0,,,,18.0,28.0,0.3764,0.094094,0.0,0.094094,0.000498,0.400449,0.360528,0.0,0.494543,0.34,low,0.031992,0.072481,0.104473,0
2026-07-26T10:44:35.321917,12/28 04:15,-5.0,0.0,,,,18.0,28.0,0.3764,0.094094,0.0,0.094094,0.000568,0.484533,0.4039,0.0,0.578627,0.34,low,0.031992,0.0877,0.119692,0
2026-07-26T10:44:35.334917,12/28 05:15,-5.0,0.0,,,,18.0,28.0,0.3764,0.094094,0.0,0.094094,0.000612,0.531128,0.430684,0.0,0.625222,0.34,low,0.031992,0.096134,0.128126,0
2026-07-26T10:44:35.348917,12/28 06:15,-5.0,0.0,,,,18.0,28.0,0.3764,0.094094,0.0,0.094094,0.000642,0.557825,0.448033,0.0,0.651919,0.43,moderate,0.04046,0.100966,0.141427,0
2026-07-26T10:44:49.079166,12/28 07:15,-5.0,0.0,,,,18.0,29.0,0.3764,0.094094,0.0,0.094094,0.000555,0.485403,0.396172,0.0,0.579497,0.43,moderate,0.04046,0.087858,0.128318,0
2026-07-26T10:44:49.095167,12/28 08:15,-4.85,0.0,,,,18.0,29.0,0.3764,0.094094,0.0,0.094094,0.000469,0.41532,0.342577,0.0,0.509414,0.43,moderate,0.04046,0.075173,0.115633,0
2026-07-26T10:44:49.112168,12/28 09:15,-4.28,0.0,,,,18.0,29.0,0.3764,0.094094,0.0,0.094094,0.000304,0.274941,0.232053,0.0,0.369035,0.43,moderate,0.04046,0.049764,0.090225,0
2026-07-26T10:44:49.126168,12/28 10:15,-3.75,0.0,,,,18.0,29.0,0.3764,0.094094,0.0,0.094094,8.4e-05,0.07751,0.066283,0.0,0.171604,0.3,low,0.028228,0.014029,0.042258,0
2026-07-26T10:44:49.140166,12/28 11:15,-3.17,0.0,,,,18.0,29.0,0.3764,0.094094,0.0,0.094094,2.5e-05,0.022995,0.017385,0.0,0.117089,0.3,low,0.028228,0.004162,0.03239,0
2026-07-26T10:44:49.153166,12/28 12:15,-2.8,0.0,,,,18.0,29.0,0.3764,0.094094,0.0,0.094094,0.0,0.0,0.0,0.0,0.094094,0.3,low,0.028228,0.0,0.028228,0
2026-07-26T10:45:02.786977,12/28 13:15,-2.65,0.0,,,,18.0,29.0,0.3764,0.094094,0.0,0.094094,0.0,0.0,0.0,0.0,0.094094,0.3,low,0.028228,0.0,0.028228,0
2026-07-26T10:45:02.803979,12/28 14:15,-2.35,0.0,,,,18.0,29.0,0.3764,0.094094,0.0,0.094094,0.0,0.0,0.0,0.0,0.094094,0.3,low,0.028228,0.0,0.028228,0
2026-07-26T10:45:02.819975,12/28 15:15,-3.35,0.0,,,,18.0,29.0,0.3764,0.094094,0.0,0.094094,0.0,0.0,0.0,0.0,0.094094,0.3,low,0.028228,0.0,0.028228,0
2026-07-26T10:45:02.833975,12/28 16:15,-5.28,0.0,,,,18.0,29.0,0.3764,0.094094,0.0,0.094094,0.000132,0.122247,0.100079,0.0,0.216341,0.55,high,0.051752,0.022127,0.073878,0
2026-07-26T10:45:02.847973,12/28 17:15,-6.25,0.0,,,,18.0,29.0,0.3764,0.094094,0.0,0.094094,0.000478,0.436666,0.336448,0.0,0.53076,0.55,high,0.051752,0.079037,0.130788,0
2026-07-26T10:45:02.873974,12/28 18:15,-6.7,0.0,,,,18.0,29.0,0.3764,0.094094,0.0,0.094094,0.000678,0.597645,0.464952,0.0,0.691739,0.55,high,0.051752,0.108174,0.159925,0
2026-07-26T10:45:16.862827,12/28 19:15,-6.98,0.0,,,,18.0,29.0,0.3764,0.094094,0.0,0.094094,0.000994,0.825658,0.634742,0.0,0.919752,0.55,high,0.051752,0.149444,0.201196,0
2026-07-26T10:45:16.879819,12/28 20:15,-7.8,0.0,,,,18.0,29.0,0.3764,0.094094,0.0,0.094094,0.001167,0.916722,0.720466,0.0,1.010816,0.55,high,0.051752,0.165927,0.217678,0
2026-07-26T10:45:16.894820,12/28 21:15,-7.92,0.0,,,,18.0,29.0,0.3764,0.094094,0.0,0.094094,0.00112,0.867195,0.700349,0.0,0.961289,0.4,moderate,0.037638,0.156962,0.1946,0
2026-07-26T10:45:16.907819,12/28 22:15,-8.45,0.0,,,,18.0,29.0,0.3764,0.094094,0.0,0.094094,0.001168,0.903721,0.726799,0.0,0.997815,0.4,moderate,0.037638,0.163574,0.201211,0
2026-07-26T10:45:16.921820,12/28 23:15,-9.73,0.0,,,,18.0,29.0,0.3764,0.094094,0.0,0.094094,0.001218,0.939159,0.754659,0.0,1.033253,0.4,moderate,0.037638,0.169988,0.207625,0
2026-07-26T10:45:16.934819,12/29 00:15,-12.62,0.0,,,,18.0,29.0,0.3764,0.094094,0.0,0.094094,0.001819,1.306949,1.006532,0.0,1.401043,0.34,low,0.031992,0.236558,0.26855,0
2026-07-26T10:45:31.181078,12/29 01:15,-13.9,0.0,,,,18.0,29.0,0.3764,0.094094,0.0,0.094094,0.001695,1.178506,0.949553,0.0,1.2726,0.34,low,0.031992,0.21331,0.245302,0
2026-07-26T10:45:31.201076,12/29 02:15,-14.45,0.0,,,,18.0,29.0,0.3764,0.094094,0.0,0.094094,0.002123,1.388933,1.090222,0.0,1.483027,0.34,low,0.031992,0.251397,0.283389,0
2026-07-26T10:45:31.218074,12/29 03:15,-16.53,0.0,,,,18.0,29.0,0.3764,0.094094,0.0,0.094094,0.002451,1.48945,1.178173,0.0,1.583544,0.34,low,0.031992,0.26959,0.301582,0
2026-07-26T10:45:31.232077,12/29 04:15,-17.65,0.0,,,,18.0,29.0,0.3764,0.094094,0.0,0.094094,0.002228,1.336148,1.076241,0.0,1.430242,0.34,low,0.031992,0.241843,0.273835,0
2026-07-26T10:45:31.245073,12/29 05:15,-17.2,0.0,,,,18.0,29.0,0.3764,0.094094,0.0,0.094094,0.002993,1.660457,1.306846,0.0,1.754551,0.34,low,0.031992,0.300543,0.332535,0
2026-07-26T10:45:31.259075,12/29 06:15,-17.2,0.0,,,,18.0,29.0,0.3764,0.094094,0.0,0.094094,0.003115,1.645248,1.315509,0.0,1.739342,0.43,moderate,0.04046,0.29779,0.33825,0
2026-07-26T10:45:45.803309,12/29 07:15,-17.07,0.0,,,,18.0,29.0,0.3764,0.094094,0.0,0.094094,0.003398,1.72505,1.378355,0.0,1.819144,0.43,moderate,0.04046,0.312234,0.352694,0
2026-07-26T10:45:45.821353,12/29 08:15,-16.12,0.0,,,,18.0,29.0,0.3764,0.094094,0.0,0.094094,0.002307,1.169613,0.935087,0.0,1.263707,0.43,moderate,0.04046,0.2117,0.25216,0
2026-07-26T10:45:45.838351,12/29 09:23,-13.73,0.0,,,,18.0,29.0,0.3764,0.094094,0.0,0.094094,0.00188,0.948404,0.765951,0.0,1.042498,0.43,moderate,0.04046,0.171661,0.212122,0
2026-07-26T10:45:45.854311,12/29 10:15,-11.0,0.0,,,,18.0,29.0,0.3764,0.094094,0.0,0.094094,0.001144,0.564469,0.446349,0.0,0.658563,0.3,low,0.028228,0.102169,0.130397,0
2026-07-26T10:45:45.870307,12/29 11:15,-8.62,0.0,,,,18.0,29.0,0.3764,0.094094,0.0,0.094094,0.000674,0.335736,0.292449,0.0,0.42983,0.3,low,0.028228,0.060768,0.088996,0
2026-07-26T10:45:45.884312,12/29 12:15,-7.8,0.0,,,,18.0,29.0,0.3764,0.094094,0.0,0.094094,0.000241,0.140816,0.171641,0.0,0.23491,0.3,low,0.028228,0.025488,0.053716,0
2026-07-26T10:46:00.735055,12/29 13:23,-7.8,0.0,,,,18.0,29.0,0.3764,0.094094,0.0,0.094094,0.000121,0.080555,0.092606,0.0,0.174649,0.3,low,0.028228,0.01458,0.042809,0
2026-07-26T10:46:00.753855,12/29 14:15,-7.8,0.0,,,,18.0,29.0,0.3764,0.094094,0.0,0.094094,8.6e-05,0.060531,0.063715,0.0,0.154625,0.3,low,0.028228,0.010956,0.039184,0
2026-07-26T10:46:00.768624,12/29 15:15,-8.2,0.0,,,,18.0,29.0,0.3764,0.094094,0.0,0.094094,0.00012,0.088173,0.088244,0.0,0.182267,0.3,low,0.028228,0.015959,0.044188,0
2026-07-26T10:46:00.783401,12/29 16:23,-9.7,0.0,,,,18.0,29.0,0.3764,0.094094,0.0,0.094094,0.000147,0.11313,0.10735,0.0,0.207224,0.55,high,0.051752,0.020477,0.072228,0
2026-07-26T10:46:00.799588,12/29 17:23,-11.0,0.0,,,,18.0,29.0,0.3764,0.094094,0.0,0.094094,0.000277,0.220344,0.194631,0.0,0.314438,0.55,high,0.051752,0.039882,0.091634,0
2026-07-26T10:46:00.813460,12/29 18:15,-12.2,0.0,,,,18.0,29.0,0.3764,0.094094,0.0,0.094094,0.000489,0.400728,0.326119,0.0,0.494822,0.55,high,0.051752,0.072532,0.124283,0
2026-07-26T10:46:15.864753,12/29 19:15,-12.2,0.0,,,,18.0,29.0,0.3764,0.094094,0.0,0.094094,0.001068,0.857317,0.665284,0.0,0.951411,0.55,high,0.051752,0.155174,0.206926,0
2026-07-26T10:46:15.881753,12/29 20:15,-12.07,0.0,,,,18.0,29.0,0.3764,0.094094,0.0,0.094094,0.00138,1.041687,0.816925,0.0,1.135781,0.55,high,0.051752,0.188545,0.240297,0
2026-07-26T10:46:15.899753,12/29 21:15,-11.97,0.0,,,,18.0,29.0,0.3764,0.094094,0.0,0.094094,0.001596,1.15324,0.917422,0.0,1.247334,0.4,moderate,0.037638,0.208736,0.246374,0
2026-07-26T10:46:15.915754,12/29 22:15,-13.35,0.0,,,,18.0,29.0,0.3764,0.094094,0.0,0.094094,0.001802,1.261551,0.996476,0.0,1.355645,0.4,moderate,0.037638,0.228341,0.265978,0
2026-07-26T10:46:15.931756,12/29 23:15,-15.55,0.0,,,,18.0,29.0,0.3764,0.094094,0.0,0.094094,0.002123,1.386496,1.09112,0.0,1.48059,0.4,moderate,0.037638,0.250956,0.288593,0
2026-07-26T10:46:15.946752,12/30 00:15,-17.35,0.0,,,,18.0,29.0,0.3764,0.094094,0.0,0.094094,0.001969,1.256193,1.010385,0.0,1.350287,0.34,low,0.031992,0.227371,0.259363,0
2026-07-26T10:46:31.357802,12/30 01:15,-17.93,0.0,,,,18.0,29.0,0.3764,0.094094,0.0,0.094094,0.003521,1.890099,1.466075,0.0,1.984193,0.34,low,0.031992,0.342108,0.3741,0
2026-07-26T10:46:31.374804,12/30 02:15,-17.75,0.0,,,,18.0,29.0,0.3764,0.094094,0.0,0.094094,0.00368,1.85616,1.486916,0.0,1.950254,0.34,low,0.031992,0.335965,0.367957,0
2026-07-26T10:46:31.391804,12/30 03:15,-15.98,0.0,,,,18.0,29.0,0.3764,0.094094,0.0,0.094094,0.003922,1.899855,1.521576,0.0,1.993949,0.34,low,0.031992,0.343874,0.375866,0
2026-07-26T10:46:31.407804,12/30 04:15,-15.45,0.0,,,,18.0,29.0,0.3764,0.094094,0.0,0.094094,0.003787,1.824806,1.468433,0.0,1.9189,0.34,low,0.031992,0.33029,0.362282,0
2026-07-26T10:46:31.422803,12/30 05:15,-15.0,0.0,,,,18.0,29.0,0.3764,0.094094,0.0,0.094094,0.003568,1.728874,1.393104,0.0,1.822968,0.34,low,0.031992,0.312926,0.344918,0
2026-07-26T10:46:31.437804,12/30 06:15,-15.0,0.0,,,,18.0,29.0,0.3764,0.094094,0.0,0.094094,0.00356,1.72184,1.384441,0.0,1.815934,0.43,moderate,0.04046,0.311653,0.352113,0
2026-07-26T10:46:45.828729,12/30 07:15,-14.85,0.0,,,,18.0,29.0,0.3764,0.094094,0.0,0.094094,0.017143,4.44023,3.576,0.0,4.534324,0.43,moderate,0.04046,0.803682,0.844142,0
2026-07-26T10:46:45.846114,12/30 08:15,-14.0,0.0,,,,18.0,29.0,0.3764,0.094094,0.0,0.094094,0.0161,4.28583,3.454635,0.0,4.379924,0.43,moderate,0.04046,0.775735,0.816196,0
2026-07-26T10:46:45.864158,12/30 09:23,-12.38,52.0,18.97,18.32,20.6,18.0,29.0,0.3764,0.094094,0.0,0.094094,0.011657,2.691328,2.179803,0.0,2.785422,0.43,moderate,0.04046,0.48713,0.527591,1
2026-07-26T10:46:45.881205,12/30 10:15,-10.27,52.0,20.14,19.24,22.04,18.0,29.0,0.3764,0.094094,0.0,0.094094,0.009917,2.512718,2.035024,0.0,2.606812,0.3,low,0.028228,0.454802,0.48303,1
2026-07-26T10:46:45.897205,12/30 11:15,-7.52,52.0,20.99,19.89,22.63,18.0,29.0,0.3764,0.094094,0.0,0.094094,0.007433,2.165657,1.762553,0.0,2.259751,0.3,low,0.028228,0.391984,0.420212,1
2026-07-26T10:46:45.913253,12/30 12:15,-6.43,41.6,21.26,20.16,22.76,18.0,29.0,0.3764,0.094094,0.0,0.094094,0.006687,2.056228,1.662799,0.0,2.150322,0.3,low,0.028228,0.372177,0.400405,0
2026-07-26T10:47:01.996560,12/30 13:15,-5.3,20.8,20.85,20.01,22.46,20.0,27.0,0.3764,0.094094,0.0,0.094094,0.00608,1.939478,1.566595,0.0,2.033572,0.3,low,0.028228,0.351046,0.379274,0
2026-07-26T10:47:02.013561,12/30 14:15,-4.28,41.6,21.12,20.31,22.92,20.0,27.0,0.3764,0.094094,0.0,0.094094,0.005524,1.813012,1.46397,0.0,1.907106,0.3,low,0.028228,0.328155,0.356383,0
2026-07-26T10:47:02.028563,12/30 15:15,-3.9,52.0,21.26,20.47,23.16,20.0,27.0,0.3764,0.094094,0.0,0.094094,0.005264,1.757123,1.417165,0.0,1.851217,0.3,low,0.028228,0.318039,0.346267,0
2026-07-26T10:47:02.042559,12/30 16:15,-3.75,52.0,21.26,20.5,23.25,20.0,27.0,0.3764,0.094094,0.0,0.094094,0.005202,1.752006,1.411901,0.0,1.8461,0.55,high,0.051752,0.317113,0.368865,0
2026-07-26T10:47:02.057558,12/30 17:15,-3.3,52.0,20.95,20.22,23.06,20.0,27.0,0.3764,0.094094,0.0,0.094094,0.00499,1.6919,1.362768,0.0,1.785994,0.55,high,0.051752,0.306234,0.357986,0
2026-07-26T10:47:02.070558,12/30 18:15,-3.3,52.0,20.76,20.05,22.9,20.0,27.0,0.3764,0.094094,0.0,0.094094,0.004986,1.692159,1.362484,0.0,1.786253,0.55,high,0.051752,0.306281,0.358032,0
2026-07-26T10:47:16.820029,12/30 19:15,-3.17,26.0,20.31,20.0,21.55,20.0,26.0,0.3764,0.094094,0.0,0.094094,0.005774,2.292733,1.857424,0.0,2.386827,0.55,high,0.051752,0.414985,0.466736,0
2026-07-26T10:47:16.837027,12/30 20:15,-2.65,0.0,,,,20.0,26.0,0.3764,0.094094,0.0,0.094094,0.007518,3.176976,2.554122,0.0,3.27107,0.55,high,0.051752,0.575033,0.626784,0
2026-07-26T10:47:16.852029,12/30 21:15,-2.2,0.0,,,,20.0,26.0,0.3764,0.094094,0.0,0.094094,0.002713,1.587529,1.292214,0.0,1.681623,0.4,moderate,0.037638,0.287343,0.32498,0
2026-07-26T10:47:16.866028,12/30 22:15,-2.08,0.0,,,,20.0,26.0,0.3764,0.094094,0.0,0.094094,0.003358,1.89464,1.513951,0.0,1.988734,0.4,moderate,0.037638,0.34293,0.380567,0
2026-07-26T10:47:16.879026,12/30 23:15,-1.7,0.0,,,,20.0,26.0,0.3764,0.094094,0.0,0.094094,0.003537,1.959715,1.575213,0.0,2.053809,0.4,moderate,0.037638,0.354708,0.392346,0
2026-07-26T10:47:16.892028,12/31 00:15,-1.27,0.0,,,,20.0,26.0,0.3764,0.094094,0.0,0.094094,0.00422,2.209377,1.764761,0.0,2.303471,0.34,low,0.031992,0.399897,0.431889,0
2026-07-26T10:47:31.019399,12/31 01:15,0.42,0.0,,,,18.0,28.0,0.3764,0.094094,0.0,0.094094,0.000174,0.095805,0.137443,0.0,0.189899,0.34,low,0.031992,0.017341,0.049333,0
2026-07-26T10:47:31.035404,12/31 02:15,1.97,0.0,,,,18.0,28.0,0.3764,0.094094,0.0,0.094094,0.000323,0.222633,0.241591,0.0,0.316727,0.34,low,0.031992,0.040297,0.072289,0
2026-07-26T10:47:31.051399,12/31 03:15,2.65,0.0,,,,18.0,28.0,0.3764,0.094094,0.0,0.094094,0.000473,0.371706,0.335178,0.0,0.4658,0.34,low,0.031992,0.067279,0.099271,0
2026-07-26T10:47:31.065398,12/31 04:15,2.35,0.0,,,,18.0,28.0,0.3764,0.094094,0.0,0.094094,0.000462,0.386643,0.327886,0.0,0.480737,0.34,low,0.031992,0.069982,0.101974,0
2026-07-26T10:47:31.078400,12/31 05:15,2.52,0.0,,,,18.0,28.0,0.3764,0.094094,0.0,0.094094,0.000585,0.499334,0.403558,0.0,0.593428,0.34,low,0.031992,0.090379,0.122371,0
2026-07-26T10:47:31.092398,12/31 06:15,1.42,0.0,,,,18.0,28.0,0.3764,0.094094,0.0,0.094094,0.000525,0.45103,0.368201,0.0,0.545124,0.43,moderate,0.04046,0.081636,0.122097,0
2026-07-26T10:47:45.281654,12/31 07:15,0.72,0.0,,,,18.0,29.0,0.3764,0.094094,0.0,0.094094,0.005321,1.924113,1.53698,0.0,2.018207,0.43,moderate,0.04046,0.348264,0.388725,0
2026-07-26T10:47:45.299651,12/31 08:15,1.1,0.0,,,,18.0,29.0,0.3764,0.094094,0.0,0.094094,0.005095,1.773694,1.418438,0.0,1.867788,0.43,moderate,0.04046,0.321039,0.361499,0
2026-07-26T10:47:45.319652,12/31 09:15,1.25,52.0,19.63,19.16,20.99,18.0,29.0,0.3764,0.094094,0.0,0.094094,0.004441,1.311264,1.058044,0.0,1.405358,0.43,moderate,0.04046,0.237339,0.277799,1
2026-07-26T10:47:45.336651,12/31 10:15,1.7,52.0,20.89,20.24,22.47,18.0,29.0,0.3764,0.094094,0.0,0.094094,0.004162,1.24012,0.998085,0.0,1.334214,0.3,low,0.028228,0.224462,0.25269,0
2026-07-26T10:47:45.352651,12/31 11:15,1.7,52.0,21.58,20.88,23.12,18.0,29.0,0.3764,0.094094,0.0,0.094094,0.004005,1.219026,0.985588,0.0,1.31312,0.3,low,0.028228,0.220644,0.248872,0
2026-07-26T10:47:45.367653,12/31 12:15,1.7,41.6,21.64,20.93,23.24,18.0,29.0,0.3764,0.094094,0.0,0.094094,0.00388,1.207395,0.975168,0.0,1.301489,0.3,low,0.028228,0.218538,0.246767,0
2026-07-26T10:47:59.782257,12/31 13:15,1.55,20.8,21.32,20.62,22.96,20.0,27.0,0.3764,0.094094,0.0,0.094094,0.003819,1.203046,0.969964,0.0,1.29714,0.3,low,0.028228,0.217751,0.24598,0
2026-07-26T10:47:59.798256,12/31 14:15,1.1,41.6,21.7,20.95,23.46,20.0,27.0,0.3764,0.094094,0.0,0.094094,0.003863,1.250257,1.011583,0.0,1.344351,0.3,low,0.028228,0.226297,0.254525,0
2026-07-26T10:47:59.812255,12/31 15:15,0.83,52.0,21.84,21.07,23.68,20.0,27.0,0.3764,0.094094,0.0,0.094094,0.003804,1.247998,1.006319,0.0,1.342092,0.3,low,0.028228,0.225888,0.254116,0
2026-07-26T10:47:59.826254,12/31 16:15,0.0,52.0,21.8,21.04,23.68,20.0,27.0,0.3764,0.094094,0.0,0.094094,0.00398,1.345975,1.088845,0.0,1.440069,0.55,high,0.051752,0.243621,0.295373,0
2026-07-26T10:47:59.840255,12/31 17:15,0.0,52.0,21.37,20.61,23.38,20.0,27.0,0.3764,0.094094,0.0,0.094094,0.00397,1.351296,1.087975,0.0,1.44539,0.55,high,0.051752,0.244585,0.296336,0
2026-07-26T10:47:59.853254,12/31 18:15,0.0,52.0,21.19,20.44,23.25,20.0,27.0,0.3764,0.094094,0.0,0.094094,0.003989,1.354095,1.089688,0.0,1.448189,0.55,high,0.051752,0.245091,0.296843,0
2026-07-26T10:48:15.077058,12/31 19:15,-0.28,26.0,20.37,20.0,21.83,20.0,26.0,0.3764,0.094094,0.0,0.094094,0.004382,1.62629,1.323184,0.0,1.720384,0.55,high,0.051752,0.294358,0.34611,0
2026-07-26T10:48:15.096053,12/31 20:15,-1.8,0.0,,,,20.0,26.0,0.3764,0.094094,0.0,0.094094,0.006472,2.803321,2.257772,0.0,2.897415,0.55,high,0.051752,0.507401,0.559153,0
2026-07-26T10:48:15.117057,12/31 21:15,-4.03,0.0,,,,20.0,26.0,0.3764,0.094094,0.0,0.094094,0.002823,1.63911,1.309219,0.0,1.733204,0.4,moderate,0.037638,0.296679,0.334317,0
2026-07-26T10:48:15.133053,12/31 22:15,-4.55,0.0,,,,20.0,26.0,0.3764,0.094094,0.0,0.094094,0.003854,2.046093,1.63003,0.0,2.140187,0.4,moderate,0.037638,0.370343,0.40798,0
2026-07-26T10:48:15.149053,12/31 23:15,-5.28,0.0,,,,20.0,26.0,0.3764,0.094094,0.0,0.094094,0.003851,2.029976,1.63675,0.0,2.12407,0.4,moderate,0.037638,0.367426,0.405063,0
2026-07-26T11:46:46.924921,01/01 00:15,-4.32,0.0,,,,20.0,25.0,0.0,0.0,0.0,0.0,0.0,0.0,0.0,0.0,0.0,0.34,low,0.0,0.0,0.0,0
2026-07-26T11:47:17.737095,01/01 01:15,-12.07,0.0,,,,18.0,27.0,0.3764,0.094094,0.0,0.094094,0.001011,0.674448,0.631936,0.0,0.768542,0.34,low,0.031992,0.122075,0.154067,0
2026-07-26T11:47:17.751728,01/01 02:15,-11.55,0.0,,,,18.0,27.0,0.3764,0.094094,0.0,0.094094,0.001286,0.947565,0.764752,0.0,1.041659,0.34,low,0.031992,0.171509,0.203501,0
2026-07-26T11:47:17.774353,01/01 03:15,-11.1,0.0,,,,18.0,27.0,0.3764,0.094094,0.0,0.094094,0.001438,1.046934,0.836493,0.0,1.141028,0.34,low,0.031992,0.189495,0.221487,0
2026-07-26T11:47:17.785868,01/01 04:15,-10.97,0.0,,,,18.0,27.0,0.3764,0.094094,0.0,0.094094,0.001685,1.186205,0.941464,0.0,1.280299,0.34,low,0.031992,0.214703,0.246695,0
2026-07-26T11:47:17.797873,01/01 05:15,-10.6,0.0,,,,18.0,27.0,0.3764,0.094094,0.0,0.094094,0.001781,1.23111,0.989121,0.0,1.325204,0.34,low,0.031992,0.222831,0.254823,0
2026-07-26T11:47:17.809867,01/01 06:15,-10.6,0.0,,,,18.0,27.0,0.3764,0.094094,0.0,0.094094,0.001892,1.292238,1.02943,0.0,1.386332,0.43,moderate,0.04046,0.233895,0.274355,0
2026-07-26T11:47:31.370064,01/01 07:15,-10.45,0.0,,,,18.0,29.0,0.3764,0.094094,0.0,0.094094,0.011569,3.763214,3.030161,0.0,3.857308,0.43,moderate,0.04046,0.681142,0.721602,0
2026-07-26T11:47:31.395481,01/01 08:15,-9.72,0.0,,,,18.0,29.0,0.3764,0.094094,0.0,0.094094,0.010666,3.435351,2.758444,0.0,3.529445,0.43,moderate,0.04046,0.621799,0.662259,0
2026-07-26T11:47:31.414483,01/01 09:23,-8.35,52.0,22.0,22.0,22.0,22.0,26.0,0.3764,0.094094,0.0,0.094094,0.012545,4.32027,3.561306,0.0,4.414364,0.43,moderate,0.04046,0.781969,0.822429,0
2026-07-26T11:47:31.430871,01/01 10:23,-6.28,52.0,22.37,22.0,23.42,22.0,26.0,0.3764,0.094094,0.0,0.094094,0.007722,2.831453,2.282869,0.0,2.925547,0.3,low,0.028228,0.512493,0.540721,0
2026-07-26T11:47:31.447076,01/01 11:15,-4.58,52.0,22.72,22.0,24.35,22.0,26.0,0.3764,0.094094,0.0,0.094094,0.006141,2.186979,1.76054,0.0,2.281073,0.3,low,0.028228,0.395843,0.424071,0
2026-07-26T11:47:31.461511,01/01 12:15,-3.02,41.6,22.76,22.0,23.86,22.0,26.0,0.3764,0.094094,0.0,0.094094,0.005273,1.912279,1.540744,0.0,2.006373,0.3,low,0.028228,0.346122,0.374351,0
2026-07-26T11:47:45.763577,01/01 13:15,-1.93,20.8,22.31,22.0,22.9,22.0,25.0,0.3764,0.094094,0.0,0.094094,0.004961,1.877666,1.511901,0.0,1.97176,0.3,low,0.028228,0.339858,0.368086,0
2026-07-26T11:47:45.779566,01/01 14:15,-1.1,41.6,22.42,22.0,23.54,22.0,25.0,0.3764,0.094094,0.0,0.094094,0.004371,1.582712,1.272804,0.0,1.676806,0.3,low,0.028228,0.286471,0.314699,0
2026-07-26T11:47:45.795563,01/01 15:15,-1.1,52.0,22.52,22.0,23.92,22.0,25.0,0.3764,0.094094,0.0,0.094094,0.004278,1.550504,1.252996,0.0,1.644598,0.3,low,0.028228,0.280641,0.308869,0
2026-07-26T11:47:45.810566,01/01 16:15,-1.1,52.0,22.45,22.0,24.0,22.0,25.0,0.3764,0.094094,0.0,0.094094,0.004333,1.630766,1.316294,0.0,1.72486,0.55,high,0.051752,0.295169,0.34692,0
2026-07-26T11:47:45.825376,01/01 17:15,-1.25,52.0,22.37,22.0,23.84,22.0,25.0,0.3764,0.094094,0.0,0.094094,0.004586,1.85644,1.498359,0.0,1.950534,0.55,high,0.051752,0.336016,0.387767,0
2026-07-26T11:47:45.839376,01/01 18:15,-1.82,52.0,22.37,22.0,23.82,22.0,25.0,0.3764,0.094094,0.0,0.094094,0.004853,2.008156,1.619949,0.0,2.10225,0.55,high,0.051752,0.363476,0.415228,0
2026-07-26T11:48:00.406486,01/01 19:15,-1.93,26.0,20.87,20.5,22.36,20.5,26.0,0.3764,0.094094,0.0,0.094094,0.004961,1.946602,1.586995,0.0,2.040696,0.55,high,0.051752,0.352335,0.404087,0
2026-07-26T11:48:00.436510,01/01 20:15,-1.25,0.0,,,,20.5,26.0,0.3764,0.094094,0.0,0.094094,0.0062,2.706197,2.179339,0.0,2.800291,0.55,high,0.051752,0.489822,0.541573,0
2026-07-26T11:48:00.455229,01/01 21:15,-1.55,0.0,,,,20.5,26.0,0.3764,0.094094,0.0,0.094094,0.001823,1.147643,0.957616,0.0,1.241737,0.4,moderate,0.037638,0.207723,0.245361,0
2026-07-26T11:48:00.473541,01/01 22:15,-1.25,0.0,,,,20.5,26.0,0.3764,0.094094,0.0,0.094094,0.00281,1.697162,1.34019,0.0,1.791256,0.4,moderate,0.037638,0.307186,0.344824,0
2026-07-26T11:48:00.489748,01/01 23:15,-1.7,0.0,,,,20.5,26.0,0.3764,0.094094,0.0,0.094094,0.003239,1.849317,1.475776,0.0,1.943411,0.4,moderate,0.037638,0.334726,0.372364,0
2026-07-26T11:48:00.507872,01/02 00:15,-2.25,0.0,,,,20.5,26.0,0.3764,0.094094,0.0,0.094094,0.003467,1.928314,1.546315,0.0,2.022408,0.34,low,0.031992,0.349025,0.381017,0
2026-07-26T11:48:16.036873,01/02 01:15,-3.62,0.0,,,,18.5,28.0,0.3764,0.094094,0.0,0.094094,0.00041,0.250441,0.296433,0.0,0.344535,0.34,low,0.031992,0.04533,0.077322,0
2026-07-26T11:48:16.053605,01/02 02:15,-2.92,0.0,,,,18.5,28.0,0.3764,0.094094,0.0,0.094094,0.00083,0.624488,0.540123,0.0,0.718582,0.34,low,0.031992,0.113032,0.145024,0
2026-07-26T11:48:16.069423,01/02 03:15,-3.17,0.0,,,,18.5,28.0,0.3764,0.094094,0.0,0.094094,0.001033,0.80371,0.645211,0.0,0.897804,0.34,low,0.031992,0.145472,0.177463,0
2026-07-26T11:48:16.085082,01/02 04:15,-2.37,0.0,,,,18.5,28.0,0.3764,0.094094,0.0,0.094094,0.001082,0.836223,0.67148,0.0,0.930317,0.34,low,0.031992,0.151356,0.183348,0
2026-07-26T11:48:16.100080,01/02 05:15,-1.1,0.0,,,,18.5,28.0,0.3764,0.094094,0.0,0.094094,0.001154,0.880472,0.702361,0.0,0.974566,0.34,low,0.031992,0.159365,0.191357,0
2026-07-26T11:48:16.116080,01/02 06:15,-0.98,0.0,,,,18.5,28.0,0.3764,0.094094,0.0,0.094094,0.001143,0.867374,0.698592,0.0,0.961468,0.43,moderate,0.04046,0.156995,0.197455,0
2026-07-26T11:48:30.494914,01/02 07:15,-0.6,0.0,,,,18.0,29.0,0.3764,0.094094,0.0,0.094094,0.005576,2.009695,1.620393,0.0,2.103789,0.43,moderate,0.04046,0.363755,0.404215,0
2026-07-26T11:48:30.512915,01/02 08:15,-0.45,0.0,,,,18.0,29.0,0.3764,0.094094,0.0,0.094094,0.00559,2.015235,1.619138,0.0,2.109329,0.43,moderate,0.04046,0.364758,0.405218,0
2026-07-26T11:48:30.532327,01/02 09:23,0.15,52.0,22.0,22.0,22.0,22.0,26.0,0.3764,0.094094,0.0,0.094094,0.00769,3.131675,2.593372,0.0,3.225769,0.43,moderate,0.04046,0.566833,0.607294,0
2026-07-26T11:48:30.548327,01/02 10:15,0.88,52.0,22.18,22.0,22.9,22.0,26.0,0.3764,0.094094,0.0,0.094094,0.004899,1.901016,1.511305,0.0,1.99511,0.3,low,0.028228,0.344084,0.372312,0
2026-07-26T11:48:30.563304,01/02 11:15,1.7,52.0,22.3,22.0,23.48,22.0,26.0,0.3764,0.094094,0.0,0.094094,0.00406,1.392165,1.095978,0.0,1.486259,0.3,low,0.028228,0.251982,0.28021,0
2026-07-26T11:48:30.578467,01/02 12:15,1.7,41.6,22.37,22.0,23.66,22.0,26.0,0.3764,0.094094,0.0,0.094094,0.00384,1.264061,1.00804,0.0,1.358155,0.3,low,0.028228,0.228795,0.257023,0
2026-07-26T11:48:45.726329,01/02 13:15,1.27,20.8,22.3,22.0,23.45,22.0,25.0,0.3764,0.094094,0.0,0.094094,0.003836,1.320846,1.059511,0.0,1.41494,0.3,low,0.028228,0.239073,0.267301,0
2026-07-26T11:48:45.744539,01/02 14:15,-0.15,41.6,22.47,22.0,23.88,22.0,25.0,0.3764,0.094094,0.0,0.094094,0.004019,1.398435,1.138855,0.0,1.492529,0.3,low,0.028228,0.253117,0.281345,0
2026-07-26T11:48:45.762916,01/02 15:15,-0.3,52.0,22.54,22.0,24.14,22.0,25.0,0.3764,0.094094,0.0,0.094094,0.004063,1.45039,1.173175,0.0,1.544484,0.3,low,0.028228,0.262521,0.290749,0
2026-07-26T11:48:45.778914,01/02 16:15,0.6,52.0,22.4,22.0,23.98,22.0,25.0,0.3764,0.094094,0.0,0.094094,0.003915,1.449586,1.177244,0.0,1.54368,0.55,high,0.051752,0.262375,0.314127,0
2026-07-26T11:48:45.792913,01/02 17:15,0.3,52.0,22.27,22.0,23.35,22.0,25.0,0.3764,0.094094,0.0,0.094094,0.004573,1.958948,1.589869,0.0,2.053042,0.55,high,0.051752,0.35457,0.406321,0
2026-07-26T11:48:45.807913,01/02 18:15,-0.3,52.0,22.29,22.0,23.44,22.0,25.0,0.3764,0.094094,0.0,0.094094,0.004721,2.016327,1.618623,0.0,2.110421,0.55,high,0.051752,0.364955,0.416707,0
2026-07-26T11:49:02.152419,01/02 19:15,0.72,26.0,20.84,20.5,22.19,20.5,26.0,0.3764,0.094094,0.0,0.094094,0.004289,1.679873,1.353678,0.0,1.773967,0.55,high,0.051752,0.304057,0.355809,0
2026-07-26T11:49:02.175415,01/02 20:15,1.25,0.0,,,,20.5,26.0,0.3764,0.094094,0.0,0.094094,0.005563,2.416672,1.944882,0.0,2.510766,0.55,high,0.051752,0.437418,0.489169,0
2026-07-26T11:49:02.194416,01/02 21:15,1.82,0.0,,,,20.5,26.0,0.3764,0.094094,0.0,0.094094,0.001895,1.213116,1.004028,0.0,1.30721,0.4,moderate,0.037638,0.219574,0.257212,0
2026-07-26T11:49:02.214993,01/02 22:15,1.65,0.0,,,,20.5,26.0,0.3764,0.094094,0.0,0.094094,0.002288,1.459714,1.170322,0.0,1.553808,0.4,moderate,0.037638,0.264208,0.301846,0
2026-07-26T11:49:02.232886,01/02 23:15,0.0,0.0,,,,20.5,26.0,0.3764,0.094094,0.0,0.094094,0.002278,1.445844,1.165026,0.0,1.539938,0.4,moderate,0.037638,0.261698,0.299335,0
2026-07-26T11:49:02.249369,01/03 00:15,0.0,0.0,,,,20.5,26.0,0.3764,0.094094,0.0,0.094094,0.002881,1.735817,1.373568,0.0,1.829911,0.34,low,0.031992,0.314183,0.346175,0
2026-07-26T11:49:19.489125,01/03 01:15,0.0,0.0,,,,18.5,28.0,0.3764,0.094094,0.0,0.094094,7.3e-05,0.044357,0.060802,0.0,0.138451,0.34,low,0.031992,0.008029,0.040021,0
2026-07-26T11:49:19.508124,01/03 02:15,0.15,0.0,,,,18.5,28.0,0.3764,0.094094,0.0,0.094094,0.000542,0.391201,0.377443,0.0,0.485295,0.34,low,0.031992,0.070807,0.102799,0
2026-07-26T11:49:19.526671,01/03 03:15,0.45,0.0,,,,18.5,28.0,0.3764,0.094094,0.0,0.094094,0.000846,0.667438,0.54571,0.0,0.761532,0.34,low,0.031992,0.120806,0.152798,0
2026-07-26T11:49:19.543094,01/03 04:15,-0.28,0.0,,,,18.5,28.0,0.3764,0.094094,0.0,0.094094,0.000954,0.754236,0.601898,0.0,0.84833,0.34,low,0.031992,0.136517,0.168509,0
2026-07-26T11:49:19.560101,01/03 05:15,-1.38,0.0,,,,18.5,28.0,0.3764,0.094094,0.0,0.094094,0.001092,0.845288,0.67028,0.0,0.939382,0.34,low,0.031992,0.152997,0.184989,0
2026-07-26T11:49:19.577246,01/03 06:15,-2.48,0.0,,,,18.5,28.0,0.3764,0.094094,0.0,0.094094,0.001303,0.974584,0.769096,0.0,1.068678,0.43,moderate,0.04046,0.1764,0.21686,0
2026-07-26T11:49:35.616095,01/03 07:15,-3.3,0.0,,,,18.0,29.0,0.3764,0.094094,0.0,0.094094,0.006512,2.467805,1.992501,0.0,2.561899,0.43,moderate,0.04046,0.446673,0.487133,0
2026-07-26T11:49:35.635700,01/03 08:15,-3.57,0.0,,,,18.0,29.0,0.3764,0.094094,0.0,0.094094,0.006433,2.401202,1.926504,0.0,2.495296,0.43,moderate,0.04046,0.434618,0.475078,0
2026-07-26T11:49:35.658260,01/03 09:23,-4.4,52.0,22.0,22.0,22.0,22.0,26.0,0.3764,0.094094,0.0,0.094094,0.009603,3.82337,3.147747,0.0,3.917464,0.43,moderate,0.04046,0.69203,0.73249,0
2026-07-26T11:49:35.675599,01/03 10:15,-4.28,52.0,22.13,22.0,22.65,22.0,26.0,0.3764,0.094094,0.0,0.094094,0.006453,2.545377,2.037745,0.0,2.639471,0.3,low,0.028228,0.460713,0.488941,0
2026-07-26T11:49:35.693033,01/03 11:15,-3.75,52.0,22.25,22.0,23.24,22.0,26.0,0.3764,0.094094,0.0,0.094094,0.005588,2.069618,1.656171,0.0,2.163712,0.3,low,0.028228,0.374601,0.402829,0
2026-07-26T11:49:35.710259,01/03 12:15,-3.17,41.6,22.27,22.0,23.36,22.0,26.0,0.3764,0.094094,0.0,0.094094,0.005231,1.938265,1.556524,0.0,2.032359,0.3,low,0.028228,0.350826,0.379054,0
2026-07-26T11:49:52.698184,01/03 13:15,-2.8,20.8,22.2,22.0,23.0,22.0,25.0,0.3764,0.094094,0.0,0.094094,0.005249,2.070244,1.666154,0.0,2.164338,0.3,low,0.028228,0.374714,0.402942,0
2026-07-26T11:49:52.719527,01/03 14:15,-2.8,41.6,22.3,22.0,23.48,22.0,25.0,0.3764,0.094094,0.0,0.094094,0.004911,1.830528,1.479985,0.0,1.924622,0.3,low,0.028228,0.331326,0.359554,0
2026-07-26T11:49:52.738527,01/03 15:15,-2.8,52.0,22.42,22.0,23.92,22.0,25.0,0.3764,0.094094,0.0,0.094094,0.004717,1.707044,1.374513,0.0,1.801138,0.3,low,0.028228,0.308975,0.337203,0
2026-07-26T11:49:52.757398,01/03 16:15,-2.8,52.0,22.41,22.0,23.98,22.0,25.0,0.3764,0.094094,0.0,0.094094,0.004791,1.800209,1.454861,0.0,1.894303,0.55,high,0.051752,0.325838,0.37759,0
2026-07-26T11:49:52.774407,01/03 17:15,-2.8,52.0,22.32,22.0,23.62,22.0,25.0,0.3764,0.094094,0.0,0.094094,0.005343,2.243962,1.815299,0.0,2.338056,0.55,high,0.051752,0.406157,0.457909,0
2026-07-26T11:49:52.790690,01/03 18:15,-2.8,52.0,22.31,22.0,23.55,22.0,25.0,0.3764,0.094094,0.0,0.094094,0.005436,2.311397,1.861629,0.0,2.405491,0.55,high,0.051752,0.418363,0.470115,0
2026-07-26T11:50:10.357282,01/03 19:15,-2.8,26.0,20.84,20.5,22.19,20.5,26.0,0.3764,0.094094,0.0,0.094094,0.005292,2.146988,1.721888,0.0,2.241082,0.55,high,0.051752,0.388605,0.440357,0
2026-07-26T11:50:10.380895,01/03 20:15,-2.8,0.0,,,,20.5,26.0,0.3764,0.094094,0.0,0.094094,0.006841,2.95556,2.377606,0.0,3.049654,0.55,high,0.051752,0.534956,0.586708,0
2026-07-26T11:50:10.402902,01/03 21:15,-2.8,0.0,,,,20.5,26.0,0.3764,0.094094,0.0,0.094094,0.002385,1.444117,1.170728,0.0,1.538211,0.4,moderate,0.037638,0.261385,0.299023,0
2026-07-26T11:50:10.420897,01/03 22:15,-2.8,0.0,,,,20.5,26.0,0.3764,0.094094,0.0,0.094094,0.003424,1.91866,1.518835,0.0,2.012754,0.4,moderate,0.037638,0.347277,0.384915,0
2026-07-26T11:50:10.438897,01/03 23:15,-2.8,0.0,,,,20.5,26.0,0.3764,0.094094,0.0,0.094094,0.004017,2.112446,1.688102,0.0,2.20654,0.4,moderate,0.037638,0.382353,0.41999,0
2026-07-26T11:50:10.459937,01/04 00:15,-2.8,0.0,,,,20.5,26.0,0.3764,0.094094,0.0,0.094094,0.004122,2.140123,1.722114,0.0,2.234217,0.34,low,0.031992,0.387362,0.419354,0
2026-07-26T11:50:27.277558,01/04 01:15,-2.8,0.0,,,,18.5,28.0,0.3764,0.094094,0.0,0.094094,0.000513,0.314913,0.360449,0.0,0.409007,0.34,low,0.031992,0.056999,0.088991,0
2026-07-26T11:50:27.299559,01/04 02:15,-2.8,0.0,,,,18.5,28.0,0.3764,0.094094,0.0,0.094094,0.001025,0.765401,0.638756,0.0,0.859495,0.34,low,0.031992,0.138538,0.17053,0
2026-07-26T11:50:27.316317,01/04 03:15,-2.92,0.0,,,,18.5,28.0,0.3764,0.094094,0.0,0.094094,0.001274,0.953263,0.756936,0.0,1.047357,0.34,low,0.031992,0.172541,0.204533,0
2026-07-26T11:50:27.334331,01/04 04:15,-3.3,0.0,,,,18.5,28.0,0.3764,0.094094,0.0,0.094094,0.001403,1.022078,0.814194,0.0,1.116172,0.34,low,0.031992,0.184996,0.216988,0
2026-07-26T11:50:27.351333,01/04 05:15,-3.3,0.0,,,,18.5,28.0,0.3764,0.094094,0.0,0.094094,0.001443,1.037189,0.832926,0.0,1.131283,0.34,low,0.031992,0.187731,0.219723,0
2026-07-26T11:50:27.370038,01/04 06:15,-3.17,0.0,,,,18.5,28.0,0.3764,0.094094,0.0,0.094094,0.001455,1.043058,0.839696,0.0,1.137152,0.43,moderate,0.04046,0.188793,0.229254,0
2026-07-26T11:50:44.470500,01/04 07:15,-2.8,0.0,,,,18.0,29.0,0.3764,0.094094,0.0,0.094094,0.006464,2.425369,1.958862,0.0,2.519463,0.43,moderate,0.04046,0.438992,0.479452,0
2026-07-26T11:50:44.489982,01/04 08:15,-2.65,0.0,,,,18.0,29.0,0.3764,0.094094,0.0,0.094094,0.006413,2.386236,1.916306,0.0,2.48033,0.43,moderate,0.04046,0.431909,0.472369,0
2026-07-26T11:50:44.511980,01/04 09:23,-2.08,52.0,22.0,22.0,22.0,22.0,26.0,0.3764,0.094094,0.0,0.094094,0.008771,3.535796,2.919407,0.0,3.62989,0.43,moderate,0.04046,0.639979,0.680439,0
2026-07-26T11:50:44.529937,01/04 10:15,-1.7,52.0,22.14,22.0,22.69,22.0,26.0,0.3764,0.094094,0.0,0.094094,0.005676,2.2729,1.817634,0.0,2.366994,0.3,low,0.028228,0.411395,0.439623,0
2026-07-26T11:50:44.547669,01/04 11:15,-1.55,52.0,22.27,22.0,23.34,22.0,26.0,0.3764,0.094094,0.0,0.094094,0.00491,1.795425,1.429078,0.0,1.889519,0.3,low,0.028228,0.324972,0.3532,0
2026-07-26T11:50:44.563630,01/04 12:15,-0.98,41.6,22.29,22.0,23.45,22.0,26.0,0.3764,0.094094,0.0,0.094094,0.004588,1.662608,1.332082,0.0,1.756702,0.3,low,0.028228,0.300932,0.32916,0
2026-07-26T11:51:00.908069,01/04 13:15,-0.6,20.8,22.23,22.0,23.17,22.0,25.0,0.3764,0.094094,0.0,0.094094,0.004576,1.760661,1.415642,0.0,1.854755,0.3,low,0.028228,0.31868,0.346908,0
2026-07-26T11:51:00.930074,01/04 14:15,-0.72,41.6,22.37,22.0,23.76,22.0,25.0,0.3764,0.094094,0.0,0.094094,0.004228,1.503233,1.211287,0.0,1.597327,0.3,low,0.028228,0.272085,0.300313,0
2026-07-26T11:51:00.949078,01/04 15:15,-1.1,52.0,22.43,22.0,23.97,22.0,25.0,0.3764,0.094094,0.0,0.094094,0.004272,1.537435,1.243226,0.0,1.631529,0.3,low,0.028228,0.278276,0.306504,0
2026-07-26T11:51:00.967113,01/04 16:15,-1.52,52.0,22.36,22.0,23.81,22.0,25.0,0.3764,0.094094,0.0,0.094094,0.004458,1.735868,1.40959,0.0,1.829962,0.55,high,0.051752,0.314192,0.365944,0
2026-07-26T11:51:00.985121,01/04 17:15,-3.07,52.0,22.24,22.0,23.17,22.0,25.0,0.3764,0.094094,0.0,0.094094,0.005742,2.5105,2.02783,0.0,2.604594,0.55,high,0.051752,0.4544,0.506152,0
2026-07-26T11:51:01.001108,01/04 18:15,-4.17,52.0,22.2,22.0,22.98,22.0,25.0,0.3764,0.094094,0.0,0.094094,0.006313,2.753616,2.214341,0.0,2.84771,0.55,high,0.051752,0.498404,0.550156,0
2026-07-26T11:51:18.239959,01/04 19:15,-5.0,26.0,20.7,20.5,21.5,20.5,26.0,0.3764,0.094094,0.0,0.094094,0.006461,2.645262,2.139745,0.0,2.739356,0.55,high,0.051752,0.478792,0.530544,0
2026-07-26T11:51:18.261685,01/04 20:15,-4.85,0.0,,,,20.5,26.0,0.3764,0.094094,0.0,0.094094,0.008758,3.690287,2.961253,0.0,3.784381,0.55,high,0.051752,0.667942,0.719694,0
2026-07-26T11:51:18.280482,01/04 21:15,-4.55,0.0,,,,20.5,26.0,0.3764,0.094094,0.0,0.094094,0.00427,2.169133,1.727668,0.0,2.263227,0.4,moderate,0.037638,0.392613,0.430251,0
2026-07-26T11:51:18.297490,01/04 22:15,-5.28,0.0,,,,20.5,26.0,0.3764,0.094094,0.0,0.094094,0.00558,2.551932,2.034918,0.0,2.646026,0.4,moderate,0.037638,0.4619,0.499537,0
2026-07-26T11:51:18.316490,01/04 23:15,-6.37,0.0,,,,20.5,26.0,0.3764,0.094094,0.0,0.094094,0.005684,2.562479,2.06264,0.0,2.656573,0.4,moderate,0.037638,0.463809,0.501446,0
2026-07-26T11:51:18.332493,01/05 00:15,-7.2,0.0,,,,20.5,26.0,0.3764,0.094094,0.0,0.094094,0.00578,2.591161,2.084693,0.0,2.685255,0.34,low,0.031992,0.469,0.500992,0
2026-07-26T11:51:36.138133,01/05 01:15,-7.08,0.0,,,,18.5,28.0,0.3764,0.094094,0.0,0.094094,0.000942,0.594846,0.596543,0.0,0.68894,0.34,low,0.031992,0.107667,0.139659,0
2026-07-26T11:51:36.156127,01/05 02:15,-6.83,0.0,,,,18.5,28.0,0.3764,0.094094,0.0,0.094094,0.001348,0.974428,0.790638,0.0,1.068522,0.34,low,0.031992,0.176371,0.208363,0
2026-07-26T11:51:36.174314,01/05 03:15,-7.62,0.0,,,,18.5,28.0,0.3764,0.094094,0.0,0.094094,0.001451,1.044674,0.838555,0.0,1.138768,0.34,low,0.031992,0.189086,0.221078,0
2026-07-26T11:51:36.192326,01/05 04:15,-9.73,0.0,,,,18.5,28.0,0.3764,0.094094,0.0,0.094094,0.001803,1.243586,0.97975,0.0,1.33768,0.34,low,0.031992,0.225089,0.257081,0
2026-07-26T11:51:36.209374,01/05 05:15,-12.75,0.0,,,,18.5,28.0,0.3764,0.094094,0.0,0.094094,0.002599,1.597478,1.239422,0.0,1.691572,0.34,low,0.031992,0.289144,0.321135,0
2026-07-26T11:51:36.225338,01/05 06:15,-14.55,0.0,,,,18.5,28.0,0.3764,0.094094,0.0,0.094094,0.003069,1.726776,1.369859,0.0,1.82087,0.43,moderate,0.04046,0.312546,0.353007,0
2026-07-26T11:51:54.411789,01/05 07:15,-14.72,0.0,,,,18.0,29.0,0.3764,0.094094,0.0,0.094094,0.002275,1.455733,1.165905,0.0,1.549827,0.43,moderate,0.04046,0.263488,0.303948,0
2026-07-26T11:51:54.431791,01/05 08:15,-13.9,0.0,,,,18.0,29.0,0.3764,0.094094,0.0,0.094094,0.00214,1.326274,1.054414,0.0,1.420368,0.43,moderate,0.04046,0.240056,0.280516,0
2026-07-26T11:51:54.454440,01/05 09:23,-13.35,0.0,,,,18.0,29.0,0.3764,0.094094,0.0,0.094094,0.00183,1.116515,0.902648,0.0,1.210609,0.43,moderate,0.04046,0.202089,0.24255,0
2026-07-26T11:51:54.475820,01/05 10:23,-11.12,0.0,,,,18.0,29.0,0.3764,0.094094,0.0,0.094094,0.001041,0.665573,0.550548,0.0,0.759667,0.3,low,0.028228,0.120469,0.148697,0
2026-07-26T11:51:54.493071,01/05 11:15,-9.0,0.0,,,,18.0,29.0,0.3764,0.094094,0.0,0.094094,0.000597,0.39304,0.339416,0.0,0.487134,0.3,low,0.028228,0.07114,0.099368,0
2026-07-26T11:51:54.511142,01/05 12:15,-7.52,0.0,,,,18.0,29.0,0.3764,0.094094,0.0,0.094094,0.000369,0.268835,0.246267,0.0,0.362929,0.3,low,0.028228,0.048659,0.076887,0
2026-07-26T11:52:12.762472,01/05 13:15,-6.43,0.0,,,,18.0,29.0,0.3764,0.094094,0.0,0.094094,0.000237,0.184623,0.170186,0.0,0.278717,0.3,low,0.028228,0.033417,0.061645,0
2026-07-26T11:52:12.786471,01/05 14:15,-5.17,0.0,,,,18.0,29.0,0.3764,0.094094,0.0,0.094094,0.000126,0.10212,0.092561,0.0,0.196214,0.3,low,0.028228,0.018484,0.046712,0
2026-07-26T11:52:12.807652,01/05 15:15,-3.75,0.0,,,,18.0,29.0,0.3764,0.094094,0.0,0.094094,0.000114,0.093792,0.08434,0.0,0.187886,0.3,low,0.028228,0.016976,0.045205,0
2026-07-26T11:52:12.829125,01/05 16:23,-3.57,0.0,,,,18.0,29.0,0.3764,0.094094,0.0,0.094094,0.000184,0.154058,0.128793,0.0,0.248152,0.55,high,0.051752,0.027884,0.079636,0
2026-07-26T11:52:12.852715,01/05 17:23,-4.55,0.0,,,,18.0,29.0,0.3764,0.094094,0.0,0.094094,0.000382,0.322926,0.260462,0.0,0.41702,0.55,high,0.051752,0.05845,0.110201,0
2026-07-26T11:52:12.870711,01/05 18:15,-5.15,0.0,,,,18.0,29.0,0.3764,0.094094,0.0,0.094094,0.0006,0.503468,0.40415,0.0,0.597562,0.55,high,0.051752,0.091128,0.142879,0
2026-07-26T11:52:31.361302,01/05 19:15,-5.87,0.0,,,,18.0,29.0,0.3764,0.094094,0.0,0.094094,0.000944,0.774238,0.605834,0.0,0.868332,0.55,high,0.051752,0.140137,0.191889,0
2026-07-26T11:52:31.382398,01/05 20:15,-6.98,0.0,,,,18.0,29.0,0.3764,0.094094,0.0,0.094094,0.001185,0.925651,0.725896,0.0,1.019745,0.55,high,0.051752,0.167543,0.219295,0
2026-07-26T11:52:31.399884,01/05 21:15,-8.07,0.0,,,,18.0,29.0,0.3764,0.094094,0.0,0.094094,0.001428,1.060779,0.835568,0.0,1.154873,0.4,moderate,0.037638,0.192001,0.229639,0
2026-07-26T11:52:31.415923,01/05 22:15,-8.9,0.0,,,,18.0,29.0,0.3764,0.094094,0.0,0.094094,0.001491,1.079222,0.864709,0.0,1.173316,0.4,moderate,0.037638,0.195339,0.232977,0
2026-07-26T11:52:31.431888,01/05 23:15,-9.18,0.0,,,,18.0,29.0,0.3764,0.094094,0.0,0.094094,0.001594,1.138723,0.912931,0.0,1.232817,0.4,moderate,0.037638,0.206109,0.243746,0
2026-07-26T11:52:31.449333,01/06 00:15,-10.28,0.0,,,,18.0,29.0,0.3764,0.094094,0.0,0.094094,0.001767,1.237329,0.987369,0.0,1.331423,0.34,low,0.031992,0.223957,0.255949,0
2026-07-26T11:52:50.070839,01/06 01:15,-11.1,0.0,,,,18.0,29.0,0.3764,0.094094,0.0,0.094094,0.002082,1.383387,1.091889,0.0,1.477481,0.34,low,0.031992,0.250393,0.282385,0
2026-07-26T11:52:50.092346,01/06 02:15,-11.38,0.0,,,,18.0,29.0,0.3764,0.094094,0.0,0.094094,0.002074,1.338529,1.073064,0.0,1.432623,0.34,low,0.031992,0.242274,0.274266,0
2026-07-26T11:52:50.111570,01/06 03:15,-12.62,0.0,,,,18.0,29.0,0.3764,0.094094,0.0,0.094094,0.002232,1.398999,1.115806,0.0,1.493093,0.34,low,0.031992,0.253219,0.285211,0
2026-07-26T11:52:50.129029,01/06 04:15,-13.9,0.0,,,,18.0,29.0,0.3764,0.094094,0.0,0.094094,0.002452,1.473148,1.172967,0.0,1.567242,0.34,low,0.031992,0.26664,0.298632,0
2026-07-26T11:52:50.146023,01/06 05:15,-14.03,0.0,,,,18.0,29.0,0.3764,0.094094,0.0,0.094094,0.002609,1.514148,1.208949,0.0,1.608242,0.34,low,0.031992,0.274061,0.306053,0
2026-07-26T11:52:50.162869,01/06 06:15,-14.4,0.0,,,,18.0,29.0,0.3764,0.094094,0.0,0.094094,0.002802,1.572929,1.256119,0.0,1.667023,0.43,moderate,0.04046,0.2847,0.325161,0
2026-07-26T11:53:06.539099,01/06 07:15,-14.55,0.0,,,,18.0,29.0,0.3764,0.094094,0.0,0.094094,0.00314,1.681752,1.340564,0.0,1.775846,0.43,moderate,0.04046,0.304397,0.344858,0
2026-07-26T11:53:06.567973,01/06 08:15,-14.72,0.0,,,,18.0,29.0,0.3764,0.094094,0.0,0.094094,0.00246,1.319884,1.057368,0.0,1.413978,0.43,moderate,0.04046,0.238899,0.279359,0
2026-07-26T11:53:06.585997,01/06 09:23,-13.75,0.0,,,,18.0,29.0,0.3764,0.094094,0.0,0.094094,0.002146,1.152662,0.936727,0.0,1.246756,0.43,moderate,0.04046,0.208632,0.249092,0
2026-07-26T11:53:06.603983,01/06 10:15,-13.03,0.0,,,,18.0,29.0,0.3764,0.094094,0.0,0.094094,0.001288,0.720373,0.58717,0.0,0.814467,0.3,low,0.028228,0.130388,0.158616,0
2026-07-26T11:53:06.620997,01/06 11:15,-11.92,0.0,,,,18.0,29.0,0.3764,0.094094,0.0,0.094094,0.000795,0.443726,0.371595,0.0,0.53782,0.3,low,0.028228,0.080314,0.108543,0
2026-07-26T11:53:06.639458,01/06 12:15,-11.25,0.0,,,,18.0,29.0,0.3764,0.094094,0.0,0.094094,0.000487,0.318449,0.316583,0.0,0.412543,0.3,low,0.028228,0.057639,0.085867,0
2026-07-26T11:53:22.937977,01/06 13:15,-11.55,0.0,,,,18.0,29.0,0.3764,0.094094,0.0,0.094094,0.000338,0.253455,0.250308,0.0,0.347549,0.3,low,0.028228,0.045875,0.074104,0
2026-07-26T11:53:22.958366,01/06 14:15,-11.25,0.0,,,,18.0,29.0,0.3764,0.094094,0.0,0.094094,0.000486,0.399999,0.348093,0.0,0.494093,0.3,low,0.028228,0.0724,0.100628,0
2026-07-26T11:53:22.975901,01/06 15:15,-11.82,0.0,,,,18.0,29.0,0.3764,0.094094,0.0,0.094094,0.000425,0.362934,0.297497,0.0,0.457028,0.3,low,0.028228,0.065691,0.093919,0
2026-07-26T11:53:22.991890,01/06 16:15,-12.75,0.0,,,,18.0,29.0,0.3764,0.094094,0.0,0.094094,0.000593,0.501515,0.388333,0.0,0.595609,0.55,high,0.051752,0.090774,0.142526,0
2026-07-26T11:53:23.009217,01/06 17:15,-14.7,0.0,,,,18.0,29.0,0.3764,0.094094,0.0,0.094094,0.001538,1.18106,0.891113,0.0,1.275154,0.55,high,0.051752,0.213772,0.265524,0
2026-07-26T11:53:23.025707,01/06 18:15,-16.0,0.0,,,,18.0,29.0,0.3764,0.094094,0.0,0.094094,0.00194,1.342277,1.055894,0.0,1.436371,0.55,high,0.051752,0.242952,0.294704,0
2026-07-26T11:53:39.383112,01/06 19:15,-17.2,0.0,,,,18.0,29.0,0.3764,0.094094,0.0,0.094094,0.002818,1.695608,1.315064,0.0,1.789702,0.55,high,0.051752,0.306905,0.358657,0
2026-07-26T11:53:39.402933,01/06 20:15,-17.62,0.0,,,,18.0,29.0,0.3764,0.094094,0.0,0.094094,0.003122,1.727344,1.374568,0.0,1.821438,0.55,high,0.051752,0.312649,0.364401,0
2026-07-26T11:53:39.421642,01/06 21:15,-18.75,0.0,,,,18.0,29.0,0.3764,0.094094,0.0,0.094094,0.003163,1.695241,1.359438,0.0,1.789335,0.4,moderate,0.037638,0.306839,0.344476,0
2026-07-26T11:53:39.439651,01/06 22:15,-18.18,0.0,,,,18.0,29.0,0.3764,0.094094,0.0,0.094094,0.003912,1.928358,1.526868,0.0,2.022452,0.4,moderate,0.037638,0.349033,0.38667,0
2026-07-26T11:53:39.456642,01/06 23:15,-18.08,0.0,,,,18.0,29.0,0.3764,0.094094,0.0,0.094094,0.004108,1.938163,1.552918,0.0,2.032257,0.4,moderate,0.037638,0.350808,0.388445,0
2026-07-26T11:53:39.474641,01/07 00:15,-18.9,0.0,,,,18.0,29.0,0.3764,0.094094,0.0,0.094094,0.004588,2.063617,1.650329,0.0,2.157711,0.34,low,0.031992,0.373515,0.405507,0
2026-07-26T11:54:00.491857,01/07 01:15,-19.02,0.0,,,,18.0,29.0,0.3764,0.094094,0.0,0.094094,0.005169,2.202028,1.770403,0.0,2.296122,0.34,low,0.031992,0.398567,0.430559,0
2026-07-26T11:54:00.511934,01/07 02:15,-19.55,0.0,,,,18.0,29.0,0.3764,0.094094,0.0,0.094094,0.005268,2.213433,1.778257,0.0,2.307527,0.34,low,0.031992,0.400631,0.432623,0
2026-07-26T11:54:00.529835,01/07 03:15,-20.15,0.0,,,,18.0,29.0,0.3764,0.094094,0.0,0.094094,0.005342,2.214062,1.781997,0.0,2.308156,0.34,low,0.031992,0.400745,0.432737,0
2026-07-26T11:54:00.547403,01/07 04:15,-20.73,0.0,,,,18.0,29.0,0.3764,0.094094,0.0,0.094094,0.005994,2.417058,1.940214,0.0,2.511152,0.34,low,0.031992,0.437487,0.469479,0
2026-07-26T11:54:00.564452,01/07 05:15,-21.38,0.0,,,,18.0,29.0,0.3764,0.094094,0.0,0.094094,0.005822,2.323699,1.868742,0.0,2.417793,0.34,low,0.031992,0.42059,0.452581,0
2026-07-26T11:54:00.580397,01/07 06:15,-22.35,0.0,,,,18.0,29.0,0.3764,0.094094,0.0,0.094094,0.006152,2.407443,1.933671,0.0,2.501537,0.43,moderate,0.04046,0.435747,0.476208,0
2026-07-26T11:54:20.016362,01/07 07:15,-22.53,0.0,,,,18.0,29.0,0.3764,0.094094,0.0,0.094094,0.020456,5.706071,4.595323,0.0,5.800165,0.43,moderate,0.04046,1.032799,1.073259,0
2026-07-26T11:54:20.038357,01/07 08:15,-20.85,0.0,,,,18.0,29.0,0.3764,0.094094,0.0,0.094094,0.019485,5.360136,4.311224,0.0,5.45423,0.43,moderate,0.04046,0.970185,1.010645,0
2026-07-26T11:54:20.067361,01/07 09:19,-17.75,52.0,21.88,21.67,22.0,22.0,26.0,0.3764,0.094094,0.0,0.094094,0.031588,6.701031,5.418966,0.0,6.795125,0.43,moderate,0.04046,1.212887,1.253347,0
2026-07-26T11:54:20.088356,01/07 10:23,-15.68,52.0,22.27,22.0,23.36,22.0,26.0,0.3764,0.094094,0.0,0.094094,0.017567,4.472551,3.5917,0.0,4.566645,0.3,low,0.028228,0.809532,0.83776,0
2026-07-26T11:54:20.110355,01/07 11:15,-14.4,52.0,22.49,22.0,24.18,22.0,26.0,0.3764,0.094094,0.0,0.094094,0.014398,3.660013,2.955887,0.0,3.754107,0.3,low,0.028228,0.662462,0.690691,0
2026-07-26T11:54:20.128355,01/07 12:15,-14.12,41.6,22.55,22.0,23.83,22.0,26.0,0.3764,0.094094,0.0,0.094094,0.013819,3.431248,2.762349,0.0,3.525342,0.3,low,0.028228,0.621056,0.649284,0
2026-07-26T11:54:38.275342,01/07 13:23,-13.18,20.8,22.38,22.0,23.15,22.0,25.0,0.3764,0.094094,0.0,0.094094,0.012447,3.376596,2.729568,0.0,3.47069,0.3,low,0.028228,0.611164,0.639392,0
2026-07-26T11:54:38.296338,01/07 14:15,-12.93,41.6,22.68,22.0,24.44,22.0,25.0,0.3764,0.094094,0.0,0.094094,0.011498,3.240166,2.616831,0.0,3.33426,0.3,low,0.028228,0.58647,0.614698,0
2026-07-26T11:54:38.314595,01/07 15:15,-13.45,52.0,22.88,22.0,25.0,22.0,25.0,0.3809,0.095221,0.0,0.095221,0.011239,3.173873,2.551374,0.0,3.269094,0.3,low,0.028566,0.574471,0.603037,0
2026-07-26T11:54:38.331723,01/07 16:15,-14.45,52.0,22.81,22.0,24.66,22.0,25.0,0.3764,0.094094,0.0,0.094094,0.012639,3.387179,2.725556,0.0,3.481273,0.55,high,0.051752,0.613079,0.664831,0
2026-07-26T11:54:38.349056,01/07 17:23,-16.25,52.0,22.2,22.0,22.92,22.0,25.0,0.3764,0.094094,0.0,0.094094,0.015981,4.005228,3.227258,0.0,4.099322,0.55,high,0.051752,0.724946,0.776698,0
2026-07-26T11:54:38.364958,01/07 18:15,-17.1,52.0,22.18,22.0,22.9,22.0,25.0,0.3764,0.094094,0.0,0.094094,0.017155,4.400784,3.544359,0.0,4.494878,0.55,high,0.051752,0.796542,0.848294,0
2026-07-26T11:54:56.054240,01/07 19:15,-18.3,26.0,20.67,20.5,21.33,20.5,26.0,0.3764,0.094094,0.0,0.094094,0.017655,4.648239,3.7516,0.0,4.742333,0.55,high,0.051752,0.841331,0.893083,0
2026-07-26T11:54:56.079245,01/07 20:15,-18.58,0.0,,,,20.5,26.0,0.3764,0.094094,0.0,0.094094,0.020508,5.547611,4.464666,0.0,5.641705,0.55,high,0.051752,1.004118,1.055869,0
2026-07-26T11:54:56.098240,01/07 21:15,-19.55,0.0,,,,20.5,26.0,0.3764,0.094094,0.0,0.094094,0.00765,2.905842,2.317819,0.0,2.999936,0.4,moderate,0.037638,0.525957,0.563595,0
2026-07-26T11:54:56.116240,01/07 22:15,-19.85,0.0,,,,20.5,26.0,0.3764,0.094094,0.0,0.094094,0.00984,3.272932,2.619566,0.0,3.367026,0.4,moderate,0.037638,0.592401,0.630038,0
2026-07-26T11:54:56.135245,01/07 23:15,-19.55,0.0,,,,20.5,26.0,0.3764,0.094094,0.0,0.094094,0.010222,3.334572,2.682722,0.0,3.428666,0.4,moderate,0.037638,0.603558,0.641195,0
2026-07-26T11:54:56.153239,01/08 00:15,-20.27,0.0,,,,20.5,26.0,0.3764,0.094094,0.0,0.094094,0.011165,3.477199,2.790861,0.0,3.571293,0.34,low,0.031992,0.629373,0.661365,0
2026-07-26T11:55:14.036475,01/08 01:15,-21.1,0.0,,,,18.5,28.0,0.3764,0.094094,0.0,0.094094,0.003225,1.833255,1.430173,0.0,1.927349,0.34,low,0.031992,0.331819,0.363811,0
2026-07-26T11:55:14.058778,01/08 02:15,-21.1,0.0,,,,18.5,28.0,0.3764,0.094094,0.0,0.094094,0.004358,2.135148,1.690467,0.0,2.229242,0.34,low,0.031992,0.386462,0.418454,0
2026-07-26T11:55:14.078769,01/08 03:15,-21.1,0.0,,,,18.5,28.0,0.3764,0.094094,0.0,0.094094,0.005049,2.26572,1.809839,0.0,2.359814,0.34,low,0.031992,0.410095,0.442087,0
2026-07-26T11:55:14.097772,01/08 04:15,-21.25,0.0,,,,18.5,28.0,0.3764,0.094094,0.0,0.094094,0.005581,2.40111,1.925099,0.0,2.495204,0.34,low,0.031992,0.434601,0.466593,0
2026-07-26T11:55:14.115116,01/08 05:15,-21.7,0.0,,,,18.5,28.0,0.3764,0.094094,0.0,0.094094,0.006047,2.506006,2.009748,0.0,2.6001,0.34,low,0.031992,0.453587,0.485579,0
2026-07-26T11:55:14.134174,01/08 06:15,-21.7,0.0,,,,18.5,28.0,0.3764,0.094094,0.0,0.094094,0.006359,2.564781,2.060452,0.0,2.658875,0.43,moderate,0.04046,0.464225,0.504686,0
2026-07-26T11:55:30.334572,01/08 07:15,-21.55,0.0,,,,18.0,29.0,0.3764,0.094094,0.0,0.094094,0.019216,5.288246,4.258517,0.0,5.38234,0.43,moderate,0.04046,0.957173,0.997633,0
2026-07-26T11:55:30.355566,01/08 08:15,-20.12,0.0,,,,18.0,29.0,0.3764,0.094094,0.0,0.094094,0.018569,5.012537,4.030879,0.0,5.106631,0.43,moderate,0.04046,0.907269,0.94773,0
2026-07-26T11:55:30.380236,01/08 09:20,-16.5,52.0,21.99,21.95,22.0,22.0,26.0,0.3764,0.094094,0.0,0.094094,0.024886,5.867892,4.810802,0.0,5.961986,0.43,moderate,0.04046,1.062088,1.102549,0
2026-07-26T11:55:30.402346,01/08 10:23,-14.0,52.0,22.33,22.0,23.47,22.0,26.0,0.3764,0.094094,0.0,0.094094,0.015149,3.97437,3.218852,0.0,4.068464,0.3,low,0.028228,0.719361,0.747589,0
2026-07-26T11:55:30.422346,01/08 11:23,-12.65,52.0,22.58,22.0,24.18,22.0,26.0,0.3764,0.094094,0.0,0.094094,0.01187,3.234053,2.606469,0.0,3.328147,0.3,low,0.028228,0.585364,0.613592,0
2026-07-26T11:55:30.439345,01/08 12:15,-11.8,41.6,22.66,22.0,23.87,22.0,26.0,0.3764,0.094094,0.0,0.094094,0.010878,3.027713,2.442271,0.0,3.121807,0.3,low,0.028228,0.548016,0.576244,0
2026-07-26T11:55:48.317394,01/08 13:23,-10.45,20.8,22.43,22.0,23.08,22.0,25.0,0.3764,0.094094,0.0,0.094094,0.009633,2.983712,2.415697,0.0,3.077806,0.3,low,0.028228,0.540052,0.56828,0
2026-07-26T11:55:48.337969,01/08 14:15,-9.85,41.6,22.64,22.0,24.24,22.0,25.0,0.3764,0.094094,0.0,0.094094,0.008956,2.888761,2.337765,0.0,2.982855,0.3,low,0.028228,0.522866,0.551094,0
2026-07-26T11:55:48.356968,01/08 15:15,-9.4,52.0,22.85,22.0,24.99,22.0,25.0,0.3767,0.094185,0.0,0.094185,0.008256,2.781943,2.249906,0.0,2.876128,0.3,low,0.028255,0.503532,0.531787,0
2026-07-26T11:55:48.372960,01/08 16:15,-9.55,52.0,22.84,22.0,24.73,22.0,25.0,0.3764,0.094094,0.0,0.094094,0.008247,2.788092,2.244946,0.0,2.882186,0.55,high,0.051752,0.504645,0.556396,0
2026-07-26T11:55:48.393402,01/08 17:23,-10.0,52.0,22.35,22.0,23.34,22.0,25.0,0.3764,0.094094,0.0,0.094094,0.009048,3.048618,2.449857,0.0,3.142712,0.55,high,0.051752,0.5518,0.603552,0
2026-07-26T11:55:48.412397,01/08 18:15,-10.0,52.0,22.21,22.0,23.05,22.0,25.0,0.3764,0.094094,0.0,0.094094,0.00978,3.479175,2.808477,0.0,3.573269,0.55,high,0.051752,0.629731,0.681482,0
2026-07-26T11:56:05.868092,01/08 19:15,-9.85,26.0,20.75,20.5,21.74,20.5,26.0,0.3764,0.094094,0.0,0.094094,0.009371,3.197005,2.589255,0.0,3.291099,0.55,high,0.051752,0.578658,0.63041,0
2026-07-26T11:56:05.888092,01/08 20:15,-9.28,0.0,,,,20.5,26.0,0.3764,0.094094,0.0,0.094094,0.01181,4.329819,3.49451,0.0,4.423913,0.55,high,0.051752,0.783697,0.835449,0
2026-07-26T11:56:05.905091,01/08 21:15,-8.9,0.0,,,,20.5,26.0,0.3764,0.094094,0.0,0.094094,0.004734,2.281435,1.829791,0.0,2.375529,0.4,moderate,0.037638,0.41294,0.450577,0
2026-07-26T11:56:05.922531,01/08 22:15,-8.75,0.0,,,,20.5,26.0,0.3764,0.094094,0.0,0.094094,0.006464,2.760818,2.199302,0.0,2.854912,0.4,moderate,0.037638,0.499708,0.537346,0
2026-07-26T11:56:05.941254,01/08 23:15,-8.45,0.0,,,,20.5,26.0,0.3764,0.094094,0.0,0.094094,0.007893,3.048493,2.435429,0.0,3.142587,0.4,moderate,0.037638,0.551777,0.589415,0
2026-07-26T11:56:05.958586,01/09 00:15,-8.9,0.0,,,,20.5,26.0,0.3764,0.094094,0.0,0.094094,0.007643,2.983913,2.406532,0.0,3.078007,0.34,low,0.031992,0.540088,0.57208,0
2026-07-26T11:56:22.488975,01/09 01:15,-8.9,0.0,,,,18.5,28.0,0.3764,0.094094,0.0,0.094094,0.001664,1.063844,0.917914,0.0,1.157938,0.34,low,0.031992,0.192556,0.224548,0
2026-07-26T11:56:22.510535,01/09 02:15,-8.75,0.0,,,,18.5,28.0,0.3764,0.094094,0.0,0.094094,0.00259,1.571915,1.229231,0.0,1.666009,0.34,low,0.031992,0.284517,0.316509,0
2026-07-26T11:56:22.531056,01/09 03:15,-8.3,0.0,,,,18.5,28.0,0.3764,0.094094,0.0,0.094094,0.002723,1.605577,1.294667,0.0,1.699671,0.34,low,0.031992,0.290609,0.322601,0
2026-07-26T11:56:22.550053,01/09 04:15,-8.3,0.0,,,,18.5,28.0,0.3764,0.094094,0.0,0.094094,0.002935,1.714862,1.376963,0.0,1.808956,0.34,low,0.031992,0.31039,0.342382,0
2026-07-26T11:56:22.568052,01/09 05:15,-8.3,0.0,,,,18.5,28.0,0.3764,0.094094,0.0,0.094094,0.003046,1.766152,1.419871,0.0,1.860246,0.34,low,0.031992,0.319674,0.351665,0
2026-07-26T11:56:22.584056,01/09 06:15,-8.18,0.0,,,,18.5,28.0,0.3764,0.094094,0.0,0.094094,0.003128,1.803197,1.449321,0.0,1.897291,0.43,moderate,0.04046,0.326379,0.366839,0
2026-07-26T11:56:39.144745,01/09 07:15,-7.8,0.0,,,,18.0,29.0,0.3764,0.094094,0.0,0.094094,0.009544,3.443671,2.777396,0.0,3.537765,0.43,moderate,0.04046,0.623304,0.663765,0
2026-07-26T11:56:39.164615,01/09 08:15,-7.25,0.0,,,,18.0,29.0,0.3764,0.094094,0.0,0.094094,0.009442,3.378215,2.714806,0.0,3.472309,0.43,moderate,0.04046,0.611457,0.651917,0
2026-07-26T11:56:39.190198,01/09 09:23,-5.17,52.0,22.0,22.0,22.0,22.0,26.0,0.3764,0.094094,0.0,0.094094,0.012405,4.443107,3.738518,0.0,4.537201,0.43,moderate,0.04046,0.804202,0.844663,0
2026-07-26T11:56:39.208196,01/09 10:15,-3.62,52.0,22.07,22.0,22.29,22.0,26.0,0.3764,0.094094,0.0,0.094094,0.00653,2.535434,2.029461,0.0,2.629528,0.3,low,0.028228,0.458914,0.487142,0
2026-07-26T11:56:39.225323,01/09 11:15,-2.25,52.0,22.31,22.0,22.88,22.0,26.0,0.3764,0.094094,0.0,0.094094,0.00535,1.949467,1.551685,0.0,2.043561,0.3,low,0.028228,0.352854,0.381082,0
2026-07-26T11:56:39.243331,01/09 12:15,-0.3,41.6,22.47,22.0,23.08,22.0,26.0,0.3764,0.094094,0.0,0.094094,0.004493,1.58369,1.266579,0.0,1.677784,0.3,low,0.028228,0.286648,0.314876,0
2026-07-26T11:56:58.224994,01/09 13:15,0.88,20.8,22.36,22.0,22.78,22.0,25.0,0.3764,0.094094,0.0,0.094094,0.004224,1.531691,1.232308,0.0,1.625785,0.3,low,0.028228,0.277236,0.305464,0
2026-07-26T11:56:58.247869,01/09 14:15,1.7,41.6,22.58,22.0,23.59,22.0,25.0,0.3764,0.094094,0.0,0.094094,0.003769,1.309013,1.056097,0.0,1.403107,0.3,low,0.028228,0.236931,0.26516,0
2026-07-26T11:56:58.271245,01/09 15:15,1.7,52.0,22.86,22.0,24.47,22.0,25.0,0.3764,0.094094,0.0,0.094094,0.003564,1.210333,0.973389,0.0,1.304427,0.3,low,0.028228,0.21907,0.247298,0
2026-07-26T11:56:58.291470,01/09 16:15,1.27,52.0,22.72,22.0,23.8,22.0,25.0,0.3764,0.094094,0.0,0.094094,0.003633,1.315948,1.069426,0.0,1.410042,0.55,high,0.051752,0.238187,0.289938,0
2026-07-26T11:56:58.314804,01/09 17:23,0.0,52.0,22.31,22.0,23.44,22.0,25.0,0.3764,0.094094,0.0,0.094094,0.004295,1.744792,1.415684,0.0,1.838886,0.55,high,0.051752,0.315807,0.367559,0
2026-07-26T11:56:58.335157,01/09 18:15,0.0,52.0,22.28,22.0,23.39,22.0,25.0,0.3764,0.094094,0.0,0.094094,0.004509,1.918916,1.550643,0.0,2.01301,0.55,high,0.051752,0.347324,0.399075,0
2026-07-26T11:57:16.792281,01/09 19:15,0.28,26.0,20.8,20.5,22.01,20.5,26.0,0.3764,0.094094,0.0,0.094094,0.004457,1.780366,1.457854,0.0,1.87446,0.55,high,0.051752,0.322246,0.373998,0
2026-07-26T11:57:16.813278,01/09 20:15,0.98,0.0,,,,20.5,26.0,0.3764,0.094094,0.0,0.094094,0.005784,2.53931,2.043801,0.0,2.633404,0.55,high,0.051752,0.459615,0.511367,0
2026-07-26T11:57:16.831280,01/09 21:15,0.45,0.0,,,,20.5,26.0,0.3764,0.094094,0.0,0.094094,0.002084,1.31365,1.075796,0.0,1.407744,0.4,moderate,0.037638,0.237771,0.275408,0
2026-07-26T11:57:16.848282,01/09 22:15,-0.15,0.0,,,,20.5,26.0,0.3764,0.094094,0.0,0.094094,0.002911,1.734107,1.374055,0.0,1.828201,0.4,moderate,0.037638,0.313873,0.351511,0
2026-07-26T11:57:16.865639,01/09 23:15,-0.72,0.0,,,,20.5,26.0,0.3764,0.094094,0.0,0.094094,0.003026,1.757372,1.414131,0.0,1.851466,0.4,moderate,0.037638,0.318084,0.355722,0
2026-07-26T11:57:16.882638,01/10 00:15,-1.1,0.0,,,,20.5,26.0,0.3764,0.094094,0.0,0.094094,0.004003,2.129577,1.685547,0.0,2.223671,0.34,low,0.031992,0.385453,0.417445,0
2026-07-26T11:57:35.077793,01/10 01:15,-1.1,0.0,,,,18.5,28.0,0.3764,0.094094,0.0,0.094094,0.000454,0.273628,0.322337,0.0,0.367722,0.34,low,0.031992,0.049527,0.081519,0
2026-07-26T11:57:35.100855,01/10 02:15,-0.98,0.0,,,,18.5,28.0,0.3764,0.094094,0.0,0.094094,0.0007,0.525244,0.468497,0.0,0.619338,0.34,low,0.031992,0.095069,0.127061,0
2026-07-26T11:57:35.123043,01/10 03:15,-0.45,0.0,,,,18.5,28.0,0.3764,0.094094,0.0,0.094094,0.000887,0.703204,0.570529,0.0,0.797298,0.34,low,0.031992,0.12728,0.159272,0
2026-07-26T11:57:35.142726,01/10 04:15,0.0,0.0,,,,18.5,28.0,0.3764,0.094094,0.0,0.094094,0.00095,0.751355,0.602988,0.0,0.845449,0.34,low,0.031992,0.135995,0.167987,0
2026-07-26T11:57:35.161726,01/10 05:15,-0.42,0.0,,,,18.5,28.0,0.3764,0.094094,0.0,0.094094,0.001087,0.843164,0.667628,0.0,0.937258,0.34,low,0.031992,0.152613,0.184605,0
2026-07-26T11:57:35.183757,01/10 06:15,-1.97,0.0,,,,18.5,28.0,0.3764,0.094094,0.0,0.094094,0.001156,0.880072,0.704782,0.0,0.974166,0.43,moderate,0.04046,0.159293,0.199753,0
2026-07-26T11:57:53.247280,01/10 07:15,-2.8,0.0,,,,18.0,29.0,0.3764,0.094094,0.0,0.094094,0.006287,2.357336,1.905074,0.0,2.45143,0.43,moderate,0.04046,0.426678,0.467138,0
2026-07-26T11:57:53.267612,01/10 08:15,-2.37,0.0,,,,18.0,29.0,0.3764,0.094094,0.0,0.094094,0.006106,2.214317,1.775415,0.0,2.308411,0.43,moderate,0.04046,0.400791,0.441252,0
2026-07-26T11:57:53.290614,01/10 09:23,-0.83,52.0,22.01,22.0,22.05,22.0,26.0,0.3764,0.094094,0.0,0.094094,0.00731,2.929045,2.419891,0.0,3.023139,0.43,moderate,0.04046,0.530157,0.570618,0
2026-07-26T11:57:53.311507,01/10 10:23,0.28,52.0,22.65,22.0,24.35,22.0,26.0,0.3764,0.094094,0.0,0.094094,0.004668,1.714301,1.350584,0.0,1.808395,0.3,low,0.028228,0.310288,0.338517,0
2026-07-26T11:57:53.329511,01/10 11:23,1.25,52.0,23.28,22.0,25.49,22.0,26.0,0.3764,0.094094,0.0,0.094094,0.003958,1.329573,1.060736,0.0,1.423667,0.3,low,0.028228,0.240653,0.268881,0
2026-07-26T11:57:53.348013,01/10 12:23,1.82,41.6,23.61,22.0,25.4,22.0,25.5,0.3764,0.094094,0.0,0.094094,0.003639,1.216175,0.978531,0.0,1.310269,0.3,low,0.028228,0.220128,0.248356,0
2026-07-26T11:58:11.070009,01/10 13:15,2.08,20.8,23.38,22.0,25.0,22.0,25.0,0.3831,0.095769,0.0,0.095769,0.002681,1.011169,0.889128,0.0,1.106938,0.3,low,0.028731,0.183022,0.211752,0
2026-07-26T11:58:11.090006,01/10 14:15,1.7,41.6,23.44,22.0,25.0,22.0,25.0,0.3984,0.099604,0.0,0.099604,0.001707,0.844818,0.721371,0.0,0.944422,0.3,low,0.029881,0.152912,0.182793,0
2026-07-26T11:58:11.107543,01/10 15:15,1.42,52.0,23.45,22.19,25.0,22.0,25.0,0.4017,0.100419,0.0,0.100419,0.001454,0.796029,0.650047,0.0,0.896448,0.3,low,0.030126,0.144081,0.174207,0
2026-07-26T11:58:11.124536,01/10 16:15,0.17,52.0,23.28,22.21,25.0,22.0,25.0,0.3852,0.096303,0.0,0.096303,0.002462,1.202692,0.894378,0.0,1.298995,0.55,high,0.052967,0.217687,0.270654,0
2026-07-26T11:58:11.143536,01/10 17:23,-1.52,52.0,22.75,22.0,24.22,22.0,25.0,0.3764,0.094094,0.0,0.094094,0.004021,1.603186,1.303856,0.0,1.69728,0.55,high,0.051752,0.290177,0.341928,0
2026-07-26T11:58:11.159535,01/10 18:15,-3.2,52.0,22.45,22.0,24.0,22.0,25.0,0.3764,0.094094,0.0,0.094094,0.004697,1.924511,1.550681,0.0,2.018605,0.55,high,0.051752,0.348336,0.400088,0
2026-07-26T11:58:30.181704,01/10 19:15,-4.55,26.0,20.92,20.5,22.57,20.5,26.0,0.3764,0.094094,0.0,0.094094,0.005338,2.069147,1.678683,0.0,2.163241,0.55,high,0.051752,0.374516,0.426267,0
2026-07-26T11:58:30.202700,01/10 20:15,-5.28,0.0,,,,20.5,26.0,0.3764,0.094094,0.0,0.094094,0.007273,3.106536,2.498662,0.0,3.20063,0.55,high,0.051752,0.562283,0.614035,0
2026-07-26T11:58:30.221704,01/10 21:15,-5.67,0.0,,,,20.5,26.0,0.3764,0.094094,0.0,0.094094,0.002527,1.47686,1.189258,0.0,1.570954,0.4,moderate,0.037638,0.267312,0.304949,0
2026-07-26T11:58:30.239265,01/10 22:15,-4.55,0.0,,,,20.5,26.0,0.3764,0.094094,0.0,0.094094,0.00361,1.946193,1.54824,0.0,2.040287,0.4,moderate,0.037638,0.352261,0.389899,0
2026-07-26T11:58:30.256273,01/10 23:15,-5.15,0.0,,,,20.5,26.0,0.3764,0.094094,0.0,0.094094,0.004191,2.14676,1.71815,0.0,2.240854,0.4,moderate,0.037638,0.388564,0.426201,0
2026-07-26T11:58:30.274513,01/11 00:15,-5.3,0.0,,,,20.5,26.0,0.3764,0.094094,0.0,0.094094,0.004794,2.34281,1.87429,0.0,2.436904,0.34,low,0.031992,0.424049,0.456041,0
2026-07-26T11:58:48.317392,01/11 01:15,-4.12,0.0,,,,18.5,28.0,0.3764,0.094094,0.0,0.094094,0.000706,0.440576,0.471023,0.0,0.53467,0.34,low,0.031992,0.079744,0.111736,0
2026-07-26T11:58:48.336257,01/11 02:15,-3.17,0.0,,,,18.5,28.0,0.3764,0.094094,0.0,0.094094,0.001246,0.913118,0.742211,0.0,1.007212,0.34,low,0.031992,0.165274,0.197266,0
2026-07-26T11:58:48.354032,01/11 03:15,-2.8,0.0,,,,18.5,28.0,0.3764,0.094094,0.0,0.094094,0.001365,0.996025,0.797554,0.0,1.090119,0.34,low,0.031992,0.180281,0.212272,0
2026-07-26T11:58:48.371626,01/11 04:15,-2.92,0.0,,,,18.5,28.0,0.3764,0.094094,0.0,0.094094,0.001245,0.917398,0.747155,0.0,1.011492,0.34,low,0.031992,0.166049,0.198041,0
2026-07-26T11:58:48.387631,01/11 05:15,-3.3,0.0,,,,18.5,28.0,0.3764,0.094094,0.0,0.094094,0.001463,1.062455,0.842914,0.0,1.156549,0.34,low,0.031992,0.192304,0.224296,0
2026-07-26T11:58:48.403628,01/11 06:15,-3.45,0.0,,,,18.5,28.0,0.3764,0.094094,0.0,0.094094,0.001519,1.080898,0.866224,0.0,1.174992,0.43,moderate,0.04046,0.195643,0.236103,0
2026-07-26T11:59:05.923272,01/11 07:15,-3.9,0.0,,,,18.0,29.0,0.3764,0.094094,0.0,0.094094,0.006807,2.537402,2.047037,0.0,2.631496,0.43,moderate,0.04046,0.45927,0.49973,0
2026-07-26T11:59:05.943553,01/11 08:15,-3.75,0.0,,,,18.0,29.0,0.3764,0.094094,0.0,0.094094,0.006887,2.582032,2.077641,0.0,2.676126,0.43,moderate,0.04046,0.467348,0.507808,0
2026-07-26T11:59:05.968023,01/11 09:23,-3.02,52.0,22.0,22.0,22.0,22.0,26.0,0.3764,0.094094,0.0,0.094094,0.009662,3.809228,3.157349,0.0,3.903322,0.43,moderate,0.04046,0.68947,0.729931,0
2026-07-26T11:59:05.987771,01/11 10:15,-1.93,52.0,22.14,22.0,22.68,22.0,26.0,0.3764,0.094094,0.0,0.094094,0.005725,2.253648,1.796939,0.0,2.347742,0.3,low,0.028228,0.40791,0.436138,0
2026-07-26T11:59:06.004769,01/11 11:15,-0.83,52.0,22.35,22.0,23.2,22.0,26.0,0.3764,0.094094,0.0,0.094094,0.004731,1.686376,1.337152,0.0,1.78047,0.3,low,0.028228,0.305234,0.333462,0
2026-07-26T11:59:06.021770,01/11 12:15,0.55,41.6,22.67,22.0,23.33,22.0,26.0,0.3764,0.094094,0.0,0.094094,0.00427,1.482769,1.189073,0.0,1.576863,0.3,low,0.028228,0.268381,0.296609,0
2026-07-26T11:59:24.065261,01/11 13:15,2.62,20.8,22.67,22.0,23.69,22.0,25.0,0.3764,0.094094,0.0,0.094094,0.003806,1.323825,1.05542,0.0,1.417919,0.3,low,0.028228,0.239612,0.267841,0
2026-07-26T11:59:24.087977,01/11 14:15,4.03,41.6,23.1,22.0,25.0,22.0,25.0,0.3839,0.095979,0.0,0.095979,0.003543,0.359258,0.730238,0.0,0.455237,0.3,low,0.028794,0.065026,0.093819,0
2026-07-26T11:59:24.107651,01/11 15:15,4.12,52.0,23.21,22.09,25.0,22.0,25.0,0.3951,0.098766,0.0,0.098766,0.004967,0.039918,0.546652,0.0,0.138684,0.3,low,0.02963,0.007225,0.036855,0
2026-07-26T11:59:24.127650,01/11 16:15,3.02,52.0,23.04,22.0,25.0,22.0,25.0,0.3828,0.095711,0.0,0.095711,0.00535,0.926791,0.616791,0.0,1.022502,0.55,high,0.052641,0.167749,0.22039,0
2026-07-26T11:59:24.146651,01/11 17:23,2.2,52.0,22.71,22.0,23.94,22.0,25.0,0.3764,0.094094,0.0,0.094094,0.005279,1.921184,1.049469,0.0,2.015278,0.55,high,0.051752,0.347734,0.399486,0
2026-07-26T11:59:24.163663,01/11 18:15,2.35,52.0,22.45,22.0,23.8,22.0,25.0,0.3764,0.094094,0.0,0.094094,0.003614,1.398586,1.120156,0.0,1.49268,0.55,high,0.051752,0.253144,0.304896,0
2026-07-26T11:59:43.611187,01/11 19:15,2.8,26.0,20.9,20.5,22.29,20.5,26.0,0.3764,0.094094,0.0,0.094094,0.00388,1.457886,1.034511,0.0,1.55198,0.55,high,0.051752,0.263877,0.315629,0
2026-07-26T11:59:43.636347,01/11 20:15,2.92,0.0,,,,20.5,26.0,0.3764,0.094094,0.0,0.094094,0.004948,2.125495,1.71758,0.0,2.219589,0.55,high,0.051752,0.384715,0.436466,0
2026-07-26T11:59:43.658561,01/11 21:15,3.02,0.0,,,,20.5,26.0,0.3764,0.094094,0.0,0.094094,0.001659,1.075634,0.904498,0.0,1.169728,0.4,moderate,0.037638,0.19469,0.232327,0
2026-07-26T11:59:43.678975,01/11 22:15,2.08,0.0,,,,20.5,26.0,0.3764,0.094094,0.0,0.094094,0.002469,1.554254,1.227477,0.0,1.648348,0.4,moderate,0.037638,0.28132,0.318958,0
2026-07-26T11:59:43.697984,01/11 23:15,1.55,0.0,,,,20.5,26.0,0.3764,0.094094,0.0,0.094094,0.002985,1.76064,1.401077,0.0,1.854734,0.4,moderate,0.037638,0.318676,0.356313,0
2026-07-26T11:59:43.716871,01/12 00:15,1.1,0.0,,,,20.5,26.0,0.3764,0.094094,0.0,0.094094,0.003273,1.8612,1.490921,0.0,1.955294,0.34,low,0.031992,0.336877,0.368869,0
2026-07-26T12:00:01.307700,01/12 01:15,1.25,0.0,,,,18.5,28.0,0.3764,0.094094,0.0,0.094094,0.0,0.0,0.0,0.0,0.094094,0.34,low,0.031992,0.0,0.031992,0
2026-07-26T12:00:01.327824,01/12 02:15,2.1,0.0,,,,18.5,28.0,0.3764,0.094094,0.0,0.094094,0.000337,0.222195,0.248888,0.0,0.316289,0.34,low,0.031992,0.040217,0.072209,0
2026-07-26T12:00:01.347246,01/12 03:15,3.45,0.0,,,,18.5,28.0,0.3764,0.094094,0.0,0.094094,0.000453,0.348618,0.321447,0.0,0.442712,0.34,low,0.031992,0.0631,0.095092,0
2026-07-26T12:00:01.365652,01/12 04:15,3.75,0.0,,,,18.5,28.0,0.3764,0.094094,0.0,0.094094,0.000467,0.38563,0.328189,0.0,0.479724,0.34,low,0.031992,0.069799,0.101791,0
2026-07-26T12:00:01.383618,01/12 05:15,3.02,0.0,,,,18.5,28.0,0.3764,0.094094,0.0,0.094094,0.000563,0.476243,0.386666,0.0,0.570337,0.34,low,0.031992,0.0862,0.118192,0
2026-07-26T12:00:01.400191,01/12 06:15,2.08,0.0,,,,18.5,28.0,0.3764,0.094094,0.0,0.094094,0.000625,0.528514,0.423599,0.0,0.622608,0.43,moderate,0.04046,0.095661,0.136121,0
2026-07-26T12:00:18.721021,01/12 07:15,1.55,0.0,,,,18.0,29.0,0.3764,0.094094,0.0,0.094094,0.000161,0.138738,0.12679,0.0,0.232832,0.43,moderate,0.04046,0.025112,0.065572,0
2026-07-26T12:00:18.745589,01/12 08:15,1.52,0.0,,,,18.0,29.0,0.3764,0.094094,0.0,0.094094,0.000162,0.143719,0.126179,0.0,0.237813,0.43,moderate,0.04046,0.026013,0.066474,0
2026-07-26T12:00:18.769735,01/12 09:15,2.8,0.0,,,,18.0,29.0,0.3764,0.094094,0.0,0.094094,3.5e-05,0.030963,0.024324,0.0,0.125057,0.43,moderate,0.04046,0.005604,0.046065,0
2026-07-26T12:00:18.793351,01/12 10:15,2.8,0.0,,,,18.0,29.0,0.3764,0.094094,0.0,0.094094,5.2e-05,0.046874,0.03801,0.0,0.140968,0.3,low,0.028228,0.008484,0.036712,0
2026-07-26T12:00:18.817443,01/12 11:15,2.8,0.0,,,,18.0,29.0,0.3764,0.094094,0.0,0.094094,0.0,0.0,0.0,0.0,0.094094,0.3,low,0.028228,0.0,0.028228,0
2026-07-26T12:00:18.839092,01/12 12:15,2.8,0.0,,,,18.0,29.0,0.3764,0.094094,0.0,0.094094,0.0,0.0,0.0,0.0,0.094094,0.3,low,0.028228,0.0,0.028228,0
2026-07-26T12:00:36.230573,01/12 13:15,2.92,0.0,,,,18.0,29.0,0.3764,0.094094,0.0,0.094094,0.0,0.0,0.0,0.0,0.094094,0.3,low,0.028228,0.0,0.028228,0
2026-07-26T12:00:36.252570,01/12 14:15,3.02,0.0,,,,18.0,29.0,0.3764,0.094094,0.0,0.094094,0.0,0.0,0.0,0.0,0.094094,0.3,low,0.028228,0.0,0.028228,0
2026-07-26T12:00:36.273039,01/12 15:15,2.08,0.0,,,,18.0,29.0,0.3764,0.094094,0.0,0.094094,0.0,0.0,0.0,0.0,0.094094,0.3,low,0.028228,0.0,0.028228,0
2026-07-26T12:00:36.294039,01/12 16:15,1.42,0.0,,,,18.0,29.0,0.3764,0.094094,0.0,0.094094,0.0,0.0,0.0,0.0,0.094094,0.55,high,0.051752,0.0,0.051752,0
2026-07-26T12:00:36.313038,01/12 17:15,0.3,0.0,,,,18.0,29.0,0.3764,0.094094,0.0,0.094094,7.7e-05,0.069221,0.064202,0.0,0.163315,0.55,high,0.051752,0.012529,0.064281,0
2026-07-26T12:00:36.334039,01/12 18:15,-1.27,0.0,,,,18.0,29.0,0.3764,0.094094,0.0,0.094094,0.000403,0.368298,0.293666,0.0,0.462392,0.55,high,0.051752,0.066662,0.118414,0
2026-07-26T12:00:55.084716,01/12 19:15,-3.72,0.0,,,,18.0,29.0,0.3764,0.094094,0.0,0.094094,0.000824,0.720404,0.541529,0.0,0.814498,0.55,high,0.051752,0.130393,0.182145,0
2026-07-26T12:00:55.108970,01/12 20:15,-5.28,0.0,,,,18.0,29.0,0.3764,0.094094,0.0,0.094094,0.000934,0.767286,0.600583,0.0,0.86138,0.55,high,0.051752,0.138879,0.19063,0
2026-07-26T12:00:55.132973,01/12 21:15,-6.25,0.0,,,,18.0,29.0,0.3764,0.094094,0.0,0.094094,0.001105,0.871276,0.686421,0.0,0.96537,0.4,moderate,0.037638,0.157701,0.195339,0
2026-07-26T12:00:55.154970,01/12 22:15,-6.83,0.0,,,,18.0,29.0,0.3764,0.094094,0.0,0.094094,0.001428,1.065404,0.832865,0.0,1.159498,0.4,moderate,0.037638,0.192838,0.230476,0
2026-07-26T12:00:55.176958,01/12 23:15,-7.75,0.0,,,,18.0,29.0,0.3764,0.094094,0.0,0.094094,0.001541,1.106421,0.882488,0.0,1.200515,0.4,moderate,0.037638,0.200262,0.2379,0
2026-07-26T12:00:55.197357,01/13 00:15,-9.4,0.0,,,,18.0,29.0,0.3764,0.094094,0.0,0.094094,0.001752,1.217188,0.967538,0.0,1.311282,0.34,low,0.031992,0.220311,0.252303,0
2026-07-26T12:01:13.598246,01/13 01:15,-9.4,0.0,,,,18.0,29.0,0.3764,0.094094,0.0,0.094094,0.001872,1.27237,1.019213,0.0,1.366464,0.34,low,0.031992,0.230299,0.262291,0
2026-07-26T12:01:13.622050,01/13 02:15,-9.55,0.0,,,,18.0,29.0,0.3764,0.094094,0.0,0.094094,0.00182,1.244868,1.005593,0.0,1.338962,0.34,low,0.031992,0.225321,0.257313,0
2026-07-26T12:01:13.645053,01/13 03:15,-10.0,0.0,,,,18.0,29.0,0.3764,0.094094,0.0,0.094094,0.002279,1.468799,1.152839,0.0,1.562893,0.34,low,0.031992,0.265853,0.297845,0
2026-07-26T12:01:13.665913,01/13 04:15,-10.28,0.0,,,,18.0,29.0,0.3764,0.094094,0.0,0.094094,0.002584,1.557349,1.234252,0.0,1.651443,0.34,low,0.031992,0.28188,0.313872,0
2026-07-26T12:01:13.685978,01/13 05:15,-11.1,0.0,,,,18.0,29.0,0.3764,0.094094,0.0,0.094094,0.002525,1.500598,1.207088,0.0,1.594692,0.34,low,0.031992,0.271608,0.3036,0
2026-07-26T12:01:13.704975,01/13 06:15,-11.1,0.0,,,,18.0,29.0,0.3764,0.094094,0.0,0.094094,0.002489,1.471877,1.18493,0.0,1.565971,0.43,moderate,0.04046,0.26641,0.30687,0
2026-07-26T12:01:37.199744,01/13 07:15,-11.1,0.0,,,,18.0,29.0,0.3764,0.094094,0.0,0.094094,0.002402,1.422195,1.144994,0.0,1.516289,0.43,moderate,0.04046,0.257417,0.297878,0
2026-07-26T12:01:37.224747,01/13 08:15,-10.82,0.0,,,,18.0,29.0,0.3764,0.094094,0.0,0.094094,0.00218,1.272202,1.016937,0.0,1.366296,0.43,moderate,0.04046,0.230269,0.270729,0
2026-07-26T12:01:37.253033,01/13 09:23,-9.57,0.0,,,,18.0,29.0,0.3764,0.094094,0.0,0.094094,0.001515,0.908949,0.751264,0.0,1.003043,0.43,moderate,0.04046,0.16452,0.20498,0
2026-07-26T12:01:37.279552,01/13 10:23,-8.03,0.0,,,,18.0,29.0,0.3764,0.094094,0.0,0.094094,0.000668,0.423513,0.349689,0.0,0.517607,0.3,low,0.028228,0.076656,0.104884,0
2026-07-26T12:01:37.303112,01/13 11:15,-6.93,0.0,,,,18.0,29.0,0.3764,0.094094,0.0,0.094094,0.000298,0.19811,0.192071,0.0,0.292204,0.3,low,0.028228,0.035858,0.064086,0
2026-07-26T12:01:37.325794,01/13 12:15,-5.82,0.0,,,,18.0,29.0,0.3764,0.094094,0.0,0.094094,9e-05,0.06443,0.066438,0.0,0.158524,0.3,low,0.028228,0.011662,0.03989,0
2026-07-26T12:01:56.653233,01/13 13:15,-5.28,0.0,,,,18.0,29.0,0.3764,0.094094,0.0,0.094094,0.0,0.0,0.0,0.0,0.094094,0.3,low,0.028228,0.0,0.028228,0
2026-07-26T12:01:56.679227,01/13 14:15,-6.1,0.0,,,,18.0,29.0,0.3764,0.094094,0.0,0.094094,0.0,0.0,0.0,0.0,0.094094,0.3,low,0.028228,0.0,0.028228,0
2026-07-26T12:01:56.700226,01/13 15:15,-6.37,0.0,,,,18.0,29.0,0.3764,0.094094,0.0,0.094094,3.3e-05,0.024157,0.027283,0.0,0.118251,0.3,low,0.028228,0.004372,0.032601,0
2026-07-26T12:01:56.724226,01/13 16:23,-7.48,0.0,,,,18.0,29.0,0.3764,0.094094,0.0,0.094094,0.000238,0.181724,0.168948,0.0,0.275818,0.55,high,0.051752,0.032892,0.084644,0
2026-07-26T12:01:56.745225,01/13 17:15,-8.3,0.0,,,,18.0,29.0,0.3764,0.094094,0.0,0.094094,0.00047,0.379402,0.331759,0.0,0.473496,0.55,high,0.051752,0.068672,0.120423,0
2026-07-26T12:01:56.763131,01/13 18:15,-8.45,0.0,,,,18.0,29.0,0.3764,0.094094,0.0,0.094094,0.00079,0.656455,0.525916,0.0,0.750549,0.55,high,0.051752,0.118818,0.17057,0
2026-07-26T12:02:13.493991,01/13 19:15,-8.48,0.0,,,,18.0,29.0,0.3764,0.094094,0.0,0.094094,0.000737,0.614824,0.501174,0.0,0.708918,0.55,high,0.051752,0.111283,0.163035,0
2026-07-26T12:02:13.519991,01/13 20:15,-7.2,0.0,,,,18.0,29.0,0.3764,0.094094,0.0,0.094094,0.001042,0.848071,0.662116,0.0,0.942165,0.55,high,0.051752,0.153501,0.205253,0
2026-07-26T12:02:13.543960,01/13 21:15,-7.08,0.0,,,,18.0,29.0,0.3764,0.094094,0.0,0.094094,0.001117,0.879983,0.700239,0.0,0.974077,0.4,moderate,0.037638,0.159277,0.196915,0
2026-07-26T12:02:13.565635,01/13 22:15,-6.7,0.0,,,,18.0,29.0,0.3764,0.094094,0.0,0.094094,0.00113,0.881958,0.709288,0.0,0.976052,0.4,moderate,0.037638,0.159634,0.197272,0
2026-07-26T12:02:13.590998,01/13 23:15,-6.7,0.0,,,,18.0,29.0,0.3764,0.094094,0.0,0.094094,0.001153,0.898859,0.722945,0.0,0.992953,0.4,moderate,0.037638,0.162693,0.200331,0
2026-07-26T12:02:13.613850,01/14 00:15,-6.83,0.0,,,,18.0,29.0,0.3764,0.094094,0.0,0.094094,0.001168,0.908459,0.731371,0.0,1.002553,0.34,low,0.031992,0.164431,0.196423,0
2026-07-26T12:02:31.155126,01/14 01:15,-7.35,0.0,,,,18.0,29.0,0.3764,0.094094,0.0,0.094094,0.001721,1.23143,0.961955,0.0,1.325524,0.34,low,0.031992,0.222889,0.254881,0
2026-07-26T12:02:31.183771,01/14 02:15,-6.95,0.0,,,,18.0,29.0,0.3764,0.094094,0.0,0.094094,0.001727,1.195662,0.959559,0.0,1.289756,0.34,low,0.031992,0.216415,0.248407,0
2026-07-26T12:02:31.211328,01/14 03:15,-4.4,0.0,,,,18.0,29.0,0.3764,0.094094,0.0,0.094094,0.00136,0.97157,0.798967,0.0,1.065664,0.34,low,0.031992,0.175854,0.207846,0
2026-07-26T12:02:31.230646,01/14 04:15,-4.83,0.0,,,,18.0,29.0,0.3764,0.094094,0.0,0.094094,0.001331,0.965759,0.779178,0.0,1.059853,0.34,low,0.031992,0.174802,0.206794,0
2026-07-26T12:02:31.252471,01/14 05:15,-6.25,0.0,,,,18.0,29.0,0.3764,0.094094,0.0,0.094094,0.001156,0.857337,0.702441,0.0,0.951431,0.34,low,0.031992,0.155178,0.18717,0
2026-07-26T12:02:31.271472,01/14 06:15,-6.43,0.0,,,,18.0,29.0,0.3764,0.094094,0.0,0.094094,0.001358,1.008578,0.804508,0.0,1.102672,0.43,moderate,0.04046,0.182553,0.223013,0
2026-07-26T12:02:53.964781,01/14 07:15,-5.3,0.0,,,,18.0,29.0,0.3764,0.094094,0.0,0.094094,0.007982,2.955795,2.383007,0.0,3.049889,0.43,moderate,0.04046,0.534999,0.575459,0
2026-07-26T12:02:53.987914,01/14 08:15,-4.55,0.0,,,,18.0,29.0,0.3764,0.094094,0.0,0.094094,0.007552,2.845987,2.292492,0.0,2.940081,0.43,moderate,0.04046,0.515124,0.555584,0
2026-07-26T12:02:54.036567,01/14 09:23,-4.85,52.0,22.0,22.0,22.0,22.0,26.0,0.3764,0.094094,0.0,0.094094,0.010734,4.082596,3.390786,0.0,4.17669,0.43,moderate,0.04046,0.73895,0.77941,0
2026-07-26T12:02:54.088064,01/14 10:15,-4.4,52.0,22.09,22.0,22.42,22.0,26.0,0.3764,0.094094,0.0,0.094094,0.007065,2.831206,2.27772,0.0,2.9253,0.3,low,0.028228,0.512448,0.540676,0
2026-07-26T12:02:54.128854,01/14 11:15,-4.28,52.0,22.19,22.0,22.95,22.0,26.0,0.3764,0.094094,0.0,0.094094,0.006266,2.434587,1.952405,0.0,2.528681,0.3,low,0.028228,0.44066,0.468888,0
2026-07-26T12:02:54.191850,01/14 12:15,-3.9,41.6,22.19,22.0,22.94,22.0,26.0,0.3764,0.094094,0.0,0.094094,0.005942,2.342733,1.886442,0.0,2.436827,0.3,low,0.028228,0.424035,0.452263,0
2026-07-26T12:03:15.717160,01/14 13:15,-3.75,20.8,22.14,22.0,22.71,22.0,25.0,0.3764,0.094094,0.0,0.094094,0.005702,2.217041,1.760863,0.0,2.311135,0.3,low,0.028228,0.401284,0.429513,0
2026-07-26T12:03:15.746688,01/14 14:23,-3.17,41.6,22.71,22.0,24.21,22.0,25.0,0.3764,0.094094,0.0,0.094094,0.005195,1.970459,1.592504,0.0,2.064553,0.3,low,0.028228,0.356653,0.384881,0
2026-07-26T12:03:15.771200,01/14 15:15,-3.07,52.0,22.94,22.0,25.0,22.0,25.0,0.3795,0.094887,0.0,0.094887,0.004458,1.815171,1.469271,0.0,1.910058,0.3,low,0.028466,0.328546,0.357012,0
2026-07-26T12:03:15.794692,01/14 16:15,-4.32,52.0,22.87,22.0,24.65,22.0,25.0,0.3764,0.094094,0.0,0.094094,0.005221,2.044021,1.647591,0.0,2.138115,0.55,high,0.051752,0.369968,0.42172,0
2026-07-26T12:03:15.819795,01/14 17:23,-5.87,52.0,22.42,22.0,23.47,22.0,25.0,0.3764,0.094094,0.0,0.094094,0.006166,2.446154,1.964932,0.0,2.540248,0.55,high,0.051752,0.442754,0.494506,0
2026-07-26T12:03:15.841767,01/14 18:15,-6.83,52.0,22.27,22.0,23.35,22.0,25.0,0.3764,0.094094,0.0,0.094094,0.007044,2.82386,2.274366,0.0,2.917954,0.55,high,0.051752,0.511119,0.56287,0
2026-07-26T12:03:36.048687,01/14 19:15,-7.2,26.0,20.8,20.5,22.0,20.5,26.0,0.3764,0.094094,0.0,0.094094,0.007164,2.712585,2.195595,0.0,2.806679,0.55,high,0.051752,0.490978,0.54273,0
2026-07-26T12:03:36.083257,01/14 20:15,-7.75,0.0,,,,20.5,26.0,0.3764,0.094094,0.0,0.094094,0.009345,3.70376,2.978375,0.0,3.797854,0.55,high,0.051752,0.670381,0.722132,0
2026-07-26T12:03:36.109295,01/14 21:15,-9.4,0.0,,,,20.5,26.0,0.3764,0.094094,0.0,0.094094,0.003772,1.962941,1.56573,0.0,2.057035,0.4,moderate,0.037638,0.355292,0.39293,0
2026-07-26T12:03:36.133856,01/14 22:15,-9.98,0.0,,,,20.5,26.0,0.3764,0.094094,0.0,0.094094,0.00442,2.185973,1.754427,0.0,2.280067,0.4,moderate,0.037638,0.395661,0.433299,0
2026-07-26T12:03:36.158895,01/14 23:15,-12.37,0.0,,,,20.5,26.0,0.3764,0.094094,0.0,0.094094,0.005553,2.52758,2.013749,0.0,2.621674,0.4,moderate,0.037638,0.457492,0.49513,0
2026-07-26T12:03:36.180930,01/15 00:15,-14.4,0.0,,,,20.5,26.0,0.3764,0.094094,0.0,0.094094,0.006621,2.767808,2.210634,0.0,2.861902,0.34,low,0.031992,0.500973,0.532965,0
2026-07-26T12:03:57.110409,01/15 01:15,-14.4,0.0,,,,18.5,28.0,0.3764,0.094094,0.0,0.094094,0.001646,1.060402,0.91122,0.0,1.154496,0.34,low,0.031992,0.191933,0.223925,0
2026-07-26T12:03:57.136408,01/15 02:15,-14.4,0.0,,,,18.5,28.0,0.3764,0.094094,0.0,0.094094,0.002422,1.505398,1.184792,0.0,1.599492,0.34,low,0.031992,0.272477,0.304469,0
2026-07-26T12:03:57.161406,01/15 03:15,-14.28,0.0,,,,18.5,28.0,0.3764,0.094094,0.0,0.094094,0.002959,1.693565,1.343713,0.0,1.787659,0.34,low,0.031992,0.306535,0.338527,0
2026-07-26T12:03:57.189407,01/15 04:15,-13.62,0.0,,,,18.5,28.0,0.3764,0.094094,0.0,0.094094,0.002563,1.53136,1.255553,0.0,1.625454,0.34,low,0.031992,0.277176,0.309168,0
2026-07-26T12:03:57.223406,01/15 05:15,-12.65,0.0,,,,18.5,28.0,0.3764,0.094094,0.0,0.094094,0.003107,1.762143,1.394174,0.0,1.856237,0.34,low,0.031992,0.318948,0.35094,0
2026-07-26T12:03:57.249409,01/15 06:15,-11.65,0.0,,,,18.5,28.0,0.3764,0.094094,0.0,0.094094,0.003195,1.750009,1.403446,0.0,1.844103,0.43,moderate,0.04046,0.316752,0.357212,0
2026-07-26T12:04:17.091810,01/15 07:15,-9.57,0.0,,,,18.0,29.0,0.3764,0.094094,0.0,0.094094,0.011169,3.669749,2.97109,0.0,3.763843,0.43,moderate,0.04046,0.664225,0.704685,0
2026-07-26T12:04:17.117809,01/15 08:15,-7.75,0.0,,,,18.0,29.0,0.3764,0.094094,0.0,0.094094,0.009638,3.316839,2.673921,0.0,3.410933,0.43,moderate,0.04046,0.600348,0.640808,0
2026-07-26T12:04:17.150811,01/15 09:23,-5.67,52.0,22.0,22.0,22.0,22.0,26.0,0.3764,0.094094,0.0,0.094094,0.011436,4.180693,3.477496,0.0,4.274787,0.43,moderate,0.04046,0.756705,0.797166,0
2026-07-26T12:04:17.173806,01/15 10:23,-4.0,52.0,22.31,22.0,23.09,22.0,26.0,0.3764,0.094094,0.0,0.094094,0.006667,2.52541,2.025388,0.0,2.619504,0.3,low,0.028228,0.457099,0.485327,0
2026-07-26T12:04:17.197808,01/15 11:23,-2.37,52.0,22.73,22.0,24.32,22.0,26.0,0.3764,0.094094,0.0,0.094094,0.005386,1.950729,1.570076,0.0,2.044823,0.3,low,0.028228,0.353082,0.38131,0
2026-07-26T12:04:17.219813,01/15 12:23,-0.68,41.6,23.06,22.0,24.43,22.0,26.0,0.3764,0.094094,0.0,0.094094,0.004553,1.626555,1.300897,0.0,1.720649,0.3,low,0.028228,0.294406,0.322635,0
2026-07-26T12:04:36.173600,01/15 13:15,0.88,20.8,22.87,22.0,24.15,22.0,25.0,0.3764,0.094094,0.0,0.094094,0.004194,1.554709,1.251425,0.0,1.648803,0.3,low,0.028228,0.281402,0.309631,0
2026-07-26T12:04:36.201600,01/15 14:15,1.97,41.6,23.07,22.0,25.0,22.0,25.0,0.3787,0.094686,0.0,0.094686,0.003321,1.234873,0.977959,0.0,1.329559,0.3,low,0.028406,0.223512,0.251918,0
2026-07-26T12:04:36.229599,01/15 15:15,2.8,52.0,23.13,22.0,24.99,22.0,25.0,0.3764,0.094094,0.0,0.094094,0.003685,0.789502,0.857506,0.0,0.883596,0.3,low,0.028228,0.1429,0.171128,0
2026-07-26T12:04:36.254599,01/15 16:15,2.25,52.0,22.94,22.0,24.56,22.0,25.0,0.3764,0.094094,0.0,0.094094,0.005031,0.87731,0.854066,0.0,0.971404,0.55,high,0.051752,0.158793,0.210545,0
2026-07-26T12:04:36.285599,01/15 17:23,0.45,52.0,22.56,22.0,23.91,22.0,25.0,0.3764,0.094094,0.0,0.094094,0.003874,1.513722,1.21063,0.0,1.607816,0.55,high,0.051752,0.273984,0.325735,0
2026-07-26T12:04:36.313598,01/15 18:15,-0.7,52.0,22.39,22.0,23.89,22.0,25.0,0.3764,0.094094,0.0,0.094094,0.004066,1.613968,1.30157,0.0,1.708062,0.55,high,0.051752,0.292128,0.34388,0
2026-07-26T12:04:55.166500,01/15 19:15,-2.65,26.0,20.91,20.5,22.54,20.5,26.0,0.3764,0.094094,0.0,0.094094,0.004859,1.880345,1.531897,0.0,1.974439,0.55,high,0.051752,0.340342,0.392094,0
2026-07-26T12:04:55.191496,01/15 20:15,-2.2,0.0,,,,20.5,26.0,0.3764,0.094094,0.0,0.094094,0.006286,2.763126,2.22693,0.0,2.85722,0.55,high,0.051752,0.500126,0.551878,0
2026-07-26T12:04:55.210495,01/15 21:15,-2.9,0.0,,,,20.5,26.0,0.3764,0.094094,0.0,0.094094,0.001871,1.162479,0.956497,0.0,1.256573,0.4,moderate,0.037638,0.210409,0.248046,0
2026-07-26T12:04:55.231496,01/15 22:15,-4.58,0.0,,,,20.5,26.0,0.3764,0.094094,0.0,0.094094,0.002949,1.723129,1.355729,0.0,1.817223,0.4,moderate,0.037638,0.311886,0.349524,0
2026-07-26T12:04:55.250496,01/15 23:15,-3.72,0.0,,,,20.5,26.0,0.3764,0.094094,0.0,0.094094,0.003374,1.871412,1.49954,0.0,1.965506,0.4,moderate,0.037638,0.338726,0.376363,0
2026-07-26T12:04:55.267495,01/16 00:15,-5.15,0.0,,,,20.5,26.0,0.3764,0.094094,0.0,0.094094,0.003901,2.060392,1.646123,0.0,2.154486,0.34,low,0.031992,0.372931,0.404923,0
2026-07-26T12:05:13.339261,01/16 01:15,-5.87,0.0,,,,18.5,28.0,0.3764,0.094094,0.0,0.094094,0.00056,0.348766,0.388056,0.0,0.44286,0.34,low,0.031992,0.063127,0.095119,0
2026-07-26T12:05:13.368263,01/16 02:15,-6.83,0.0,,,,18.5,28.0,0.3764,0.094094,0.0,0.094094,0.001164,0.862207,0.704266,0.0,0.956301,0.34,low,0.031992,0.156059,0.188051,0
2026-07-26T12:05:13.393263,01/16 03:15,-6.8,0.0,,,,18.5,28.0,0.3764,0.094094,0.0,0.094094,0.001424,1.038186,0.822744,0.0,1.13228,0.34,low,0.031992,0.187912,0.219904,0
2026-07-26T12:05:13.417262,01/16 04:15,-5.45,0.0,,,,18.5,28.0,0.3764,0.094094,0.0,0.094094,0.001541,1.093764,0.874581,0.0,1.187858,0.34,low,0.031992,0.197971,0.229963,0
2026-07-26T12:05:13.442262,01/16 05:15,-5.0,0.0,,,,18.5,28.0,0.3764,0.094094,0.0,0.094094,0.00159,1.116843,0.89778,0.0,1.210937,0.34,low,0.031992,0.202149,0.234141,0
2026-07-26T12:05:13.467262,01/16 06:15,-4.85,0.0,,,,18.5,28.0,0.3764,0.094094,0.0,0.094094,0.001648,1.148916,0.921001,0.0,1.24301,0.43,moderate,0.04046,0.207954,0.248414,0
2026-07-26T12:05:31.705828,01/16 07:15,-4.28,0.0,,,,18.0,29.0,0.3764,0.094094,0.0,0.094094,0.00711,2.647761,2.13865,0.0,2.741855,0.43,moderate,0.04046,0.479245,0.519705,0
2026-07-26T12:05:31.726009,01/16 08:15,-3.2,0.0,,,,18.0,29.0,0.3764,0.094094,0.0,0.094094,0.006774,2.481029,1.98748,0.0,2.575123,0.43,moderate,0.04046,0.449066,0.489527,0
2026-07-26T12:05:31.752789,01/16 09:23,-0.55,52.0,22.0,22.0,22.0,22.0,26.0,0.3764,0.094094,0.0,0.094094,0.00792,3.199038,2.646693,0.0,3.293132,0.43,moderate,0.04046,0.579026,0.619486,0
2026-07-26T12:05:31.772781,01/16 10:15,1.52,52.0,22.21,22.0,22.83,22.0,26.0,0.3764,0.094094,0.0,0.094094,0.004695,1.714199,1.35434,0.0,1.808293,0.3,low,0.028228,0.31027,0.338498,0
2026-07-26T12:05:31.789790,01/16 11:15,3.2,52.0,22.39,22.0,23.49,22.0,26.0,0.3764,0.094094,0.0,0.094094,0.003832,0.955276,0.933877,0.0,1.04937,0.3,low,0.028228,0.172905,0.201133,0
2026-07-26T12:05:31.807785,01/16 12:15,5.1,41.6,22.69,22.0,23.6,22.0,26.0,0.3764,0.094094,0.0,0.094094,0.005055,0.158632,0.719798,0.0,0.252726,0.3,low,0.028228,0.028712,0.056941,0
2026-07-26T12:05:49.429101,01/16 13:23,7.75,20.8,22.85,22.0,24.08,22.0,25.0,0.3764,0.094094,0.0,0.094094,0.005071,0.291803,0.525178,0.0,0.385897,0.3,low,0.028228,0.052816,0.081045,0
2026-07-26T12:05:49.452064,01/16 14:15,9.55,41.6,23.39,22.15,25.0,22.0,25.0,0.3827,0.095678,0.0,0.095678,0.000721,0.497986,0.277658,0.0,0.593664,0.3,low,0.028703,0.090135,0.118839,0
2026-07-26T12:05:49.470515,01/16 15:15,10.0,52.0,23.58,22.48,25.0,22.0,25.0,0.3773,0.094326,0.0,0.094326,0.00061,0.387482,0.266017,0.0,0.481808,0.3,low,0.028298,0.070134,0.098432,0
2026-07-26T12:05:49.488736,01/16 16:15,9.57,52.0,23.44,22.5,24.61,22.0,25.0,0.3764,0.094094,0.0,0.094094,0.000591,0.355981,0.266947,0.0,0.450075,0.55,high,0.051752,0.064433,0.116184,0
2026-07-26T12:05:49.509774,01/16 17:15,8.3,52.0,22.77,22.0,24.16,22.0,25.0,0.3764,0.094094,0.0,0.094094,0.001206,0.106758,0.422094,0.0,0.200852,0.55,high,0.051752,0.019323,0.071075,0
2026-07-26T12:05:49.538814,01/16 18:15,8.3,52.0,22.5,22.0,23.89,22.0,25.0,0.3764,0.094094,0.0,0.094094,0.002175,0.485431,0.480258,0.0,0.579525,0.55,high,0.051752,0.087863,0.139615,0
2026-07-26T12:06:07.447580,01/16 19:15,8.45,26.0,21.13,20.5,22.61,20.0,26.0,0.3764,0.094094,0.0,0.094094,0.001203,0.654833,0.412884,0.0,0.748927,0.55,high,0.051752,0.118525,0.170276,0
2026-07-26T12:06:07.480264,01/16 20:15,8.75,0.0,,,,20.0,26.0,0.3764,0.094094,0.0,0.094094,0.00167,0.975867,0.588013,0.0,1.069961,0.55,high,0.051752,0.176632,0.228384,0
2026-07-26T12:06:07.502883,01/16 21:15,8.3,0.0,,,,20.0,26.0,0.3764,0.094094,0.0,0.094094,0.000343,0.229954,0.216423,0.0,0.324048,0.4,moderate,0.037638,0.041622,0.079259,0
2026-07-26T12:06:07.519554,01/16 22:15,8.18,0.0,,,,20.0,26.0,0.3764,0.094094,0.0,0.094094,0.000718,0.541653,0.433611,0.0,0.635747,0.4,moderate,0.037638,0.098039,0.135677,0
2026-07-26T12:06:07.538627,01/16 23:15,7.65,0.0,,,,20.0,26.0,0.3764,0.094094,0.0,0.094094,0.000956,0.732434,0.579806,0.0,0.826528,0.4,moderate,0.037638,0.132571,0.170208,0
2026-07-26T12:06:07.557665,01/17 00:15,7.08,0.0,,,,20.0,26.0,0.3764,0.094094,0.0,0.094094,0.001233,0.92668,0.732022,0.0,1.020774,0.34,low,0.031992,0.167729,0.199721,0
2026-07-26T12:06:25.349923,01/17 01:15,6.55,0.0,,,,18.0,28.0,0.3764,0.094094,0.0,0.094094,0.0,0.0,0.0,0.0,0.094094,0.34,low,0.031992,0.0,0.031992,0
2026-07-26T12:06:25.376922,01/17 02:15,5.97,0.0,,,,18.0,28.0,0.3764,0.094094,0.0,0.094094,0.0,0.0,0.0,0.0,0.094094,0.34,low,0.031992,0.0,0.031992,0
2026-07-26T12:06:25.399923,01/17 03:15,5.3,0.0,,,,18.0,28.0,0.3764,0.094094,0.0,0.094094,0.0,0.0,0.0,0.0,0.094094,0.34,low,0.031992,0.0,0.031992,0
2026-07-26T12:06:25.421923,01/17 04:15,4.12,0.0,,,,18.0,28.0,0.3764,0.094094,0.0,0.094094,0.0,0.0,0.0,0.0,0.094094,0.34,low,0.031992,0.0,0.031992,0
2026-07-26T12:06:25.443922,01/17 05:15,3.17,0.0,,,,18.0,28.0,0.3764,0.094094,0.0,0.094094,5e-06,0.004064,0.002245,0.0,0.098158,0.34,low,0.031992,0.000736,0.032728,0
2026-07-26T12:06:25.463921,01/17 06:15,2.8,0.0,,,,18.0,28.0,0.3764,0.094094,0.0,0.094094,0.000109,0.084677,0.086669,0.0,0.178771,0.43,moderate,0.04046,0.015327,0.055787,0
2026-07-26T12:06:42.339742,01/17 07:15,2.8,0.0,,,,18.0,29.0,0.3764,0.094094,0.0,0.094094,0.004628,1.618113,1.228828,0.0,1.712207,0.43,moderate,0.04046,0.292878,0.333339,0
2026-07-26T12:06:42.366739,01/17 08:23,2.92,0.0,,,,18.0,29.0,0.3764,0.094094,0.0,0.094094,0.004453,1.394643,1.111408,0.0,1.488737,0.43,moderate,0.04046,0.25243,0.292891,0
2026-07-26T12:06:42.400738,01/17 09:23,4.0,52.0,21.69,21.5,22.4,21.5,26.0,0.3764,0.094094,0.0,0.094094,0.005113,1.966661,1.586501,0.0,2.060755,0.43,moderate,0.04046,0.355966,0.396426,0
2026-07-26T12:06:42.430739,01/17 10:23,6.65,52.0,22.73,21.5,25.07,21.5,26.0,0.3764,0.094094,0.0,0.094094,0.004796,0.165948,0.654705,0.0,0.260042,0.3,low,0.028228,0.030037,0.058265,0
2026-07-26T12:06:42.461738,01/17 11:23,8.73,52.0,23.52,21.79,25.5,21.5,25.5,0.3808,0.095196,0.0,0.095196,0.00128,0.798811,0.404535,0.0,0.894007,0.3,low,0.028559,0.144585,0.173144,0
2026-07-26T12:06:42.489738,01/17 12:23,10.43,41.6,23.94,22.05,25.5,21.5,25.5,0.3782,0.09456,0.0,0.09456,0.000604,0.346886,0.268071,0.0,0.441446,0.3,low,0.028368,0.062786,0.091154,0
2026-07-26T12:06:59.428949,01/17 13:15,11.55,20.8,23.63,21.95,25.0,21.5,25.0,0.384,0.095994,0.105638,0.095994,0.010834,0.073747,0.074013,0.015645,0.169741,0.3,low,0.028798,0.013348,0.042146,0
2026-07-26T12:06:59.450892,01/17 14:15,10.97,41.6,23.88,22.5,25.0,21.5,25.0,0.3869,0.096718,0.0,0.096718,8.6e-05,0.053228,0.054873,0.0,0.149946,0.3,low,0.029015,0.009634,0.03865,0
2026-07-26T12:06:59.468998,01/17 15:15,10.45,52.0,23.86,22.66,24.84,21.5,25.0,0.3764,0.094094,0.0,0.094094,0.000416,0.2631,0.206065,0.0,0.357194,0.3,low,0.028228,0.047621,0.075849,0
2026-07-26T12:06:59.486945,01/17 16:15,9.57,52.0,23.49,22.49,24.68,21.5,25.0,0.3764,0.094094,0.0,0.094094,0.000535,0.33059,0.250989,0.0,0.424684,0.55,high,0.051752,0.059837,0.111588,0
2026-07-26T12:06:59.505997,01/17 17:15,8.03,52.0,22.83,21.94,24.32,21.5,25.0,0.3764,0.094094,0.0,0.094094,0.000986,0.545528,0.387373,0.0,0.639622,0.55,high,0.051752,0.098741,0.150492,0
2026-07-26T12:06:59.526987,01/17 18:15,7.08,52.0,22.49,21.61,24.16,21.5,25.0,0.3764,0.094094,0.0,0.094094,0.001385,0.644974,0.479159,0.0,0.739068,0.55,high,0.051752,0.11674,0.168492,0
2026-07-26T12:07:17.458117,01/17 19:15,6.7,26.0,21.17,20.47,22.77,20.0,26.0,0.3764,0.094094,0.0,0.094094,0.001667,0.686746,0.532733,0.0,0.78084,0.55,high,0.051752,0.124301,0.176053,0
2026-07-26T12:07:17.490685,01/17 20:15,6.55,0.0,,,,20.5,26.0,0.3764,0.094094,0.0,0.094094,0.002563,1.31007,1.074809,0.0,1.404164,0.55,high,0.051752,0.237123,0.288874,0
2026-07-26T12:07:17.512312,01/17 21:15,6.1,0.0,,,,20.5,26.0,0.3764,0.094094,0.0,0.094094,0.000785,0.52423,0.483176,0.0,0.618324,0.4,moderate,0.037638,0.094886,0.132523,0
2026-07-26T12:07:17.535387,01/17 22:15,6.25,0.0,,,,20.5,26.0,0.3764,0.094094,0.0,0.094094,0.001248,0.900454,0.729098,0.0,0.994548,0.4,moderate,0.037638,0.162982,0.20062,0
2026-07-26T12:07:17.561330,01/17 23:15,6.55,0.0,,,,20.5,26.0,0.3764,0.094094,0.0,0.094094,0.00148,1.058274,0.84621,0.0,1.152368,0.4,moderate,0.037638,0.191548,0.229185,0
2026-07-26T12:07:17.588627,01/18 00:15,6.25,0.0,,,,20.5,26.0,0.3764,0.094094,0.0,0.094094,0.00177,1.22655,0.971857,0.0,1.320644,0.34,low,0.031992,0.222006,0.253998,0
2026-07-26T12:07:34.572633,01/18 01:15,6.7,0.0,,,,18.5,28.0,0.3764,0.094094,0.0,0.094094,0.0,0.0,0.0,0.0,0.094094,0.34,low,0.031992,0.0,0.031992,0
2026-07-26T12:07:34.598634,01/18 02:15,6.7,0.0,,,,18.5,28.0,0.3764,0.094094,0.0,0.094094,0.0,0.0,0.0,0.0,0.094094,0.34,low,0.031992,0.0,0.031992,0
2026-07-26T12:07:34.623633,01/18 03:15,6.7,0.0,,,,18.5,28.0,0.3764,0.094094,0.0,0.094094,0.0,0.0,0.0,0.0,0.094094,0.34,low,0.031992,0.0,0.031992,0
2026-07-26T12:07:34.648633,01/18 04:15,6.83,0.0,,,,18.5,28.0,0.3764,0.094094,0.0,0.094094,8e-05,0.057062,0.062443,0.0,0.151156,0.34,low,0.031992,0.010328,0.04232,0
2026-07-26T12:07:34.673633,01/18 05:15,7.2,0.0,,,,18.5,28.0,0.3764,0.094094,0.0,0.094094,0.000182,0.136625,0.135542,0.0,0.230719,0.34,low,0.031992,0.024729,0.056721,0
2026-07-26T12:07:34.696633,01/18 06:15,7.2,0.0,,,,18.5,28.0,0.3764,0.094094,0.0,0.094094,0.000208,0.165251,0.152512,0.0,0.259345,0.43,moderate,0.04046,0.02991,0.070371,0
2026-07-26T12:07:53.175929,01/18 07:15,7.08,0.0,,,,18.0,29.0,0.3764,0.094094,0.0,0.094094,0.004606,0.203896,0.588962,0.0,0.29799,0.43,moderate,0.04046,0.036905,0.077366,0
2026-07-26T12:07:53.198905,01/18 08:15,6.7,0.0,,,,18.0,29.0,0.3764,0.094094,0.0,0.094094,0.005062,1.031075,0.65301,0.0,1.125169,0.43,moderate,0.04046,0.186625,0.227085,0
2026-07-26T12:07:53.222978,01/18 09:15,6.55,52.0,21.5,21.5,21.51,21.5,26.0,0.3764,0.094094,0.0,0.094094,0.003377,1.653132,1.380191,0.0,1.747226,0.43,moderate,0.04046,0.299217,0.339677,0
2026-07-26T12:07:53.258518,01/18 10:15,5.97,52.0,22.07,21.5,22.98,21.5,26.0,0.3764,0.094094,0.0,0.094094,0.005011,0.099883,0.61645,0.0,0.193977,0.3,low,0.028228,0.018079,0.046307,0
2026-07-26T12:07:53.284475,01/18 11:15,5.45,52.0,22.69,21.67,23.52,21.5,26.0,0.3764,0.094094,0.0,0.094094,0.002622,1.093883,0.654579,0.0,1.187977,0.3,low,0.028228,0.197993,0.226221,0
2026-07-26T12:07:53.304180,01/18 12:15,4.85,41.6,22.82,21.71,23.66,21.5,26.0,0.3764,0.094094,0.0,0.094094,0.002802,0.87648,0.689553,0.0,0.970574,0.3,low,0.028228,0.158643,0.186871,0
2026-07-26T12:08:11.307675,01/18 13:15,4.12,20.8,22.12,21.5,23.24,21.5,25.0,0.3764,0.094094,0.0,0.094094,0.00507,0.156336,0.660286,0.0,0.25043,0.3,low,0.028228,0.028297,0.056525,0
2026-07-26T12:08:11.334680,01/18 14:15,3.17,41.6,22.07,21.5,23.52,21.5,25.0,0.3764,0.094094,0.0,0.094094,0.005334,0.785873,0.654314,0.0,0.879967,0.3,low,0.028228,0.142243,0.170471,0
2026-07-26T12:08:11.360676,01/18 15:15,2.65,52.0,22.14,21.5,23.78,21.5,25.0,0.3764,0.094094,0.0,0.094094,0.005367,1.019118,0.741865,0.0,1.113212,0.3,low,0.028228,0.18446,0.212689,0
2026-07-26T12:08:11.386677,01/18 16:15,2.08,52.0,22.02,21.5,23.72,21.5,25.0,0.3764,0.094094,0.0,0.094094,0.005464,1.489355,0.92759,0.0,1.583449,0.55,high,0.051752,0.269573,0.321325,0
2026-07-26T12:08:11.411674,01/18 17:15,1.7,52.0,21.87,21.5,23.36,21.5,25.0,0.3764,0.094094,0.0,0.094094,0.003824,1.480004,1.177491,0.0,1.574098,0.55,high,0.051752,0.267881,0.319632,0
2026-07-26T12:08:11.435678,01/18 18:15,1.7,52.0,21.86,21.5,23.31,21.5,25.0,0.3764,0.094094,0.0,0.094094,0.003877,1.504597,1.211603,0.0,1.598691,0.55,high,0.051752,0.272332,0.324084,0
2026-07-26T12:08:30.989417,01/18 19:15,1.7,26.0,20.83,20.5,22.13,20.5,26.0,0.3764,0.094094,0.0,0.094094,0.003991,1.501968,1.215978,0.0,1.596062,0.55,high,0.051752,0.271856,0.323608,0
2026-07-26T12:08:31.012423,01/18 20:15,1.7,0.0,,,,20.5,26.0,0.3764,0.094094,0.0,0.094094,0.005302,2.292444,1.8464,0.0,2.386538,0.55,high,0.051752,0.414932,0.466684,0
2026-07-26T12:08:31.032419,01/18 21:15,1.7,0.0,,,,20.5,26.0,0.3764,0.094094,0.0,0.094094,0.001635,1.056799,0.892119,0.0,1.150893,0.4,moderate,0.037638,0.191281,0.228918,0
2026-07-26T12:08:31.052418,01/18 22:15,1.7,0.0,,,,20.5,26.0,0.3764,0.094094,0.0,0.094094,0.002264,1.457481,1.158407,0.0,1.551575,0.4,moderate,0.037638,0.263804,0.301442,0
2026-07-26T12:08:31.071417,01/18 23:15,1.7,0.0,,,,20.5,26.0,0.3764,0.094094,0.0,0.094094,0.002597,1.604639,1.280296,0.0,1.698733,0.4,moderate,0.037638,0.29044,0.328077,0
2026-07-26T12:08:31.089416,01/19 00:15,1.82,0.0,,,,20.5,26.0,0.3764,0.094094,0.0,0.094094,0.00318,1.851511,1.471702,0.0,1.945605,0.34,low,0.031992,0.335123,0.367115,0
2026-07-26T12:08:48.319195,01/19 01:15,2.2,0.0,,,,18.5,28.0,0.3764,0.094094,0.0,0.094094,0.0,0.0,0.0,0.0,0.094094,0.34,low,0.031992,0.0,0.031992,0
2026-07-26T12:08:48.338197,01/19 02:15,2.2,0.0,,,,18.5,28.0,0.3764,0.094094,0.0,0.094094,0.000179,0.110412,0.139692,0.0,0.204506,0.34,low,0.031992,0.019985,0.051977,0
2026-07-26T12:08:48.356194,01/19 03:15,2.08,0.0,,,,18.5,28.0,0.3764,0.094094,0.0,0.094094,0.000284,0.203995,0.211757,0.0,0.298089,0.34,low,0.031992,0.036923,0.068915,0
2026-07-26T12:08:48.371195,01/19 04:15,1.55,0.0,,,,18.5,28.0,0.3764,0.094094,0.0,0.094094,0.000442,0.352731,0.314341,0.0,0.446825,0.34,low,0.031992,0.063844,0.095836,0
2026-07-26T12:08:48.386194,01/19 05:15,1.25,0.0,,,,18.5,28.0,0.3764,0.094094,0.0,0.094094,0.000488,0.410989,0.343578,0.0,0.505083,0.34,low,0.031992,0.074389,0.106381,0
2026-07-26T12:08:48.405193,01/19 06:15,1.55,0.0,,,,18.5,28.0,0.3764,0.094094,0.0,0.094094,0.000558,0.477026,0.384892,0.0,0.57112,0.43,moderate,0.04046,0.086342,0.126802,0
2026-07-26T12:09:05.601092,01/19 07:15,1.1,0.0,,,,18.0,29.0,0.3764,0.094094,0.0,0.094094,9.6e-05,0.082905,0.078112,0.0,0.176999,0.43,moderate,0.04046,0.015006,0.055466,0
2026-07-26T12:09:05.622097,01/19 08:15,1.1,0.0,,,,18.0,29.0,0.3764,0.094094,0.0,0.094094,0.000113,0.099748,0.0892,0.0,0.193842,0.43,moderate,0.04046,0.018054,0.058515,0
2026-07-26T12:09:05.642179,01/19 09:15,1.1,0.0,,,,18.0,29.0,0.3764,0.094094,0.0,0.094094,5.8e-05,0.051529,0.0435,0.0,0.145623,0.43,moderate,0.04046,0.009327,0.049787,0
2026-07-26T12:09:05.660808,01/19 10:15,0.98,0.0,,,,18.0,29.0,0.3764,0.094094,0.0,0.094094,0.0,0.0,0.0,0.0,0.094094,0.3,low,0.028228,0.0,0.028228,0
2026-07-26T12:09:05.680844,01/19 11:15,0.6,0.0,,,,18.0,29.0,0.3764,0.094094,0.0,0.094094,0.0,0.0,0.0,0.0,0.094094,0.3,low,0.028228,0.0,0.028228,0
2026-07-26T12:09:05.701444,01/19 12:15,0.6,0.0,,,,18.0,29.0,0.3764,0.094094,0.0,0.094094,0.0,0.0,0.0,0.0,0.094094,0.3,low,0.028228,0.0,0.028228,0
2026-07-26T12:09:24.684202,01/19 13:15,0.45,0.0,,,,18.0,29.0,0.3764,0.094094,0.0,0.094094,0.0,0.0,0.0,0.0,0.094094,0.3,low,0.028228,0.0,0.028228,0
2026-07-26T12:09:24.708477,01/19 14:15,-0.15,0.0,,,,18.0,29.0,0.3764,0.094094,0.0,0.094094,0.0,0.0,0.0,0.0,0.094094,0.3,low,0.028228,0.0,0.028228,0
2026-07-26T12:09:24.730565,01/19 15:15,-0.6,0.0,,,,18.0,29.0,0.3764,0.094094,0.0,0.094094,0.0,0.0,0.0,0.0,0.094094,0.3,low,0.028228,0.0,0.028228,0
2026-07-26T12:09:24.752621,01/19 16:15,-0.72,0.0,,,,18.0,29.0,0.3764,0.094094,0.0,0.094094,0.0,0.0,0.0,0.0,0.094094,0.55,high,0.051752,0.0,0.051752,0
2026-07-26T12:09:24.775726,01/19 17:15,-1.1,0.0,,,,18.0,29.0,0.3764,0.094094,0.0,0.094094,9.2e-05,0.082478,0.07572,0.0,0.176572,0.55,high,0.051752,0.014929,0.06668,0
2026-07-26T12:09:24.797348,01/19 18:15,-1.1,0.0,,,,18.0,29.0,0.3764,0.094094,0.0,0.094094,0.000273,0.251598,0.209241,0.0,0.345692,0.55,high,0.051752,0.045539,0.097291,0
2026-07-26T12:09:43.278473,01/19 19:15,-1.1,0.0,,,,18.0,29.0,0.3764,0.094094,0.0,0.094094,0.000336,0.312422,0.252823,0.0,0.406516,0.55,high,0.051752,0.056548,0.1083,0
2026-07-26T12:09:43.301876,01/19 20:15,-1.25,0.0,,,,18.0,29.0,0.3764,0.094094,0.0,0.094094,0.000461,0.424015,0.332427,0.0,0.518109,0.55,high,0.051752,0.076747,0.128498,0
2026-07-26T12:09:43.324132,01/19 21:15,-1.7,0.0,,,,18.0,29.0,0.3764,0.094094,0.0,0.094094,0.000458,0.416504,0.331961,0.0,0.510598,0.4,moderate,0.037638,0.075387,0.113025,0
2026-07-26T12:09:43.348708,01/19 22:15,-1.7,0.0,,,,18.0,29.0,0.3764,0.094094,0.0,0.094094,0.000525,0.471293,0.373347,0.0,0.565387,0.4,moderate,0.037638,0.085304,0.122942,0
2026-07-26T12:09:43.372039,01/19 23:15,-1.82,0.0,,,,18.0,29.0,0.3764,0.094094,0.0,0.094094,0.000556,0.49355,0.392654,0.0,0.587644,0.4,moderate,0.037638,0.089333,0.12697,0
2026-07-26T12:09:43.394097,01/20 00:15,-2.48,0.0,,,,18.0,29.0,0.3764,0.094094,0.0,0.094094,0.000547,0.482038,0.387445,0.0,0.576132,0.34,low,0.031992,0.087249,0.119241,0
2026-07-26T12:10:02.877356,01/20 01:15,-3.02,0.0,,,,18.0,29.0,0.3764,0.094094,0.0,0.094094,0.000659,0.574657,0.454353,0.0,0.668751,0.34,low,0.031992,0.104013,0.136005,0
2026-07-26T12:10:02.899886,01/20 02:15,-2.35,0.0,,,,18.0,29.0,0.3764,0.094094,0.0,0.094094,0.000692,0.593475,0.471939,0.0,0.687569,0.34,low,0.031992,0.107419,0.139411,0
2026-07-26T12:10:02.920658,01/20 03:15,-2.8,0.0,,,,18.0,29.0,0.3764,0.094094,0.0,0.094094,0.000783,0.661035,0.524506,0.0,0.755129,0.34,low,0.031992,0.119647,0.151639,0
2026-07-26T12:10:02.938652,01/20 04:15,-2.8,0.0,,,,18.0,29.0,0.3764,0.094094,0.0,0.094094,0.000735,0.615971,0.496636,0.0,0.710065,0.34,low,0.031992,0.111491,0.143483,0
2026-07-26T12:10:02.958259,01/20 05:15,-2.8,0.0,,,,18.0,29.0,0.3764,0.094094,0.0,0.094094,0.000713,0.600097,0.48491,0.0,0.694191,0.34,low,0.031992,0.108618,0.14061,0
2026-07-26T12:10:02.976278,01/20 06:15,-2.8,0.0,,,,18.0,29.0,0.3764,0.094094,0.0,0.094094,0.00069,0.582791,0.471188,0.0,0.676885,0.43,moderate,0.04046,0.105485,0.145946,0
2026-07-26T12:10:20.277868,01/20 07:15,-2.8,0.0,,,,18.0,29.0,0.3764,0.094094,0.0,0.094094,0.000659,0.56074,0.454694,0.0,0.654834,0.43,moderate,0.04046,0.101494,0.141954,0
2026-07-26T12:10:20.300870,01/20 08:15,-2.8,0.0,,,,18.0,29.0,0.3764,0.094094,0.0,0.094094,0.000502,0.43298,0.358499,0.0,0.527074,0.43,moderate,0.04046,0.078369,0.11883,0
2026-07-26T12:10:20.322872,01/20 09:15,-2.65,0.0,,,,18.0,29.0,0.3764,0.094094,0.0,0.094094,0.000252,0.223688,0.191476,0.0,0.317782,0.43,moderate,0.04046,0.040488,0.080948,0
2026-07-26T12:10:20.344862,01/20 10:15,-2.08,0.0,,,,18.0,29.0,0.3764,0.094094,0.0,0.094094,5.5e-05,0.049545,0.042686,0.0,0.143639,0.3,low,0.028228,0.008968,0.037196,0
2026-07-26T12:10:20.364861,01/20 11:15,-1.7,0.0,,,,18.0,29.0,0.3764,0.094094,0.0,0.094094,3e-06,0.002846,0.000414,0.0,0.09694,0.3,low,0.028228,0.000515,0.028743,0
2026-07-26T12:10:20.385867,01/20 12:15,-1.55,0.0,,,,18.0,29.0,0.3764,0.094094,0.0,0.094094,0.0,0.0,0.0,0.0,0.094094,0.3,low,0.028228,0.0,0.028228,0
2026-07-26T12:10:38.331348,01/20 13:23,-0.83,0.0,,,,18.0,29.0,0.3764,0.094094,0.0,0.094094,0.0,0.0,0.0,0.0,0.094094,0.3,low,0.028228,0.0,0.028228,0
2026-07-26T12:10:38.353388,01/20 14:23,0.28,0.0,,,,18.0,29.0,0.3764,0.094094,0.0,0.094094,0.0,0.0,0.0,0.0,0.094094,0.3,low,0.028228,0.0,0.028228,0
2026-07-26T12:10:38.371768,01/20 15:15,1.25,0.0,,,,18.0,29.0,0.3764,0.094094,0.0,0.094094,0.0,0.0,0.0,0.0,0.094094,0.3,low,0.028228,0.0,0.028228,0
2026-07-26T12:10:38.391772,01/20 16:15,1.12,0.0,,,,18.0,29.0,0.3764,0.094094,0.0,0.094094,0.0,0.0,0.0,0.0,0.094094,0.55,high,0.051752,0.0,0.051752,0
2026-07-26T12:10:38.409194,01/20 17:23,-1.0,0.0,,,,18.0,29.0,0.3764,0.094094,0.0,0.094094,0.0,0.0,0.0,0.0,0.094094,0.55,high,0.051752,0.0,0.051752,0
2026-07-26T12:10:38.426194,01/20 18:15,-2.2,0.0,,,,18.0,29.0,0.3764,0.094094,0.0,0.094094,0.0,0.0,0.0,0.0,0.094094,0.55,high,0.051752,0.0,0.051752,0
2026-07-26T12:10:57.219009,01/20 19:15,-2.2,0.0,,,,18.0,29.0,0.3764,0.094094,0.0,0.094094,2.4e-05,0.003856,0.020768,0.0,0.09795,0.55,high,0.051752,0.000698,0.05245,0
2026-07-26T12:10:57.237014,01/20 20:15,-1.93,0.0,,,,18.0,29.0,0.3764,0.094094,0.0,0.094094,6.7e-05,0.060764,0.053383,0.0,0.154858,0.55,high,0.051752,0.010998,0.06275,0
2026-07-26T12:10:57.256009,01/20 21:15,-1.1,0.0,,,,18.0,29.0,0.3764,0.094094,0.0,0.094094,0.000158,0.146243,0.126729,0.0,0.240337,0.4,moderate,0.037638,0.02647,0.064108,0
2026-07-26T12:10:57.273009,01/20 22:15,-1.1,0.0,,,,18.0,29.0,0.3764,0.094094,0.0,0.094094,0.000314,0.293792,0.23625,0.0,0.387886,0.4,moderate,0.037638,0.053176,0.090814,0
2026-07-26T12:10:57.290011,01/20 23:15,-1.1,0.0,,,,18.0,29.0,0.3764,0.094094,0.0,0.094094,0.000406,0.378397,0.297695,0.0,0.472491,0.4,moderate,0.037638,0.06849,0.106127,0
2026-07-26T12:10:57.308008,01/21 00:15,-1.1,0.0,,,,18.0,29.0,0.3764,0.094094,0.0,0.094094,0.000537,0.489634,0.379108,0.0,0.583728,0.34,low,0.031992,0.088624,0.120616,0
2026-07-26T12:11:14.373636,01/21 01:15,-1.1,0.0,,,,18.0,29.0,0.3764,0.094094,0.0,0.094094,0.000628,0.548681,0.433187,0.0,0.642775,0.34,low,0.031992,0.099311,0.131303,0
2026-07-26T12:11:14.402691,01/21 02:15,-0.98,0.0,,,,18.0,29.0,0.3764,0.094094,0.0,0.094094,0.000691,0.592797,0.4688,0.0,0.686891,0.34,low,0.031992,0.107296,0.139288,0
2026-07-26T12:11:14.428299,01/21 03:15,-0.6,0.0,,,,18.0,29.0,0.3764,0.094094,0.0,0.094094,0.000742,0.625744,0.498196,0.0,0.719838,0.34,low,0.031992,0.11326,0.145252,0
2026-07-26T12:11:14.453990,01/21 04:15,-0.6,0.0,,,,18.0,29.0,0.3764,0.094094,0.0,0.094094,0.000752,0.628292,0.504422,0.0,0.722386,0.34,low,0.031992,0.113721,0.145713,0
2026-07-26T12:11:14.474985,01/21 05:15,-0.6,0.0,,,,18.0,29.0,0.3764,0.094094,0.0,0.094094,0.000796,0.659368,0.527119,0.0,0.753462,0.34,low,0.031992,0.119346,0.151338,0
2026-07-26T12:11:14.496977,01/21 06:15,-0.6,0.0,,,,18.0,29.0,0.3764,0.094094,0.0,0.094094,0.000802,0.66057,0.530539,0.0,0.754664,0.43,moderate,0.04046,0.119563,0.160024,0
2026-07-26T12:11:32.142657,01/21 07:15,-0.3,0.0,,,,18.0,29.0,0.3764,0.094094,0.0,0.094094,0.006077,2.306596,1.858509,0.0,2.40069,0.43,moderate,0.04046,0.417494,0.457954,0
2026-07-26T12:11:32.163696,01/21 08:15,1.0,0.0,,,,18.0,29.0,0.3764,0.094094,0.0,0.094094,0.005394,1.91201,1.516055,0.0,2.006104,0.43,moderate,0.04046,0.346074,0.386534,0
2026-07-26T12:11:32.187650,01/21 09:23,2.9,52.0,22.0,22.0,22.0,22.0,26.0,0.3764,0.094094,0.0,0.094094,0.006796,2.727782,2.263927,0.0,2.821876,0.43,moderate,0.04046,0.493729,0.534189,0
2026-07-26T12:11:32.206836,01/21 10:23,5.42,52.0,22.32,22.0,22.83,22.0,26.0,0.3764,0.094094,0.0,0.094094,0.003595,0.781243,0.892842,0.0,0.875337,0.3,low,0.028228,0.141405,0.169633,0
2026-07-26T12:11:32.224881,01/21 11:23,7.1,52.0,22.93,22.0,24.03,22.0,26.0,0.3764,0.094094,0.0,0.094094,0.005006,0.10316,0.560435,0.0,0.197254,0.3,low,0.028228,0.018672,0.0469,0
2026-07-26T12:11:32.242829,01/21 12:15,8.58,41.6,23.21,22.0,24.13,22.0,26.0,0.3764,0.094094,0.0,0.094094,0.004947,3.944622,0.379398,0.0,4.038716,0.3,low,0.028228,0.713977,0.742205,0
2026-07-26T12:11:51.289388,01/21 13:15,9.7,20.8,23.1,22.0,23.73,22.0,25.0,0.3764,0.094094,0.0,0.094094,0.002278,0.075331,0.346454,0.0,0.169425,0.3,low,0.028228,0.013635,0.041863,0
2026-07-26T12:11:51.311382,01/21 14:15,11.0,41.6,23.45,22.36,24.21,22.0,25.0,0.3764,0.094094,0.0,0.094094,0.000565,0.394794,0.230935,0.0,0.488888,0.3,low,0.028228,0.071458,0.099686,0
2026-07-26T12:11:51.331383,01/21 15:15,11.92,52.0,23.5,22.54,24.49,22.0,25.0,0.3764,0.094094,0.111808,0.094094,0.012907,0.206166,0.150152,0.055147,0.30026,0.3,low,0.028228,0.037316,0.065544,0
2026-07-26T12:11:51.350386,01/21 16:15,11.25,52.0,23.26,22.42,24.4,22.0,25.0,0.3764,0.094094,0.0,0.094094,0.000355,0.244501,0.176837,0.0,0.338595,0.55,high,0.051752,0.044255,0.096006,0
2026-07-26T12:11:51.369381,01/21 17:15,10.3,52.0,22.8,22.04,24.09,22.0,25.0,0.3764,0.094094,0.109408,0.094094,0.022889,0.003427,0.14454,0.015686,0.097521,0.55,high,0.051752,0.00062,0.052372,0
2026-07-26T12:11:51.386382,01/21 18:15,5.27,52.0,22.36,22.0,23.71,22.0,25.0,0.3764,0.094094,0.0,0.094094,0.004881,0.829807,0.700344,0.0,0.923901,0.55,high,0.051752,0.150195,0.201947,0
2026-07-26T12:12:08.788646,01/21 19:23,2.65,26.0,20.75,20.49,21.77,20.5,26.0,0.3764,0.094094,0.0,0.094094,0.005503,2.765281,1.184352,0.0,2.859375,0.55,high,0.051752,0.500516,0.552268,0
2026-07-26T12:12:08.809643,01/21 20:15,2.2,0.0,,,,20.5,26.0,0.3764,0.094094,0.0,0.094094,0.005348,2.419349,1.952961,0.0,2.513443,0.55,high,0.051752,0.437902,0.489654,0
2026-07-26T12:12:08.827642,01/21 21:15,2.2,0.0,,,,20.5,26.0,0.3764,0.094094,0.0,0.094094,0.002065,1.308314,1.064968,0.0,1.402408,0.4,moderate,0.037638,0.236805,0.274442,0
2026-07-26T12:12:08.845642,01/21 22:15,2.2,0.0,,,,20.5,26.0,0.3764,0.094094,0.0,0.094094,0.002948,1.739715,1.376734,0.0,1.833809,0.4,moderate,0.037638,0.314888,0.352526,0
2026-07-26T12:12:08.863646,01/21 23:15,2.08,0.0,,,,20.5,26.0,0.3764,0.094094,0.0,0.094094,0.002841,1.671934,1.354129,0.0,1.766028,0.4,moderate,0.037638,0.30262,0.340258,0
2026-07-26T12:12:08.885645,01/22 00:15,1.7,0.0,,,,20.5,26.0,0.3764,0.094094,0.0,0.094094,0.003016,1.763594,1.415667,0.0,1.857688,0.34,low,0.031992,0.319211,0.351202,0
2026-07-26T12:12:27.378347,01/22 01:15,1.7,0.0,,,,18.5,28.0,0.3764,0.094094,0.0,0.094094,0.000132,0.078591,0.103701,0.0,0.172685,0.34,low,0.031992,0.014225,0.046217,0
2026-07-26T12:12:27.399353,01/22 02:15,1.55,0.0,,,,18.5,28.0,0.3764,0.094094,0.0,0.094094,0.0004,0.283227,0.289098,0.0,0.377321,0.34,low,0.031992,0.051264,0.083256,0
2026-07-26T12:12:27.421350,01/22 03:15,0.98,0.0,,,,18.5,28.0,0.3764,0.094094,0.0,0.094094,0.000647,0.51316,0.435947,0.0,0.607254,0.34,low,0.031992,0.092882,0.124874,0
2026-07-26T12:12:27.440351,01/22 04:15,0.6,0.0,,,,18.5,28.0,0.3764,0.094094,0.0,0.094094,0.000751,0.611683,0.495495,0.0,0.705777,0.34,low,0.031992,0.110715,0.142707,0
2026-07-26T12:12:27.460352,01/22 05:15,0.6,0.0,,,,18.5,28.0,0.3764,0.094094,0.0,0.094094,0.000841,0.682003,0.544564,0.0,0.776097,0.34,low,0.031992,0.123443,0.155435,0
2026-07-26T12:12:27.481347,01/22 06:15,0.72,0.0,,,,18.5,28.0,0.3764,0.094094,0.0,0.094094,0.000908,0.727088,0.578863,0.0,0.821182,0.43,moderate,0.04046,0.131603,0.172063,0
2026-07-26T12:12:46.221149,01/22 07:15,0.98,0.0,,,,18.0,29.0,0.3764,0.094094,0.0,0.094094,0.00516,1.850586,1.495413,0.0,1.94468,0.43,moderate,0.04046,0.334956,0.375416,0
2026-07-26T12:12:46.246160,01/22 08:15,0.6,0.0,,,,18.0,29.0,0.3764,0.094094,0.0,0.094094,0.005357,1.963617,1.580463,0.0,2.057711,0.43,moderate,0.04046,0.355415,0.395875,0
2026-07-26T12:12:46.275151,01/22 09:23,0.6,52.0,22.0,22.0,22.0,22.0,26.0,0.3764,0.094094,0.0,0.094094,0.007356,3.014909,2.506906,0.0,3.109003,0.43,moderate,0.04046,0.545699,0.586159,0
2026-07-26T12:12:46.299149,01/22 10:15,0.72,52.0,22.2,22.0,22.82,22.0,26.0,0.3764,0.094094,0.0,0.094094,0.004604,1.721671,1.355356,0.0,1.815765,0.3,low,0.028228,0.311622,0.339851,0
2026-07-26T12:12:46.326149,01/22 11:23,1.25,52.0,22.82,22.0,23.81,22.0,26.0,0.3764,0.094094,0.0,0.094094,0.003956,1.303336,1.047565,0.0,1.39743,0.3,low,0.028228,0.235904,0.264132,0
2026-07-26T12:12:46.350152,01/22 12:15,1.82,41.6,23.11,22.0,24.16,22.0,26.0,0.3764,0.094094,0.0,0.094094,0.003697,1.223298,0.985457,0.0,1.317392,0.3,low,0.028228,0.221417,0.249645,0
2026-07-26T12:13:07.262754,01/22 13:15,2.35,20.8,23.0,22.0,24.14,22.0,25.0,0.3764,0.094094,0.0,0.094094,0.003551,1.219867,0.981846,0.0,1.313961,0.3,low,0.028228,0.220796,0.249024,0
2026-07-26T12:13:07.288747,01/22 14:15,2.8,41.6,23.31,22.0,25.0,22.0,25.0,0.3869,0.096713,0.0,0.096713,0.00234,0.721658,0.752587,0.0,0.818371,0.3,low,0.029014,0.13062,0.159634,0
2026-07-26T12:13:07.309747,01/22 15:15,2.92,52.0,23.4,22.25,25.0,22.0,25.0,0.3967,0.099174,0.0,0.099174,0.001818,0.67065,0.618123,0.0,0.769824,0.3,low,0.029752,0.121388,0.15114,0
2026-07-26T12:13:07.330748,01/22 16:15,2.62,52.0,23.4,22.32,25.0,22.0,25.0,0.3892,0.097303,0.0,0.097303,0.002716,0.496508,0.638746,0.0,0.593811,0.55,high,0.053517,0.089868,0.143385,0
2026-07-26T12:13:07.349747,01/22 17:23,-0.1,52.0,22.89,22.0,24.31,22.0,25.0,0.3764,0.094094,0.0,0.094094,0.00394,1.698779,1.073161,0.0,1.792873,0.55,high,0.051752,0.307479,0.359231,0
2026-07-26T12:13:07.373753,01/22 18:23,-2.48,52.0,22.53,22.0,24.09,22.0,25.0,0.3764,0.094094,0.0,0.094094,0.004419,1.797201,1.451619,0.0,1.891295,0.55,high,0.051752,0.325293,0.377045,0
2026-07-26T12:13:26.980644,01/22 19:15,-3.45,26.0,20.96,20.5,22.64,20.5,26.0,0.3764,0.094094,0.0,0.094094,0.004837,1.869871,1.517176,0.0,1.963965,0.55,high,0.051752,0.338447,0.390198,0
2026-07-26T12:13:27.004652,01/22 20:15,-4.03,0.0,,,,20.5,26.0,0.3764,0.094094,0.0,0.094094,0.006724,2.934321,2.362659,0.0,3.028415,0.55,high,0.051752,0.531112,0.582864,0
2026-07-26T12:13:27.025645,01/22 21:15,-4.7,0.0,,,,20.5,26.0,0.3764,0.094094,0.0,0.094094,0.002262,1.358372,1.103822,0.0,1.452466,0.4,moderate,0.037638,0.245865,0.283503,0
2026-07-26T12:13:27.043642,01/22 22:15,-5.45,0.0,,,,20.5,26.0,0.3764,0.094094,0.0,0.094094,0.003151,1.772261,1.4064,0.0,1.866355,0.4,moderate,0.037638,0.320779,0.358417,0
2026-07-26T12:13:27.062648,01/22 23:15,-5.28,0.0,,,,20.5,26.0,0.3764,0.094094,0.0,0.094094,0.003758,1.99326,1.594076,0.0,2.087354,0.4,moderate,0.037638,0.36078,0.398418,0
2026-07-26T12:13:27.079642,01/23 00:15,-5.97,0.0,,,,20.5,26.0,0.3764,0.094094,0.0,0.094094,0.00414,2.126162,1.703817,0.0,2.220256,0.34,low,0.031992,0.384835,0.416827,0
2026-07-26T12:13:45.393462,01/23 01:15,-5.6,0.0,,,,18.5,28.0,0.3764,0.094094,0.0,0.094094,0.000597,0.371937,0.409638,0.0,0.466031,0.34,low,0.031992,0.067321,0.099313,0
2026-07-26T12:13:45.418460,01/23 02:15,-5.45,0.0,,,,18.5,28.0,0.3764,0.094094,0.0,0.094094,0.001067,0.796685,0.660024,0.0,0.890779,0.34,low,0.031992,0.1442,0.176192,0
2026-07-26T12:13:45.439459,01/23 03:15,-5.42,0.0,,,,18.5,28.0,0.3764,0.094094,0.0,0.094094,0.001297,0.967304,0.769397,0.0,1.061398,0.34,low,0.031992,0.175082,0.207074,0
2026-07-26T12:13:45.459460,01/23 04:15,-6.83,0.0,,,,18.5,28.0,0.3764,0.094094,0.0,0.094094,0.001522,1.094873,0.867488,0.0,1.188967,0.34,low,0.031992,0.198172,0.230164,0
2026-07-26T12:13:45.479458,01/23 05:15,-7.48,0.0,,,,18.5,28.0,0.3764,0.094094,0.0,0.094094,0.001695,1.178525,0.938339,0.0,1.272619,0.34,low,0.031992,0.213313,0.245305,0
2026-07-26T12:13:45.496460,01/23 06:15,-8.18,0.0,,,,18.5,28.0,0.3764,0.094094,0.0,0.094094,0.001616,1.124069,0.910925,0.0,1.218163,0.43,moderate,0.04046,0.203456,0.243917,0
2026-07-26T12:14:02.882764,01/23 07:15,-7.8,0.0,,,,18.0,29.0,0.3764,0.094094,0.0,0.094094,0.008814,3.109347,2.51473,0.0,3.203441,0.43,moderate,0.04046,0.562792,0.603252,0
2026-07-26T12:14:02.905125,01/23 08:15,-6.82,0.0,,,,18.0,29.0,0.3764,0.094094,0.0,0.094094,0.008616,2.96703,2.376911,0.0,3.061124,0.43,moderate,0.04046,0.537032,0.577493,0
2026-07-26T12:14:02.931456,01/23 09:23,-3.35,52.0,22.0,22.0,22.0,22.0,26.0,0.3764,0.094094,0.0,0.094094,0.008761,3.401744,2.807676,0.0,3.495838,0.43,moderate,0.04046,0.615716,0.656176,0
2026-07-26T12:14:02.952614,01/23 10:23,-1.27,52.0,22.55,22.0,23.86,22.0,26.0,0.3764,0.094094,0.0,0.094094,0.005374,2.030368,1.616245,0.0,2.124462,0.3,low,0.028228,0.367497,0.395725,0
2026-07-26T12:14:02.975182,01/23 11:23,0.28,52.0,22.94,22.0,24.82,22.0,26.0,0.3764,0.094094,0.0,0.094094,0.004329,1.475732,1.176762,0.0,1.569826,0.3,low,0.028228,0.267107,0.295336,0
2026-07-26T12:14:02.994707,01/23 12:23,1.38,41.6,23.2,22.0,24.78,22.0,26.0,0.3764,0.094094,0.0,0.094094,0.003872,1.296147,1.043441,0.0,1.390241,0.3,low,0.028228,0.234603,0.262831,0
2026-07-26T12:14:21.332122,01/23 13:15,2.35,20.8,23.08,22.0,24.13,22.0,25.0,0.3764,0.094094,0.0,0.094094,0.003585,1.216205,0.974991,0.0,1.310299,0.3,low,0.028228,0.220133,0.248361,0
2026-07-26T12:14:21.359132,01/23 14:15,2.92,41.6,23.4,22.0,25.0,22.0,25.0,0.3844,0.096094,0.0,0.096094,0.002672,0.716012,0.775189,0.0,0.812106,0.3,low,0.028828,0.129598,0.158426,0
2026-07-26T12:14:21.381129,01/23 15:15,3.45,52.0,23.54,22.36,25.0,22.0,25.0,0.3915,0.097882,0.0,0.097882,0.002513,0.488863,0.63542,0.0,0.586745,0.3,low,0.029365,0.088484,0.117849,0
2026-07-26T12:14:21.403123,01/23 16:15,3.35,52.0,23.44,22.43,25.0,22.0,25.0,0.3815,0.095368,0.0,0.095368,0.00507,0.285866,0.601385,0.0,0.381234,0.55,high,0.052452,0.051742,0.104194,0
2026-07-26T12:14:21.426128,01/23 17:23,1.0,52.0,22.79,22.0,24.27,22.0,25.0,0.3764,0.094094,0.0,0.094094,0.00568,1.876618,0.950338,0.0,1.970712,0.55,high,0.051752,0.339668,0.39142,0
2026-07-26T12:14:21.450124,01/23 18:15,-1.38,52.0,22.52,22.0,24.12,22.0,25.0,0.3764,0.094094,0.0,0.094094,0.004116,1.665799,1.335064,0.0,1.759893,0.55,high,0.051752,0.30151,0.353261,0
2026-07-26T12:14:39.274920,01/23 19:15,-2.2,26.0,20.94,20.5,22.62,20.5,26.0,0.3764,0.094094,0.0,0.094094,0.004524,1.750615,1.426811,0.0,1.844709,0.55,high,0.051752,0.316861,0.368613,0
2026-07-26T12:14:39.296916,01/23 20:15,-2.2,0.0,,,,20.5,26.0,0.3764,0.094094,0.0,0.094094,0.006067,2.689007,2.166766,0.0,2.783101,0.55,high,0.051752,0.48671,0.538462,0
2026-07-26T12:14:39.315919,01/23 21:15,-2.48,0.0,,,,20.5,26.0,0.3764,0.094094,0.0,0.094094,0.001923,1.192026,0.977998,0.0,1.28612,0.4,moderate,0.037638,0.215757,0.253394,0
2026-07-26T12:14:39.332920,01/23 22:15,-3.17,0.0,,,,20.5,26.0,0.3764,0.094094,0.0,0.094094,0.002721,1.617542,1.284447,0.0,1.711636,0.4,moderate,0.037638,0.292775,0.330413,0
2026-07-26T12:14:39.350920,01/23 23:15,-2.8,0.0,,,,20.5,26.0,0.3764,0.094094,0.0,0.094094,0.003007,1.729645,1.388701,0.0,1.823739,0.4,moderate,0.037638,0.313066,0.350703,0
2026-07-26T12:14:39.366916,01/24 00:15,-2.8,0.0,,,,20.5,26.0,0.3764,0.094094,0.0,0.094094,0.003433,1.905693,1.524248,0.0,1.999787,0.34,low,0.031992,0.34493,0.376922,0
2026-07-26T12:14:57.414094,01/24 01:15,-2.65,0.0,,,,18.5,28.0,0.3764,0.094094,0.0,0.094094,0.000417,0.254893,0.300075,0.0,0.348987,0.34,low,0.031992,0.046136,0.078128,0
2026-07-26T12:14:57.439087,01/24 02:15,-1.93,0.0,,,,18.5,28.0,0.3764,0.094094,0.0,0.094094,0.000844,0.63421,0.546633,0.0,0.728304,0.34,low,0.031992,0.114792,0.146784,0
2026-07-26T12:14:57.462084,01/24 03:15,-1.1,0.0,,,,18.5,28.0,0.3764,0.094094,0.0,0.094094,0.000984,0.767737,0.619832,0.0,0.861831,0.34,low,0.031992,0.13896,0.170952,0
2026-07-26T12:14:57.483088,01/24 04:15,-1.1,0.0,,,,18.5,28.0,0.3764,0.094094,0.0,0.094094,0.001049,0.814947,0.652361,0.0,0.909041,0.34,low,0.031992,0.147505,0.179497,0
2026-07-26T12:14:57.504084,01/24 05:15,-1.1,0.0,,,,18.5,28.0,0.3764,0.094094,0.0,0.094094,0.001109,0.851658,0.68142,0.0,0.945752,0.34,low,0.031992,0.15415,0.186142,0
2026-07-26T12:14:57.525086,01/24 06:15,-1.1,0.0,,,,18.5,28.0,0.3764,0.094094,0.0,0.094094,0.001113,0.85023,0.684583,0.0,0.944324,0.43,moderate,0.04046,0.153892,0.194352,0
2026-07-26T12:15:14.761420,01/24 07:15,-0.98,0.0,,,,18.0,29.0,0.3764,0.094094,0.0,0.094094,0.005833,2.162398,1.74886,0.0,2.256492,0.43,moderate,0.04046,0.391394,0.431854,0
2026-07-26T12:15:14.782417,01/24 08:15,-0.45,0.0,,,,18.0,29.0,0.3764,0.094094,0.0,0.094094,0.005652,2.07165,1.662763,0.0,2.165744,0.43,moderate,0.04046,0.374969,0.415429,0
2026-07-26T12:15:14.805416,01/24 09:23,0.15,52.0,22.0,22.0,22.0,22.0,26.0,0.3764,0.094094,0.0,0.094094,0.008301,3.350303,2.778638,0.0,3.444397,0.43,moderate,0.04046,0.606405,0.646865,0
2026-07-26T12:15:14.823413,01/24 10:15,0.88,52.0,22.13,22.0,22.67,22.0,26.0,0.3764,0.094094,0.0,0.094094,0.005075,2.023656,1.611598,0.0,2.11775,0.3,low,0.028228,0.366282,0.39451,0
2026-07-26T12:15:14.840413,01/24 11:15,1.7,52.0,22.24,22.0,23.2,22.0,26.0,0.3764,0.094094,0.0,0.094094,0.004139,1.461056,1.151262,0.0,1.55515,0.3,low,0.028228,0.264451,0.292679,0
2026-07-26T12:15:14.857413,01/24 12:15,1.97,41.6,22.28,22.0,23.33,22.0,26.0,0.3764,0.094094,0.0,0.094094,0.003915,1.329875,1.063108,0.0,1.423969,0.3,low,0.028228,0.240707,0.268936,0
2026-07-26T12:15:33.263915,01/24 13:15,2.65,20.8,22.17,22.0,22.83,22.0,25.0,0.3764,0.094094,0.0,0.094094,0.003964,1.477551,1.191417,0.0,1.571645,0.3,low,0.028228,0.267437,0.295665,0
2026-07-26T12:15:33.287910,01/24 14:15,2.2,41.6,22.28,22.0,23.37,22.0,25.0,0.3764,0.094094,0.0,0.094094,0.003677,1.260169,1.016848,0.0,1.354263,0.3,low,0.028228,0.228091,0.256319,0
2026-07-26T12:15:33.309905,01/24 15:15,2.2,52.0,22.35,22.0,23.65,22.0,25.0,0.3764,0.094094,0.0,0.094094,0.003574,1.220279,0.986647,0.0,1.314373,0.3,low,0.028228,0.22087,0.249099,0
2026-07-26T12:15:33.332920,01/24 16:15,2.35,52.0,22.31,22.0,23.56,22.0,25.0,0.3764,0.094094,0.0,0.094094,0.003724,1.378624,1.122386,0.0,1.472718,0.55,high,0.051752,0.249531,0.301283,0
2026-07-26T12:15:33.353906,01/24 17:15,2.8,52.0,22.22,22.0,23.08,22.0,25.0,0.3764,0.094094,0.0,0.094094,0.004164,1.729492,1.407399,0.0,1.823586,0.55,high,0.051752,0.313038,0.36479,0
2026-07-26T12:15:33.373906,01/24 18:15,1.95,52.0,22.23,22.0,23.13,22.0,25.0,0.3764,0.094094,0.0,0.094094,0.004111,1.709651,1.372588,0.0,1.803745,0.55,high,0.051752,0.309447,0.361199,0
2026-07-26T12:15:52.099109,01/24 19:15,-0.3,26.0,20.77,20.5,21.86,20.5,26.0,0.3764,0.094094,0.0,0.094094,0.004708,1.936733,1.553094,0.0,2.030827,0.55,high,0.051752,0.350549,0.4023,0
2026-07-26T12:15:52.121102,01/24 20:15,0.88,0.0,,,,20.5,26.0,0.3764,0.094094,0.0,0.094094,0.006156,2.735932,2.212752,0.0,2.830026,0.55,high,0.051752,0.495204,0.546955,0
2026-07-26T12:15:52.139102,01/24 21:15,1.7,0.0,,,,20.5,26.0,0.3764,0.094094,0.0,0.094094,0.002248,1.400934,1.143113,0.0,1.495028,0.4,moderate,0.037638,0.253569,0.291207,0
2026-07-26T12:15:52.157102,01/24 22:15,1.7,0.0,,,,20.5,26.0,0.3764,0.094094,0.0,0.094094,0.003311,1.899628,1.498871,0.0,1.993722,0.4,moderate,0.037638,0.343833,0.38147,0
2026-07-26T12:15:52.175100,01/24 23:15,1.82,0.0,,,,20.5,26.0,0.3764,0.094094,0.0,0.094094,0.003422,1.907423,1.535577,0.0,2.001517,0.4,moderate,0.037638,0.345244,0.382881,0
2026-07-26T12:15:52.193099,01/25 00:15,2.2,0.0,,,,20.5,26.0,0.3764,0.094094,0.0,0.094094,0.00317,1.812576,1.471059,0.0,1.90667,0.34,low,0.031992,0.328076,0.360068,0
2026-07-26T12:16:11.689900,01/25 01:15,2.35,0.0,,,,18.5,28.0,0.3764,0.094094,0.0,0.094094,8.6e-05,0.050127,0.070418,0.0,0.144221,0.34,low,0.031992,0.009073,0.041065,0
2026-07-26T12:16:11.709906,01/25 02:15,2.65,0.0,,,,18.5,28.0,0.3764,0.094094,0.0,0.094094,0.000338,0.23205,0.248122,0.0,0.326144,0.34,low,0.031992,0.042001,0.073993,0
2026-07-26T12:16:11.727898,01/25 03:15,2.08,0.0,,,,18.5,28.0,0.3764,0.094094,0.0,0.094094,0.000615,0.481497,0.418436,0.0,0.575591,0.34,low,0.031992,0.087151,0.119143,0
2026-07-26T12:16:11.745897,01/25 04:15,1.42,0.0,,,,18.5,28.0,0.3764,0.094094,0.0,0.094094,0.000752,0.61044,0.49499,0.0,0.704534,0.34,low,0.031992,0.11049,0.142482,0
2026-07-26T12:16:11.765900,01/25 05:15,0.17,0.0,,,,18.5,28.0,0.3764,0.094094,0.0,0.094094,0.001001,0.795761,0.622523,0.0,0.889855,0.34,low,0.031992,0.144033,0.176025,0
2026-07-26T12:16:11.784905,01/25 06:15,-1.1,0.0,,,,18.5,28.0,0.3764,0.094094,0.0,0.094094,0.001132,0.868847,0.688927,0.0,0.962941,0.43,moderate,0.04046,0.157261,0.197722,0
2026-07-26T12:16:28.643613,01/25 07:15,-1.1,0.0,,,,18.0,29.0,0.3764,0.094094,0.0,0.094094,0.005737,2.152368,1.738917,0.0,2.246462,0.43,moderate,0.04046,0.389579,0.430039,0
2026-07-26T12:16:28.666606,01/25 08:15,-1.1,0.0,,,,18.0,29.0,0.3764,0.094094,0.0,0.094094,0.005719,2.126167,1.707447,0.0,2.220261,0.43,moderate,0.04046,0.384836,0.425297,0
2026-07-26T12:16:28.692638,01/25 09:23,-1.1,52.0,22.0,22.0,22.0,22.0,26.0,0.3764,0.094094,0.0,0.094094,0.008566,3.474785,2.885691,0.0,3.568879,0.43,moderate,0.04046,0.628936,0.669397,0
2026-07-26T12:16:28.713641,01/25 10:15,-1.25,52.0,22.11,22.0,22.55,22.0,26.0,0.3764,0.094094,0.0,0.094094,0.005372,2.150134,1.719446,0.0,2.244228,0.3,low,0.028228,0.389174,0.417402,0
2026-07-26T12:16:28.734647,01/25 11:15,-1.7,52.0,22.2,22.0,23.0,22.0,26.0,0.3764,0.094094,0.0,0.094094,0.005087,1.987673,1.596968,0.0,2.081767,0.3,low,0.028228,0.359769,0.387997,0
2026-07-26T12:16:28.756646,01/25 12:15,-1.55,41.6,22.2,22.0,23.0,22.0,26.0,0.3764,0.094094,0.0,0.094094,0.005032,2.006122,1.616463,0.0,2.100216,0.3,low,0.028228,0.363108,0.391336,0
2026-07-26T12:16:48.731324,01/25 13:15,-1.1,20.8,21.71,21.5,22.57,21.5,25.0,0.3764,0.094094,0.0,0.094094,0.004803,1.904442,1.535608,0.0,1.998536,0.3,low,0.028228,0.344704,0.372932,0
2026-07-26T12:16:48.749327,01/25 14:15,-1.1,41.6,21.81,21.5,22.93,21.5,25.0,0.3764,0.094094,0.0,0.094094,0.004455,1.639258,1.318004,0.0,1.733352,0.3,low,0.028228,0.296706,0.324934,0
2026-07-26T12:16:48.769322,01/25 15:23,-1.25,52.0,22.29,21.5,23.55,21.5,25.0,0.3764,0.094094,0.0,0.094094,0.004218,1.495433,1.200334,0.0,1.589527,0.3,low,0.028228,0.270673,0.298902,0
2026-07-26T12:16:48.786321,01/25 16:15,-1.97,52.0,22.26,21.5,23.51,21.5,25.0,0.3764,0.094094,0.0,0.094094,0.00448,1.692273,1.375487,0.0,1.786367,0.55,high,0.051752,0.306301,0.358053,0
2026-07-26T12:16:48.807324,01/25 17:23,-3.35,52.0,21.88,21.5,22.96,21.5,25.0,0.3764,0.094094,0.0,0.094094,0.005064,2.033818,1.644315,0.0,2.127912,0.55,high,0.051752,0.368121,0.419873,0
2026-07-26T12:16:48.824321,01/25 18:15,-5.0,52.0,21.77,21.5,22.85,21.5,25.0,0.3764,0.094094,0.0,0.094094,0.00619,2.556795,2.057944,0.0,2.650889,0.55,high,0.051752,0.46278,0.514532,0
2026-07-26T12:17:06.658149,01/25 19:15,-5.0,26.0,20.72,20.5,21.57,20.5,26.0,0.3764,0.094094,0.0,0.094094,0.006619,2.737682,2.218899,0.0,2.831776,0.55,high,0.051752,0.49552,0.547272,0
2026-07-26T12:17:06.682814,01/25 20:15,-5.0,0.0,,,,20.5,26.0,0.3764,0.094094,0.0,0.094094,0.009198,3.865314,3.09857,0.0,3.959408,0.55,high,0.051752,0.699622,0.751374,0
2026-07-26T12:17:06.702811,01/25 21:15,-5.0,0.0,,,,20.5,26.0,0.3764,0.094094,0.0,0.094094,0.004291,2.160486,1.731546,0.0,2.25458,0.4,moderate,0.037638,0.391048,0.428686,0
2026-07-26T12:17:06.721810,01/25 22:15,-5.0,0.0,,,,20.5,26.0,0.3764,0.094094,0.0,0.094094,0.004955,2.371972,1.90422,0.0,2.466066,0.4,moderate,0.037638,0.429327,0.466965,0
2026-07-26T12:17:06.739810,01/25 23:15,-5.28,0.0,,,,20.5,26.0,0.3764,0.094094,0.0,0.094094,0.005565,2.551569,2.043836,0.0,2.645663,0.4,moderate,0.037638,0.461834,0.499472,0
2026-07-26T12:17:06.758810,01/26 00:15,-6.25,0.0,,,,20.5,26.0,0.3764,0.094094,0.0,0.094094,0.005966,2.647946,2.126417,0.0,2.74204,0.34,low,0.031992,0.479278,0.51127,0
2026-07-26T12:17:25.295398,01/26 01:15,-6.7,0.0,,,,18.5,28.0,0.3764,0.094094,0.0,0.094094,0.000952,0.598987,0.600812,0.0,0.693081,0.34,low,0.031992,0.108417,0.140409,0
2026-07-26T12:17:25.314393,01/26 02:15,-6.83,0.0,,,,18.5,28.0,0.3764,0.094094,0.0,0.094094,0.00125,0.911598,0.747492,0.0,1.005692,0.34,low,0.031992,0.164999,0.196991,0
2026-07-26T12:17:25.331393,01/26 03:15,-7.35,0.0,,,,18.5,28.0,0.3764,0.094094,0.0,0.094094,0.001459,1.055785,0.841084,0.0,1.149879,0.34,low,0.031992,0.191097,0.223089,0
2026-07-26T12:17:25.347393,01/26 04:15,-7.65,0.0,,,,18.5,28.0,0.3764,0.094094,0.0,0.094094,0.001795,1.237432,0.975424,0.0,1.331526,0.34,low,0.031992,0.223975,0.255967,0
2026-07-26T12:17:25.363392,01/26 05:15,-7.2,0.0,,,,18.5,28.0,0.3764,0.094094,0.0,0.094094,0.001861,1.250305,1.003061,0.0,1.344399,0.34,low,0.031992,0.226305,0.258297,0
2026-07-26T12:17:25.378392,01/26 06:15,-7.48,0.0,,,,18.5,28.0,0.3764,0.094094,0.0,0.094094,0.001862,1.248518,1.006131,0.0,1.342612,0.43,moderate,0.04046,0.225982,0.266442,0
2026-07-26T12:17:42.752484,01/26 07:15,-8.45,0.0,,,,18.0,29.0,0.3764,0.094094,0.0,0.094094,0.001455,1.055914,0.850896,0.0,1.150008,0.43,moderate,0.04046,0.19112,0.231581,0
2026-07-26T12:17:42.776487,01/26 08:15,-8.9,0.0,,,,18.0,29.0,0.3764,0.094094,0.0,0.094094,0.001366,1.002697,0.818173,0.0,1.096791,0.43,moderate,0.04046,0.181488,0.221949,0
2026-07-26T12:17:42.798482,01/26 09:15,-9.03,0.0,,,,18.0,29.0,0.3764,0.094094,0.0,0.094094,0.001405,1.037375,0.836343,0.0,1.131469,0.43,moderate,0.04046,0.187765,0.228225,0
2026-07-26T12:17:42.817486,01/26 10:15,-9.55,0.0,,,,18.0,29.0,0.3764,0.094094,0.0,0.094094,0.001235,0.924937,0.751862,0.0,1.019031,0.3,low,0.028228,0.167414,0.195642,0
2026-07-26T12:17:42.837484,01/26 11:15,-10.15,0.0,,,,18.0,29.0,0.3764,0.094094,0.0,0.094094,0.00114,0.868513,0.704422,0.0,0.962607,0.3,low,0.028228,0.157201,0.185429,0
2026-07-26T12:17:42.858474,01/26 12:15,-10.6,0.0,,,,18.0,29.0,0.3764,0.094094,0.0,0.094094,0.001329,1.001192,0.793252,0.0,1.095286,0.3,low,0.028228,0.181216,0.209444,0
2026-07-26T12:18:01.902578,01/26 13:15,-10.6,0.0,,,,18.0,29.0,0.3764,0.094094,0.0,0.094094,0.000938,0.727908,0.617505,0.0,0.822002,0.3,low,0.028228,0.131751,0.15998,0
2026-07-26T12:18:01.924578,01/26 14:15,-10.72,0.0,,,,18.0,29.0,0.3764,0.094094,0.0,0.094094,0.000887,0.719868,0.580298,0.0,0.813962,0.3,low,0.028228,0.130296,0.158524,0
2026-07-26T12:18:01.945577,01/26 15:15,-11.65,0.0,,,,18.0,29.0,0.3764,0.094094,0.0,0.094094,0.001065,0.845735,0.678354,0.0,0.939829,0.3,low,0.028228,0.153078,0.181306,0
2026-07-26T12:18:01.963578,01/26 16:15,-13.58,0.0,,,,18.0,29.0,0.3764,0.094094,0.0,0.094094,0.001764,1.275083,0.962501,0.0,1.369177,0.55,high,0.051752,0.23079,0.282542,0
2026-07-26T12:18:01.985580,01/26 17:15,-14.7,0.0,,,,18.0,29.0,0.3764,0.094094,0.0,0.094094,0.002707,1.702629,1.302879,0.0,1.796723,0.55,high,0.051752,0.308176,0.359928,0
2026-07-26T12:18:02.004586,01/26 18:15,-15.72,0.0,,,,18.0,29.0,0.3764,0.094094,0.0,0.094094,0.003735,2.018947,1.595139,0.0,2.113041,0.55,high,0.051752,0.365429,0.417181,0
2026-07-26T12:18:21.369103,01/26 19:15,-16.38,0.0,,,,18.0,29.0,0.3764,0.094094,0.0,0.094094,0.004676,2.288889,1.821579,0.0,2.382983,0.55,high,0.051752,0.414289,0.466041,0
2026-07-26T12:18:21.394101,01/26 20:15,-17.35,0.0,,,,18.0,29.0,0.3764,0.094094,0.0,0.094094,0.005681,2.552829,2.036283,0.0,2.646923,0.55,high,0.051752,0.462062,0.513814,0
2026-07-26T12:18:21.416103,01/26 21:15,-17.8,0.0,,,,18.0,29.0,0.3764,0.094094,0.0,0.094094,0.006061,2.611102,2.095209,0.0,2.705196,0.4,moderate,0.037638,0.472609,0.510247,0
2026-07-26T12:18:21.438104,01/26 22:15,-18.08,0.0,,,,18.0,29.0,0.3764,0.094094,0.0,0.094094,0.006439,2.683999,2.154164,0.0,2.778093,0.4,moderate,0.037638,0.485804,0.523441,0
2026-07-26T12:18:21.459103,01/26 23:15,-19.02,0.0,,,,18.0,29.0,0.3764,0.094094,0.0,0.094094,0.007089,2.823544,2.26373,0.0,2.917638,0.4,moderate,0.037638,0.511061,0.548699,0
2026-07-26T12:18:21.481103,01/27 00:15,-19.4,0.0,,,,18.0,29.0,0.3764,0.094094,0.0,0.094094,0.006263,2.554747,2.061479,0.0,2.648841,0.34,low,0.031992,0.462409,0.494401,0
2026-07-26T12:18:39.738901,01/27 01:15,-19.55,0.0,,,,18.0,29.0,0.3764,0.094094,0.0,0.094094,0.007518,2.893186,2.313536,0.0,2.98728,0.34,low,0.031992,0.523667,0.555659,0
2026-07-26T12:18:39.757905,01/27 02:15,-20.0,0.0,,,,18.0,29.0,0.3764,0.094094,0.0,0.094094,0.007376,2.818345,2.269538,0.0,2.912439,0.34,low,0.031992,0.51012,0.542112,0
2026-07-26T12:18:39.775901,01/27 03:15,-20.0,0.0,,,,18.0,29.0,0.3764,0.094094,0.0,0.094094,0.006324,2.498974,2.017883,0.0,2.593068,0.34,low,0.031992,0.452314,0.484306,0
2026-07-26T12:18:39.792900,01/27 04:15,-20.0,0.0,,,,18.0,29.0,0.3764,0.094094,0.0,0.094094,0.006658,2.595928,2.086554,0.0,2.690022,0.34,low,0.031992,0.469863,0.501855,0
2026-07-26T12:18:39.808902,01/27 05:15,-20.27,0.0,,,,18.0,29.0,0.3764,0.094094,0.0,0.094094,0.007235,2.748384,2.206945,0.0,2.842478,0.34,low,0.031992,0.497458,0.529449,0
2026-07-26T12:18:39.825900,01/27 06:15,-21.1,0.0,,,,18.0,29.0,0.3764,0.094094,0.0,0.094094,0.00711,2.689442,2.165002,0.0,2.783536,0.43,moderate,0.04046,0.486789,0.527249,0
2026-07-26T12:18:57.934612,01/27 07:15,-21.1,0.0,,,,18.0,29.0,0.3764,0.094094,0.0,0.094094,0.007768,2.856428,2.294455,0.0,2.950522,0.43,moderate,0.04046,0.517013,0.557474,0
2026-07-26T12:18:57.957613,01/27 08:15,-20.83,0.0,,,,18.0,29.0,0.3764,0.094094,0.0,0.094094,0.006908,2.546963,2.047693,0.0,2.641057,0.43,moderate,0.04046,0.461,0.501461,0
2026-07-26T12:18:57.981614,01/27 09:23,-19.45,0.0,,,,18.0,29.0,0.3764,0.094094,0.0,0.094094,0.005341,2.089909,1.700243,0.0,2.184003,0.43,moderate,0.04046,0.378274,0.418734,0
2026-07-26T12:18:58.002612,01/27 10:15,-17.53,0.0,,,,18.0,29.0,0.3764,0.094094,0.0,0.094094,0.00371,1.587576,1.299001,0.0,1.68167,0.3,low,0.028228,0.287351,0.315579,0
2026-07-26T12:18:58.020614,01/27 11:15,-16.55,0.0,,,,18.0,29.0,0.3764,0.094094,0.0,0.094094,0.00253,1.126348,0.911813,0.0,1.220442,0.3,low,0.028228,0.203869,0.232097,0
2026-07-26T12:18:58.038612,01/27 12:15,-15.83,0.0,,,,18.0,29.0,0.3764,0.094094,0.0,0.094094,0.001658,0.754275,0.621617,0.0,0.848369,0.3,low,0.028228,0.136524,0.164752,0
2026-07-26T12:19:15.981433,01/27 13:23,-15.0,0.0,,,,18.0,29.0,0.3764,0.094094,0.0,0.094094,0.001108,0.590789,0.534911,0.0,0.684883,0.3,low,0.028228,0.106933,0.135161,0
2026-07-26T12:19:16.001431,01/27 14:15,-15.15,0.0,,,,18.0,29.0,0.3764,0.094094,0.0,0.094094,0.00078,0.502744,0.449122,0.0,0.596838,0.3,low,0.028228,0.090997,0.119225,0
2026-07-26T12:19:16.019431,01/27 15:15,-15.6,0.0,,,,18.0,29.0,0.3764,0.094094,0.0,0.094094,0.000885,0.619362,0.506845,0.0,0.713456,0.3,low,0.028228,0.112105,0.140333,0
2026-07-26T12:19:16.037435,01/27 16:15,-16.0,0.0,,,,18.0,29.0,0.3764,0.094094,0.0,0.094094,0.000982,0.678408,0.53131,0.0,0.772502,0.55,high,0.051752,0.122792,0.174544,0
2026-07-26T12:19:16.056432,01/27 17:20,-17.35,0.0,,,,18.0,29.0,0.3764,0.094094,0.0,0.094094,0.00163,1.024193,0.775192,0.0,1.118287,0.55,high,0.051752,0.185379,0.237131,0
2026-07-26T12:19:16.075438,01/27 18:15,-17.8,0.0,,,,18.0,29.0,0.3764,0.094094,0.0,0.094094,0.002336,1.432364,1.152564,0.0,1.526458,0.55,high,0.051752,0.259258,0.31101,0
2026-07-26T12:19:33.904910,01/27 19:15,-17.93,0.0,,,,18.0,29.0,0.3764,0.094094,0.0,0.094094,0.003038,1.739486,1.369976,0.0,1.83358,0.55,high,0.051752,0.314847,0.366599,0
2026-07-26T12:19:33.928211,01/27 20:15,-18.18,0.0,,,,18.0,29.0,0.3764,0.094094,0.0,0.094094,0.00308,1.689491,1.353739,0.0,1.783585,0.55,high,0.051752,0.305798,0.35755,0
2026-07-26T12:19:33.952359,01/27 21:15,-17.65,0.0,,,,18.0,29.0,0.3764,0.094094,0.0,0.094094,0.003263,1.715595,1.369711,0.0,1.809689,0.4,moderate,0.037638,0.310523,0.34816,0
2026-07-26T12:19:33.974997,01/27 22:15,-17.2,0.0,,,,18.0,29.0,0.3764,0.094094,0.0,0.094094,0.003571,1.788026,1.427709,0.0,1.88212,0.4,moderate,0.037638,0.323633,0.36127,0
2026-07-26T12:19:33.996053,01/27 23:15,-17.2,0.0,,,,18.0,29.0,0.3764,0.094094,0.0,0.094094,0.003996,1.896909,1.513727,0.0,1.991003,0.4,moderate,0.037638,0.343341,0.380978,0
2026-07-26T12:19:34.017990,01/28 00:15,-17.2,0.0,,,,18.0,29.0,0.3764,0.094094,0.0,0.094094,0.004123,1.909714,1.53556,0.0,2.003808,0.34,low,0.031992,0.345658,0.37765,0
2026-07-26T12:19:51.418390,01/28 01:15,-17.2,0.0,,,,18.0,29.0,0.3764,0.094094,0.0,0.094094,0.004569,2.029435,1.63349,0.0,2.123529,0.34,low,0.031992,0.367328,0.39932,0
2026-07-26T12:19:51.439385,01/28 02:15,-17.2,0.0,,,,18.0,29.0,0.3764,0.094094,0.0,0.094094,0.004682,2.049962,1.647976,0.0,2.144056,0.34,low,0.031992,0.371043,0.403035,0
2026-07-26T12:19:51.457391,01/28 03:15,-17.07,0.0,,,,18.0,29.0,0.3764,0.094094,0.0,0.094094,0.005049,2.173056,1.748089,0.0,2.26715,0.34,low,0.031992,0.393323,0.425315,0
2026-07-26T12:19:51.474679,01/28 04:15,-16.7,0.0,,,,18.0,29.0,0.3764,0.094094,0.0,0.094094,0.004748,2.047078,1.650589,0.0,2.141172,0.34,low,0.031992,0.370521,0.402513,0
2026-07-26T12:19:51.490674,01/28 05:15,-16.7,0.0,,,,18.0,29.0,0.3764,0.094094,0.0,0.094094,0.004504,1.968584,1.588613,0.0,2.062678,0.34,low,0.031992,0.356314,0.388306,0
2026-07-26T12:19:51.506684,01/28 06:15,-16.7,0.0,,,,18.0,29.0,0.3764,0.094094,0.0,0.094094,0.004616,2.00874,1.61494,0.0,2.102834,0.43,moderate,0.04046,0.363582,0.404042,0
2026-07-26T12:20:09.268744,01/28 07:15,-16.55,0.0,,,,18.0,29.0,0.3764,0.094094,0.0,0.094094,0.018324,4.834605,3.893631,0.0,4.928699,0.43,moderate,0.04046,0.875064,0.915524,0
2026-07-26T12:20:09.294955,01/28 08:15,-15.83,0.0,,,,18.0,29.0,0.3764,0.094094,0.0,0.094094,0.018131,4.766552,3.838437,0.0,4.860646,0.43,moderate,0.04046,0.862746,0.903206,0
2026-07-26T12:20:09.325956,01/28 09:20,-14.45,52.0,21.99,21.98,22.0,22.0,26.0,0.3764,0.094094,0.0,0.094094,0.025837,6.128608,5.027589,0.0,6.222702,0.43,moderate,0.04046,1.109278,1.149738,0
2026-07-26T12:20:09.354955,01/28 10:15,-12.8,52.0,22.02,22.0,22.12,22.0,26.0,0.3764,0.094094,0.0,0.094094,0.013968,4.218671,3.414493,0.0,4.312765,0.3,low,0.028228,0.763579,0.791808,0
2026-07-26T12:20:09.379954,01/28 11:15,-12.38,52.0,22.12,22.0,22.58,22.0,26.0,0.3764,0.094094,0.0,0.094094,0.012785,3.819147,3.073072,0.0,3.913241,0.3,low,0.028228,0.691266,0.719494,0
2026-07-26T12:20:09.402957,01/28 12:15,-10.97,41.6,22.14,22.0,22.71,22.0,26.0,0.3764,0.094094,0.0,0.094094,0.010767,3.464098,2.797847,0.0,3.558192,0.3,low,0.028228,0.627002,0.65523,0
2026-07-26T12:20:27.356506,01/28 13:15,-10.3,20.8,20.84,20.5,22.18,20.5,25.0,0.3764,0.094094,0.0,0.094094,0.009241,2.672932,2.154978,0.0,2.767026,0.3,low,0.028228,0.483801,0.512029,0
2026-07-26T12:20:27.376507,01/28 14:15,-9.28,41.6,21.2,20.5,22.93,20.5,25.0,0.3764,0.094094,0.0,0.094094,0.008029,2.302348,1.863009,0.0,2.396442,0.3,low,0.028228,0.416725,0.444953,0
2026-07-26T12:20:27.394598,01/28 15:15,-8.9,52.0,21.16,20.5,23.18,20.5,25.0,0.3764,0.094094,0.0,0.094094,0.007603,2.257232,1.822869,0.0,2.351326,0.3,low,0.028228,0.408559,0.436787,0
2026-07-26T12:20:27.412599,01/28 16:15,-8.75,52.0,21.01,20.5,23.02,20.5,25.0,0.3764,0.094094,0.0,0.094094,0.007702,2.387826,1.935529,0.0,2.48192,0.55,high,0.051752,0.432197,0.483948,0
2026-07-26T12:20:27.428644,01/28 17:15,-8.3,52.0,20.95,20.5,22.74,20.5,25.0,0.3764,0.094094,0.0,0.094094,0.007642,2.609877,2.111196,0.0,2.703971,0.55,high,0.051752,0.472388,0.524139,0
2026-07-26T12:20:27.444651,01/28 18:15,-8.18,52.0,20.92,20.5,22.58,20.5,25.0,0.3764,0.094094,0.0,0.094094,0.007832,2.755459,2.222533,0.0,2.849553,0.55,high,0.051752,0.498738,0.55049,0
2026-07-26T12:20:46.452700,01/28 19:15,-7.8,26.0,20.64,20.5,21.2,20.5,26.0,0.3764,0.094094,0.0,0.094094,0.008989,3.468172,2.795707,0.0,3.562266,0.55,high,0.051752,0.627739,0.679491,0
2026-07-26T12:20:46.474700,01/28 20:15,-7.8,0.0,,,,20.5,26.0,0.3764,0.094094,0.0,0.094094,0.011317,4.349993,3.498403,0.0,4.444087,0.55,high,0.051752,0.787349,0.8391,0
2026-07-26T12:20:46.498700,01/28 21:15,-7.92,0.0,,,,20.5,26.0,0.3764,0.094094,0.0,0.094094,0.004588,2.245232,1.813515,0.0,2.339326,0.4,moderate,0.037638,0.406387,0.444025,0
2026-07-26T12:20:46.519699,01/28 22:15,-8.3,0.0,,,,20.5,26.0,0.3764,0.094094,0.0,0.094094,0.006333,2.753963,2.189601,0.0,2.848057,0.4,moderate,0.037638,0.498467,0.536105,0
2026-07-26T12:20:46.537700,01/28 23:15,-8.3,0.0,,,,20.5,26.0,0.3764,0.094094,0.0,0.094094,0.006251,2.705102,2.182507,0.0,2.799196,0.4,moderate,0.037638,0.489623,0.527261,0
2026-07-26T12:20:46.556698,01/29 00:15,-8.18,0.0,,,,20.5,26.0,0.3764,0.094094,0.0,0.094094,0.005862,2.61653,2.114896,0.0,2.710624,0.34,low,0.031992,0.473592,0.505584,0
2026-07-26T12:21:03.042282,01/29 01:15,-7.65,0.0,,,,18.5,28.0,0.3764,0.094094,0.0,0.094094,0.001092,0.712627,0.676105,0.0,0.806721,0.34,low,0.031992,0.128985,0.160977,0
2026-07-26T12:21:03.062280,01/29 02:15,-7.2,0.0,,,,18.5,28.0,0.3764,0.094094,0.0,0.094094,0.001267,0.928934,0.761853,0.0,1.023028,0.34,low,0.031992,0.168137,0.200129,0
2026-07-26T12:21:03.080282,01/29 03:15,-7.2,0.0,,,,18.5,28.0,0.3764,0.094094,0.0,0.094094,0.001437,1.050151,0.838402,0.0,1.144245,0.34,low,0.031992,0.190077,0.222069,0
2026-07-26T12:21:03.098284,01/29 04:15,-7.2,0.0,,,,18.5,28.0,0.3764,0.094094,0.0,0.094094,0.001526,1.095265,0.876426,0.0,1.189359,0.34,low,0.031992,0.198243,0.230235,0
2026-07-26T12:21:03.115280,01/29 05:15,-7.08,0.0,,,,18.5,28.0,0.3764,0.094094,0.0,0.094094,0.001841,1.266243,0.999783,0.0,1.360337,0.34,low,0.031992,0.22919,0.261182,0
2026-07-26T12:21:03.132285,01/29 06:15,-6.83,0.0,,,,18.5,28.0,0.3764,0.094094,0.0,0.094094,0.002335,1.482921,1.165567,0.0,1.577015,0.43,moderate,0.04046,0.268409,0.308869,0
2026-07-26T12:21:21.958317,01/29 07:15,-7.35,0.0,,,,18.0,29.0,0.3764,0.094094,0.0,0.094094,0.009144,3.360188,2.707855,0.0,3.454282,0.43,moderate,0.04046,0.608194,0.648654,0
2026-07-26T12:21:21.980316,01/29 08:15,-8.07,0.0,,,,18.0,29.0,0.3764,0.094094,0.0,0.094094,0.009258,3.320089,2.66633,0.0,3.414183,0.43,moderate,0.04046,0.600936,0.641397,0
2026-07-26T12:21:22.007317,01/29 09:23,-8.75,52.0,22.0,22.0,22.0,22.0,26.0,0.3764,0.094094,0.0,0.094094,0.015295,5.070716,4.21309,0.0,5.16481,0.43,moderate,0.04046,0.9178,0.95826,0
2026-07-26T12:21:22.030320,01/29 10:15,-8.45,52.0,22.01,22.0,22.03,22.0,26.0,0.3764,0.094094,0.0,0.094094,0.009704,3.606958,2.907356,0.0,3.701052,0.3,low,0.028228,0.652859,0.681088,0
2026-07-26T12:21:22.049317,01/29 11:15,-8.75,52.0,22.12,22.0,22.59,22.0,26.0,0.3764,0.094094,0.0,0.094094,0.008703,3.060631,2.446277,0.0,3.154725,0.3,low,0.028228,0.553974,0.582202,0
2026-07-26T12:21:22.070318,01/29 12:15,-8.3,41.6,22.14,22.0,22.71,22.0,26.0,0.3764,0.094094,0.0,0.094094,0.007767,2.661742,2.137828,0.0,2.755836,0.3,low,0.028228,0.481775,0.510004,0
2026-07-26T12:21:40.962062,01/29 13:15,-8.18,20.8,22.06,22.0,22.3,22.0,25.0,0.3764,0.094094,0.0,0.094094,0.007959,2.817288,2.267663,0.0,2.911382,0.3,low,0.028228,0.509929,0.538157,0
2026-07-26T12:21:40.984068,01/29 14:15,-7.92,41.6,22.31,22.0,22.89,22.0,25.0,0.3764,0.094094,0.0,0.094094,0.007252,2.53891,2.050264,0.0,2.633004,0.3,low,0.028228,0.459543,0.487771,0
2026-07-26T12:21:41.004061,01/29 15:15,-8.45,52.0,22.53,22.0,23.41,22.0,25.0,0.3764,0.094094,0.0,0.094094,0.007393,2.559295,2.05948,0.0,2.653389,0.3,low,0.028228,0.463232,0.491461,0
2026-07-26T12:21:41.023060,01/29 16:15,-9.33,52.0,22.51,22.0,23.29,22.0,25.0,0.3764,0.094094,0.0,0.094094,0.007869,2.715987,2.185136,0.0,2.810081,0.55,high,0.051752,0.491594,0.543345,0
2026-07-26T12:21:41.043060,01/29 17:23,-10.6,52.0,22.19,22.0,22.92,22.0,25.0,0.3764,0.094094,0.0,0.094094,0.009822,3.304815,2.674783,0.0,3.398909,0.55,high,0.051752,0.598172,0.649923,0
2026-07-26T12:21:41.060068,01/29 18:15,-10.72,52.0,22.16,22.0,22.78,22.0,25.0,0.3764,0.094094,0.0,0.094094,0.010448,3.663003,2.951686,0.0,3.757097,0.55,high,0.051752,0.663004,0.714755,0
2026-07-26T12:22:00.465149,01/29 19:15,-11.25,26.0,20.67,20.5,21.34,20.5,26.0,0.3764,0.094094,0.0,0.094094,0.010641,3.553291,2.873741,0.0,3.647385,0.55,high,0.051752,0.643146,0.694897,0
2026-07-26T12:22:00.485151,01/29 20:15,-11.82,0.0,,,,20.5,26.0,0.3764,0.094094,0.0,0.094094,0.014241,4.770397,3.832486,0.0,4.864491,0.55,high,0.051752,0.863442,0.915194,0
2026-07-26T12:22:00.502148,01/29 21:15,-12.35,0.0,,,,20.5,26.0,0.3764,0.094094,0.0,0.094094,0.005393,2.438071,1.958201,0.0,2.532165,0.4,moderate,0.037638,0.441291,0.478928,0
2026-07-26T12:22:00.520150,01/29 22:15,-12.93,0.0,,,,20.5,26.0,0.3764,0.094094,0.0,0.094094,0.00737,2.923124,2.329378,0.0,3.017218,0.4,moderate,0.037638,0.529085,0.566723,0
2026-07-26T12:22:00.536149,01/29 23:15,-13.45,0.0,,,,20.5,26.0,0.3764,0.094094,0.0,0.094094,0.00915,3.230111,2.580287,0.0,3.324205,0.4,moderate,0.037638,0.58465,0.622288,0
2026-07-26T12:22:00.552148,01/30 00:15,-14.45,0.0,,,,20.5,26.0,0.3764,0.094094,0.0,0.094094,0.008376,3.078122,2.490693,0.0,3.172216,0.34,low,0.031992,0.55714,0.589132,0
2026-07-26T12:22:19.481320,01/30 01:15,-16.25,0.0,,,,18.5,28.0,0.3764,0.094094,0.0,0.094094,0.002033,1.275605,1.058208,0.0,1.369699,0.34,low,0.031992,0.230885,0.262876,0
2026-07-26T12:22:19.505221,01/30 02:15,-16.82,0.0,,,,18.5,28.0,0.3764,0.094094,0.0,0.094094,0.002947,1.701585,1.338064,0.0,1.795679,0.34,low,0.031992,0.307987,0.339979,0
2026-07-26T12:22:19.526588,01/30 03:15,-17.2,0.0,,,,18.5,28.0,0.3764,0.094094,0.0,0.094094,0.003442,1.855867,1.483387,0.0,1.949961,0.34,low,0.031992,0.335912,0.367904,0
2026-07-26T12:22:19.545595,01/30 04:15,-17.2,0.0,,,,18.5,28.0,0.3764,0.094094,0.0,0.094094,0.003847,1.973599,1.572728,0.0,2.067693,0.34,low,0.031992,0.357221,0.389213,0
2026-07-26T12:22:19.564593,01/30 05:15,-16.8,0.0,,,,18.5,28.0,0.3764,0.094094,0.0,0.094094,0.004197,2.052697,1.644131,0.0,2.146791,0.34,low,0.031992,0.371538,0.40353,0
2026-07-26T12:22:19.583595,01/30 06:15,-15.45,0.0,,,,18.5,28.0,0.3764,0.094094,0.0,0.094094,0.004524,2.160011,1.736164,0.0,2.254105,0.43,moderate,0.04046,0.390962,0.431422,0
2026-07-26T12:22:39.816489,01/30 07:15,-14.85,0.0,,,,18.0,29.0,0.3764,0.094094,0.0,0.094094,0.017006,4.415501,3.561743,0.0,4.509595,0.43,moderate,0.04046,0.799206,0.839666,0
2026-07-26T12:22:39.837488,01/30 08:15,-14.12,0.0,,,,18.0,29.0,0.3764,0.094094,0.0,0.094094,0.015962,4.270656,3.443639,0.0,4.36475,0.43,moderate,0.04046,0.772989,0.813449,0
2026-07-26T12:22:39.861490,01/30 09:23,-12.75,52.0,22.0,21.99,22.0,22.0,26.0,0.3764,0.094094,0.0,0.094094,0.018943,5.391634,4.452608,0.0,5.485728,0.43,moderate,0.04046,0.975886,1.016346,0
2026-07-26T12:22:39.880489,01/30 10:15,-10.97,52.0,22.06,22.0,22.3,22.0,26.0,0.3764,0.094094,0.0,0.094094,0.011959,3.910385,3.163535,0.0,4.004479,0.3,low,0.028228,0.70778,0.736008,0
2026-07-26T12:22:39.898489,01/30 11:15,-10.3,52.0,22.17,22.0,22.83,22.0,26.0,0.3764,0.094094,0.0,0.094094,0.010452,3.427458,2.758237,0.0,3.521552,0.3,low,0.028228,0.62037,0.648598,0
2026-07-26T12:22:39.916488,01/30 12:15,-9.28,41.6,22.17,22.0,22.86,22.0,26.0,0.3764,0.094094,0.0,0.094094,0.009239,3.17781,2.566484,0.0,3.271904,0.3,low,0.028228,0.575184,0.603412,0
2026-07-26T12:22:58.856009,01/30 13:15,-8.75,20.8,20.91,20.5,22.5,20.5,25.0,0.3764,0.094094,0.0,0.094094,0.007785,2.342102,1.882744,0.0,2.436196,0.3,low,0.028228,0.42392,0.452149,0
2026-07-26T12:22:58.877420,01/30 14:15,-8.03,41.6,21.06,20.5,22.89,20.5,25.0,0.3764,0.094094,0.0,0.094094,0.007269,2.197565,1.775241,0.0,2.291659,0.3,low,0.028228,0.397759,0.425987,0
2026-07-26T12:22:58.897421,01/30 15:15,-7.2,52.0,21.29,20.6,23.27,20.5,25.0,0.3764,0.094094,0.0,0.094094,0.006583,2.071326,1.674218,0.0,2.16542,0.3,low,0.028228,0.37491,0.403138,0
2026-07-26T12:22:58.915890,01/30 16:15,-6.93,52.0,21.14,20.5,23.22,20.5,25.0,0.3764,0.094094,0.0,0.094094,0.006552,2.09119,1.68713,0.0,2.185284,0.55,high,0.051752,0.378505,0.430257,0
2026-07-26T12:22:58.934353,01/30 17:15,-6.1,52.0,20.99,20.5,22.93,20.5,25.0,0.3764,0.094094,0.0,0.094094,0.006231,2.168117,1.762311,0.0,2.262211,0.55,high,0.051752,0.392429,0.444181,0
2026-07-26T12:22:58.956362,01/30 18:15,-6.37,52.0,20.99,20.5,22.95,20.5,25.0,0.3764,0.094094,0.0,0.094094,0.006277,2.230377,1.795581,0.0,2.324471,0.55,high,0.051752,0.403698,0.45545,0
2026-07-26T12:23:18.761401,01/30 19:15,-7.08,26.0,20.74,20.5,21.71,20.5,26.0,0.3764,0.094094,0.0,0.094094,0.008081,3.140628,2.540524,0.0,3.234722,0.55,high,0.051752,0.568454,0.620205,0
2026-07-26T12:23:18.782398,01/30 20:15,-6.43,0.0,,,,20.5,26.0,0.3764,0.094094,0.0,0.094094,0.00898,3.564749,2.871061,0.0,3.658843,0.55,high,0.051752,0.64522,0.696971,0
2026-07-26T12:23:18.800401,01/30 21:15,-5.72,0.0,,,,20.5,26.0,0.3764,0.094094,0.0,0.094094,0.003022,1.712177,1.382619,0.0,1.806271,0.4,moderate,0.037638,0.309904,0.347542,0
2026-07-26T12:23:18.817398,01/30 22:15,-6.37,0.0,,,,20.5,26.0,0.3764,0.094094,0.0,0.094094,0.004274,2.20309,1.74995,0.0,2.297184,0.4,moderate,0.037638,0.398759,0.436397,0
2026-07-26T12:23:18.835399,01/30 23:15,-7.35,0.0,,,,20.5,26.0,0.3764,0.094094,0.0,0.094094,0.00454,2.267035,1.819741,0.0,2.361129,0.4,moderate,0.037638,0.410333,0.447971,0
2026-07-26T12:23:18.852397,01/31 00:15,-7.65,0.0,,,,20.5,26.0,0.3764,0.094094,0.0,0.094094,0.00435,2.198118,1.773089,0.0,2.292212,0.34,low,0.031992,0.397859,0.429851,0
2026-07-26T12:23:38.904078,01/31 01:15,-7.08,0.0,,,,18.5,28.0,0.3764,0.094094,0.0,0.094094,0.00069,0.438687,0.467578,0.0,0.532781,0.34,low,0.031992,0.079402,0.111394,0
2026-07-26T12:23:38.930083,01/31 02:15,-6.7,0.0,,,,18.5,28.0,0.3764,0.094094,0.0,0.094094,0.001115,0.837387,0.689353,0.0,0.931481,0.34,low,0.031992,0.151567,0.183559,0
2026-07-26T12:23:38.955074,01/31 03:15,-6.7,0.0,,,,18.5,28.0,0.3764,0.094094,0.0,0.094094,0.001655,1.187929,0.922527,0.0,1.282023,0.34,low,0.031992,0.215015,0.247007,0
2026-07-26T12:23:38.977074,01/31 04:15,-6.7,0.0,,,,18.5,28.0,0.3764,0.094094,0.0,0.094094,0.001736,1.194939,0.95643,0.0,1.289033,0.34,low,0.031992,0.216284,0.248276,0
2026-07-26T12:23:38.999074,01/31 05:15,-6.55,0.0,,,,18.5,28.0,0.3764,0.094094,0.0,0.094094,0.001885,1.268441,1.013374,0.0,1.362535,0.34,low,0.031992,0.229588,0.26158,0
2026-07-26T12:23:39.022072,01/31 06:15,-5.97,0.0,,,,18.5,28.0,0.3764,0.094094,0.0,0.094094,0.001897,1.265491,1.017769,0.0,1.359585,0.43,moderate,0.04046,0.229054,0.269514,0
2026-07-26T12:23:59.189573,01/31 07:15,-5.45,0.0,,,,18.0,29.0,0.3764,0.094094,0.0,0.094094,0.007772,2.868237,2.315854,0.0,2.962331,0.43,moderate,0.04046,0.519151,0.559611,0
2026-07-26T12:23:59.208572,01/31 08:15,-4.72,0.0,,,,18.0,29.0,0.3764,0.094094,0.0,0.094094,0.007433,2.742907,2.206601,0.0,2.837001,0.43,moderate,0.04046,0.496466,0.536927,0
2026-07-26T12:23:59.236574,01/31 09:23,-3.75,52.0,22.0,22.0,22.0,22.0,26.0,0.3764,0.094094,0.0,0.094094,0.0093,3.677041,3.038017,0.0,3.771135,0.43,moderate,0.04046,0.665544,0.706005,0
2026-07-26T12:23:59.258572,01/31 10:15,-3.02,52.0,22.13,22.0,22.66,22.0,26.0,0.3764,0.094094,0.0,0.094094,0.006147,2.406405,1.926092,0.0,2.500499,0.3,low,0.028228,0.435559,0.463788,0
2026-07-26T12:23:59.280572,01/31 11:15,-2.08,52.0,22.22,22.0,23.1,22.0,26.0,0.3764,0.094094,0.0,0.094094,0.005175,1.918865,1.53619,0.0,2.012959,0.3,low,0.028228,0.347315,0.375543,0
2026-07-26T12:23:59.302572,01/31 12:15,-1.55,41.6,22.26,22.0,23.3,22.0,26.0,0.3764,0.094094,0.0,0.094094,0.004674,1.656884,1.314524,0.0,1.750978,0.3,low,0.028228,0.299896,0.328124,0
2026-07-26T12:24:19.735718,01/31 13:15,-1.1,20.8,22.19,22.0,22.96,22.0,25.0,0.3764,0.094094,0.0,0.094094,0.004666,1.7691,1.43029,0.0,1.863194,0.3,low,0.028228,0.320207,0.348435,0
2026-07-26T12:24:19.759718,01/31 14:15,-1.25,41.6,22.27,22.0,23.35,22.0,25.0,0.3764,0.094094,0.0,0.094094,0.00452,1.70981,1.391844,0.0,1.803904,0.3,low,0.028228,0.309476,0.337704,0
2026-07-26T12:24:19.780757,01/31 15:15,-1.7,52.0,22.3,22.0,23.5,22.0,25.0,0.3764,0.094094,0.0,0.094094,0.004693,1.847872,1.498636,0.0,1.941966,0.3,low,0.028228,0.334465,0.362693,0
2026-07-26T12:24:19.802008,01/31 16:15,-1.7,52.0,22.3,22.0,23.49,22.0,25.0,0.3764,0.094094,0.0,0.094094,0.004848,1.994778,1.610566,0.0,2.088872,0.55,high,0.051752,0.361055,0.412807,0
2026-07-26T12:24:19.823193,01/31 17:15,-1.82,52.0,22.23,22.0,23.14,22.0,25.0,0.3764,0.094094,0.0,0.094094,0.00537,2.34608,1.895545,0.0,2.440174,0.55,high,0.051752,0.42464,0.476392,0
2026-07-26T12:24:19.842201,01/31 18:15,-2.08,52.0,22.22,22.0,23.1,22.0,25.0,0.3764,0.094094,0.0,0.094094,0.005584,2.446841,1.969271,0.0,2.540935,0.55,high,0.051752,0.442878,0.49463,0
2026-07-26T12:24:36.447914,01/31 19:15,-1.7,26.0,20.75,20.5,21.73,20.5,26.0,0.3764,0.094094,0.0,0.094094,0.005165,2.125215,1.725239,0.0,2.219309,0.55,high,0.051752,0.384664,0.436416,0
2026-07-26T12:24:36.471905,01/31 20:15,-1.55,0.0,,,,20.5,26.0,0.3764,0.094094,0.0,0.094094,0.007152,3.147317,2.538081,0.0,3.241411,0.55,high,0.051752,0.569664,0.621416,0
2026-07-26T12:24:36.491905,01/31 21:15,-1.48,0.0,,,,20.5,26.0,0.3764,0.094094,0.0,0.094094,0.003043,1.748252,1.403944,0.0,1.842346,0.4,moderate,0.037638,0.316434,0.354071,0
2026-07-26T12:24:36.515903,01/31 22:15,-3.0,0.0,,,,20.5,26.0,0.3764,0.094094,0.0,0.094094,0.00403,2.116749,1.684305,0.0,2.210843,0.4,moderate,0.037638,0.383132,0.420769,0
2026-07-26T12:24:36.535904,01/31 23:15,-4.6,0.0,,,,20.5,26.0,0.3764,0.094094,0.0,0.094094,0.004672,2.311819,1.847023,0.0,2.405913,0.4,moderate,0.037638,0.418439,0.456077,0
2026-07-26T12:24:36.556904,02/01 00:15,-6.17,0.0,,,,20.5,26.0,0.3764,0.094094,0.0,0.094094,0.005289,2.482501,1.986491,0.0,2.576595,0.34,low,0.031992,0.449333,0.481325,0
2026-07-26T12:24:56.737589,02/01 01:15,-7.7,0.0,,,,18.5,28.0,0.3764,0.094094,0.0,0.094094,0.001032,0.663406,0.637031,0.0,0.7575,0.34,low,0.031992,0.120076,0.152068,0
2026-07-26T12:24:56.760697,02/01 02:15,-9.3,0.0,,,,18.5,28.0,0.3764,0.094094,0.0,0.094094,0.00183,1.244078,0.974919,0.0,1.338172,0.34,low,0.031992,0.225178,0.25717,0
2026-07-26T12:24:56.787151,02/01 03:15,-10.93,0.0,,,,18.5,28.0,0.3764,0.094094,0.0,0.094094,0.002378,1.477303,1.162333,0.0,1.571397,0.34,low,0.031992,0.267392,0.299384,0
2026-07-26T12:24:56.808147,02/01 04:15,-12.47,0.0,,,,18.5,28.0,0.3764,0.094094,0.0,0.094094,0.002906,1.663164,1.316959,0.0,1.757258,0.34,low,0.031992,0.301033,0.333025,0
2026-07-26T12:24:56.825616,02/01 05:15,-13.3,0.0,,,,18.5,28.0,0.3764,0.094094,0.0,0.094094,0.003574,1.922021,1.534085,0.0,2.016115,0.34,low,0.031992,0.347886,0.379878,0
2026-07-26T12:24:56.843618,02/01 06:15,-13.45,0.0,,,,18.5,28.0,0.3764,0.094094,0.0,0.094094,0.004003,2.089602,1.676958,0.0,2.183696,0.43,moderate,0.04046,0.378218,0.418678,0
2026-07-26T12:25:14.544665,02/01 07:15,-13.9,0.0,,,,18.0,29.0,0.3764,0.094094,0.0,0.094094,0.015248,4.292383,3.452423,0.0,4.386477,0.43,moderate,0.04046,0.776921,0.817382,0
2026-07-26T12:25:14.568520,02/01 08:15,-13.48,0.0,,,,18.0,29.0,0.3764,0.094094,0.0,0.094094,0.015369,4.295593,3.45811,0.0,4.389687,0.43,moderate,0.04046,0.777502,0.817963,0
2026-07-26T12:25:14.602202,02/01 09:23,-11.8,52.0,22.0,21.99,22.0,22.0,26.0,0.3764,0.094094,0.0,0.094094,0.01707,5.126517,4.263785,0.0,5.220611,0.43,moderate,0.04046,0.9279,0.96836,0
2026-07-26T12:25:14.630129,02/01 10:23,-10.17,52.0,22.16,22.0,22.6,22.0,26.0,0.3764,0.094094,0.0,0.094094,0.010662,3.447483,2.783374,0.0,3.541577,0.3,low,0.028228,0.623994,0.652223,0
2026-07-26T12:25:14.653985,02/01 11:15,-8.62,52.0,22.62,22.0,24.18,22.0,26.0,0.3764,0.094094,0.0,0.094094,0.008231,2.665402,2.141414,0.0,2.759496,0.3,low,0.028228,0.482438,0.510666,0
2026-07-26T12:25:14.675862,02/01 12:15,-7.52,41.6,22.79,22.0,24.23,22.0,26.0,0.3764,0.094094,0.0,0.094094,0.007262,2.43013,1.962746,0.0,2.524224,0.3,low,0.028228,0.439854,0.468082,0
2026-07-26T12:25:34.480079,02/01 13:15,-6.55,20.8,22.65,22.0,23.29,22.0,25.0,0.3764,0.094094,0.0,0.094094,0.006674,2.385207,1.927558,0.0,2.479301,0.3,low,0.028228,0.431722,0.459951,0
2026-07-26T12:25:34.499524,02/01 14:15,-5.97,41.6,22.89,22.0,24.68,22.0,25.0,0.3764,0.094094,0.0,0.094094,0.006047,2.174827,1.755887,0.0,2.268921,0.3,low,0.028228,0.393644,0.421872,0
2026-07-26T12:25:34.516833,02/01 15:15,-5.45,52.0,23.02,22.0,25.0,22.0,25.0,0.3878,0.096945,0.0,0.096945,0.004427,1.807426,1.472872,0.0,1.904371,0.3,low,0.029083,0.327144,0.356228,0
2026-07-26T12:25:34.536052,02/01 16:15,-5.28,52.0,23.05,22.0,25.0,22.0,25.0,0.3823,0.09558,0.0,0.09558,0.004608,1.90096,1.511131,0.0,1.99654,0.55,high,0.052569,0.344074,0.396643,0
2026-07-26T12:25:34.556236,02/01 17:20,-6.65,52.0,22.74,22.0,23.93,22.0,25.0,0.3764,0.094094,0.0,0.094094,0.005986,2.280848,1.840602,0.0,2.374942,0.55,high,0.051752,0.412833,0.464585,0
2026-07-26T12:25:34.573715,02/01 18:15,-9.0,52.0,22.35,22.0,23.73,22.0,25.0,0.3764,0.094094,0.0,0.094094,0.007469,2.746782,2.204782,0.0,2.840876,0.55,high,0.051752,0.497168,0.548919,0
2026-07-26T12:25:53.469995,02/01 19:15,-11.25,26.0,20.86,20.5,22.3,20.5,26.0,0.3764,0.094094,0.0,0.094094,0.009588,3.044959,2.448035,0.0,3.139053,0.55,high,0.051752,0.551138,0.602889,0
2026-07-26T12:25:53.493985,02/01 20:15,-12.1,0.0,,,,20.5,26.0,0.3764,0.094094,0.0,0.094094,0.012506,4.18037,3.360492,0.0,4.274464,0.55,high,0.051752,0.756647,0.808399,0
2026-07-26T12:25:53.517986,02/01 21:15,-13.45,0.0,,,,20.5,26.0,0.3764,0.094094,0.0,0.094094,0.004214,2.075533,1.652304,0.0,2.169627,0.4,moderate,0.037638,0.375671,0.413309,0
2026-07-26T12:25:53.543984,02/01 22:15,-13.9,0.0,,,,20.5,26.0,0.3764,0.094094,0.0,0.094094,0.005907,2.579307,2.053291,0.0,2.673401,0.4,moderate,0.037638,0.466855,0.504492,0
2026-07-26T12:25:53.565984,02/01 23:15,-13.9,0.0,,,,20.5,26.0,0.3764,0.094094,0.0,0.094094,0.006497,2.712658,2.178422,0.0,2.806752,0.4,moderate,0.037638,0.490991,0.528629,0
2026-07-26T12:25:53.586984,02/02 00:15,-13.75,0.0,,,,20.5,26.0,0.3764,0.094094,0.0,0.094094,0.007414,2.926825,2.343286,0.0,3.020919,0.34,low,0.031992,0.529755,0.561747,0
2026-07-26T12:26:11.542371,02/02 01:15,-13.58,0.0,,,,18.5,28.0,0.3764,0.094094,0.0,0.094094,0.001485,0.955567,0.851661,0.0,1.049661,0.34,low,0.031992,0.172958,0.20495,0
2026-07-26T12:26:11.561370,02/02 02:15,-14.28,0.0,,,,18.5,28.0,0.3764,0.094094,0.0,0.094094,0.002133,1.390629,1.098704,0.0,1.484723,0.34,low,0.031992,0.251704,0.283696,0
2026-07-26T12:26:11.581370,02/02 03:15,-14.18,0.0,,,,18.5,28.0,0.3764,0.094094,0.0,0.094094,0.002404,1.495973,1.19655,0.0,1.590067,0.34,low,0.031992,0.270771,0.302763,0
2026-07-26T12:26:11.596370,02/02 04:15,-14.85,0.0,,,,18.5,28.0,0.3764,0.094094,0.0,0.094094,0.002823,1.675192,1.328747,0.0,1.769286,0.34,low,0.031992,0.30321,0.335202,0
2026-07-26T12:26:11.615375,02/02 05:15,-14.7,0.0,,,,18.5,28.0,0.3764,0.094094,0.0,0.094094,0.002889,1.664694,1.334415,0.0,1.758788,0.34,low,0.031992,0.30131,0.333302,0
2026-07-26T12:26:11.633373,02/02 06:15,-15.17,0.0,,,,18.5,28.0,0.3764,0.094094,0.0,0.094094,0.003342,1.809701,1.43875,0.0,1.903795,0.43,moderate,0.04046,0.327556,0.368016,0
2026-07-26T12:26:29.073206,02/02 07:15,-13.75,0.0,,,,18.0,29.0,0.3764,0.094094,0.0,0.094094,0.002403,1.429482,1.14309,0.0,1.523576,0.43,moderate,0.04046,0.258736,0.299197,0
2026-07-26T12:26:29.094285,02/02 08:15,-12.63,0.0,,,,18.0,29.0,0.3764,0.094094,0.0,0.094094,0.001993,1.160632,0.92883,0.0,1.254726,0.43,moderate,0.04046,0.210074,0.250535,0
2026-07-26T12:26:29.113764,02/02 09:15,-9.75,0.0,,,,18.0,29.0,0.3764,0.094094,0.0,0.094094,0.00148,0.853142,0.685535,0.0,0.947236,0.43,moderate,0.04046,0.154419,0.194879,0
2026-07-26T12:26:29.132782,02/02 10:15,-7.08,0.0,,,,18.0,29.0,0.3764,0.094094,0.0,0.094094,0.001061,0.614354,0.500832,0.0,0.708448,0.3,low,0.028228,0.111198,0.139426,0
2026-07-26T12:26:29.148776,02/02 11:15,-6.12,0.0,,,,18.0,29.0,0.3764,0.094094,0.0,0.094094,0.000396,0.228234,0.170878,0.0,0.322328,0.3,low,0.028228,0.04131,0.069539,0
2026-07-26T12:26:29.165784,02/02 12:15,-3.85,0.0,,,,18.0,29.0,0.3764,0.094094,0.0,0.094094,5.8e-05,0.033512,0.043008,0.0,0.127606,0.3,low,0.028228,0.006066,0.034294,0
2026-07-26T12:26:46.832883,02/02 13:15,-1.93,0.0,,,,18.0,29.0,0.3764,0.094094,0.0,0.094094,0.0,0.0,0.0,0.0,0.094094,0.3,low,0.028228,0.0,0.028228,0
2026-07-26T12:26:46.850884,02/02 14:15,-0.98,0.0,,,,18.0,29.0,0.3764,0.094094,0.0,0.094094,0.0,0.0,0.0,0.0,0.094094,0.3,low,0.028228,0.0,0.028228,0
2026-07-26T12:26:46.866883,02/02 15:15,-0.6,0.0,,,,18.0,29.0,0.3764,0.094094,0.0,0.094094,0.0,0.0,0.0,0.0,0.094094,0.3,low,0.028228,0.0,0.028228,0
2026-07-26T12:26:46.884881,02/02 16:15,-0.88,0.0,,,,18.0,29.0,0.3764,0.094094,0.0,0.094094,6.7e-05,0.040429,0.050472,0.0,0.134523,0.55,high,0.051752,0.007318,0.059069,0
2026-07-26T12:26:46.900881,02/02 17:15,-1.82,0.0,,,,18.0,29.0,0.3764,0.094094,0.0,0.094094,0.000273,0.184825,0.206883,0.0,0.278919,0.55,high,0.051752,0.033453,0.085205,0
2026-07-26T12:26:46.916882,02/02 18:15,-2.35,0.0,,,,18.0,29.0,0.3764,0.094094,0.0,0.094094,0.000514,0.403199,0.365536,0.0,0.497293,0.55,high,0.051752,0.072979,0.124731,0
2026-07-26T12:27:08.991978,02/02 19:15,-2.8,0.0,,,,18.0,29.0,0.3764,0.094094,0.0,0.094094,0.000726,0.60099,0.490088,0.0,0.695084,0.55,high,0.051752,0.108779,0.160531,0
2026-07-26T12:27:09.013979,02/02 20:15,-2.65,0.0,,,,18.0,29.0,0.3764,0.094094,0.0,0.094094,0.000812,0.672747,0.538367,0.0,0.766841,0.55,high,0.051752,0.121767,0.173519,0
2026-07-26T12:27:09.034978,02/02 21:15,-2.08,0.0,,,,18.0,29.0,0.3764,0.094094,0.0,0.094094,0.000828,0.681148,0.546577,0.0,0.775242,0.4,moderate,0.037638,0.123288,0.160925,0
2026-07-26T12:27:09.055986,02/02 22:15,-1.7,0.0,,,,18.0,29.0,0.3764,0.094094,0.0,0.094094,0.000855,0.698727,0.559297,0.0,0.792821,0.4,moderate,0.037638,0.12647,0.164107,0
2026-07-26T12:27:09.076978,02/02 23:15,-1.7,0.0,,,,18.0,29.0,0.3764,0.094094,0.0,0.094094,0.000832,0.679595,0.548481,0.0,0.773689,0.4,moderate,0.037638,0.123007,0.160644,0
2026-07-26T12:27:09.098977,02/03 00:15,-1.82,0.0,,,,18.0,29.0,0.3764,0.094094,0.0,0.094094,0.000877,0.713432,0.572099,0.0,0.807526,0.34,low,0.031992,0.129131,0.161123,0
2026-07-26T12:27:25.550392,02/03 01:15,-2.08,0.0,,,,18.0,29.0,0.3764,0.094094,0.0,0.094094,0.000788,0.645344,0.525123,0.0,0.739438,0.34,low,0.031992,0.116807,0.148799,0
2026-07-26T12:27:25.568390,02/03 02:15,-1.7,0.0,,,,18.0,29.0,0.3764,0.094094,0.0,0.094094,0.000794,0.653766,0.528445,0.0,0.74786,0.34,low,0.031992,0.118332,0.150324,0
2026-07-26T12:27:25.586390,02/03 03:15,-1.7,0.0,,,,18.0,29.0,0.3764,0.094094,0.0,0.094094,0.000791,0.653089,0.526855,0.0,0.747183,0.34,low,0.031992,0.118209,0.150201,0
2026-07-26T12:27:25.603391,02/03 04:15,-1.82,0.0,,,,18.0,29.0,0.3764,0.094094,0.0,0.094094,0.000821,0.676088,0.542185,0.0,0.770182,0.34,low,0.031992,0.122372,0.154364,0
2026-07-26T12:27:25.620389,02/03 05:15,-2.2,0.0,,,,18.0,29.0,0.3764,0.094094,0.0,0.094094,0.00086,0.703692,0.563912,0.0,0.797786,0.34,low,0.031992,0.127368,0.15936,0
2026-07-26T12:27:25.638391,02/03 06:15,-2.08,0.0,,,,18.0,29.0,0.3764,0.094094,0.0,0.094094,0.000901,0.731052,0.584708,0.0,0.825146,0.43,moderate,0.04046,0.13232,0.172781,0
2026-07-26T12:27:44.403037,02/03 07:15,-1.7,0.0,,,,18.0,29.0,0.3764,0.094094,0.0,0.094094,0.000907,0.731608,0.587159,0.0,0.825702,0.43,moderate,0.04046,0.132421,0.172881,0
2026-07-26T12:27:44.426036,02/03 08:15,-1.82,0.0,,,,18.0,29.0,0.3764,0.094094,0.0,0.094094,0.000615,0.508174,0.424858,0.0,0.602268,0.43,moderate,0.04046,0.091979,0.13244,0
2026-07-26T12:27:44.448035,02/03 09:15,-2.2,0.0,,,,18.0,29.0,0.3764,0.094094,0.0,0.094094,0.000385,0.329263,0.278216,0.0,0.423357,0.43,moderate,0.04046,0.059597,0.100057,0
2026-07-26T12:27:44.470034,02/03 10:15,-2.2,0.0,,,,18.0,29.0,0.3764,0.094094,0.0,0.094094,0.00024,0.21114,0.180184,0.0,0.305234,0.3,low,0.028228,0.038216,0.066445,0
2026-07-26T12:27:44.491035,02/03 11:15,-2.08,0.0,,,,18.0,29.0,0.3764,0.094094,0.0,0.094094,9e-06,0.008442,0.0061,0.0,0.102536,0.3,low,0.028228,0.001528,0.029756,0
2026-07-26T12:27:44.513037,02/03 12:15,-1.82,0.0,,,,18.0,29.0,0.3764,0.094094,0.0,0.094094,0.0,0.0,0.0,0.0,0.094094,0.3,low,0.028228,0.0,0.028228,0
2026-07-26T12:28:01.195032,02/03 13:15,-2.08,0.0,,,,18.0,29.0,0.3764,0.094094,0.0,0.094094,0.0,0.0,0.0,0.0,0.094094,0.3,low,0.028228,0.0,0.028228,0
2026-07-26T12:28:01.215023,02/03 14:15,-1.7,0.0,,,,18.0,29.0,0.3764,0.094094,0.0,0.094094,0.0,0.0,0.0,0.0,0.094094,0.3,low,0.028228,0.0,0.028228,0
2026-07-26T12:28:01.232023,02/03 15:15,-1.55,0.0,,,,18.0,29.0,0.3764,0.094094,0.0,0.094094,0.0,0.0,0.0,0.0,0.094094,0.3,low,0.028228,0.0,0.028228,0
2026-07-26T12:28:01.248023,02/03 16:15,-0.98,0.0,,,,18.0,29.0,0.3764,0.094094,0.0,0.094094,0.0,0.0,0.0,0.0,0.094094,0.55,high,0.051752,0.0,0.051752,0
2026-07-26T12:28:01.264023,02/03 17:15,-0.72,0.0,,,,18.0,29.0,0.3764,0.094094,0.0,0.094094,2.7e-05,0.023679,0.022882,0.0,0.117773,0.55,high,0.051752,0.004286,0.056038,0
2026-07-26T12:28:01.280022,02/03 18:15,-1.1,0.0,,,,18.0,29.0,0.3764,0.094094,0.0,0.094094,0.000139,0.12558,0.10646,0.0,0.219674,0.55,high,0.051752,0.02273,0.074482,0
2026-07-26T12:28:19.905332,02/03 19:15,-1.1,0.0,,,,18.0,29.0,0.3764,0.094094,0.0,0.094094,0.000399,0.364476,0.292257,0.0,0.45857,0.55,high,0.051752,0.06597,0.117722,0
2026-07-26T12:28:19.928430,02/03 20:15,-1.1,0.0,,,,18.0,29.0,0.3764,0.094094,0.0,0.094094,0.000348,0.319316,0.26076,0.0,0.41341,0.55,high,0.051752,0.057796,0.109548,0
2026-07-26T12:28:19.950386,02/03 21:15,-1.1,0.0,,,,18.0,29.0,0.3764,0.094094,0.0,0.094094,0.000407,0.373347,0.297661,0.0,0.467441,0.4,moderate,0.037638,0.067576,0.105213,0
2026-07-26T12:28:19.970389,02/03 22:15,-1.1,0.0,,,,18.0,29.0,0.3764,0.094094,0.0,0.094094,0.000527,0.477132,0.374467,0.0,0.571226,0.4,moderate,0.037638,0.086361,0.123998,0
2026-07-26T12:28:19.988380,02/03 23:15,-1.1,0.0,,,,18.0,29.0,0.3764,0.094094,0.0,0.094094,0.00046,0.412168,0.331844,0.0,0.506262,0.4,moderate,0.037638,0.074602,0.11224,0
2026-07-26T12:28:20.006385,02/04 00:15,-1.25,0.0,,,,18.0,29.0,0.3764,0.094094,0.0,0.094094,0.000464,0.415816,0.334054,0.0,0.50991,0.34,low,0.031992,0.075263,0.107255,0
2026-07-26T12:28:36.439906,02/04 01:15,-1.7,0.0,,,,18.0,29.0,0.3764,0.094094,0.0,0.094094,0.000671,0.58367,0.460642,0.0,0.677764,0.34,low,0.031992,0.105644,0.137636,0
2026-07-26T12:28:36.457906,02/04 02:15,-1.7,0.0,,,,18.0,29.0,0.3764,0.094094,0.0,0.094094,0.000732,0.623273,0.493583,0.0,0.717367,0.34,low,0.031992,0.112812,0.144804,0
2026-07-26T12:28:36.476906,02/04 03:15,-1.7,0.0,,,,18.0,29.0,0.3764,0.094094,0.0,0.094094,0.000756,0.635085,0.506516,0.0,0.729179,0.34,low,0.031992,0.11495,0.146942,0
2026-07-26T12:28:36.493905,02/04 04:15,-1.7,0.0,,,,18.0,29.0,0.3764,0.094094,0.0,0.094094,0.000672,0.565543,0.46009,0.0,0.659637,0.34,low,0.031992,0.102363,0.134355,0
2026-07-26T12:28:36.509906,02/04 05:15,-1.7,0.0,,,,18.0,29.0,0.3764,0.094094,0.0,0.094094,0.000777,0.651504,0.518657,0.0,0.745598,0.34,low,0.031992,0.117922,0.149914,0
2026-07-26T12:28:36.526907,02/04 06:15,-1.7,0.0,,,,18.0,29.0,0.3764,0.094094,0.0,0.094094,0.000757,0.631106,0.50671,0.0,0.7252,0.43,moderate,0.04046,0.11423,0.154691,0
2026-07-26T12:28:54.086037,02/04 07:15,-1.7,0.0,,,,18.0,29.0,0.3764,0.094094,0.0,0.094094,0.006112,2.267807,1.822262,0.0,2.361901,0.43,moderate,0.04046,0.410473,0.450933,0
2026-07-26T12:28:54.110035,02/04 08:15,-1.7,0.0,,,,18.0,29.0,0.3764,0.094094,0.0,0.094094,0.005917,2.131298,1.709658,0.0,2.225392,0.43,moderate,0.04046,0.385765,0.426225,0
2026-07-26T12:28:54.135056,02/04 09:23,-1.55,52.0,22.0,22.0,22.0,22.0,26.0,0.3764,0.094094,0.0,0.094094,0.007649,3.121486,2.575861,0.0,3.21558,0.43,moderate,0.04046,0.564989,0.605449,0
2026-07-26T12:28:54.157033,02/04 10:15,-1.1,52.0,22.22,22.0,23.09,22.0,26.0,0.3764,0.094094,0.0,0.094094,0.005042,1.880886,1.490565,0.0,1.97498,0.3,low,0.028228,0.34044,0.368669,0
2026-07-26T12:28:54.176032,02/04 11:15,-0.98,52.0,22.3,22.0,23.45,22.0,26.0,0.3764,0.094094,0.0,0.094094,0.00463,1.634997,1.308329,0.0,1.729091,0.3,low,0.028228,0.295934,0.324163,0
2026-07-26T12:28:54.195032,02/04 12:15,-0.6,41.6,22.25,22.0,23.26,22.0,26.0,0.3764,0.094094,0.0,0.094094,0.004426,1.59487,1.290254,0.0,1.688964,0.3,low,0.028228,0.288671,0.3169,0
2026-07-26T12:29:12.086684,02/04 13:15,-0.72,20.8,22.17,22.0,22.83,22.0,25.0,0.3764,0.094094,0.0,0.094094,0.004637,1.844838,1.488072,0.0,1.938932,0.3,low,0.028228,0.333916,0.362144,0
2026-07-26T12:29:12.105676,02/04 14:15,-1.38,41.6,22.25,22.0,23.25,22.0,25.0,0.3764,0.094094,0.0,0.094094,0.004491,1.721071,1.395051,0.0,1.815165,0.3,low,0.028228,0.311514,0.339742,0
2026-07-26T12:29:12.129684,02/04 15:15,-2.48,52.0,22.29,22.0,23.46,22.0,25.0,0.3764,0.094094,0.0,0.094094,0.004692,1.815225,1.467893,0.0,1.909319,0.3,low,0.028228,0.328556,0.356784,0
2026-07-26T12:29:12.155677,02/04 16:15,-3.72,52.0,22.26,22.0,23.31,22.0,25.0,0.3764,0.094094,0.0,0.094094,0.005298,2.174153,1.758033,0.0,2.268247,0.55,high,0.051752,0.393522,0.445273,0
2026-07-26T12:29:12.178676,02/04 17:15,-5.15,52.0,22.17,22.0,22.82,22.0,25.0,0.3764,0.094094,0.0,0.094094,0.006711,2.875885,2.318292,0.0,2.969979,0.55,high,0.051752,0.520535,0.572287,0
2026-07-26T12:29:12.201677,02/04 18:15,-5.87,52.0,22.16,22.0,22.77,22.0,25.0,0.3764,0.094094,0.0,0.094094,0.007192,3.056016,2.457079,0.0,3.15011,0.55,high,0.051752,0.553139,0.604891,0
2026-07-26T12:29:30.417400,02/04 19:15,-6.55,26.0,20.7,20.5,21.51,20.5,26.0,0.3764,0.094094,0.0,0.094094,0.007251,2.861785,2.310202,0.0,2.955879,0.55,high,0.051752,0.517983,0.569735,0
2026-07-26T12:29:30.439396,02/04 20:15,-6.37,0.0,,,,20.5,26.0,0.3764,0.094094,0.0,0.094094,0.009692,3.961533,3.182217,0.0,4.055627,0.55,high,0.051752,0.717037,0.768789,0
2026-07-26T12:29:30.458395,02/04 21:15,-7.48,0.0,,,,20.5,26.0,0.3764,0.094094,0.0,0.094094,0.004542,2.231324,1.78477,0.0,2.325418,0.4,moderate,0.037638,0.40387,0.441507,0
2026-07-26T12:29:30.477403,02/04 22:15,-8.73,0.0,,,,20.5,26.0,0.3764,0.094094,0.0,0.094094,0.005482,2.504728,2.005943,0.0,2.598822,0.4,moderate,0.037638,0.453356,0.490993,0
2026-07-26T12:29:30.496405,02/04 23:15,-10.28,0.0,,,,20.5,26.0,0.3764,0.094094,0.0,0.094094,0.006242,2.691511,2.155567,0.0,2.785605,0.4,moderate,0.037638,0.487163,0.524801,0
2026-07-26T12:29:30.515400,02/05 00:15,-11.25,0.0,,,,20.5,26.0,0.3764,0.094094,0.0,0.094094,0.007363,2.935182,2.34671,0.0,3.029276,0.34,low,0.031992,0.531268,0.56326,0
2026-07-26T12:29:47.719044,02/05 01:15,-11.97,0.0,,,,18.5,28.0,0.3764,0.094094,0.0,0.094094,0.001778,1.12896,0.957562,0.0,1.223054,0.34,low,0.031992,0.204342,0.236334,0
2026-07-26T12:29:47.740036,02/05 02:15,-13.2,0.0,,,,18.5,28.0,0.3764,0.094094,0.0,0.094094,0.002507,1.526136,1.205449,0.0,1.62023,0.34,low,0.031992,0.276231,0.308223,0
2026-07-26T12:29:47.761037,02/05 03:15,-14.83,0.0,,,,18.5,28.0,0.3764,0.094094,0.0,0.094094,0.003178,1.759822,1.390257,0.0,1.853916,0.34,low,0.031992,0.318528,0.35052,0
2026-07-26T12:29:47.783037,02/05 04:15,-16.25,0.0,,,,18.5,28.0,0.3764,0.094094,0.0,0.094094,0.003933,2.036586,1.62623,0.0,2.13068,0.34,low,0.031992,0.368622,0.400614,0
2026-07-26T12:29:47.806038,02/05 05:15,-16.42,0.0,,,,18.5,28.0,0.3764,0.094094,0.0,0.094094,0.004431,2.205838,1.762579,0.0,2.299932,0.34,low,0.031992,0.399257,0.431249,0
2026-07-26T12:29:47.827037,02/05 06:15,-15.6,0.0,,,,18.5,28.0,0.3764,0.094094,0.0,0.094094,0.004591,2.235251,1.796281,0.0,2.329345,0.43,moderate,0.04046,0.40458,0.445041,0
2026-07-26T12:30:05.615879,02/05 07:15,-15.72,0.0,,,,18.0,29.0,0.3764,0.094094,0.0,0.094094,0.01767,4.580846,3.691212,0.0,4.67494,0.43,moderate,0.04046,0.829133,0.869594,0
2026-07-26T12:30:05.640878,02/05 08:15,-15.68,0.0,,,,18.0,29.0,0.3764,0.094094,0.0,0.094094,0.017245,4.355002,3.503245,0.0,4.449096,0.43,moderate,0.04046,0.788255,0.828716,0
2026-07-26T12:30:05.686879,02/05 09:23,-14.4,52.0,22.0,21.99,22.0,22.0,26.0,0.3764,0.094094,0.0,0.094094,0.020675,5.378948,4.464212,0.0,5.473042,0.43,moderate,0.04046,0.97359,1.01405,0
2026-07-26T12:30:05.711873,02/05 10:23,-14.12,52.0,22.37,22.0,23.76,22.0,26.0,0.3764,0.094094,0.0,0.094094,0.014984,4.013088,3.228074,0.0,4.107182,0.3,low,0.028228,0.726369,0.754597,0
2026-07-26T12:30:05.735871,02/05 11:15,-13.18,52.0,22.59,22.0,24.48,22.0,26.0,0.3764,0.094094,0.0,0.094094,0.012483,3.423547,2.75931,0.0,3.517641,0.3,low,0.028228,0.619662,0.64789,0
2026-07-26T12:30:05.755871,02/05 12:15,-12.65,41.6,22.51,22.0,24.01,22.0,26.0,0.3764,0.094094,0.0,0.094094,0.011536,3.188122,2.565389,0.0,3.282216,0.3,low,0.028228,0.57705,0.605278,0
2026-07-26T12:30:25.071615,02/05 13:15,-12.2,20.8,22.36,22.0,22.78,22.0,25.0,0.3764,0.094094,0.0,0.094094,0.010824,3.104396,2.503541,0.0,3.19849,0.3,low,0.028228,0.561896,0.590124,0
2026-07-26T12:30:25.094616,02/05 14:15,-12.35,41.6,22.64,22.0,24.06,22.0,25.0,0.3764,0.094094,0.0,0.094094,0.010433,2.960807,2.388262,0.0,3.054901,0.3,low,0.028228,0.535906,0.564134,0
2026-07-26T12:30:25.114615,02/05 15:15,-12.8,52.0,22.88,22.0,24.9,22.0,25.0,0.3764,0.094094,0.0,0.094094,0.010877,3.002804,2.414468,0.0,3.096898,0.3,low,0.028228,0.543508,0.571736,0
2026-07-26T12:30:25.133613,02/05 16:15,-13.08,52.0,22.81,22.0,24.59,22.0,25.0,0.3764,0.094094,0.0,0.094094,0.010988,3.095601,2.495572,0.0,3.189695,0.55,high,0.051752,0.560304,0.612055,0
2026-07-26T12:30:25.151619,02/05 17:20,-14.18,52.0,22.43,22.0,23.35,22.0,25.0,0.3764,0.094094,0.0,0.094094,0.012618,3.415596,2.744132,0.0,3.50969,0.55,high,0.051752,0.618223,0.669975,0
2026-07-26T12:30:25.168614,02/05 18:15,-15.7,52.0,22.27,22.0,23.31,22.0,25.0,0.3764,0.094094,0.0,0.094094,0.014735,3.916255,3.148089,0.0,4.010349,0.55,high,0.051752,0.708842,0.760594,0
2026-07-26T12:30:42.015639,02/05 19:23,-17.8,26.0,20.74,20.5,21.69,20.5,26.0,0.3764,0.094094,0.0,0.094094,0.017246,4.449567,3.614255,0.0,4.543661,0.55,high,0.051752,0.805372,0.857123,0
2026-07-26T12:30:42.036631,02/05 20:15,-17.93,0.0,,,,20.5,26.0,0.3764,0.094094,0.0,0.094094,0.01994,5.366959,4.322737,0.0,5.461053,0.55,high,0.051752,0.97142,1.023171,0
2026-07-26T12:30:42.053631,02/05 21:15,-17.9,0.0,,,,20.5,26.0,0.3764,0.094094,0.0,0.094094,0.00757,2.900394,2.304247,0.0,2.994488,0.4,moderate,0.037638,0.524971,0.562609,0
2026-07-26T12:30:42.071631,02/05 22:15,-17.1,0.0,,,,20.5,26.0,0.3764,0.094094,0.0,0.094094,0.008653,3.094339,2.488096,0.0,3.188433,0.4,moderate,0.037638,0.560075,0.597713,0
2026-07-26T12:30:42.088629,02/05 23:15,-18.58,0.0,,,,20.5,26.0,0.3764,0.094094,0.0,0.094094,0.009157,3.185154,2.561713,0.0,3.279248,0.4,moderate,0.037638,0.576513,0.61415,0
2026-07-26T12:30:42.105630,02/06 00:15,-19.4,0.0,,,,20.5,26.0,0.3764,0.094094,0.0,0.094094,0.011376,3.513715,2.807265,0.0,3.607809,0.34,low,0.031992,0.635982,0.667974,0
2026-07-26T12:31:00.020166,02/06 01:15,-19.4,0.0,,,,18.5,28.0,0.3764,0.094094,0.0,0.094094,0.003144,1.783014,1.395327,0.0,1.877108,0.34,low,0.031992,0.322726,0.354717,0
2026-07-26T12:31:00.038163,02/06 02:15,-19.82,0.0,,,,18.5,28.0,0.3764,0.094094,0.0,0.094094,0.00386,1.991429,1.585089,0.0,2.085523,0.34,low,0.031992,0.360449,0.392441,0
2026-07-26T12:31:00.055163,02/06 03:15,-21.1,0.0,,,,18.5,28.0,0.3764,0.094094,0.0,0.094094,0.00494,2.272764,1.803776,0.0,2.366858,0.34,low,0.031992,0.41137,0.443362,0
2026-07-26T12:31:00.073162,02/06 04:15,-21.25,0.0,,,,18.5,28.0,0.3764,0.094094,0.0,0.094094,0.005768,2.491061,1.992576,0.0,2.585155,0.34,low,0.031992,0.450882,0.482874,0
2026-07-26T12:31:00.092162,02/06 05:15,-21.55,0.0,,,,18.5,28.0,0.3764,0.094094,0.0,0.094094,0.006334,2.610904,2.093231,0.0,2.704998,0.34,low,0.031992,0.472574,0.504566,0
2026-07-26T12:31:00.110162,02/06 06:15,-21.1,0.0,,,,18.5,28.0,0.3764,0.094094,0.0,0.094094,0.006587,2.652009,2.129999,0.0,2.746103,0.43,moderate,0.04046,0.480014,0.520474,0
2026-07-26T12:31:17.518936,02/06 07:15,-21.1,0.0,,,,18.0,29.0,0.3764,0.094094,0.0,0.094094,0.019615,5.397624,4.346518,0.0,5.491718,0.43,moderate,0.04046,0.97697,1.01743,0
2026-07-26T12:31:17.538931,02/06 08:15,-20.4,0.0,,,,18.0,29.0,0.3764,0.094094,0.0,0.094094,0.01835,4.947052,3.978777,0.0,5.041146,0.43,moderate,0.04046,0.895416,0.935877,0
2026-07-26T12:31:17.567932,02/06 09:20,-17.62,52.0,21.99,21.96,22.0,22.0,26.0,0.3764,0.094094,0.0,0.094094,0.026081,6.108178,4.998909,0.0,6.202272,0.43,moderate,0.04046,1.10558,1.146041,0
2026-07-26T12:31:17.592933,02/06 10:23,-15.17,52.0,22.4,22.0,23.74,22.0,26.0,0.3764,0.094094,0.0,0.094094,0.016533,4.101696,3.295659,0.0,4.19579,0.3,low,0.028228,0.742407,0.770635,0
2026-07-26T12:31:17.616929,02/06 11:23,-13.48,52.0,22.75,22.0,24.81,22.0,26.0,0.3764,0.094094,0.0,0.094094,0.012959,3.270518,2.637498,0.0,3.364612,0.3,low,0.028228,0.591964,0.620192,0
2026-07-26T12:31:17.636930,02/06 12:15,-11.8,41.6,22.75,22.0,24.47,22.0,26.0,0.3764,0.094094,0.0,0.094094,0.010754,2.963698,2.399973,0.0,3.057792,0.3,low,0.028228,0.536429,0.564658,0
2026-07-26T12:31:34.822884,02/06 13:23,-10.3,20.8,22.58,22.0,23.14,22.0,25.0,0.3764,0.094094,0.0,0.094094,0.009308,2.840198,2.298648,0.0,2.934292,0.3,low,0.028228,0.514076,0.542304,0
2026-07-26T12:31:34.844884,02/06 14:15,-9.55,41.6,22.8,22.0,24.45,22.0,25.0,0.3764,0.094094,0.0,0.094094,0.008032,2.559411,2.07185,0.0,2.653505,0.3,low,0.028228,0.463253,0.491482,0
2026-07-26T12:31:34.863883,02/06 15:15,-10.15,52.0,22.96,22.0,25.0,22.0,25.0,0.3815,0.095372,0.0,0.095372,0.007654,2.497036,2.005254,0.0,2.592408,0.3,low,0.028612,0.451964,0.480575,0
2026-07-26T12:31:34.880884,02/06 16:15,-11.0,52.0,22.92,22.0,24.87,22.0,25.0,0.3764,0.094094,0.0,0.094094,0.008805,2.749819,2.210529,0.0,2.843913,0.55,high,0.051752,0.497717,0.549469,0
2026-07-26T12:31:34.900882,02/06 17:20,-12.62,52.0,22.41,22.0,23.27,22.0,25.0,0.3764,0.094094,0.0,0.094094,0.010719,3.255878,2.615012,0.0,3.349972,0.55,high,0.051752,0.589314,0.641066,0
2026-07-26T12:31:34.918885,02/06 18:15,-14.33,52.0,22.24,22.0,23.2,22.0,25.0,0.3764,0.094094,0.0,0.094094,0.013192,3.807031,3.052395,0.0,3.901125,0.55,high,0.051752,0.689073,0.740824,0
2026-07-26T12:31:52.457420,02/06 19:15,-15.72,26.0,20.77,20.5,21.84,20.5,26.0,0.3764,0.094094,0.0,0.094094,0.015186,3.89005,3.139832,0.0,3.984144,0.55,high,0.051752,0.704099,0.755851,0
2026-07-26T12:31:52.479423,02/06 20:15,-16.93,0.0,,,,20.5,26.0,0.3764,0.094094,0.0,0.094094,0.019117,5.1366,4.141368,0.0,5.230694,0.55,high,0.051752,0.929725,0.981476,0
2026-07-26T12:31:52.497419,02/06 21:15,-19.12,0.0,,,,20.5,26.0,0.3764,0.094094,0.0,0.094094,0.006726,2.714112,2.156872,0.0,2.808206,0.4,moderate,0.037638,0.491254,0.528892,0
2026-07-26T12:31:52.514421,02/06 22:15,-18.58,0.0,,,,20.5,26.0,0.3764,0.094094,0.0,0.094094,0.008418,3.044883,2.439092,0.0,3.138977,0.4,moderate,0.037638,0.551124,0.588761,0
2026-07-26T12:31:52.529418,02/06 23:15,-19.82,0.0,,,,20.5,26.0,0.3764,0.094094,0.0,0.094094,0.009924,3.290552,2.636591,0.0,3.384646,0.4,moderate,0.037638,0.59559,0.633228,0
2026-07-26T12:31:52.545419,02/07 00:15,-20.83,0.0,,,,20.5,26.0,0.3764,0.094094,0.0,0.094094,0.010188,3.317663,2.671398,0.0,3.411757,0.34,low,0.031992,0.600497,0.632489,0
2026-07-26T12:32:09.839787,02/07 01:15,-20.15,0.0,,,,18.5,28.0,0.3764,0.094094,0.0,0.094094,0.002799,1.647618,1.308368,0.0,1.741712,0.34,low,0.031992,0.298219,0.330211,0
2026-07-26T12:32:09.859337,02/07 02:15,-20.45,0.0,,,,18.5,28.0,0.3764,0.094094,0.0,0.094094,0.004402,2.174943,1.705393,0.0,2.269037,0.34,low,0.031992,0.393665,0.425657,0
2026-07-26T12:32:09.878334,02/07 03:15,-20.0,0.0,,,,18.5,28.0,0.3764,0.094094,0.0,0.094094,0.004892,2.245443,1.800989,0.0,2.339537,0.34,low,0.031992,0.406425,0.438417,0
2026-07-26T12:32:09.895331,02/07 04:15,-20.0,0.0,,,,18.5,28.0,0.3764,0.094094,0.0,0.094094,0.005195,2.309025,1.852177,0.0,2.403119,0.34,low,0.031992,0.417934,0.449925,0
2026-07-26T12:32:09.912292,02/07 05:15,-19.85,0.0,,,,18.5,28.0,0.3764,0.094094,0.0,0.094094,0.005519,2.382388,1.913115,0.0,2.476482,0.34,low,0.031992,0.431212,0.463204,0
2026-07-26T12:32:09.927676,02/07 06:15,-19.97,0.0,,,,18.5,28.0,0.3764,0.094094,0.0,0.094094,0.004828,2.123649,1.718239,0.0,2.217743,0.43,moderate,0.04046,0.38438,0.424841,0
2026-07-26T12:32:26.194063,02/07 07:15,-21.27,0.0,,,,18.0,29.0,0.3764,0.094094,0.0,0.094094,0.019015,5.228588,4.214089,0.0,5.322682,0.43,moderate,0.04046,0.946374,0.986835,0
2026-07-26T12:32:26.214063,02/07 08:15,-19.3,0.0,,,,18.0,29.0,0.3764,0.094094,0.0,0.094094,0.01804,4.749574,3.818034,0.0,4.843668,0.43,moderate,0.04046,0.859673,0.900133,0
2026-07-26T12:32:26.236064,02/07 09:23,-16.5,52.0,22.02,21.99,22.13,22.0,26.0,0.3764,0.094094,0.0,0.094094,0.021709,5.432632,4.486479,0.0,5.526726,0.43,moderate,0.04046,0.983306,1.023767,0
2026-07-26T12:32:26.256064,02/07 10:23,-14.0,52.0,22.63,22.0,24.56,22.0,26.0,0.3764,0.094094,0.0,0.094094,0.014504,3.72775,3.015423,0.0,3.821844,0.3,low,0.028228,0.674723,0.702951,0
2026-07-26T12:32:26.275064,02/07 11:23,-12.1,52.0,23.0,22.0,25.64,22.0,26.0,0.3764,0.094094,0.0,0.094094,0.011403,2.987407,2.408649,0.0,3.081501,0.3,low,0.028228,0.540721,0.568949,0
2026-07-26T12:32:26.293065,02/07 12:23,-9.85,41.6,23.1,22.0,25.25,22.0,25.5,0.3764,0.094094,0.0,0.094094,0.008712,2.619281,2.127322,0.0,2.713375,0.3,low,0.028228,0.47409,0.502318,0
2026-07-26T12:32:43.601366,02/07 13:23,-9.28,20.8,22.87,22.0,23.71,22.0,25.0,0.3764,0.094094,0.0,0.094094,0.008213,2.651603,2.141662,0.0,2.745697,0.3,low,0.028228,0.47994,0.508168,0
2026-07-26T12:32:43.626364,02/07 14:15,-8.9,41.6,23.08,22.0,24.99,22.0,25.0,0.3802,0.095057,0.0,0.095057,0.006969,2.336841,1.91885,0.0,2.431898,0.3,low,0.028517,0.422968,0.451485,0
2026-07-26T12:32:43.648361,02/07 15:15,-9.03,52.0,23.04,22.0,25.0,22.0,25.0,0.391,0.097743,0.0,0.097743,0.005967,2.164601,1.747099,0.0,2.262344,0.3,low,0.029323,0.391793,0.421116,0
2026-07-26T12:32:43.670362,02/07 16:15,-9.83,52.0,23.01,22.0,25.0,22.0,25.0,0.3846,0.096149,0.0,0.096149,0.006776,2.397992,1.913106,0.0,2.494141,0.55,high,0.052882,0.434037,0.486919,0
2026-07-26T12:32:43.691362,02/07 17:20,-11.52,52.0,22.72,22.0,23.84,22.0,25.0,0.3764,0.094094,0.0,0.094094,0.009293,2.927232,2.353353,0.0,3.021326,0.55,high,0.051752,0.529829,0.581581,0
2026-07-26T12:32:43.710365,02/07 18:15,-12.93,52.0,22.31,22.0,23.55,22.0,25.0,0.3764,0.094094,0.0,0.094094,0.011425,3.438006,2.77211,0.0,3.5321,0.55,high,0.051752,0.622279,0.674031,0
2026-07-26T12:33:02.222961,02/07 19:15,-13.03,26.0,20.8,20.5,22.0,20.5,26.0,0.3764,0.094094,0.0,0.094094,0.012117,3.494497,2.827672,0.0,3.588591,0.55,high,0.051752,0.632504,0.684256,0
2026-07-26T12:33:02.244955,02/07 20:15,-12.07,0.0,,,,20.5,26.0,0.3764,0.094094,0.0,0.094094,0.01357,4.393223,3.546437,0.0,4.487317,0.55,high,0.051752,0.795173,0.846925,0
2026-07-26T12:33:02.262956,02/07 21:15,-11.7,0.0,,,,20.5,26.0,0.3764,0.094094,0.0,0.094094,0.00488,2.305183,1.83825,0.0,2.399277,0.4,moderate,0.037638,0.417238,0.454876,0
2026-07-26T12:33:02.279954,02/07 22:15,-11.55,0.0,,,,20.5,26.0,0.3764,0.094094,0.0,0.094094,0.005908,2.59235,2.078176,0.0,2.686444,0.4,moderate,0.037638,0.469215,0.506853,0
2026-07-26T12:33:02.296955,02/07 23:15,-10.97,0.0,,,,20.5,26.0,0.3764,0.094094,0.0,0.094094,0.006659,2.78471,2.233276,0.0,2.878804,0.4,moderate,0.037638,0.504033,0.54167,0
2026-07-26T12:33:02.313955,02/08 00:15,-10.6,0.0,,,,20.5,26.0,0.3764,0.094094,0.0,0.094094,0.006658,2.787104,2.247049,0.0,2.881198,0.34,low,0.031992,0.504466,0.536458,0
2026-07-26T12:33:18.726407,02/08 01:15,-10.6,0.0,,,,18.5,28.0,0.3764,0.094094,0.0,0.094094,0.001631,1.055318,0.908428,0.0,1.149412,0.34,low,0.031992,0.191013,0.223005,0
2026-07-26T12:33:18.745403,02/08 02:15,-10.6,0.0,,,,18.5,28.0,0.3764,0.094094,0.0,0.094094,0.002139,1.38115,1.097268,0.0,1.475244,0.34,low,0.031992,0.249988,0.28198,0
2026-07-26T12:33:18.767402,02/08 03:15,-10.6,0.0,,,,18.5,28.0,0.3764,0.094094,0.0,0.094094,0.002329,1.453716,1.163967,0.0,1.54781,0.34,low,0.031992,0.263123,0.295115,0
2026-07-26T12:33:18.785405,02/08 04:15,-10.6,0.0,,,,18.5,28.0,0.3764,0.094094,0.0,0.094094,0.002673,1.600148,1.274555,0.0,1.694242,0.34,low,0.031992,0.289627,0.321619,0
2026-07-26T12:33:18.802402,02/08 05:15,-10.6,0.0,,,,18.5,28.0,0.3764,0.094094,0.0,0.094094,0.002821,1.648824,1.320773,0.0,1.742918,0.34,low,0.031992,0.298437,0.330429,0
2026-07-26T12:33:18.818402,02/08 06:15,-10.6,0.0,,,,18.5,28.0,0.3764,0.094094,0.0,0.094094,0.003216,1.816543,1.449434,0.0,1.910637,0.43,moderate,0.04046,0.328794,0.369255,0
2026-07-26T12:33:34.976324,02/08 07:15,-10.72,0.0,,,,18.0,29.0,0.3764,0.094094,0.0,0.094094,0.011733,3.829097,3.08591,0.0,3.923191,0.43,moderate,0.04046,0.693067,0.733527,0
2026-07-26T12:33:34.994321,02/08 08:15,-10.97,0.0,,,,18.0,29.0,0.3764,0.094094,0.0,0.094094,0.011732,3.67562,2.948973,0.0,3.769714,0.43,moderate,0.04046,0.665287,0.705748,0
2026-07-26T12:33:35.017320,02/08 09:23,-10.3,52.0,22.0,21.99,22.0,22.0,26.0,0.3764,0.094094,0.0,0.094094,0.015864,5.021915,4.172988,0.0,5.116009,0.43,moderate,0.04046,0.908967,0.949427,0
2026-07-26T12:33:35.035327,02/08 10:23,-9.0,52.0,22.2,22.0,22.77,22.0,26.0,0.3764,0.094094,0.0,0.094094,0.00948,3.212408,2.588759,0.0,3.306502,0.3,low,0.028228,0.581446,0.609674,0
2026-07-26T12:33:35.053328,02/08 11:15,-7.52,52.0,22.56,22.0,24.16,22.0,26.0,0.3764,0.094094,0.0,0.094094,0.007653,2.641468,2.125913,0.0,2.735562,0.3,low,0.028228,0.478106,0.506334,0
2026-07-26T12:33:35.070322,02/08 12:15,-6.43,41.6,22.62,22.0,24.03,22.0,26.0,0.3764,0.094094,0.0,0.094094,0.006742,2.369736,1.913048,0.0,2.46383,0.3,low,0.028228,0.428922,0.45715,0
2026-07-26T12:33:52.062810,02/08 13:15,-5.45,20.8,22.45,22.0,22.92,22.0,25.0,0.3764,0.094094,0.0,0.094094,0.006259,2.325632,1.878404,0.0,2.419726,0.3,low,0.028228,0.420939,0.449168,0
2026-07-26T12:33:52.084363,02/08 14:15,-4.85,41.6,22.7,22.0,24.38,22.0,25.0,0.3764,0.094094,0.0,0.094094,0.005682,2.120204,1.710525,0.0,2.214298,0.3,low,0.028228,0.383757,0.411985,0
2026-07-26T12:33:52.104684,02/08 15:15,-4.28,52.0,22.92,22.0,25.0,22.0,25.0,0.3832,0.095793,0.0,0.095793,0.004455,1.854384,1.508779,0.0,1.950177,0.3,low,0.028738,0.335644,0.364381,0
2026-07-26T12:33:52.121518,02/08 16:15,-4.03,52.0,22.93,22.0,25.0,22.0,25.0,0.3793,0.094832,0.0,0.094832,0.004681,1.94848,1.540816,0.0,2.043312,0.55,high,0.052158,0.352675,0.404832,0
2026-07-26T12:33:52.140574,02/08 17:20,-4.55,52.0,22.64,22.0,23.71,22.0,25.0,0.3764,0.094094,0.0,0.094094,0.005443,2.171998,1.75671,0.0,2.266092,0.55,high,0.051752,0.393132,0.444883,0
2026-07-26T12:33:52.158535,02/08 18:15,-5.15,52.0,22.28,22.0,23.39,22.0,25.0,0.3764,0.094094,0.0,0.094094,0.00603,2.466606,2.000499,0.0,2.5607,0.55,high,0.051752,0.446456,0.498207,0
2026-07-26T12:34:09.259471,02/08 19:15,-5.45,26.0,20.78,20.5,21.9,20.5,26.0,0.3764,0.094094,0.0,0.094094,0.006329,2.500795,2.032422,0.0,2.594889,0.55,high,0.051752,0.452644,0.504396,0
2026-07-26T12:34:09.281471,02/08 20:15,-5.15,0.0,,,,20.5,26.0,0.3764,0.094094,0.0,0.094094,0.008425,3.56297,2.878087,0.0,3.657064,0.55,high,0.051752,0.644898,0.696649,0
2026-07-26T12:34:09.299470,02/08 21:15,-5.6,0.0,,,,20.5,26.0,0.3764,0.094094,0.0,0.094094,0.003595,1.92128,1.53453,0.0,2.015374,0.4,moderate,0.037638,0.347752,0.385389,0
2026-07-26T12:34:09.316469,02/08 22:15,-5.45,0.0,,,,20.5,26.0,0.3764,0.094094,0.0,0.094094,0.00551,2.543557,2.014084,0.0,2.637651,0.4,moderate,0.037638,0.460384,0.498021,0
2026-07-26T12:34:09.332469,02/08 23:15,-5.0,0.0,,,,20.5,26.0,0.3764,0.094094,0.0,0.094094,0.005571,2.530426,2.040032,0.0,2.62452,0.4,moderate,0.037638,0.458007,0.495645,0
2026-07-26T12:34:09.351473,02/09 00:15,-5.0,0.0,,,,20.5,26.0,0.3764,0.094094,0.0,0.094094,0.005908,2.631057,2.114769,0.0,2.725151,0.34,low,0.031992,0.476221,0.508213,0
2026-07-26T12:34:25.536225,02/09 01:15,-4.85,0.0,,,,18.5,28.0,0.3764,0.094094,0.0,0.094094,0.000804,0.498577,0.525232,0.0,0.592671,0.34,low,0.031992,0.090242,0.122234,0
2026-07-26T12:34:25.555215,02/09 02:15,-4.28,0.0,,,,18.5,28.0,0.3764,0.094094,0.0,0.094094,0.001344,0.973313,0.786759,0.0,1.067407,0.34,low,0.031992,0.17617,0.208162,0
2026-07-26T12:34:25.573216,02/09 03:15,-3.9,0.0,,,,18.5,28.0,0.3764,0.094094,0.0,0.094094,0.001281,0.938849,0.76344,0.0,1.032943,0.34,low,0.031992,0.169932,0.201924,0
2026-07-26T12:34:25.592216,02/09 04:15,-4.03,0.0,,,,18.5,28.0,0.3764,0.094094,0.0,0.094094,0.001237,0.919924,0.745789,0.0,1.014018,0.34,low,0.031992,0.166506,0.198498,0
2026-07-26T12:34:25.609214,02/09 05:15,-4.28,0.0,,,,18.5,28.0,0.3764,0.094094,0.0,0.094094,0.001524,1.101867,0.868864,0.0,1.195961,0.34,low,0.031992,0.199438,0.23143,0
2026-07-26T12:34:25.625215,02/09 06:15,-3.9,0.0,,,,18.5,28.0,0.3764,0.094094,0.0,0.094094,0.001485,1.058456,0.853864,0.0,1.15255,0.43,moderate,0.04046,0.191581,0.232041,0
2026-07-26T12:34:41.351283,02/09 07:15,-3.75,0.0,,,,18.0,29.0,0.3764,0.094094,0.0,0.094094,0.000691,0.544537,0.47535,0.0,0.638631,0.43,moderate,0.04046,0.098561,0.139022,0
2026-07-26T12:34:41.370283,02/09 08:15,-3.02,0.0,,,,18.0,29.0,0.3764,0.094094,0.0,0.094094,0.000386,0.324633,0.281057,0.0,0.418727,0.43,moderate,0.04046,0.058759,0.099219,0
2026-07-26T12:34:41.388283,02/09 09:15,-1.93,0.0,,,,18.0,29.0,0.3764,0.094094,0.0,0.094094,0.000201,0.175131,0.152788,0.0,0.269225,0.43,moderate,0.04046,0.031699,0.072159,0
2026-07-26T12:34:41.405282,02/09 10:23,-0.55,0.0,,,,18.0,29.0,0.3764,0.094094,0.0,0.094094,5e-06,0.004341,0.001988,0.0,0.098435,0.3,low,0.028228,0.000786,0.029014,0
2026-07-26T12:34:41.422285,02/09 11:15,1.52,0.0,,,,18.0,29.0,0.3764,0.094094,0.0,0.094094,0.0,0.0,0.0,0.0,0.094094,0.3,low,0.028228,0.0,0.028228,0
2026-07-26T12:34:41.441282,02/09 12:23,2.8,0.0,,,,18.0,29.0,0.3764,0.094094,0.0,0.094094,0.0,0.0,0.0,0.0,0.094094,0.3,low,0.028228,0.0,0.028228,0
2026-07-26T12:34:57.730885,02/09 13:23,2.92,0.0,,,,18.0,29.0,0.3764,0.094094,0.0,0.094094,0.0,0.0,0.0,0.0,0.094094,0.3,low,0.028228,0.0,0.028228,0
2026-07-26T12:34:57.751889,02/09 14:23,3.57,0.0,,,,18.0,29.0,0.3764,0.094094,0.0,0.094094,0.0,0.0,0.0,0.0,0.094094,0.3,low,0.028228,0.0,0.028228,0
2026-07-26T12:34:57.770878,02/09 15:15,4.55,0.0,,,,18.0,29.0,0.3764,0.094094,0.0,0.094094,0.0,0.0,0.0,0.0,0.094094,0.3,low,0.028228,0.0,0.028228,0
2026-07-26T12:34:57.789879,02/09 16:15,4.85,0.0,,,,18.0,29.0,0.3764,0.094094,0.0,0.094094,0.0,0.0,0.0,0.0,0.094094,0.55,high,0.051752,0.0,0.051752,0
2026-07-26T12:34:57.805880,02/09 17:20,4.12,0.0,,,,18.0,29.0,0.3764,0.094094,0.0,0.094094,0.0,0.0,0.0,0.0,0.094094,0.55,high,0.051752,0.0,0.051752,0
2026-07-26T12:34:57.822878,02/09 18:23,3.3,0.0,,,,18.0,29.0,0.3764,0.094094,0.0,0.094094,0.0,0.0,0.0,0.0,0.094094,0.55,high,0.051752,0.0,0.051752,0
2026-07-26T12:35:14.586496,02/09 19:15,3.17,0.0,,,,18.0,29.0,0.3764,0.094094,0.0,0.094094,0.0,0.0,0.0,0.0,0.094094,0.55,high,0.051752,0.0,0.051752,0
2026-07-26T12:35:14.607492,02/09 20:15,2.65,0.0,,,,18.0,29.0,0.3764,0.094094,0.0,0.094094,0.0,0.0,0.0,0.0,0.094094,0.55,high,0.051752,0.0,0.051752,0
2026-07-26T12:35:14.626494,02/09 21:15,2.2,0.0,,,,18.0,29.0,0.3764,0.094094,0.0,0.094094,0.0,0.0,0.0,0.0,0.094094,0.4,moderate,0.037638,0.0,0.037638,0
2026-07-26T12:35:14.644495,02/09 22:15,1.8,0.0,,,,18.0,29.0,0.3764,0.094094,0.0,0.094094,0.0,0.0,0.0,0.0,0.094094,0.4,moderate,0.037638,0.0,0.037638,0
2026-07-26T12:35:14.661492,02/09 23:15,0.6,0.0,,,,18.0,29.0,0.3764,0.094094,0.0,0.094094,0.0,0.0,0.0,0.0,0.094094,0.4,moderate,0.037638,0.0,0.037638,0
2026-07-26T12:35:14.680492,02/10 00:15,0.45,0.0,,,,18.0,29.0,0.3764,0.094094,0.0,0.094094,2.2e-05,0.019775,0.018601,0.0,0.113869,0.34,low,0.031992,0.003579,0.035571,0
2026-07-26T12:35:31.575251,02/10 01:15,-0.28,0.0,,,,18.0,29.0,0.3764,0.094094,0.0,0.094094,0.000143,0.129583,0.115046,0.0,0.223677,0.34,low,0.031992,0.023455,0.055446,0
2026-07-26T12:35:31.594395,02/10 02:15,-1.1,0.0,,,,18.0,29.0,0.3764,0.094094,0.0,0.094094,0.000259,0.239459,0.199578,0.0,0.333553,0.34,low,0.031992,0.043342,0.075334,0
2026-07-26T12:35:31.612441,02/10 03:15,-1.38,0.0,,,,18.0,29.0,0.3764,0.094094,0.0,0.094094,0.000346,0.321937,0.259336,0.0,0.416031,0.34,low,0.031992,0.058271,0.090263,0
2026-07-26T12:35:31.629442,02/10 04:15,-2.2,0.0,,,,18.0,29.0,0.3764,0.094094,0.0,0.094094,0.000446,0.411316,0.324937,0.0,0.50541,0.34,low,0.031992,0.074448,0.10644,0
2026-07-26T12:35:31.646401,02/10 05:15,-2.2,0.0,,,,18.0,29.0,0.3764,0.094094,0.0,0.094094,0.000525,0.47621,0.374352,0.0,0.570304,0.34,low,0.031992,0.086194,0.118186,0
2026-07-26T12:35:31.661489,02/10 06:15,-2.2,0.0,,,,18.0,29.0,0.3764,0.094094,0.0,0.094094,0.000538,0.480184,0.381851,0.0,0.574278,0.43,moderate,0.04046,0.086913,0.127374,0
2026-07-26T12:35:47.532505,02/10 07:15,-2.08,0.0,,,,18.0,29.0,0.3764,0.094094,0.0,0.094094,0.000566,0.500102,0.3992,0.0,0.594196,0.43,moderate,0.04046,0.090518,0.130979,0
2026-07-26T12:35:47.554509,02/10 08:23,-0.85,0.0,,,,18.0,29.0,0.3764,0.094094,0.0,0.094094,0.000295,0.263241,0.220034,0.0,0.357335,0.43,moderate,0.04046,0.047647,0.088107,0
2026-07-26T12:35:47.574513,02/10 09:23,2.1,0.0,,,,18.0,29.0,0.3764,0.094094,0.0,0.094094,1e-06,0.001252,0.000346,0.0,0.095346,0.43,moderate,0.04046,0.000227,0.040687,0
2026-07-26T12:35:47.593509,02/10 10:23,3.57,0.0,,,,18.0,29.0,0.3764,0.094094,0.0,0.094094,0.0,0.0,0.0,0.0,0.094094,0.3,low,0.028228,0.0,0.028228,0
2026-07-26T12:35:47.613501,02/10 11:15,4.7,0.0,,,,18.0,29.0,0.3764,0.094094,0.0,0.094094,0.0,0.0,0.0,0.0,0.094094,0.3,low,0.028228,0.0,0.028228,0
2026-07-26T12:35:47.631502,02/10 12:15,5.87,0.0,,,,18.0,29.0,0.3764,0.094094,0.0,0.094094,0.0,0.0,0.0,0.0,0.094094,0.3,low,0.028228,0.0,0.028228,0
2026-07-26T12:36:03.886361,02/10 13:15,6.83,0.0,,,,18.0,29.0,0.3764,0.094094,0.0,0.094094,0.0,0.0,0.0,0.0,0.094094,0.3,low,0.028228,0.0,0.028228,0
2026-07-26T12:36:03.906359,02/10 14:15,7.35,0.0,,,,18.0,29.0,0.3764,0.094094,0.0,0.094094,0.0,0.0,0.0,0.0,0.094094,0.3,low,0.028228,0.0,0.028228,0
2026-07-26T12:36:03.927360,02/10 15:15,7.92,0.0,,,,18.0,29.0,0.3764,0.094094,0.0,0.094094,0.0,0.0,0.0,0.0,0.094094,0.3,low,0.028228,0.0,0.028228,0
2026-07-26T12:36:03.946359,02/10 16:15,8.03,0.0,,,,18.0,29.0,0.3764,0.094094,0.0,0.094094,0.0,0.0,0.0,0.0,0.094094,0.55,high,0.051752,0.0,0.051752,0
2026-07-26T12:36:03.964363,02/10 17:23,6.93,0.0,,,,18.0,29.0,0.3764,0.094094,0.0,0.094094,0.0,0.0,0.0,0.0,0.094094,0.55,high,0.051752,0.0,0.051752,0
2026-07-26T12:36:03.981366,02/10 18:15,5.82,0.0,,,,18.0,29.0,0.3764,0.094094,0.0,0.094094,0.0,0.0,0.0,0.0,0.094094,0.55,high,0.051752,0.0,0.051752,0
2026-07-26T12:36:20.369774,02/10 19:15,5.0,0.0,,,,18.0,29.0,0.3764,0.094094,0.0,0.094094,0.0,0.0,0.0,0.0,0.094094,0.55,high,0.051752,0.0,0.051752,0
2026-07-26T12:36:20.388778,02/10 20:15,5.0,0.0,,,,18.0,29.0,0.3764,0.094094,0.0,0.094094,0.0,0.0,0.0,0.0,0.094094,0.55,high,0.051752,0.0,0.051752,0
2026-07-26T12:36:20.406772,02/10 21:15,4.85,0.0,,,,18.0,29.0,0.3764,0.094094,0.0,0.094094,0.0,0.0,0.0,0.0,0.094094,0.4,moderate,0.037638,0.0,0.037638,0
2026-07-26T12:36:20.422774,02/10 22:15,4.4,0.0,,,,18.0,29.0,0.3764,0.094094,0.0,0.094094,0.0,0.0,0.0,0.0,0.094094,0.4,moderate,0.037638,0.0,0.037638,0
2026-07-26T12:36:20.439771,02/10 23:15,4.4,0.0,,,,18.0,29.0,0.3764,0.094094,0.0,0.094094,0.0,0.0,0.0,0.0,0.094094,0.4,moderate,0.037638,0.0,0.037638,0
2026-07-26T12:36:20.456771,02/11 00:15,4.28,0.0,,,,18.0,29.0,0.3764,0.094094,0.0,0.094094,0.0,0.0,0.0,0.0,0.094094,0.34,low,0.031992,0.0,0.031992,0
2026-07-26T12:36:37.213845,02/11 01:15,3.9,0.0,,,,18.0,29.0,0.3764,0.094094,0.0,0.094094,6.7e-05,0.049237,0.056224,0.0,0.143331,0.34,low,0.031992,0.008912,0.040904,0
2026-07-26T12:36:37.233385,02/11 02:15,3.9,0.0,,,,18.0,29.0,0.3764,0.094094,0.0,0.094094,0.000104,0.095443,0.08063,0.0,0.189537,0.34,low,0.031992,0.017275,0.049267,0
2026-07-26T12:36:37.251562,02/11 03:15,3.62,0.0,,,,18.0,29.0,0.3764,0.094094,0.0,0.094094,0.000168,0.155063,0.12913,0.0,0.249157,0.34,low,0.031992,0.028066,0.060058,0
2026-07-26T12:36:37.268583,02/11 04:15,2.8,0.0,,,,18.0,29.0,0.3764,0.094094,0.0,0.094094,0.000225,0.20929,0.169708,0.0,0.303384,0.34,low,0.031992,0.037881,0.069873,0
2026-07-26T12:36:37.284580,02/11 05:15,2.52,0.0,,,,18.0,29.0,0.3764,0.094094,0.0,0.094094,0.000264,0.246289,0.198779,0.0,0.340383,0.34,low,0.031992,0.044578,0.07657,0
2026-07-26T12:36:37.301582,02/11 06:15,1.55,0.0,,,,18.0,29.0,0.3764,0.094094,0.0,0.094094,0.00031,0.288233,0.230946,0.0,0.382327,0.43,moderate,0.04046,0.05217,0.092631,0
2026-07-26T12:36:52.949209,02/11 07:15,1.25,0.0,,,,18.0,29.0,0.3764,0.094094,0.0,0.094094,0.00503,1.803631,1.392192,0.0,1.897725,0.43,moderate,0.04046,0.326457,0.366918,0
2026-07-26T12:36:52.969212,02/11 08:23,2.1,0.0,,,,18.0,29.0,0.3764,0.094094,0.0,0.094094,0.004684,1.495766,1.186639,0.0,1.58986,0.43,moderate,0.04046,0.270734,0.311194,0
2026-07-26T12:36:52.992210,02/11 09:23,3.87,52.0,21.55,21.5,21.73,21.5,26.0,0.3764,0.094094,0.0,0.094094,0.005064,1.930784,1.54589,0.0,2.024878,0.43,moderate,0.04046,0.349472,0.389932,0
2026-07-26T12:36:53.013211,02/11 10:23,6.0,52.0,22.54,21.5,24.37,21.5,26.0,0.3764,0.094094,0.0,0.094094,0.005007,0.051746,0.624559,0.0,0.14584,0.3,low,0.028228,0.009366,0.037594,0
2026-07-26T12:36:53.033210,02/11 11:23,7.62,52.0,23.46,22.05,25.5,21.5,25.5,0.3788,0.094703,0.0,0.094703,0.001547,0.638877,0.509247,0.0,0.73358,0.3,low,0.028411,0.115637,0.144048,0
2026-07-26T12:36:53.051211,02/11 12:23,9.33,41.6,23.84,22.4,25.5,21.5,25.5,0.3776,0.094399,0.0,0.094399,0.000882,0.40941,0.360241,0.0,0.503809,0.3,low,0.02832,0.074103,0.102423,0
2026-07-26T12:37:09.507984,02/11 13:15,10.72,20.8,23.75,22.32,24.76,21.5,25.0,0.3764,0.094094,0.0,0.094094,0.000461,0.2422,0.224969,0.0,0.336294,0.3,low,0.028228,0.043838,0.072066,0
2026-07-26T12:37:09.531983,02/11 14:15,11.8,41.6,24.14,22.89,25.0,21.5,25.0,0.3873,0.096825,0.0,0.096825,4.9e-05,0.027971,0.033709,0.0,0.124796,0.3,low,0.029047,0.005063,0.03411,0
2026-07-26T12:37:09.554986,02/11 15:15,13.2,52.0,24.33,23.51,25.0,21.5,25.0,0.4016,0.100411,0.161827,0.100411,0.017404,0.0,0.0,0.379668,0.100411,0.3,low,0.030123,0.0,0.030123,0
2026-07-26T12:37:09.576983,02/11 16:15,10.82,52.0,24.28,23.53,25.0,21.5,25.0,0.4,0.099989,0.140942,0.099989,0.014164,0.0,0.0,0.161524,0.099989,0.55,high,0.054994,0.0,0.054994,0
2026-07-26T12:37:09.594984,02/11 17:15,9.18,52.0,23.99,22.95,25.0,21.5,25.0,0.378,0.094509,0.0,0.094509,0.00042,0.25029,0.210192,0.0,0.344799,0.55,high,0.05198,0.045302,0.097282,0
2026-07-26T12:37:09.612982,02/11 18:23,6.43,52.0,23.22,22.3,24.71,21.5,25.0,0.3764,0.094094,0.0,0.094094,0.001461,0.732763,0.494837,0.0,0.826857,0.55,high,0.051752,0.13263,0.184382,0
2026-07-26T12:37:26.885734,02/11 19:23,5.3,26.0,21.58,20.86,23.14,20.0,26.0,0.3764,0.094094,0.0,0.094094,0.00209,0.798516,0.600643,0.0,0.89261,0.55,high,0.051752,0.144531,0.196283,0
2026-07-26T12:37:26.906734,02/11 20:23,4.55,0.0,,,,20.0,26.0,0.3764,0.094094,0.0,0.094094,0.00502,0.752874,0.854175,0.0,0.846968,0.55,high,0.051752,0.13627,0.188022,0
2026-07-26T12:37:26.923733,02/11 21:15,5.0,0.0,,,,20.0,26.0,0.3764,0.094094,0.0,0.094094,0.000234,0.106951,0.131495,0.0,0.201045,0.4,moderate,0.037638,0.019358,0.056996,0
2026-07-26T12:37:26.940735,02/11 22:15,5.0,0.0,,,,20.0,26.0,0.3764,0.094094,0.0,0.094094,0.000749,0.496951,0.421857,0.0,0.591045,0.4,moderate,0.037638,0.089948,0.127586,0
2026-07-26T12:37:26.956733,02/11 23:15,5.15,0.0,,,,20.0,26.0,0.3764,0.094094,0.0,0.094094,0.000928,0.687475,0.547557,0.0,0.781569,0.4,moderate,0.037638,0.124433,0.162071,0
2026-07-26T12:37:26.972733,02/12 00:15,5.87,0.0,,,,20.0,26.0,0.3764,0.094094,0.0,0.094094,0.001097,0.816934,0.653066,0.0,0.911028,0.34,low,0.031992,0.147865,0.179857,0
2026-07-26T12:37:42.928830,02/12 01:15,6.7,0.0,,,,18.0,28.0,0.3764,0.094094,0.0,0.094094,0.0,0.0,0.0,0.0,0.094094,0.34,low,0.031992,0.0,0.031992,0
2026-07-26T12:37:42.951837,02/12 02:15,6.7,0.0,,,,18.0,28.0,0.3764,0.094094,0.0,0.094094,0.0,0.0,0.0,0.0,0.094094,0.34,low,0.031992,0.0,0.031992,0
2026-07-26T12:37:42.971831,02/12 03:15,6.55,0.0,,,,18.0,28.0,0.3764,0.094094,0.0,0.094094,0.0,0.0,0.0,0.0,0.094094,0.34,low,0.031992,0.0,0.031992,0
2026-07-26T12:37:42.990830,02/12 04:15,5.82,0.0,,,,18.0,28.0,0.3764,0.094094,0.0,0.094094,0.0,0.0,0.0,0.0,0.094094,0.34,low,0.031992,0.0,0.031992,0
2026-07-26T12:37:43.008829,02/12 05:15,4.85,0.0,,,,18.0,28.0,0.3764,0.094094,0.0,0.094094,0.0,0.0,0.0,0.0,0.094094,0.34,low,0.031992,0.0,0.031992,0
2026-07-26T12:37:43.026830,02/12 06:15,4.4,0.0,,,,18.0,28.0,0.3764,0.094094,0.0,0.094094,0.0,0.0,0.0,0.0,0.094094,0.43,moderate,0.04046,0.0,0.04046,0
2026-07-26T12:37:59.504237,02/12 07:15,4.55,0.0,,,,18.0,29.0,0.3764,0.094094,0.0,0.094094,0.004094,1.181495,0.907186,0.0,1.275589,0.43,moderate,0.04046,0.213851,0.254311,0
2026-07-26T12:37:59.523238,02/12 08:15,5.15,0.0,,,,18.0,29.0,0.3764,0.094094,0.0,0.094094,0.003561,1.030794,0.834186,0.0,1.124888,0.43,moderate,0.04046,0.186574,0.227034,0
2026-07-26T12:37:59.545238,02/12 09:15,5.72,52.0,21.51,21.5,21.54,21.5,26.0,0.3764,0.094094,0.0,0.094094,0.004274,1.879141,1.554114,0.0,1.973235,0.43,moderate,0.04046,0.340125,0.380585,0
2026-07-26T12:37:59.564237,02/12 10:15,6.25,52.0,21.83,21.5,22.98,21.5,26.0,0.3764,0.094094,0.0,0.094094,0.003576,0.23619,0.674442,0.0,0.330284,0.3,low,0.028228,0.04275,0.070979,0
2026-07-26T12:37:59.580237,02/12 11:15,6.55,52.0,22.09,21.5,23.4,21.5,26.0,0.3764,0.094094,0.0,0.094094,0.004968,3.28643,0.485897,0.0,3.380524,0.3,low,0.028228,0.594844,0.623072,0
2026-07-26T12:37:59.596236,02/12 12:15,5.67,41.6,22.44,21.79,23.62,21.5,26.0,0.3764,0.094094,0.0,0.094094,0.002194,0.833953,0.612071,0.0,0.928047,0.3,low,0.028228,0.150945,0.179174,0
2026-07-26T12:38:16.382889,02/12 13:15,4.12,20.8,21.92,21.5,23.11,21.5,25.0,0.3764,0.094094,0.0,0.094094,0.005079,0.150116,0.708466,0.0,0.24421,0.3,low,0.028228,0.027171,0.055399,0
2026-07-26T12:38:16.405884,02/12 14:15,3.57,41.6,22.29,21.5,23.63,21.5,25.0,0.3764,0.094094,0.0,0.094094,0.005217,0.69492,0.631626,0.0,0.789014,0.3,low,0.028228,0.125781,0.154009,0
2026-07-26T12:38:16.427877,02/12 15:15,4.7,52.0,22.3,21.5,23.67,21.5,25.0,0.3764,0.094094,0.0,0.094094,0.00502,0.046324,0.487705,0.0,0.140418,0.3,low,0.028228,0.008385,0.036613,0
2026-07-26T12:38:16.448877,02/12 16:15,5.3,52.0,22.43,21.73,23.85,21.5,25.0,0.3764,0.094094,0.0,0.094094,0.002316,0.872134,0.626537,0.0,0.966228,0.55,high,0.051752,0.157856,0.209608,0
2026-07-26T12:38:16.466878,02/12 17:15,4.4,52.0,22.08,21.5,23.59,21.5,25.0,0.3764,0.094094,0.0,0.094094,0.005076,0.1877,0.705831,0.0,0.281794,0.55,high,0.051752,0.033974,0.085725,0
2026-07-26T12:38:16.485879,02/12 18:15,4.28,52.0,21.87,21.5,23.35,21.5,25.0,0.3764,0.094094,0.0,0.094094,0.005513,0.781098,0.785499,0.0,0.875192,0.55,high,0.051752,0.141379,0.19313,0
2026-07-26T12:38:33.543978,02/12 19:15,3.75,26.0,20.78,20.5,21.92,20.5,26.0,0.3764,0.094094,0.0,0.094094,0.005718,2.063863,1.022775,0.0,2.157957,0.55,high,0.051752,0.373559,0.425311,0
2026-07-26T12:38:33.562978,02/12 20:15,3.17,0.0,,,,20.5,26.0,0.3764,0.094094,0.0,0.094094,0.004932,2.109014,1.697337,0.0,2.203108,0.55,high,0.051752,0.381732,0.433483,0
2026-07-26T12:38:33.580976,02/12 21:15,2.8,0.0,,,,20.5,26.0,0.3764,0.094094,0.0,0.094094,0.001836,1.185744,0.981124,0.0,1.279838,0.4,moderate,0.037638,0.21462,0.252257,0
2026-07-26T12:38:33.597977,02/12 22:15,2.8,0.0,,,,20.5,26.0,0.3764,0.094094,0.0,0.094094,0.002377,1.502993,1.198893,0.0,1.597087,0.4,moderate,0.037638,0.272042,0.309679,0
2026-07-26T12:38:33.612976,02/12 23:15,2.65,0.0,,,,20.5,26.0,0.3764,0.094094,0.0,0.094094,0.002558,1.57987,1.267352,0.0,1.673964,0.4,moderate,0.037638,0.285956,0.323594,0
2026-07-26T12:38:33.627976,02/13 00:15,2.2,0.0,,,,20.5,26.0,0.3764,0.094094,0.0,0.094094,0.003138,1.831369,1.453319,0.0,1.925463,0.34,low,0.031992,0.331478,0.36347,0
2026-07-26T12:38:49.956984,02/13 01:15,2.2,0.0,,,,18.5,28.0,0.3764,0.094094,0.0,0.094094,0.000108,0.063774,0.086608,0.0,0.157868,0.34,low,0.031992,0.011543,0.043535,0
2026-07-26T12:38:49.976985,02/13 02:15,2.08,0.0,,,,18.5,28.0,0.3764,0.094094,0.0,0.094094,0.00039,0.272626,0.281472,0.0,0.36672,0.34,low,0.031992,0.049345,0.081337,0
2026-07-26T12:38:49.993986,02/13 03:15,1.7,0.0,,,,18.5,28.0,0.3764,0.094094,0.0,0.094094,0.00073,0.572833,0.480461,0.0,0.666927,0.34,low,0.031992,0.103683,0.135675,0
2026-07-26T12:38:50.010984,02/13 04:15,1.7,0.0,,,,18.5,28.0,0.3764,0.094094,0.0,0.094094,0.000808,0.649294,0.524468,0.0,0.743388,0.34,low,0.031992,0.117522,0.149514,0
2026-07-26T12:38:50.026983,02/13 05:15,1.55,0.0,,,,18.5,28.0,0.3764,0.094094,0.0,0.094094,0.000855,0.685735,0.54977,0.0,0.779829,0.34,low,0.031992,0.124118,0.15611,0
2026-07-26T12:38:50.041986,02/13 06:15,1.25,0.0,,,,18.5,28.0,0.3764,0.094094,0.0,0.094094,0.001014,0.797795,0.630745,0.0,0.891889,0.43,moderate,0.04046,0.144401,0.184861,0
2026-07-26T12:39:07.116042,02/13 07:15,1.7,0.0,,,,18.0,29.0,0.3764,0.094094,0.0,0.094094,0.004974,1.76293,1.414838,0.0,1.857024,0.43,moderate,0.04046,0.31909,0.359551,0
2026-07-26T12:39:07.136094,02/13 08:15,1.7,0.0,,,,18.0,29.0,0.3764,0.094094,0.0,0.094094,0.004987,1.755879,1.407065,0.0,1.849973,0.43,moderate,0.04046,0.317814,0.358275,0
2026-07-26T12:39:07.159491,02/13 09:23,1.7,52.0,22.0,22.0,22.0,22.0,26.0,0.3764,0.094094,0.0,0.094094,0.007042,2.899772,2.411001,0.0,2.993866,0.43,moderate,0.04046,0.524859,0.565319,0
2026-07-26T12:39:07.177489,02/13 10:15,1.82,52.0,22.16,22.0,22.78,22.0,26.0,0.3764,0.094094,0.0,0.094094,0.004417,1.650579,1.298082,0.0,1.744673,0.3,low,0.028228,0.298755,0.326983,0
2026-07-26T12:39:07.194619,02/13 11:15,2.08,52.0,22.33,22.0,23.37,22.0,26.0,0.3764,0.094094,0.0,0.094094,0.003802,1.236819,0.981993,0.0,1.330913,0.3,low,0.028228,0.223864,0.252092,0
2026-07-26T12:39:07.210656,02/13 12:15,1.7,41.6,22.31,22.0,23.33,22.0,26.0,0.3764,0.094094,0.0,0.094094,0.003792,1.277448,1.034412,0.0,1.371542,0.3,low,0.028228,0.231218,0.259446,0
2026-07-26T12:39:24.025929,02/13 13:15,1.7,20.8,22.19,22.0,22.94,22.0,25.0,0.3764,0.094094,0.0,0.094094,0.00391,1.443867,1.163881,0.0,1.537961,0.3,low,0.028228,0.26134,0.289568,0
2026-07-26T12:39:24.046927,02/13 14:15,1.82,41.6,22.35,22.0,23.48,22.0,25.0,0.3764,0.094094,0.0,0.094094,0.00362,1.230518,0.993053,0.0,1.324612,0.3,low,0.028228,0.222724,0.250952,0
2026-07-26T12:39:24.063927,02/13 15:23,2.2,52.0,22.61,22.0,23.8,22.0,25.0,0.3764,0.094094,0.0,0.094094,0.003432,1.102664,0.913588,0.0,1.196758,0.3,low,0.028228,0.199582,0.22781,0
2026-07-26T12:39:24.081927,02/13 16:15,2.08,52.0,22.81,22.0,23.97,22.0,25.0,0.3764,0.094094,0.0,0.094094,0.003442,1.183343,0.952297,0.0,1.277437,0.55,high,0.051752,0.214185,0.265937,0
2026-07-26T12:39:24.097927,02/13 17:15,1.55,52.0,22.69,22.0,23.67,22.0,25.0,0.3764,0.094094,0.0,0.094094,0.003557,1.302902,1.053954,0.0,1.396996,0.55,high,0.051752,0.235825,0.287577,0
2026-07-26T12:39:24.113927,02/13 18:15,0.68,52.0,22.42,22.0,23.78,22.0,25.0,0.3764,0.094094,0.0,0.094094,0.003789,1.460847,1.183851,0.0,1.554941,0.55,high,0.051752,0.264413,0.316165,0
2026-07-26T12:39:40.372693,02/13 19:15,-0.88,26.0,20.93,20.48,22.51,20.5,26.0,0.3764,0.094094,0.0,0.094094,0.004269,1.575972,1.333581,0.0,1.670066,0.55,high,0.051752,0.285251,0.337003,0
2026-07-26T12:39:40.393692,02/13 20:15,-1.55,0.0,,,,20.5,26.0,0.3764,0.094094,0.0,0.094094,0.00594,2.616336,2.109429,0.0,2.71043,0.55,high,0.051752,0.473557,0.525309,0
2026-07-26T12:39:40.410694,02/13 21:15,-1.1,0.0,,,,20.5,26.0,0.3764,0.094094,0.0,0.094094,0.001787,1.123798,0.929004,0.0,1.217892,0.4,moderate,0.037638,0.203407,0.241045,0
2026-07-26T12:39:40.426695,02/13 22:15,-1.1,0.0,,,,20.5,26.0,0.3764,0.094094,0.0,0.094094,0.00257,1.572836,1.248973,0.0,1.66693,0.4,moderate,0.037638,0.284683,0.322321,0
2026-07-26T12:39:40.442691,02/13 23:15,-1.25,0.0,,,,20.5,26.0,0.3764,0.094094,0.0,0.094094,0.002952,1.730511,1.383948,0.0,1.824605,0.4,moderate,0.037638,0.313222,0.35086,0
2026-07-26T12:39:40.459691,02/14 00:15,-1.7,0.0,,,,20.5,26.0,0.3764,0.094094,0.0,0.094094,0.003233,1.842456,1.475815,0.0,1.93655,0.34,low,0.031992,0.333485,0.365476,0
2026-07-26T12:39:56.924364,02/14 01:15,-1.7,0.0,,,,18.5,28.0,0.3764,0.094094,0.0,0.094094,0.000268,0.161277,0.200893,0.0,0.255371,0.34,low,0.031992,0.029191,0.061183,0
2026-07-26T12:39:56.943076,02/14 02:15,-1.7,0.0,,,,18.5,28.0,0.3764,0.094094,0.0,0.094094,0.000723,0.537204,0.481118,0.0,0.631298,0.34,low,0.031992,0.097234,0.129226,0
2026-07-26T12:39:56.960282,02/14 03:15,-1.7,0.0,,,,18.5,28.0,0.3764,0.094094,0.0,0.094094,0.000892,0.704127,0.573246,0.0,0.798221,0.34,low,0.031992,0.127447,0.159439,0
2026-07-26T12:39:56.977278,02/14 04:15,-1.7,0.0,,,,18.5,28.0,0.3764,0.094094,0.0,0.094094,0.001014,0.797045,0.636008,0.0,0.891139,0.34,low,0.031992,0.144265,0.176257,0
2026-07-26T12:39:56.994327,02/14 05:15,-1.7,0.0,,,,18.5,28.0,0.3764,0.094094,0.0,0.094094,0.001023,0.79752,0.640637,0.0,0.891614,0.34,low,0.031992,0.144351,0.176343,0
2026-07-26T12:39:57.010278,02/14 06:15,-1.97,0.0,,,,18.5,28.0,0.3764,0.094094,0.0,0.094094,0.001187,0.906759,0.717656,0.0,1.000853,0.43,moderate,0.04046,0.164123,0.204584,0
2026-07-26T12:40:13.939688,02/14 07:15,-2.65,0.0,,,,18.0,29.0,0.3764,0.094094,0.0,0.094094,0.006288,2.360275,1.9015,0.0,2.454369,0.43,moderate,0.04046,0.42721,0.46767,0
2026-07-26T12:40:13.961688,02/14 08:15,-2.08,0.0,,,,18.0,29.0,0.3764,0.094094,0.0,0.094094,0.006172,2.321279,1.868736,0.0,2.415373,0.43,moderate,0.04046,0.420151,0.460612,0
2026-07-26T12:40:13.990687,02/14 09:23,-1.7,52.0,22.0,22.0,22.0,22.0,26.0,0.3764,0.094094,0.0,0.094094,0.008769,3.540173,2.93616,0.0,3.634267,0.43,moderate,0.04046,0.640771,0.681232,0
2026-07-26T12:40:14.011695,02/14 10:15,-1.55,52.0,22.13,22.0,22.66,22.0,26.0,0.3764,0.094094,0.0,0.094094,0.00555,2.22468,1.776534,0.0,2.318774,0.3,low,0.028228,0.402667,0.430895,0
2026-07-26T12:40:14.029687,02/14 11:15,-1.1,52.0,22.24,22.0,23.18,22.0,26.0,0.3764,0.094094,0.0,0.094094,0.004736,1.754128,1.396854,0.0,1.848222,0.3,low,0.028228,0.317497,0.345725,0
2026-07-26T12:40:14.048687,02/14 12:15,-1.1,41.6,22.24,22.0,23.17,22.0,26.0,0.3764,0.094094,0.0,0.094094,0.004623,1.733582,1.396237,0.0,1.827676,0.3,low,0.028228,0.313778,0.342007,0
2026-07-26T12:40:30.357928,02/14 13:15,-1.1,20.8,22.15,22.0,22.76,22.0,25.0,0.3764,0.094094,0.0,0.094094,0.004874,1.981453,1.599001,0.0,2.075547,0.3,low,0.028228,0.358643,0.386871,0
2026-07-26T12:40:30.376928,02/14 14:15,-1.38,41.6,22.25,22.0,23.22,22.0,25.0,0.3764,0.094094,0.0,0.094094,0.004566,1.782683,1.440747,0.0,1.876777,0.3,low,0.028228,0.322666,0.350894,0
2026-07-26T12:40:30.394927,02/14 15:15,-2.2,52.0,22.31,22.0,23.53,22.0,25.0,0.3764,0.094094,0.0,0.094094,0.004662,1.788193,1.434775,0.0,1.882287,0.3,low,0.028228,0.323663,0.351891,0
2026-07-26T12:40:30.410928,02/14 16:15,-2.35,52.0,22.26,22.0,23.27,22.0,25.0,0.3764,0.094094,0.0,0.094094,0.004929,2.012866,1.634892,0.0,2.10696,0.55,high,0.051752,0.364329,0.41608,0
2026-07-26T12:40:30.427928,02/14 17:15,-2.92,52.0,22.18,22.0,22.91,22.0,25.0,0.3764,0.094094,0.0,0.094094,0.0056,2.430147,1.961623,0.0,2.524241,0.55,high,0.051752,0.439857,0.491608,0
2026-07-26T12:40:30.442926,02/14 18:15,-3.45,52.0,22.19,22.0,22.92,22.0,25.0,0.3764,0.094094,0.0,0.094094,0.006028,2.642339,2.126564,0.0,2.736433,0.55,high,0.051752,0.478263,0.530015,0
2026-07-26T12:40:47.353725,02/14 19:15,-4.03,26.0,20.76,20.5,21.79,20.5,26.0,0.3764,0.094094,0.0,0.094094,0.005754,2.331121,1.884301,0.0,2.425215,0.55,high,0.051752,0.421933,0.473685,0
2026-07-26T12:40:47.374714,02/14 20:15,-4.4,0.0,,,,20.5,26.0,0.3764,0.094094,0.0,0.094094,0.007883,3.347941,2.696236,0.0,3.442035,0.55,high,0.051752,0.605977,0.657729,0
2026-07-26T12:40:47.392714,02/14 21:15,-4.4,0.0,,,,20.5,26.0,0.3764,0.094094,0.0,0.094094,0.003296,1.831907,1.460763,0.0,1.926001,0.4,moderate,0.037638,0.331575,0.369213,0
2026-07-26T12:40:47.408714,02/14 22:15,-4.55,0.0,,,,20.5,26.0,0.3764,0.094094,0.0,0.094094,0.004006,2.087858,1.671764,0.0,2.181952,0.4,moderate,0.037638,0.377902,0.41554,0
2026-07-26T12:40:47.424716,02/14 23:15,-5.0,0.0,,,,20.5,26.0,0.3764,0.094094,0.0,0.094094,0.005096,2.443035,1.944675,0.0,2.537129,0.4,moderate,0.037638,0.442189,0.479827,0
2026-07-26T12:40:47.443715,02/15 00:15,-5.15,0.0,,,,20.5,26.0,0.3764,0.094094,0.0,0.094094,0.005755,2.605331,2.086911,0.0,2.699425,0.34,low,0.031992,0.471565,0.503557,0
2026-07-26T12:41:03.465916,02/15 01:15,-5.72,0.0,,,,18.5,28.0,0.3764,0.094094,0.0,0.094094,0.001111,0.714794,0.67612,0.0,0.808888,0.34,low,0.031992,0.129378,0.16137,0
2026-07-26T12:41:03.485915,02/15 02:15,-6.37,0.0,,,,18.5,28.0,0.3764,0.094094,0.0,0.094094,0.001836,1.244334,0.978406,0.0,1.338428,0.34,low,0.031992,0.225224,0.257216,0
2026-07-26T12:41:03.505915,02/15 03:15,-7.75,0.0,,,,18.5,28.0,0.3764,0.094094,0.0,0.094094,0.002158,1.377446,1.094163,0.0,1.47154,0.34,low,0.031992,0.249318,0.28131,0
2026-07-26T12:41:03.523913,02/15 04:15,-9.55,0.0,,,,18.5,28.0,0.3764,0.094094,0.0,0.094094,0.002485,1.510939,1.202751,0.0,1.605033,0.34,low,0.031992,0.27348,0.305472,0
2026-07-26T12:41:03.540914,02/15 05:15,-10.28,0.0,,,,18.5,28.0,0.3764,0.094094,0.0,0.094094,0.0026,1.548143,1.242431,0.0,1.642237,0.34,low,0.031992,0.280214,0.312206,0
2026-07-26T12:41:03.556913,02/15 06:15,-10.97,0.0,,,,18.5,28.0,0.3764,0.094094,0.0,0.094094,0.003095,1.769648,1.409039,0.0,1.863742,0.43,moderate,0.04046,0.320306,0.360767,0
2026-07-26T12:41:19.802291,02/15 07:15,-10.45,0.0,,,,18.0,29.0,0.3764,0.094094,0.0,0.094094,0.011117,3.57992,2.876533,0.0,3.674014,0.43,moderate,0.04046,0.647966,0.688426,0
2026-07-26T12:41:19.824336,02/15 08:23,-9.72,0.0,,,,18.0,29.0,0.3764,0.094094,0.0,0.094094,0.010723,3.467676,2.796365,0.0,3.56177,0.43,moderate,0.04046,0.627649,0.66811,0
2026-07-26T12:41:19.848290,02/15 09:23,-8.48,52.0,22.09,22.0,22.47,22.0,26.0,0.3764,0.094094,0.0,0.094094,0.013456,4.501784,3.748997,0.0,4.595878,0.43,moderate,0.04046,0.814823,0.855283,0
2026-07-26T12:41:19.867289,02/15 10:23,-6.93,52.0,22.61,22.0,24.65,22.0,26.0,0.3764,0.094094,0.0,0.094094,0.007884,2.89705,2.334198,0.0,2.991144,0.3,low,0.028228,0.524366,0.552594,0
2026-07-26T12:41:19.884633,02/15 11:15,-5.97,52.0,22.86,22.0,25.33,22.0,26.0,0.3764,0.094094,0.0,0.094094,0.00654,2.367674,1.900819,0.0,2.461768,0.3,low,0.028228,0.428549,0.456777,0
2026-07-26T12:41:19.901626,02/15 12:15,-5.3,41.6,22.86,22.0,24.93,22.0,26.0,0.3764,0.094094,0.0,0.094094,0.005941,2.113096,1.69934,0.0,2.20719,0.3,low,0.028228,0.38247,0.410699,0
2026-07-26T12:41:36.222901,02/15 13:23,-4.4,20.8,22.48,22.0,23.24,22.0,25.0,0.3764,0.094094,0.0,0.094094,0.005572,2.127159,1.721046,0.0,2.221253,0.3,low,0.028228,0.385016,0.413244,0
2026-07-26T12:41:36.245473,02/15 14:15,-4.4,41.6,22.73,22.0,23.86,22.0,25.0,0.3764,0.094094,0.0,0.094094,0.005215,1.952977,1.571846,0.0,2.047071,0.3,low,0.028228,0.353489,0.381717,0
2026-07-26T12:41:36.264481,02/15 15:15,-4.4,52.0,23.01,22.0,25.0,22.0,25.0,0.3805,0.095127,0.0,0.095127,0.00439,1.676272,1.398758,0.0,1.771399,0.3,low,0.028538,0.303405,0.331943,0
2026-07-26T12:41:36.281476,02/15 16:15,-4.7,52.0,23.15,22.0,25.0,22.0,25.0,0.385,0.096248,0.0,0.096248,0.004019,1.726392,1.395919,0.0,1.82264,0.55,high,0.052936,0.312477,0.365413,0
2026-07-26T12:41:36.298483,02/15 17:23,-6.0,52.0,22.95,22.0,24.52,22.0,25.0,0.3764,0.094094,0.0,0.094094,0.005615,2.169586,1.74626,0.0,2.26368,0.55,high,0.051752,0.392695,0.444447,0
2026-07-26T12:41:36.316438,02/15 18:23,-7.2,52.0,22.41,22.0,23.67,22.0,25.0,0.3764,0.094094,0.0,0.094094,0.00665,2.533366,2.032815,0.0,2.62746,0.55,high,0.051752,0.458539,0.510291,0
2026-07-26T12:41:53.258126,02/15 19:15,-7.48,26.0,20.83,20.5,22.16,20.5,26.0,0.3764,0.094094,0.0,0.094094,0.006794,2.523299,2.05626,0.0,2.617393,0.55,high,0.051752,0.456717,0.508469,0
2026-07-26T12:41:53.279126,02/15 20:15,-8.45,0.0,,,,20.5,26.0,0.3764,0.094094,0.0,0.094094,0.009977,3.877894,3.114545,0.0,3.971988,0.55,high,0.051752,0.701899,0.753651,0
2026-07-26T12:41:53.297125,02/15 21:15,-9.03,0.0,,,,20.5,26.0,0.3764,0.094094,0.0,0.094094,0.0038,1.960394,1.564327,0.0,2.054488,0.4,moderate,0.037638,0.354831,0.392469,0
2026-07-26T12:41:53.315125,02/15 22:15,-9.55,0.0,,,,20.5,26.0,0.3764,0.094094,0.0,0.094094,0.005089,2.38719,1.903631,0.0,2.481284,0.4,moderate,0.037638,0.432081,0.469719,0
2026-07-26T12:41:53.331125,02/15 23:15,-10.28,0.0,,,,20.5,26.0,0.3764,0.094094,0.0,0.094094,0.005477,2.486385,1.998645,0.0,2.580479,0.4,moderate,0.037638,0.450036,0.487673,0
2026-07-26T12:41:53.346125,02/16 00:15,-11.1,0.0,,,,20.5,26.0,0.3764,0.094094,0.0,0.094094,0.005971,2.62233,2.103335,0.0,2.716424,0.34,low,0.031992,0.474642,0.506634,0
2026-07-26T12:42:08.567341,02/16 01:15,-11.25,0.0,,,,18.5,28.0,0.3764,0.094094,0.0,0.094094,0.001117,0.716007,0.684325,0.0,0.810101,0.34,low,0.031992,0.129597,0.161589,0
2026-07-26T12:42:08.586342,02/16 02:15,-11.97,0.0,,,,18.5,28.0,0.3764,0.094094,0.0,0.094094,0.001631,1.141543,0.911183,0.0,1.235637,0.34,low,0.031992,0.206619,0.238611,0
2026-07-26T12:42:08.603341,02/16 03:15,-12.8,0.0,,,,18.5,28.0,0.3764,0.094094,0.0,0.094094,0.002102,1.38109,1.086714,0.0,1.475184,0.34,low,0.031992,0.249977,0.281969,0
2026-07-26T12:42:08.619343,02/16 04:15,-12.65,0.0,,,,18.5,28.0,0.3764,0.094094,0.0,0.094094,0.002237,1.41752,1.136586,0.0,1.511614,0.34,low,0.031992,0.256571,0.288563,0
2026-07-26T12:42:08.635340,02/16 05:15,-12.47,0.0,,,,18.5,28.0,0.3764,0.094094,0.0,0.094094,0.00222,1.415238,1.144444,0.0,1.509332,0.34,low,0.031992,0.256158,0.28815,0
2026-07-26T12:42:08.650340,02/16 06:15,-12.9,0.0,,,,18.5,28.0,0.3764,0.094094,0.0,0.094094,0.002427,1.520685,1.21147,0.0,1.614779,0.43,moderate,0.04046,0.275244,0.315704,0
2026-07-26T12:42:23.576018,02/16 07:15,-11.27,0.0,,,,18.0,29.0,0.3764,0.094094,0.0,0.094094,0.001447,1.002404,0.82078,0.0,1.096498,0.43,moderate,0.04046,0.181435,0.221896,0
2026-07-26T12:42:23.596018,02/16 08:15,-9.45,0.0,,,,18.0,29.0,0.3764,0.094094,0.0,0.094094,0.001134,0.780291,0.621043,0.0,0.874385,0.43,moderate,0.04046,0.141233,0.181693,0
2026-07-26T12:42:23.614016,02/16 09:23,-7.52,0.0,,,,18.0,29.0,0.3764,0.094094,0.0,0.094094,0.000882,0.601027,0.491524,0.0,0.695121,0.43,moderate,0.04046,0.108786,0.149246,0
2026-07-26T12:42:23.630021,02/16 10:23,-6.43,0.0,,,,18.0,29.0,0.3764,0.094094,0.0,0.094094,0.000262,0.189754,0.185107,0.0,0.283848,0.3,low,0.028228,0.034345,0.062574,0
2026-07-26T12:42:23.646017,02/16 11:15,-5.3,0.0,,,,18.0,29.0,0.3764,0.094094,0.0,0.094094,8.7e-05,0.066948,0.063454,0.0,0.161042,0.3,low,0.028228,0.012118,0.040346,0
2026-07-26T12:42:23.660016,02/16 12:15,-4.28,0.0,,,,18.0,29.0,0.3764,0.094094,0.0,0.094094,0.0,0.0,0.0,0.0,0.094094,0.3,low,0.028228,0.0,0.028228,0
2026-07-26T12:42:38.942315,02/16 13:15,-3.9,0.0,,,,18.0,29.0,0.3764,0.094094,0.0,0.094094,0.0,0.0,0.0,0.0,0.094094,0.3,low,0.028228,0.0,0.028228,0
2026-07-26T12:42:38.962687,02/16 14:23,-3.75,0.0,,,,18.0,29.0,0.3764,0.094094,0.0,0.094094,0.0,0.0,0.0,0.0,0.094094,0.3,low,0.028228,0.0,0.028228,0
2026-07-26T12:42:38.980729,02/16 15:15,-3.3,0.0,,,,18.0,29.0,0.3764,0.094094,0.0,0.094094,0.0,0.0,0.0,0.0,0.094094,0.3,low,0.028228,0.0,0.028228,0
2026-07-26T12:42:38.996694,02/16 16:15,-3.57,0.0,,,,18.0,29.0,0.3764,0.094094,0.0,0.094094,0.0,0.0,0.0,0.0,0.094094,0.55,high,0.051752,0.0,0.051752,0
2026-07-26T12:42:39.013736,02/16 17:23,-4.83,0.0,,,,18.0,29.0,0.3764,0.094094,0.0,0.094094,0.0,0.0,0.0,0.0,0.094094,0.55,high,0.051752,0.0,0.051752,0
2026-07-26T12:42:39.030736,02/16 18:23,-6.25,0.0,,,,18.0,29.0,0.3764,0.094094,0.0,0.094094,3.3e-05,0.025771,0.027575,0.0,0.119865,0.55,high,0.051752,0.004665,0.056416,0
2026-07-26T12:42:55.367834,02/16 19:15,-6.98,0.0,,,,18.0,29.0,0.3764,0.094094,0.0,0.094094,5.3e-05,0.041966,0.042888,0.0,0.13606,0.55,high,0.051752,0.007596,0.059348,0
2026-07-26T12:42:55.386834,02/16 20:15,-8.07,0.0,,,,18.0,29.0,0.3764,0.094094,0.0,0.094094,0.000146,0.118875,0.110442,0.0,0.212969,0.55,high,0.051752,0.021516,0.073268,0
2026-07-26T12:42:55.406875,02/16 21:15,-8.75,0.0,,,,18.0,29.0,0.3764,0.094094,0.0,0.094094,0.000564,0.476044,0.39368,0.0,0.570138,0.4,moderate,0.037638,0.086164,0.123802,0
2026-07-26T12:42:55.423826,02/16 22:15,-8.58,0.0,,,,18.0,29.0,0.3764,0.094094,0.0,0.094094,0.000742,0.627915,0.500845,0.0,0.722009,0.4,moderate,0.037638,0.113653,0.15129,0
2026-07-26T12:42:55.438869,02/16 23:15,-9.7,0.0,,,,18.0,29.0,0.3764,0.094094,0.0,0.094094,0.001074,0.870545,0.67453,0.0,0.964639,0.4,moderate,0.037638,0.157569,0.195206,0
2026-07-26T12:42:55.453833,02/17 00:15,-10.3,0.0,,,,18.0,29.0,0.3764,0.094094,0.0,0.094094,0.00124,0.957444,0.755643,0.0,1.051538,0.34,low,0.031992,0.173297,0.205289,0
2026-07-26T12:43:11.489018,02/17 01:15,-9.28,0.0,,,,18.0,29.0,0.3764,0.094094,0.0,0.094094,0.00132,0.993784,0.795951,0.0,1.087878,0.34,low,0.031992,0.179875,0.211867,0
2026-07-26T12:43:11.510019,02/17 02:15,-8.62,0.0,,,,18.0,29.0,0.3764,0.094094,0.0,0.094094,0.001416,1.054329,0.844934,0.0,1.148423,0.34,low,0.031992,0.190834,0.222826,0
2026-07-26T12:43:11.527019,02/17 03:15,-7.8,0.0,,,,18.0,29.0,0.3764,0.094094,0.0,0.094094,0.00141,1.041642,0.833556,0.0,1.135736,0.34,low,0.031992,0.188537,0.220529,0
2026-07-26T12:43:11.544018,02/17 04:15,-7.8,0.0,,,,18.0,29.0,0.3764,0.094094,0.0,0.094094,0.001567,1.117444,0.885125,0.0,1.211538,0.34,low,0.031992,0.202257,0.234249,0
2026-07-26T12:43:11.561018,02/17 05:15,-7.92,0.0,,,,18.0,29.0,0.3764,0.094094,0.0,0.094094,0.001599,1.112797,0.890686,0.0,1.206891,0.34,low,0.031992,0.201416,0.233408,0
2026-07-26T12:43:11.577018,02/17 06:15,-8.18,0.0,,,,18.0,29.0,0.3764,0.094094,0.0,0.094094,0.001661,1.137641,0.911319,0.0,1.231735,0.43,moderate,0.04046,0.205913,0.246373,0
2026-07-26T12:43:27.388325,02/17 07:15,-7.52,0.0,,,,18.0,29.0,0.3764,0.094094,0.0,0.094094,0.001519,1.04257,0.848117,0.0,1.136664,0.43,moderate,0.04046,0.188705,0.229166,0
2026-07-26T12:43:27.409323,02/17 08:15,-6.28,0.0,,,,18.0,29.0,0.3764,0.094094,0.0,0.094094,0.001327,0.92701,0.754542,0.0,1.021104,0.43,moderate,0.04046,0.167789,0.208249,0
2026-07-26T12:43:27.427324,02/17 09:15,-4.58,0.0,,,,18.0,29.0,0.3764,0.094094,0.0,0.094094,0.000974,0.703602,0.581959,0.0,0.797696,0.43,moderate,0.04046,0.127352,0.167812,0
2026-07-26T12:43:27.447324,02/17 10:15,-2.62,0.0,,,,18.0,29.0,0.3764,0.094094,0.0,0.094094,0.000501,0.380077,0.326226,0.0,0.474171,0.3,low,0.028228,0.068794,0.097022,0
2026-07-26T12:43:27.465323,02/17 11:15,-0.17,0.0,,,,18.0,29.0,0.3764,0.094094,0.0,0.094094,8.7e-05,0.0693,0.061938,0.0,0.163394,0.3,low,0.028228,0.012543,0.040772,0
2026-07-26T12:43:27.484325,02/17 12:15,1.25,0.0,,,,18.0,29.0,0.3764,0.094094,0.0,0.094094,0.0,0.0,0.0,0.0,0.094094,0.3,low,0.028228,0.0,0.028228,0
2026-07-26T12:43:43.215760,02/17 13:15,1.82,0.0,,,,18.0,29.0,0.3764,0.094094,0.0,0.094094,0.0,0.0,0.0,0.0,0.094094,0.3,low,0.028228,0.0,0.028228,0
2026-07-26T12:43:43.238755,02/17 14:15,2.48,0.0,,,,18.0,29.0,0.3764,0.094094,0.0,0.094094,0.0,0.0,0.0,0.0,0.094094,0.3,low,0.028228,0.0,0.028228,0
2026-07-26T12:43:43.259755,02/17 15:15,3.17,0.0,,,,18.0,29.0,0.3764,0.094094,0.0,0.094094,0.0,0.0,0.0,0.0,0.094094,0.3,low,0.028228,0.0,0.028228,0
2026-07-26T12:43:43.278756,02/17 16:15,2.65,0.0,,,,18.0,29.0,0.3764,0.094094,0.0,0.094094,0.0,0.0,0.0,0.0,0.094094,0.55,high,0.051752,0.0,0.051752,0
2026-07-26T12:43:43.298761,02/17 17:15,2.08,0.0,,,,18.0,29.0,0.3764,0.094094,0.0,0.094094,0.0,0.0,0.0,0.0,0.094094,0.55,high,0.051752,0.0,0.051752,0
2026-07-26T12:43:43.316755,02/17 18:15,1.55,0.0,,,,18.0,29.0,0.3764,0.094094,0.0,0.094094,4.6e-05,0.037252,0.038085,0.0,0.131346,0.55,high,0.051752,0.006743,0.058494,0
2026-07-26T12:43:59.027269,02/17 19:15,0.98,0.0,,,,18.0,29.0,0.3764,0.094094,0.0,0.094094,0.000214,0.180023,0.165207,0.0,0.274117,0.55,high,0.051752,0.032584,0.084336,0
2026-07-26T12:43:59.046269,02/17 20:15,0.6,0.0,,,,18.0,29.0,0.3764,0.094094,0.0,0.094094,0.000288,0.252076,0.217622,0.0,0.34617,0.55,high,0.051752,0.045626,0.097377,0
2026-07-26T12:43:59.065268,02/17 21:15,0.72,0.0,,,,18.0,29.0,0.3764,0.094094,0.0,0.094094,0.000293,0.263404,0.221865,0.0,0.357498,0.4,moderate,0.037638,0.047676,0.085314,0
2026-07-26T12:43:59.082267,02/17 22:15,1.1,0.0,,,,18.0,29.0,0.3764,0.094094,0.0,0.094094,0.000295,0.268982,0.221412,0.0,0.363076,0.4,moderate,0.037638,0.048686,0.086323,0
2026-07-26T12:43:59.098267,02/17 23:15,1.1,0.0,,,,18.0,29.0,0.3764,0.094094,0.0,0.094094,0.000268,0.246569,0.203539,0.0,0.340663,0.4,moderate,0.037638,0.044629,0.082267,0
2026-07-26T12:43:59.115267,02/18 00:15,1.1,0.0,,,,18.0,29.0,0.3764,0.094094,0.0,0.094094,0.000297,0.274704,0.221583,0.0,0.368798,0.34,low,0.031992,0.049721,0.081713,0
2026-07-26T12:44:15.195445,02/18 01:15,1.1,0.0,,,,18.0,29.0,0.3764,0.094094,0.0,0.094094,0.000533,0.481387,0.374884,0.0,0.575481,0.34,low,0.031992,0.087131,0.119123,0
2026-07-26T12:44:15.214442,02/18 02:15,1.1,0.0,,,,18.0,29.0,0.3764,0.094094,0.0,0.094094,0.000414,0.370012,0.298661,0.0,0.464106,0.34,low,0.031992,0.066972,0.098964,0
2026-07-26T12:44:15.231443,02/18 03:15,0.83,0.0,,,,18.0,29.0,0.3764,0.094094,0.0,0.094094,0.000463,0.41328,0.330833,0.0,0.507374,0.34,low,0.031992,0.074804,0.106796,0
2026-07-26T12:44:15.248442,02/18 04:15,-0.42,0.0,,,,18.0,29.0,0.3764,0.094094,0.0,0.094094,0.0005,0.444257,0.354368,0.0,0.538351,0.34,low,0.031992,0.080411,0.112402,0
2026-07-26T12:44:15.264443,02/18 05:15,-1.55,0.0,,,,18.0,29.0,0.3764,0.094094,0.0,0.094094,0.000596,0.523421,0.413948,0.0,0.617515,0.34,low,0.031992,0.094739,0.126731,0
2026-07-26T12:44:15.279442,02/18 06:15,-0.98,0.0,,,,18.0,29.0,0.3764,0.094094,0.0,0.094094,0.000644,0.557225,0.441713,0.0,0.651319,0.43,moderate,0.04046,0.100858,0.141318,0
2026-07-26T12:44:30.447867,02/18 07:15,-0.6,0.0,,,,18.0,29.0,0.3764,0.094094,0.0,0.094094,0.005648,2.058284,1.638928,0.0,2.152378,0.43,moderate,0.04046,0.372549,0.41301,0
2026-07-26T12:44:30.467867,02/18 08:15,-0.45,0.0,,,,18.0,29.0,0.3764,0.094094,0.0,0.094094,0.005586,1.993618,1.599128,0.0,2.087712,0.43,moderate,0.04046,0.360845,0.401305,0
2026-07-26T12:44:30.489865,02/18 09:23,0.42,52.0,22.0,22.0,22.0,22.0,26.0,0.3764,0.094094,0.0,0.094094,0.00681,2.777555,2.291822,0.0,2.871649,0.43,moderate,0.04046,0.502737,0.543198,0
2026-07-26T12:44:30.508865,02/18 10:23,2.38,52.0,22.58,22.0,23.87,22.0,26.0,0.3764,0.094094,0.0,0.094094,0.00419,1.428458,1.109936,0.0,1.522552,0.3,low,0.028228,0.258551,0.286779,0
2026-07-26T12:44:30.524867,02/18 11:23,4.7,52.0,23.1,22.0,24.67,22.0,26.0,0.3764,0.094094,0.0,0.094094,0.005021,0.071475,0.702871,0.0,0.165569,0.3,low,0.028228,0.012937,0.041165,0
2026-07-26T12:44:30.539870,02/18 12:15,5.72,41.6,23.03,22.0,24.08,22.0,26.0,0.3764,0.094094,0.0,0.094094,0.005029,3.586737,0.483816,0.0,3.680831,0.3,low,0.028228,0.649199,0.677428,0
2026-07-26T12:44:46.822007,02/18 13:23,6.1,20.8,22.86,22.0,23.43,22.0,25.0,0.3764,0.094094,0.0,0.094094,0.005059,0.154615,0.523556,0.0,0.248709,0.3,low,0.028228,0.027985,0.056214,0
2026-07-26T12:44:46.841006,02/18 14:15,6.25,41.6,23.14,22.16,24.03,22.0,25.0,0.3764,0.094094,0.0,0.094094,0.002016,0.85776,0.581793,0.0,0.951854,0.3,low,0.028228,0.155255,0.183483,0
2026-07-26T12:44:46.857767,02/18 15:15,6.55,52.0,23.44,22.57,24.33,22.0,25.0,0.3764,0.094094,0.0,0.094094,0.001632,0.64282,0.525982,0.0,0.736914,0.3,low,0.028228,0.11635,0.144579,0
2026-07-26T12:44:46.874767,02/18 16:15,5.82,52.0,23.6,22.55,25.0,22.0,25.0,0.379,0.094754,0.0,0.094754,0.001631,0.648082,0.532768,0.0,0.742836,0.55,high,0.052115,0.117303,0.169418,0
2026-07-26T12:44:46.890768,02/18 17:15,4.3,52.0,23.2,22.01,24.5,22.0,25.0,0.3764,0.094094,0.0,0.094094,0.002459,0.032757,0.654051,0.0,0.126851,0.55,high,0.051752,0.005929,0.057681,0
2026-07-26T12:44:46.908766,02/18 18:23,1.93,52.0,22.6,22.0,24.09,22.0,25.0,0.3764,0.094094,0.0,0.094094,0.00555,1.617958,0.944569,0.0,1.712052,0.55,high,0.051752,0.29285,0.344602,0
2026-07-26T12:45:03.585524,02/18 19:15,1.25,26.0,21.05,20.5,22.74,20.5,26.0,0.3764,0.094094,0.0,0.094094,0.003816,1.44974,1.010588,0.0,1.543834,0.55,high,0.051752,0.262403,0.314155,0
2026-07-26T12:45:03.607528,02/18 20:15,1.55,0.0,,,,20.5,26.0,0.3764,0.094094,0.0,0.094094,0.00462,1.995185,1.615505,0.0,2.089279,0.55,high,0.051752,0.361128,0.41288,0
2026-07-26T12:45:03.625520,02/18 21:15,0.83,0.0,,,,20.5,26.0,0.3764,0.094094,0.0,0.094094,0.001264,0.815019,0.705399,0.0,0.909113,0.4,moderate,0.037638,0.147518,0.185156,0
2026-07-26T12:45:03.641520,02/18 22:15,-0.15,0.0,,,,20.5,26.0,0.3764,0.094094,0.0,0.094094,0.002246,1.439546,1.131188,0.0,1.53364,0.4,moderate,0.037638,0.260558,0.298195,0
2026-07-26T12:45:03.657522,02/18 23:15,-1.0,0.0,,,,20.5,26.0,0.3764,0.094094,0.0,0.094094,0.002471,1.520676,1.218825,0.0,1.61477,0.4,moderate,0.037638,0.275242,0.31288,0
2026-07-26T12:45:03.673520,02/19 00:15,-2.2,0.0,,,,20.5,26.0,0.3764,0.094094,0.0,0.094094,0.003033,1.769529,1.40611,0.0,1.863623,0.34,low,0.031992,0.320285,0.352277,0
2026-07-26T12:45:19.676291,02/19 01:15,-2.35,0.0,,,,18.5,28.0,0.3764,0.094094,0.0,0.094094,0.000196,0.116863,0.145899,0.0,0.210957,0.34,low,0.031992,0.021152,0.053144,0
2026-07-26T12:45:19.695638,02/19 02:15,-2.65,0.0,,,,18.5,28.0,0.3764,0.094094,0.0,0.094094,0.000669,0.489989,0.449617,0.0,0.584083,0.34,low,0.031992,0.088688,0.12068,0
2026-07-26T12:45:19.712706,02/19 03:15,-1.8,0.0,,,,18.5,28.0,0.3764,0.094094,0.0,0.094094,0.000868,0.684155,0.559594,0.0,0.778249,0.34,low,0.031992,0.123832,0.155824,0
2026-07-26T12:45:19.729184,02/19 04:15,-0.6,0.0,,,,18.5,28.0,0.3764,0.094094,0.0,0.094094,0.000785,0.632257,0.518352,0.0,0.726351,0.34,low,0.031992,0.114439,0.14643,0
2026-07-26T12:45:19.745223,02/19 05:15,-0.45,0.0,,,,18.5,28.0,0.3764,0.094094,0.0,0.094094,0.000945,0.758068,0.601295,0.0,0.852162,0.34,low,0.031992,0.13721,0.169202,0
2026-07-26T12:45:19.761178,02/19 06:15,0.0,0.0,,,,18.5,28.0,0.3764,0.094094,0.0,0.094094,0.001015,0.797877,0.636394,0.0,0.891971,0.43,moderate,0.04046,0.144416,0.184876,0
2026-07-26T12:45:34.860807,02/19 07:15,0.0,0.0,,,,18.0,29.0,0.3764,0.094094,0.0,0.094094,0.00529,1.869891,1.499956,0.0,1.963985,0.43,moderate,0.04046,0.33845,0.378911,0
2026-07-26T12:45:34.880807,02/19 08:15,0.0,0.0,,,,18.0,29.0,0.3764,0.094094,0.0,0.094094,0.005326,1.876458,1.508392,0.0,1.970552,0.43,moderate,0.04046,0.339639,0.380099,0
2026-07-26T12:45:34.902806,02/19 09:23,0.0,52.0,22.0,22.0,22.0,22.0,26.0,0.3764,0.094094,0.0,0.094094,0.007425,3.063568,2.534838,0.0,3.157662,0.43,moderate,0.04046,0.554506,0.594966,0
2026-07-26T12:45:34.918806,02/19 10:15,-0.15,52.0,22.16,22.0,22.78,22.0,26.0,0.3764,0.094094,0.0,0.094094,0.004951,1.932763,1.538949,0.0,2.026857,0.3,low,0.028228,0.34983,0.378058,0
2026-07-26T12:45:34.934805,02/19 11:15,-0.72,52.0,22.25,22.0,23.27,22.0,26.0,0.3764,0.094094,0.0,0.094094,0.00456,1.665515,1.335252,0.0,1.759609,0.3,low,0.028228,0.301458,0.329686,0
2026-07-26T12:45:34.950805,02/19 12:15,-0.98,41.6,22.24,22.0,23.22,22.0,26.0,0.3764,0.094094,0.0,0.094094,0.004582,1.720026,1.380754,0.0,1.81412,0.3,low,0.028228,0.311325,0.339553,0
2026-07-26T12:45:51.197492,02/19 13:15,-0.72,20.8,22.17,22.0,22.82,22.0,25.0,0.3764,0.094094,0.0,0.094094,0.004598,1.82058,1.467667,0.0,1.914674,0.3,low,0.028228,0.329525,0.357753,0
2026-07-26T12:45:51.217492,02/19 14:15,-1.25,41.6,22.27,22.0,23.35,22.0,25.0,0.3764,0.094094,0.0,0.094094,0.004403,1.655598,1.337304,0.0,1.749692,0.3,low,0.028228,0.299663,0.327891,0
2026-07-26T12:45:51.235519,02/19 15:15,-1.82,52.0,22.36,22.0,23.7,22.0,25.0,0.3764,0.094094,0.0,0.094094,0.004394,1.621671,1.306414,0.0,1.715765,0.3,low,0.028228,0.293522,0.321751,0
2026-07-26T12:45:51.251977,02/19 16:15,-2.2,52.0,22.33,22.0,23.66,22.0,25.0,0.3764,0.094094,0.0,0.094094,0.004692,1.838074,1.490056,0.0,1.932168,0.55,high,0.051752,0.332691,0.384443,0
2026-07-26T12:45:51.268972,02/19 17:15,-2.35,52.0,22.3,22.0,23.51,22.0,25.0,0.3764,0.094094,0.0,0.094094,0.004946,2.055508,1.656522,0.0,2.149602,0.55,high,0.051752,0.372047,0.423799,0
2026-07-26T12:45:51.284015,02/19 18:15,-3.62,52.0,22.28,22.0,23.4,22.0,25.0,0.3764,0.094094,0.0,0.094094,0.005481,2.36026,1.904132,0.0,2.454354,0.55,high,0.051752,0.427207,0.478959,0
2026-07-26T12:46:07.667779,02/19 19:15,-6.25,26.0,20.82,20.5,22.1,20.5,26.0,0.3764,0.094094,0.0,0.094094,0.006553,2.607609,2.068013,0.0,2.701703,0.55,high,0.051752,0.471977,0.523729,0
2026-07-26T12:46:07.686783,02/19 20:15,-6.43,0.0,,,,20.5,26.0,0.3764,0.094094,0.0,0.094094,0.008541,3.467666,2.786237,0.0,3.56176,0.55,high,0.051752,0.627648,0.679399,0
2026-07-26T12:46:07.702779,02/19 21:15,-5.6,0.0,,,,20.5,26.0,0.3764,0.094094,0.0,0.094094,0.002713,1.562707,1.263321,0.0,1.656801,0.4,moderate,0.037638,0.28285,0.320488,0
2026-07-26T12:46:07.718778,02/19 22:15,-5.45,0.0,,,,20.5,26.0,0.3764,0.094094,0.0,0.094094,0.00382,2.028506,1.613111,0.0,2.1226,0.4,moderate,0.037638,0.36716,0.404797,0
2026-07-26T12:46:07.735784,02/19 23:15,-5.0,0.0,,,,20.5,26.0,0.3764,0.094094,0.0,0.094094,0.004006,2.084278,1.677263,0.0,2.178372,0.4,moderate,0.037638,0.377254,0.414892,0
2026-07-26T12:46:07.749777,02/20 00:15,-5.0,0.0,,,,20.5,26.0,0.3764,0.094094,0.0,0.094094,0.004234,2.172675,1.746685,0.0,2.266769,0.34,low,0.031992,0.393254,0.425246,0
2026-07-26T12:46:23.341884,02/20 01:15,-5.0,0.0,,,,18.5,28.0,0.3764,0.094094,0.0,0.094094,0.000648,0.408363,0.440755,0.0,0.502457,0.34,low,0.031992,0.073914,0.105906,0
2026-07-26T12:46:23.360886,02/20 02:15,-5.0,0.0,,,,18.5,28.0,0.3764,0.094094,0.0,0.094094,0.001109,0.82895,0.682273,0.0,0.923044,0.34,low,0.031992,0.15004,0.182032,0
2026-07-26T12:46:23.377885,02/20 03:15,-5.0,0.0,,,,18.5,28.0,0.3764,0.094094,0.0,0.094094,0.001366,1.010541,0.800785,0.0,1.104635,0.34,low,0.031992,0.182908,0.2149,0
2026-07-26T12:46:23.393886,02/20 04:15,-5.42,0.0,,,,18.5,28.0,0.3764,0.094094,0.0,0.094094,0.0014,1.017761,0.817029,0.0,1.111855,0.34,low,0.031992,0.184215,0.216207,0
2026-07-26T12:46:23.409884,02/20 05:15,-7.25,0.0,,,,18.5,28.0,0.3764,0.094094,0.0,0.094094,0.001809,1.251584,0.981257,0.0,1.345678,0.34,low,0.031992,0.226537,0.258529,0
2026-07-26T12:46:23.425884,02/20 06:15,-9.18,0.0,,,,18.5,28.0,0.3764,0.094094,0.0,0.094094,0.001991,1.315231,1.048503,0.0,1.409325,0.43,moderate,0.04046,0.238057,0.278517,0
2026-07-26T12:46:40.169952,02/20 07:15,-9.45,0.0,,,,18.0,29.0,0.3764,0.094094,0.0,0.094094,0.010114,3.260356,2.603859,0.0,3.35445,0.43,moderate,0.04046,0.590124,0.630585,0
2026-07-26T12:46:40.189951,02/20 08:23,-7.25,0.0,,,,18.0,29.0,0.3764,0.094094,0.0,0.094094,0.008512,2.882365,2.330499,0.0,2.976459,0.43,moderate,0.04046,0.521708,0.562168,0
2026-07-26T12:46:40.212958,02/20 09:23,-5.02,52.0,22.22,22.0,23.11,22.0,26.0,0.3764,0.094094,0.0,0.094094,0.009269,3.528277,2.905197,0.0,3.622371,0.43,moderate,0.04046,0.638618,0.679079,0
2026-07-26T12:46:40.233951,02/20 10:23,-2.9,52.0,22.9,22.0,25.44,22.0,26.0,0.3764,0.094094,0.0,0.094094,0.005531,2.025791,1.606344,0.0,2.119885,0.3,low,0.028228,0.366668,0.394896,0
2026-07-26T12:46:40.252951,02/20 11:23,-1.55,52.0,23.09,22.0,25.29,22.0,25.5,0.3764,0.094094,0.0,0.094094,0.004586,1.576177,1.269985,0.0,1.670271,0.3,low,0.028228,0.285288,0.313516,0
2026-07-26T12:46:40.271955,02/20 12:15,-0.98,41.6,22.73,22.0,23.74,22.0,25.5,0.3764,0.094094,0.0,0.094094,0.004292,1.512928,1.217614,0.0,1.607022,0.3,low,0.028228,0.27384,0.302068,0
2026-07-26T12:46:57.816902,02/20 13:15,-0.6,20.8,22.34,22.0,23.22,22.0,25.0,0.3764,0.094094,0.0,0.094094,0.004261,1.608146,1.294313,0.0,1.70224,0.3,low,0.028228,0.291074,0.319303,0
2026-07-26T12:46:57.838901,02/20 14:15,-0.72,41.6,22.43,22.0,23.65,22.0,25.0,0.3764,0.094094,0.0,0.094094,0.004036,1.445469,1.169867,0.0,1.539563,0.3,low,0.028228,0.26163,0.289858,0
2026-07-26T12:46:57.857910,02/20 15:15,-1.38,52.0,22.46,22.0,23.96,22.0,25.0,0.3764,0.094094,0.0,0.094094,0.004085,1.469235,1.184236,0.0,1.563329,0.3,low,0.028228,0.265932,0.29416,0
2026-07-26T12:46:57.874901,02/20 16:15,-2.35,52.0,22.39,22.0,23.93,22.0,25.0,0.3764,0.094094,0.0,0.094094,0.004426,1.648317,1.336214,0.0,1.742411,0.55,high,0.051752,0.298345,0.350097,0
2026-07-26T12:46:57.891900,02/20 17:15,-2.92,52.0,22.32,22.0,23.57,22.0,25.0,0.3764,0.094094,0.0,0.094094,0.005067,2.108014,1.707866,0.0,2.202108,0.55,high,0.051752,0.381551,0.433302,0
2026-07-26T12:46:57.907901,02/20 18:15,-3.45,52.0,22.3,22.0,23.48,22.0,25.0,0.3764,0.094094,0.0,0.094094,0.005522,2.369097,1.908879,0.0,2.463191,0.55,high,0.051752,0.428807,0.480558,0
2026-07-26T12:47:14.650621,02/20 19:15,-3.9,26.0,20.84,20.5,22.18,20.5,26.0,0.3764,0.094094,0.0,0.094094,0.005568,2.267777,1.811226,0.0,2.361871,0.55,high,0.051752,0.410468,0.462219,0
2026-07-26T12:47:14.671621,02/20 20:15,-3.9,0.0,,,,20.5,26.0,0.3764,0.094094,0.0,0.094094,0.007303,3.134074,2.521382,0.0,3.228168,0.55,high,0.051752,0.567267,0.619019,0
2026-07-26T12:47:14.693619,02/20 21:15,-4.03,0.0,,,,20.5,26.0,0.3764,0.094094,0.0,0.094094,0.002583,1.524603,1.231416,0.0,1.618697,0.4,moderate,0.037638,0.275953,0.313591,0
2026-07-26T12:47:14.711619,02/20 22:15,-4.55,0.0,,,,20.5,26.0,0.3764,0.094094,0.0,0.094094,0.003942,2.086276,1.649805,0.0,2.18037,0.4,moderate,0.037638,0.377616,0.415254,0
2026-07-26T12:47:14.728619,02/20 23:15,-5.28,0.0,,,,20.5,26.0,0.3764,0.094094,0.0,0.094094,0.004325,2.191846,1.758538,0.0,2.28594,0.4,moderate,0.037638,0.396724,0.434362,0
2026-07-26T12:47:14.744618,02/21 00:15,-6.25,0.0,,,,20.5,26.0,0.3764,0.094094,0.0,0.094094,0.004413,2.21523,1.782827,0.0,2.309324,0.34,low,0.031992,0.400957,0.432949,0
2026-07-26T12:47:31.175356,02/21 01:15,-7.25,0.0,,,,18.5,28.0,0.3764,0.094094,0.0,0.094094,0.000652,0.408294,0.442226,0.0,0.502388,0.34,low,0.031992,0.073901,0.105893,0
2026-07-26T12:47:31.195355,02/21 02:15,-9.03,0.0,,,,18.5,28.0,0.3764,0.094094,0.0,0.094094,0.001129,0.840613,0.691513,0.0,0.934707,0.34,low,0.031992,0.152151,0.184143,0
2026-07-26T12:47:31.212353,02/21 03:15,-9.4,0.0,,,,18.5,28.0,0.3764,0.094094,0.0,0.094094,0.00143,1.047952,0.828822,0.0,1.142046,0.34,low,0.031992,0.189679,0.221671,0
2026-07-26T12:47:31.228353,02/21 04:15,-9.98,0.0,,,,18.5,28.0,0.3764,0.094094,0.0,0.094094,0.001624,1.146471,0.911427,0.0,1.240565,0.34,low,0.031992,0.207511,0.239503,0
2026-07-26T12:47:31.245352,02/21 05:15,-11.55,0.0,,,,18.5,28.0,0.3764,0.094094,0.0,0.094094,0.001925,1.298232,1.027602,0.0,1.392326,0.34,low,0.031992,0.23498,0.266972,0
2026-07-26T12:47:31.261352,02/21 06:15,-10.4,0.0,,,,18.5,28.0,0.3764,0.094094,0.0,0.094094,0.002038,1.33667,1.070646,0.0,1.430764,0.43,moderate,0.04046,0.241937,0.282398,0
2026-07-26T12:47:47.462551,02/21 07:15,-7.9,0.0,,,,18.0,29.0,0.3764,0.094094,0.0,0.094094,0.009312,3.226832,2.619795,0.0,3.320926,0.43,moderate,0.04046,0.584057,0.624517,0
2026-07-26T12:47:47.483550,02/21 08:15,-6.28,0.0,,,,18.0,29.0,0.3764,0.094094,0.0,0.094094,0.008265,2.955328,2.375555,0.0,3.049422,0.43,moderate,0.04046,0.534914,0.575375,0
2026-07-26T12:47:47.505552,02/21 09:23,-4.45,52.0,22.0,22.0,22.0,22.0,26.0,0.3764,0.094094,0.0,0.094094,0.009387,3.633957,2.993612,0.0,3.728051,0.43,moderate,0.04046,0.657746,0.698207,0
2026-07-26T12:47:47.524551,02/21 10:23,-2.37,52.0,22.44,22.0,23.53,22.0,26.0,0.3764,0.094094,0.0,0.094094,0.005773,2.187577,1.749753,0.0,2.281671,0.3,low,0.028228,0.395951,0.42418,0
2026-07-26T12:47:47.543550,02/21 11:23,-0.98,52.0,22.74,22.0,24.43,22.0,26.0,0.3764,0.094094,0.0,0.094094,0.004576,1.579156,1.252168,0.0,1.67325,0.3,low,0.028228,0.285827,0.314055,0
2026-07-26T12:47:47.559552,02/21 12:15,-0.45,41.6,22.58,22.0,23.62,22.0,26.0,0.3764,0.094094,0.0,0.094094,0.004293,1.499918,1.208731,0.0,1.594012,0.3,low,0.028228,0.271485,0.299713,0
2026-07-26T12:48:03.573800,02/21 13:15,0.28,20.8,22.21,22.0,22.84,22.0,25.0,0.3764,0.094094,0.0,0.094094,0.00438,1.709355,1.381222,0.0,1.803449,0.3,low,0.028228,0.309393,0.337621,0
2026-07-26T12:48:03.591801,02/21 14:15,1.25,41.6,22.28,22.0,23.35,22.0,25.0,0.3764,0.094094,0.0,0.094094,0.003777,1.336924,1.059839,0.0,1.431018,0.3,low,0.028228,0.241983,0.270211,0
2026-07-26T12:48:03.608800,02/21 15:15,1.82,52.0,22.5,22.0,23.66,22.0,25.0,0.3764,0.094094,0.0,0.094094,0.003534,1.18525,0.949241,0.0,1.279344,0.3,low,0.028228,0.21453,0.242758,0
2026-07-26T12:48:03.625800,02/21 16:15,2.2,52.0,22.6,22.0,23.68,22.0,25.0,0.3764,0.094094,0.0,0.094094,0.003417,1.147363,0.924273,0.0,1.241457,0.55,high,0.051752,0.207673,0.259424,0
2026-07-26T12:48:03.640799,02/21 17:15,2.08,52.0,22.43,22.0,23.39,22.0,25.0,0.3764,0.094094,0.0,0.094094,0.003593,1.319346,1.076002,0.0,1.41344,0.55,high,0.051752,0.238802,0.290553,0
2026-07-26T12:48:03.655799,02/21 18:15,1.42,52.0,22.25,22.0,23.23,22.0,25.0,0.3764,0.094094,0.0,0.094094,0.004069,1.672748,1.370458,0.0,1.766842,0.55,high,0.051752,0.302767,0.354519,0
2026-07-26T12:48:19.793788,02/21 19:15,0.6,26.0,20.76,20.5,21.79,20.5,26.0,0.3764,0.094094,0.0,0.094094,0.0043,1.712906,1.410959,0.0,1.807,0.55,high,0.051752,0.310036,0.361788,0
2026-07-26T12:48:19.814791,02/21 20:15,0.6,0.0,,,,20.5,26.0,0.3764,0.094094,0.0,0.094094,0.00602,2.696216,2.176354,0.0,2.79031,0.55,high,0.051752,0.488015,0.539767,0
2026-07-26T12:48:19.831787,02/21 21:15,0.6,0.0,,,,20.5,26.0,0.3764,0.094094,0.0,0.094094,0.002522,1.531625,1.231576,0.0,1.625719,0.4,moderate,0.037638,0.277224,0.314862,0
2026-07-26T12:48:19.848788,02/21 22:15,0.72,0.0,,,,20.5,26.0,0.3764,0.094094,0.0,0.094094,0.003312,1.872257,1.489955,0.0,1.966351,0.4,moderate,0.037638,0.338879,0.376516,0
2026-07-26T12:48:19.864786,02/21 23:15,1.1,0.0,,,,20.5,26.0,0.3764,0.094094,0.0,0.094094,0.003501,1.93121,1.551619,0.0,2.025304,0.4,moderate,0.037638,0.349549,0.387187,0
2026-07-26T12:48:19.880788,02/22 00:15,1.1,0.0,,,,20.5,26.0,0.3764,0.094094,0.0,0.094094,0.003529,1.942719,1.564742,0.0,2.036813,0.34,low,0.031992,0.351632,0.383624,0
2026-07-26T12:48:35.141295,02/22 01:15,1.1,0.0,,,,18.5,28.0,0.3764,0.094094,0.0,0.094094,0.000219,0.126867,0.165986,0.0,0.220961,0.34,low,0.031992,0.022963,0.054955,0
2026-07-26T12:48:35.159295,02/22 02:15,1.1,0.0,,,,18.5,28.0,0.3764,0.094094,0.0,0.094094,0.000567,0.410904,0.390436,0.0,0.504998,0.34,low,0.031992,0.074374,0.106366,0
2026-07-26T12:48:35.176294,02/22 03:15,1.1,0.0,,,,18.5,28.0,0.3764,0.094094,0.0,0.094094,0.000656,0.52451,0.443152,0.0,0.618604,0.34,low,0.031992,0.094936,0.126928,0
2026-07-26T12:48:35.194296,02/22 04:15,1.1,0.0,,,,18.5,28.0,0.3764,0.094094,0.0,0.094094,0.000751,0.614335,0.496506,0.0,0.708429,0.34,low,0.031992,0.111195,0.143187,0
2026-07-26T12:48:35.212294,02/22 05:15,1.1,0.0,,,,18.5,28.0,0.3764,0.094094,0.0,0.094094,0.000786,0.64189,0.515588,0.0,0.735984,0.34,low,0.031992,0.116182,0.148174,0
2026-07-26T12:48:35.228293,02/22 06:15,0.98,0.0,,,,18.5,28.0,0.3764,0.094094,0.0,0.094094,0.000825,0.669061,0.535728,0.0,0.763155,0.43,moderate,0.04046,0.1211,0.16156,0
2026-07-26T12:48:51.179969,02/22 07:15,1.0,0.0,,,,18.0,29.0,0.3764,0.094094,0.0,0.094094,0.004956,1.681669,1.341325,0.0,1.775763,0.43,moderate,0.04046,0.304382,0.344843,0
2026-07-26T12:48:51.200968,02/22 08:23,2.75,0.0,,,,18.0,29.0,0.3764,0.094094,0.0,0.094094,0.004568,1.420656,1.123704,0.0,1.51475,0.43,moderate,0.04046,0.257139,0.297599,0
2026-07-26T12:48:51.223969,02/22 09:23,4.98,52.0,21.59,21.5,21.85,21.5,26.0,0.3764,0.094094,0.0,0.094094,0.004678,1.700825,1.347389,0.0,1.794919,0.43,moderate,0.04046,0.307849,0.34831,0
2026-07-26T12:48:51.243968,02/22 10:23,7.25,52.0,22.59,21.57,23.91,21.5,26.0,0.3764,0.094094,0.0,0.094094,0.003827,1.995762,0.57446,0.0,2.089856,0.3,low,0.028228,0.361233,0.389461,0
2026-07-26T12:48:51.261968,02/22 11:23,9.03,52.0,23.48,22.31,24.81,21.5,26.0,0.3764,0.094094,0.0,0.094094,0.001022,0.470915,0.391655,0.0,0.565009,0.3,low,0.028228,0.085236,0.113464,0
2026-07-26T12:48:51.278971,02/22 12:15,9.98,41.6,23.74,22.69,24.54,21.5,26.0,0.3764,0.094094,0.0,0.094094,0.000795,0.396597,0.334182,0.0,0.490691,0.3,low,0.028228,0.071784,0.100012,0
2026-07-26T12:49:08.672407,02/22 13:15,10.85,20.8,23.56,22.62,24.02,21.5,25.0,0.3764,0.094094,0.11047,0.094094,0.01115,0.160591,0.156585,0.015613,0.254685,0.3,low,0.028228,0.029067,0.057295,0
2026-07-26T12:49:08.692417,02/22 14:15,7.75,41.6,23.92,22.97,24.56,21.5,25.0,0.3764,0.094094,0.0,0.094094,0.00101,0.551471,0.394005,0.0,0.645565,0.3,low,0.028228,0.099816,0.128044,0
2026-07-26T12:49:08.711414,02/22 15:15,5.55,52.0,23.87,23.05,24.8,21.5,25.0,0.3764,0.094094,0.0,0.094094,0.001801,0.770322,0.555964,0.0,0.864416,0.3,low,0.028228,0.139428,0.167656,0
2026-07-26T12:49:08.729410,02/22 16:15,3.62,52.0,23.28,22.52,24.63,21.5,25.0,0.3764,0.094094,0.0,0.094094,0.004462,0.216201,0.725913,0.0,0.310295,0.55,high,0.051752,0.039132,0.090884,0
2026-07-26T12:49:08.746456,02/22 17:15,2.65,52.0,22.34,21.56,24.06,21.5,25.0,0.3764,0.094094,0.0,0.094094,0.0053,0.921315,0.739898,0.0,1.015409,0.55,high,0.051752,0.166758,0.21851,0
2026-07-26T12:49:08.762408,02/22 18:15,2.2,52.0,22.0,21.5,23.75,21.5,25.0,0.3764,0.094094,0.0,0.094094,0.005048,1.595098,0.943497,0.0,1.689192,0.55,high,0.051752,0.288713,0.340464,0
2026-07-26T12:49:26.037318,02/22 19:15,2.2,26.0,20.87,20.5,22.36,20.5,26.0,0.3764,0.094094,0.0,0.094094,0.003996,1.624011,1.091326,0.0,1.718105,0.55,high,0.051752,0.293946,0.345698,0
2026-07-26T12:49:26.059309,02/22 20:15,2.35,0.0,,,,20.5,26.0,0.3764,0.094094,0.0,0.094094,0.004781,2.082124,1.679068,0.0,2.176218,0.55,high,0.051752,0.376864,0.428616,0
2026-07-26T12:49:26.078308,02/22 21:15,2.92,0.0,,,,20.5,26.0,0.3764,0.094094,0.0,0.094094,0.001287,0.834167,0.722826,0.0,0.928261,0.4,moderate,0.037638,0.150984,0.188622,0
2026-07-26T12:49:26.094307,02/22 22:15,3.3,0.0,,,,20.5,26.0,0.3764,0.094094,0.0,0.094094,0.001827,1.229547,0.983696,0.0,1.323641,0.4,moderate,0.037638,0.222548,0.260186,0
2026-07-26T12:49:26.110308,02/22 23:15,3.45,0.0,,,,20.5,26.0,0.3764,0.094094,0.0,0.094094,0.00212,1.388204,1.109281,0.0,1.482298,0.4,moderate,0.037638,0.251265,0.288903,0
2026-07-26T12:49:26.127310,02/23 00:15,4.03,0.0,,,,20.5,26.0,0.3764,0.094094,0.0,0.094094,0.002076,1.356323,1.096068,0.0,1.450417,0.34,low,0.031992,0.245494,0.277486,0
2026-07-26T12:49:42.946735,02/23 01:15,4.7,0.0,,,,18.5,28.0,0.3764,0.094094,0.0,0.094094,0.0,0.0,0.0,0.0,0.094094,0.34,low,0.031992,0.0,0.031992,0
2026-07-26T12:49:42.967735,02/23 02:15,5.72,0.0,,,,18.5,28.0,0.3764,0.094094,0.0,0.094094,0.0,0.0,0.0,0.0,0.094094,0.34,low,0.031992,0.0,0.031992,0
2026-07-26T12:49:42.989735,02/23 03:15,7.22,0.0,,,,18.5,28.0,0.3764,0.094094,0.0,0.094094,0.0,0.0,0.0,0.0,0.094094,0.34,low,0.031992,0.0,0.031992,0
2026-07-26T12:49:43.008734,02/23 04:15,10.45,0.0,,,,18.5,28.0,0.3764,0.094094,0.0,0.094094,0.0,0.0,0.0,0.0,0.094094,0.34,low,0.031992,0.0,0.031992,0
2026-07-26T12:49:43.027734,02/23 05:15,10.0,0.0,,,,18.5,28.0,0.3764,0.094094,0.0,0.094094,0.0,0.0,0.0,0.0,0.094094,0.34,low,0.031992,0.0,0.031992,0
2026-07-26T12:49:43.048734,02/23 06:15,10.15,0.0,,,,18.5,28.0,0.3764,0.094094,0.0,0.094094,0.0,0.0,0.0,0.0,0.094094,0.43,moderate,0.04046,0.0,0.04046,0
2026-07-26T12:49:59.150637,02/23 07:15,10.88,0.0,,,,18.0,29.0,0.3764,0.094094,0.0,0.094094,0.0,0.0,0.0,0.0,0.094094,0.43,moderate,0.04046,0.0,0.04046,0
2026-07-26T12:49:59.169645,02/23 08:15,12.25,0.0,,,,18.0,29.0,0.3764,0.094094,0.0,0.094094,0.0,0.0,0.0,0.0,0.094094,0.43,moderate,0.04046,0.0,0.04046,0
2026-07-26T12:49:59.187635,02/23 09:15,14.03,0.0,,,,18.0,29.0,0.3764,0.094094,0.0,0.094094,0.0,0.0,0.0,0.0,0.094094,0.43,moderate,0.04046,0.0,0.04046,0
2026-07-26T12:49:59.205636,02/23 10:15,14.4,0.0,,,,18.0,29.0,0.3764,0.094094,0.0,0.094094,0.0,0.0,0.0,0.0,0.094094,0.3,low,0.028228,0.0,0.028228,0
2026-07-26T12:49:59.222642,02/23 11:15,14.4,0.0,,,,18.0,29.0,0.3764,0.094094,0.0,0.094094,0.0,0.0,0.0,0.0,0.094094,0.3,low,0.028228,0.0,0.028228,0
2026-07-26T12:49:59.237635,02/23 12:15,14.28,0.0,,,,18.0,29.0,0.3764,0.094094,0.0,0.094094,0.0,0.0,0.0,0.0,0.094094,0.3,low,0.028228,0.0,0.028228,0
2026-07-26T12:50:15.790189,02/23 13:15,13.9,0.0,,,,18.0,29.0,0.3764,0.094094,0.0,0.094094,0.0,0.0,0.0,0.0,0.094094,0.3,low,0.028228,0.0,0.028228,0
2026-07-26T12:50:15.810192,02/23 14:15,13.9,0.0,,,,18.0,29.0,0.3764,0.094094,0.0,0.094094,0.0,0.0,0.0,0.0,0.094094,0.3,low,0.028228,0.0,0.028228,0
2026-07-26T12:50:15.828189,02/23 15:15,13.75,0.0,,,,18.0,29.0,0.3764,0.094094,0.0,0.094094,0.0,0.0,0.0,0.0,0.094094,0.3,low,0.028228,0.0,0.028228,0
2026-07-26T12:50:15.845188,02/23 16:15,13.3,0.0,,,,18.0,29.0,0.3764,0.094094,0.0,0.094094,0.0,0.0,0.0,0.0,0.094094,0.55,high,0.051752,0.0,0.051752,0
2026-07-26T12:50:15.862187,02/23 17:15,13.18,0.0,,,,18.0,29.0,0.3764,0.094094,0.0,0.094094,0.0,0.0,0.0,0.0,0.094094,0.55,high,0.051752,0.0,0.051752,0
2026-07-26T12:50:15.878187,02/23 18:15,12.8,0.0,,,,18.0,29.0,0.3764,0.094094,0.0,0.094094,0.0,0.0,0.0,0.0,0.094094,0.55,high,0.051752,0.0,0.051752,0
2026-07-26T12:50:32.249327,02/23 19:15,12.65,0.0,,,,18.0,29.0,0.3764,0.094094,0.0,0.094094,0.0,0.0,0.0,0.0,0.094094,0.55,high,0.051752,0.0,0.051752,0
2026-07-26T12:50:32.269323,02/23 20:15,12.07,0.0,,,,18.0,29.0,0.3764,0.094094,0.0,0.094094,0.0,0.0,0.0,0.0,0.094094,0.55,high,0.051752,0.0,0.051752,0
2026-07-26T12:50:32.287324,02/23 21:15,11.55,0.0,,,,18.0,29.0,0.3764,0.094094,0.0,0.094094,0.0,0.0,0.0,0.0,0.094094,0.4,moderate,0.037638,0.0,0.037638,0
2026-07-26T12:50:32.304323,02/23 22:15,10.97,0.0,,,,18.0,29.0,0.3764,0.094094,0.0,0.094094,0.0,0.0,0.0,0.0,0.094094,0.4,moderate,0.037638,0.0,0.037638,0
2026-07-26T12:50:32.321324,02/23 23:15,10.6,0.0,,,,18.0,29.0,0.3764,0.094094,0.0,0.094094,0.0,0.0,0.0,0.0,0.094094,0.4,moderate,0.037638,0.0,0.037638,0
2026-07-26T12:50:32.337322,02/24 00:15,10.6,0.0,,,,18.0,29.0,0.3764,0.094094,0.0,0.094094,0.0,0.0,0.0,0.0,0.094094,0.34,low,0.031992,0.0,0.031992,0
2026-07-26T12:50:48.926229,02/24 01:15,10.6,0.0,,,,18.0,29.0,0.3764,0.094094,0.0,0.094094,0.0,0.0,0.0,0.0,0.094094,0.34,low,0.031992,0.0,0.031992,0
2026-07-26T12:50:48.945229,02/24 02:15,10.45,0.0,,,,18.0,29.0,0.3764,0.094094,0.0,0.094094,0.0,0.0,0.0,0.0,0.094094,0.34,low,0.031992,0.0,0.031992,0
2026-07-26T12:50:48.963229,02/24 03:15,9.85,0.0,,,,18.0,29.0,0.3764,0.094094,0.0,0.094094,0.0,0.0,0.0,0.0,0.094094,0.34,low,0.031992,0.0,0.031992,0
2026-07-26T12:50:48.980229,02/24 04:15,9.4,0.0,,,,18.0,29.0,0.3764,0.094094,0.0,0.094094,0.0,0.0,0.0,0.0,0.094094,0.34,low,0.031992,0.0,0.031992,0
2026-07-26T12:50:48.996230,02/24 05:15,9.28,0.0,,,,18.0,29.0,0.3764,0.094094,0.0,0.094094,0.0,0.0,0.0,0.0,0.094094,0.34,low,0.031992,0.0,0.031992,0
2026-07-26T12:50:49.012228,02/24 06:15,8.2,0.0,,,,18.0,29.0,0.3764,0.094094,0.0,0.094094,0.0,0.0,0.0,0.0,0.094094,0.43,moderate,0.04046,0.0,0.04046,0
2026-07-26T12:51:05.029553,02/24 07:15,5.55,0.0,,,,18.0,29.0,0.3764,0.094094,0.0,0.094094,0.0,0.0,0.0,0.0,0.094094,0.43,moderate,0.04046,0.0,0.04046,0
2026-07-26T12:51:05.049513,02/24 08:15,3.9,0.0,,,,18.0,29.0,0.3764,0.094094,0.0,0.094094,0.0,0.0,0.0,0.0,0.094094,0.43,moderate,0.04046,0.0,0.04046,0
2026-07-26T12:51:05.068511,02/24 09:15,3.62,0.0,,,,18.0,29.0,0.3764,0.094094,0.0,0.094094,0.0,0.0,0.0,0.0,0.094094,0.43,moderate,0.04046,0.0,0.04046,0
2026-07-26T12:51:05.084503,02/24 10:15,2.65,0.0,,,,18.0,29.0,0.3764,0.094094,0.0,0.094094,0.0,0.0,0.0,0.0,0.094094,0.3,low,0.028228,0.0,0.028228,0
2026-07-26T12:51:05.100556,02/24 11:15,2.2,0.0,,,,18.0,29.0,0.3764,0.094094,0.0,0.094094,0.0,0.0,0.0,0.0,0.094094,0.3,low,0.028228,0.0,0.028228,0
2026-07-26T12:51:05.116559,02/24 12:15,1.93,0.0,,,,18.0,29.0,0.3764,0.094094,0.0,0.094094,0.0,0.0,0.0,0.0,0.094094,0.3,low,0.028228,0.0,0.028228,0
2026-07-26T12:51:21.501422,02/24 13:15,1.1,0.0,,,,18.0,29.0,0.3764,0.094094,0.0,0.094094,0.0,0.0,0.0,0.0,0.094094,0.3,low,0.028228,0.0,0.028228,0
2026-07-26T12:51:21.520431,02/24 14:15,1.25,0.0,,,,18.0,29.0,0.3764,0.094094,0.0,0.094094,0.0,0.0,0.0,0.0,0.094094,0.3,low,0.028228,0.0,0.028228,0
2026-07-26T12:51:21.538420,02/24 15:15,1.42,0.0,,,,18.0,29.0,0.3764,0.094094,0.0,0.094094,0.0,0.0,0.0,0.0,0.094094,0.3,low,0.028228,0.0,0.028228,0
2026-07-26T12:51:21.554420,02/24 16:15,0.6,0.0,,,,18.0,29.0,0.3764,0.094094,0.0,0.094094,0.0,0.0,0.0,0.0,0.094094,0.55,high,0.051752,0.0,0.051752,0
2026-07-26T12:51:21.571420,02/24 17:15,0.72,0.0,,,,18.0,29.0,0.3764,0.094094,0.0,0.094094,1.5e-05,0.009876,0.012861,0.0,0.10397,0.55,high,0.051752,0.001788,0.053539,0
2026-07-26T12:51:21.586423,02/24 18:15,1.1,0.0,,,,18.0,29.0,0.3764,0.094094,0.0,0.094094,0.000203,0.143443,0.156064,0.0,0.237537,0.55,high,0.051752,0.025963,0.077715,0
2026-07-26T12:51:37.736922,02/24 19:15,1.1,0.0,,,,18.0,29.0,0.3764,0.094094,0.0,0.094094,0.000338,0.266599,0.250616,0.0,0.360693,0.55,high,0.051752,0.048254,0.100006,0
2026-07-26T12:51:37.758926,02/24 20:15,1.25,0.0,,,,18.0,29.0,0.3764,0.094094,0.0,0.094094,0.000412,0.347751,0.299029,0.0,0.441845,0.55,high,0.051752,0.062943,0.114695,0
2026-07-26T12:51:37.776918,02/24 21:15,1.55,0.0,,,,18.0,29.0,0.3764,0.094094,0.0,0.094094,0.000514,0.44485,0.362115,0.0,0.538944,0.4,moderate,0.037638,0.080518,0.118155,0
2026-07-26T12:51:37.793917,02/24 22:15,1.25,0.0,,,,18.0,29.0,0.3764,0.094094,0.0,0.094094,0.000497,0.432834,0.350977,0.0,0.526928,0.4,moderate,0.037638,0.078343,0.115981,0
2026-07-26T12:51:37.809916,02/24 23:15,1.82,0.0,,,,18.0,29.0,0.3764,0.094094,0.0,0.094094,0.000426,0.374637,0.306752,0.0,0.468731,0.4,moderate,0.037638,0.067809,0.105447,0
2026-07-26T12:51:37.825918,02/25 00:15,2.35,0.0,,,,18.0,29.0,0.3764,0.094094,0.0,0.094094,0.000445,0.393982,0.317558,0.0,0.488076,0.34,low,0.031992,0.071311,0.103303,0
2026-07-26T12:51:54.460607,02/25 01:15,2.8,0.0,,,,18.0,29.0,0.3764,0.094094,0.0,0.094094,0.000654,0.564574,0.443798,0.0,0.658668,0.34,low,0.031992,0.102188,0.13418,0
2026-07-26T12:51:54.479605,02/25 02:15,2.8,0.0,,,,18.0,29.0,0.3764,0.094094,0.0,0.094094,0.000625,0.532225,0.42591,0.0,0.626319,0.34,low,0.031992,0.096333,0.128325,0
2026-07-26T12:51:54.501063,02/25 03:15,2.52,0.0,,,,18.0,29.0,0.3764,0.094094,0.0,0.094094,0.000711,0.598221,0.473401,0.0,0.692315,0.34,low,0.031992,0.108278,0.14027,0
2026-07-26T12:51:54.521065,02/25 04:15,1.55,0.0,,,,18.0,29.0,0.3764,0.094094,0.0,0.094094,0.000835,0.687271,0.542525,0.0,0.781365,0.34,low,0.031992,0.124396,0.156388,0
2026-07-26T12:51:54.542049,02/25 05:15,1.1,0.0,,,,18.0,29.0,0.3764,0.094094,0.0,0.094094,0.000738,0.605653,0.490771,0.0,0.699747,0.34,low,0.031992,0.109623,0.141615,0
2026-07-26T12:51:54.560225,02/25 06:15,0.98,0.0,,,,18.0,29.0,0.3764,0.094094,0.0,0.094094,0.000896,0.72767,0.57567,0.0,0.821764,0.43,moderate,0.04046,0.131708,0.172169,0
2026-07-26T12:52:10.197990,02/25 07:15,0.72,0.0,,,,18.0,29.0,0.3764,0.094094,0.0,0.094094,0.005529,2.060897,1.646477,0.0,2.154991,0.43,moderate,0.04046,0.373022,0.413483,0
2026-07-26T12:52:10.217990,02/25 08:15,1.25,0.0,,,,18.0,29.0,0.3764,0.094094,0.0,0.094094,0.005422,1.988277,1.598834,0.0,2.082371,0.43,moderate,0.04046,0.359878,0.400339,0
2026-07-26T12:52:10.240988,02/25 09:23,1.82,52.0,22.0,22.0,22.0,22.0,26.0,0.3764,0.094094,0.0,0.094094,0.008008,3.237072,2.696608,0.0,3.331166,0.43,moderate,0.04046,0.58591,0.62637,0
2026-07-26T12:52:10.258992,02/25 10:15,2.35,52.0,22.09,22.0,22.36,22.0,26.0,0.3764,0.094094,0.0,0.094094,0.004463,1.670239,1.306972,0.0,1.764333,0.3,low,0.028228,0.302313,0.330541,0
2026-07-26T12:52:10.277987,02/25 11:15,2.92,52.0,22.47,22.0,23.25,22.0,26.0,0.3764,0.094094,0.0,0.094094,0.003851,1.004369,0.933896,0.0,1.098463,0.3,low,0.028228,0.181791,0.210019,0
2026-07-26T12:52:10.295993,02/25 12:15,3.3,41.6,22.39,22.0,23.17,22.0,26.0,0.3764,0.094094,0.0,0.094094,0.004424,0.807728,0.890454,0.0,0.901822,0.3,low,0.028228,0.146199,0.174427,0
2026-07-26T12:52:26.745450,02/25 13:15,3.45,20.8,22.14,22.0,22.71,22.0,25.0,0.3764,0.094094,0.0,0.094094,0.003778,1.391736,1.093579,0.0,1.48583,0.3,low,0.028228,0.251904,0.280132,0
2026-07-26T12:52:26.763446,02/25 14:15,3.9,41.6,22.3,22.0,23.32,22.0,25.0,0.3764,0.094094,0.0,0.094094,0.005153,0.553787,0.827646,0.0,0.647881,0.3,low,0.028228,0.100235,0.128464,0
2026-07-26T12:52:26.781446,02/25 15:15,4.03,52.0,22.31,22.0,23.43,22.0,25.0,0.3764,0.094094,0.0,0.094094,0.0053,0.543772,0.752157,0.0,0.637866,0.3,low,0.028228,0.098423,0.126651,0
2026-07-26T12:52:26.798449,02/25 16:15,4.4,52.0,22.3,22.0,23.48,22.0,25.0,0.3764,0.094094,0.0,0.094094,0.005342,0.32456,0.645522,0.0,0.418654,0.55,high,0.051752,0.058745,0.110497,0
2026-07-26T12:52:26.815447,02/25 17:15,4.28,52.0,22.24,22.0,23.2,22.0,25.0,0.3764,0.094094,0.0,0.094094,0.005613,1.379803,0.880589,0.0,1.473897,0.55,high,0.051752,0.249744,0.301496,0
2026-07-26T12:52:26.832446,02/25 18:15,3.62,52.0,22.27,22.0,23.33,22.0,25.0,0.3764,0.094094,0.0,0.094094,0.004308,1.838035,1.102673,0.0,1.932129,0.55,high,0.051752,0.332684,0.384436,0
2026-07-26T12:52:43.649342,02/25 19:15,2.8,26.0,20.81,20.5,22.04,20.5,26.0,0.3764,0.094094,0.0,0.094094,0.005221,2.311893,1.134175,0.0,2.405987,0.55,high,0.051752,0.418453,0.470204,0
2026-07-26T12:52:43.673344,02/25 20:15,2.8,0.0,,,,20.5,26.0,0.3764,0.094094,0.0,0.094094,0.005144,2.220182,1.789518,0.0,2.314276,0.55,high,0.051752,0.401853,0.453605,0
2026-07-26T12:52:43.694341,02/25 21:15,2.52,0.0,,,,20.5,26.0,0.3764,0.094094,0.0,0.094094,0.001776,1.148101,0.953583,0.0,1.242195,0.4,moderate,0.037638,0.207806,0.245444,0
2026-07-26T12:52:43.713346,02/25 22:15,1.7,0.0,,,,20.5,26.0,0.3764,0.094094,0.0,0.094094,0.002273,1.449902,1.156811,0.0,1.543996,0.4,moderate,0.037638,0.262432,0.30007,0
2026-07-26T12:52:43.732346,02/25 23:15,1.7,0.0,,,,20.5,26.0,0.3764,0.094094,0.0,0.094094,0.002703,1.649112,1.315255,0.0,1.743206,0.4,moderate,0.037638,0.298489,0.336127,0
2026-07-26T12:52:43.753345,02/26 00:15,1.55,0.0,,,,20.5,26.0,0.3764,0.094094,0.0,0.094094,0.002499,1.538551,1.246692,0.0,1.632645,0.34,low,0.031992,0.278478,0.31047,0
2026-07-26T12:53:00.622751,02/26 01:15,0.98,0.0,,,,18.5,28.0,0.3764,0.094094,0.0,0.094094,2.2e-05,0.013342,0.019169,0.0,0.107436,0.34,low,0.031992,0.002415,0.034407,0
2026-07-26T12:53:00.642740,02/26 02:15,0.45,0.0,,,,18.5,28.0,0.3764,0.094094,0.0,0.094094,0.000406,0.289986,0.29338,0.0,0.38408,0.34,low,0.031992,0.052487,0.084479,0
2026-07-26T12:53:00.659739,02/26 03:15,-0.28,0.0,,,,18.5,28.0,0.3764,0.094094,0.0,0.094094,0.000585,0.468324,0.403371,0.0,0.562418,0.34,low,0.031992,0.084767,0.116759,0
2026-07-26T12:53:00.675739,02/26 04:15,-1.38,0.0,,,,18.5,28.0,0.3764,0.094094,0.0,0.094094,0.000834,0.681115,0.542246,0.0,0.775209,0.34,low,0.031992,0.123282,0.155274,0
2026-07-26T12:53:00.692738,02/26 05:15,-2.35,0.0,,,,18.5,28.0,0.3764,0.094094,0.0,0.094094,0.000948,0.75869,0.601672,0.0,0.852784,0.34,low,0.031992,0.137323,0.169315,0
2026-07-26T12:53:00.708739,02/26 06:15,-3.2,0.0,,,,18.5,28.0,0.3764,0.094094,0.0,0.094094,0.001043,0.817962,0.651372,0.0,0.912056,0.43,moderate,0.04046,0.148051,0.188512,0
2026-07-26T12:53:16.864397,02/26 07:15,-3.73,0.0,,,,18.0,29.0,0.3764,0.094094,0.0,0.094094,0.006565,2.394828,1.918199,0.0,2.488922,0.43,moderate,0.04046,0.433464,0.473924,0
2026-07-26T12:53:16.883397,02/26 08:15,-1.12,0.0,,,,18.0,29.0,0.3764,0.094094,0.0,0.094094,0.005575,1.936428,1.548229,0.0,2.030522,0.43,moderate,0.04046,0.350493,0.390954,0
2026-07-26T12:53:16.906402,02/26 09:15,0.72,52.0,21.5,21.5,21.5,21.5,26.0,0.3764,0.094094,0.0,0.094094,0.006411,2.634476,2.134934,0.0,2.72857,0.43,moderate,0.04046,0.47684,0.517301,0
2026-07-26T12:53:16.925397,02/26 10:15,1.1,52.0,21.78,21.5,22.91,21.5,26.0,0.3764,0.094094,0.0,0.094094,0.004389,1.536505,1.203778,0.0,1.630599,0.3,low,0.028228,0.278107,0.306336,0
2026-07-26T12:53:16.943398,02/26 11:15,1.25,52.0,22.05,21.5,23.44,21.5,26.0,0.3764,0.094094,0.0,0.094094,0.004026,1.279048,1.028836,0.0,1.373142,0.3,low,0.028228,0.231508,0.259736,0
2026-07-26T12:53:16.959398,02/26 12:15,1.7,41.6,22.19,21.55,23.57,21.5,26.0,0.3764,0.094094,0.0,0.094094,0.003784,1.201023,0.966634,0.0,1.295117,0.3,low,0.028228,0.217385,0.245613,0
2026-07-26T12:53:33.692307,02/26 13:15,1.7,20.8,21.9,21.5,23.14,21.5,25.0,0.3764,0.094094,0.0,0.094094,0.00377,1.25518,1.013912,0.0,1.349274,0.3,low,0.028228,0.227188,0.255416,0
2026-07-26T12:53:33.710311,02/26 14:15,1.42,41.6,22.18,21.56,23.56,21.5,25.0,0.3764,0.094094,0.0,0.094094,0.003617,1.178782,0.951509,0.0,1.272876,0.3,low,0.028228,0.21336,0.241588,0
2026-07-26T12:53:33.728309,02/26 15:15,0.45,52.0,22.31,21.67,23.8,21.5,25.0,0.3764,0.094094,0.0,0.094094,0.00374,1.270574,1.030065,0.0,1.364668,0.3,low,0.028228,0.229974,0.258202,0
2026-07-26T12:53:33.744315,02/26 16:15,-0.15,52.0,22.1,21.5,23.75,21.5,25.0,0.3764,0.094094,0.0,0.094094,0.003832,1.339375,1.083606,0.0,1.433469,0.55,high,0.051752,0.242427,0.294179,0
2026-07-26T12:53:33.761308,02/26 17:15,-0.72,52.0,21.89,21.5,23.43,21.5,25.0,0.3764,0.094094,0.0,0.094094,0.004166,1.585092,1.293459,0.0,1.679186,0.55,high,0.051752,0.286902,0.338653,0
2026-07-26T12:53:33.778310,02/26 18:15,-1.1,52.0,21.84,21.5,23.17,21.5,25.0,0.3764,0.094094,0.0,0.094094,0.004666,1.937851,1.573878,0.0,2.031945,0.55,high,0.051752,0.350751,0.402503,0
2026-07-26T12:53:50.715293,02/26 19:15,-1.1,26.0,20.73,20.5,21.64,20.5,26.0,0.3764,0.094094,0.0,0.094094,0.004921,2.040532,1.656523,0.0,2.134626,0.55,high,0.051752,0.369336,0.421088,0
2026-07-26T12:53:50.738358,02/26 20:15,-1.25,0.0,,,,20.5,26.0,0.3764,0.094094,0.0,0.094094,0.006536,2.89098,2.326377,0.0,2.985074,0.55,high,0.051752,0.523267,0.575019,0
2026-07-26T12:53:50.759360,02/26 21:15,-1.7,0.0,,,,20.5,26.0,0.3764,0.094094,0.0,0.094094,0.002858,1.678054,1.338774,0.0,1.772148,0.4,moderate,0.037638,0.303728,0.341365,0
2026-07-26T12:53:50.778357,02/26 22:15,-1.7,0.0,,,,20.5,26.0,0.3764,0.094094,0.0,0.094094,0.004226,2.186522,1.731583,0.0,2.280616,0.4,moderate,0.037638,0.39576,0.433398,0
2026-07-26T12:53:50.797351,02/26 23:15,-1.7,0.0,,,,20.5,26.0,0.3764,0.094094,0.0,0.094094,0.004623,2.289507,1.837077,0.0,2.383601,0.4,moderate,0.037638,0.414401,0.452038,0
2026-07-26T12:53:50.814619,02/27 00:15,-1.7,0.0,,,,20.5,26.0,0.3764,0.094094,0.0,0.094094,0.005318,2.497528,1.995435,0.0,2.591622,0.34,low,0.031992,0.452053,0.484045,0
2026-07-26T12:54:06.646340,02/27 01:15,-1.7,0.0,,,,18.5,28.0,0.3764,0.094094,0.0,0.094094,0.000572,0.342354,0.393806,0.0,0.436448,0.34,low,0.031992,0.061966,0.093958,0
2026-07-26T12:54:06.666341,02/27 02:15,-1.7,0.0,,,,18.5,28.0,0.3764,0.094094,0.0,0.094094,0.00103,0.761854,0.639312,0.0,0.855948,0.34,low,0.031992,0.137896,0.169888,0
2026-07-26T12:54:06.684340,02/27 03:15,-1.82,0.0,,,,18.5,28.0,0.3764,0.094094,0.0,0.094094,0.001233,0.922338,0.736836,0.0,1.016432,0.34,low,0.031992,0.166943,0.198935,0
2026-07-26T12:54:06.700340,02/27 04:15,-2.35,0.0,,,,18.5,28.0,0.3764,0.094094,0.0,0.094094,0.0014,1.019582,0.810896,0.0,1.113676,0.34,low,0.031992,0.184544,0.216536,0
2026-07-26T12:54:06.717340,02/27 05:15,-2.8,0.0,,,,18.5,28.0,0.3764,0.094094,0.0,0.094094,0.001511,1.075235,0.859275,0.0,1.169329,0.34,low,0.031992,0.194618,0.226609,0
2026-07-26T12:54:06.733340,02/27 06:15,-2.92,0.0,,,,18.5,28.0,0.3764,0.094094,0.0,0.094094,0.001505,1.064171,0.856221,0.0,1.158265,0.43,moderate,0.04046,0.192615,0.233075,0
2026-07-26T12:54:22.853358,02/27 07:15,-3.3,0.0,,,,18.0,29.0,0.3764,0.094094,0.0,0.094094,0.006493,2.425332,1.948805,0.0,2.519426,0.43,moderate,0.04046,0.438985,0.479446,0
2026-07-26T12:54:22.876354,02/27 08:15,-3.17,0.0,,,,18.0,29.0,0.3764,0.094094,0.0,0.094094,0.006406,2.348091,1.885833,0.0,2.442185,0.43,moderate,0.04046,0.425004,0.465465,0
2026-07-26T12:54:22.902356,02/27 09:23,-2.65,52.0,22.0,22.0,22.0,22.0,26.0,0.3764,0.094094,0.0,0.094094,0.008438,3.439474,2.841412,0.0,3.533568,0.43,moderate,0.04046,0.622545,0.663005,0
2026-07-26T12:54:22.921353,02/27 10:15,-1.93,52.0,22.18,22.0,22.69,22.0,26.0,0.3764,0.094094,0.0,0.094094,0.005399,2.046924,1.631693,0.0,2.141018,0.3,low,0.028228,0.370493,0.398721,0
2026-07-26T12:54:22.943356,02/27 11:15,-0.98,52.0,22.34,22.0,23.31,22.0,26.0,0.3764,0.094094,0.0,0.094094,0.004622,1.638571,1.314378,0.0,1.732665,0.3,low,0.028228,0.296581,0.32481,0
2026-07-26T12:54:22.964354,02/27 12:15,-0.6,41.6,22.26,22.0,23.27,22.0,26.0,0.3764,0.094094,0.0,0.094094,0.004528,1.710533,1.375811,0.0,1.804627,0.3,low,0.028228,0.309606,0.337835,0
2026-07-26T12:54:39.301491,02/27 13:15,-0.45,20.8,22.16,22.0,22.77,22.0,25.0,0.3764,0.094094,0.0,0.094094,0.004738,1.917917,1.546912,0.0,2.012011,0.3,low,0.028228,0.347143,0.375371,0
2026-07-26T12:54:39.321530,02/27 14:15,0.0,41.6,22.3,22.0,23.44,22.0,25.0,0.3764,0.094094,0.0,0.094094,0.004088,1.480113,1.183835,0.0,1.574207,0.3,low,0.028228,0.2679,0.296129,0
2026-07-26T12:54:39.339487,02/27 15:15,0.0,52.0,22.4,22.0,23.77,22.0,25.0,0.3764,0.094094,0.0,0.094094,0.003964,1.403395,1.133351,0.0,1.497489,0.3,low,0.028228,0.254014,0.282243,0
2026-07-26T12:54:39.356494,02/27 16:15,0.0,52.0,22.35,22.0,23.73,22.0,25.0,0.3764,0.094094,0.0,0.094094,0.004061,1.519453,1.234923,0.0,1.613547,0.55,high,0.051752,0.275021,0.326773,0
2026-07-26T12:54:39.373491,02/27 17:15,0.0,52.0,22.3,22.0,23.5,22.0,25.0,0.3764,0.094094,0.0,0.094094,0.00434,1.77315,1.433814,0.0,1.867244,0.55,high,0.051752,0.32094,0.372692,0
2026-07-26T12:54:39.389784,02/27 18:15,-0.15,52.0,22.3,22.0,23.49,22.0,25.0,0.3764,0.094094,0.0,0.094094,0.004518,1.907839,1.540084,0.0,2.001933,0.55,high,0.051752,0.345319,0.397071,0
2026-07-26T12:54:55.927335,02/27 19:15,-0.6,26.0,20.83,20.5,22.14,20.5,26.0,0.3764,0.094094,0.0,0.094094,0.004541,1.822774,1.462701,0.0,1.916868,0.55,high,0.051752,0.329922,0.381674,0
2026-07-26T12:54:55.948336,02/27 20:15,-0.6,0.0,,,,20.5,26.0,0.3764,0.094094,0.0,0.094094,0.006088,2.671982,2.150888,0.0,2.766076,0.55,high,0.051752,0.483629,0.53538,0
2026-07-26T12:54:55.966334,02/27 21:15,-0.88,0.0,,,,20.5,26.0,0.3764,0.094094,0.0,0.094094,0.00214,1.33561,1.091277,0.0,1.429704,0.4,moderate,0.037638,0.241745,0.279383,0
2026-07-26T12:54:55.983335,02/27 22:15,-1.7,0.0,,,,20.5,26.0,0.3764,0.094094,0.0,0.094094,0.002996,1.758322,1.392398,0.0,1.852416,0.4,moderate,0.037638,0.318256,0.355894,0
2026-07-26T12:54:56.001335,02/27 23:15,-1.55,0.0,,,,20.5,26.0,0.3764,0.094094,0.0,0.094094,0.003331,1.87408,1.50077,0.0,1.968174,0.4,moderate,0.037638,0.339208,0.376846,0
2026-07-26T12:54:56.017334,02/28 00:15,-1.25,0.0,,,,20.5,26.0,0.3764,0.094094,0.0,0.094094,0.003593,1.972088,1.582434,0.0,2.066182,0.34,low,0.031992,0.356948,0.38894,0
2026-07-26T12:55:11.946401,02/28 01:15,-1.82,0.0,,,,18.5,28.0,0.3764,0.094094,0.0,0.094094,0.000365,0.219263,0.266968,0.0,0.313357,0.34,low,0.031992,0.039687,0.071679,0
2026-07-26T12:55:11.965400,02/28 02:15,-2.35,0.0,,,,18.5,28.0,0.3764,0.094094,0.0,0.094094,0.000866,0.645935,0.557591,0.0,0.740029,0.34,low,0.031992,0.116914,0.148906,0
2026-07-26T12:55:11.983399,02/28 03:15,-3.07,0.0,,,,18.5,28.0,0.3764,0.094094,0.0,0.094094,0.001135,0.868626,0.691817,0.0,0.96272,0.34,low,0.031992,0.157221,0.189213,0
2026-07-26T12:55:11.999399,02/28 04:15,-3.9,0.0,,,,18.5,28.0,0.3764,0.094094,0.0,0.094094,0.001289,0.961677,0.764129,0.0,1.055771,0.34,low,0.031992,0.174064,0.206055,0
2026-07-26T12:55:12.015399,02/28 05:15,-4.17,0.0,,,,18.5,28.0,0.3764,0.094094,0.0,0.094094,0.001217,0.906766,0.73526,0.0,1.00086,0.34,low,0.031992,0.164125,0.196117,0
2026-07-26T12:55:12.031399,02/28 06:15,-5.42,0.0,,,,18.5,28.0,0.3764,0.094094,0.0,0.094094,0.001484,1.078679,0.851932,0.0,1.172773,0.43,moderate,0.04046,0.195241,0.235701,0
2026-07-26T12:55:28.998457,02/28 07:15,-6.0,0.0,,,,18.0,29.0,0.3764,0.094094,0.0,0.094094,0.007712,2.736358,2.181475,0.0,2.830452,0.43,moderate,0.04046,0.495281,0.535741,0
2026-07-26T12:55:29.022457,02/28 08:23,-3.62,0.0,,,,18.0,29.0,0.3764,0.094094,0.0,0.094094,0.006422,2.267018,1.821841,0.0,2.361112,0.43,moderate,0.04046,0.41033,0.450791,0
2026-07-26T12:55:29.045460,02/28 09:23,-2.37,52.0,22.02,22.0,22.08,22.0,26.0,0.3764,0.094094,0.0,0.094094,0.007748,3.112553,2.562168,0.0,3.206647,0.43,moderate,0.04046,0.563372,0.603833,0
2026-07-26T12:55:29.064456,02/28 10:23,-0.68,52.0,22.52,22.0,23.88,22.0,26.0,0.3764,0.094094,0.0,0.094094,0.004923,1.833603,1.450775,0.0,1.927697,0.3,low,0.028228,0.331882,0.36011,0
2026-07-26T12:55:29.082457,02/28 11:23,0.72,52.0,23.07,22.0,25.2,22.0,26.0,0.3764,0.094094,0.0,0.094094,0.004021,1.340911,1.074131,0.0,1.435005,0.3,low,0.028228,0.242705,0.270933,0
2026-07-26T12:55:29.099456,02/28 12:15,1.38,41.6,23.24,22.0,25.17,22.0,26.0,0.3764,0.094094,0.0,0.094094,0.003744,1.256655,1.013068,0.0,1.350749,0.3,low,0.028228,0.227455,0.255683,0
2026-07-26T12:55:46.526926,02/28 13:15,2.35,20.8,23.14,22.0,24.17,22.0,25.0,0.3764,0.094094,0.0,0.094094,0.003423,1.129751,0.921054,0.0,1.223845,0.3,low,0.028228,0.204485,0.232713,0
2026-07-26T12:55:46.546922,02/28 14:15,2.65,41.6,23.47,22.14,24.88,22.0,25.0,0.3764,0.094094,0.0,0.094094,0.004105,0.750961,0.837473,0.0,0.845055,0.3,low,0.028228,0.135924,0.164152,0
2026-07-26T12:55:46.564922,02/28 15:15,2.35,52.0,23.65,22.71,25.0,22.0,25.0,0.3845,0.09612,0.0,0.09612,0.002802,1.038373,0.775129,0.0,1.134493,0.3,low,0.028836,0.187946,0.216782,0
2026-07-26T12:55:46.581924,02/28 16:15,2.65,52.0,23.66,22.69,25.0,22.0,25.0,0.3825,0.095618,0.0,0.095618,0.002976,0.708727,0.743389,0.0,0.804345,0.55,high,0.05259,0.12828,0.180869,0
2026-07-26T12:55:46.597921,02/28 17:15,1.8,52.0,23.12,22.02,24.31,22.0,25.0,0.3764,0.094094,0.0,0.094094,0.004812,1.184862,0.864157,0.0,1.278956,0.55,high,0.051752,0.21446,0.266212,0
2026-07-26T12:55:46.615922,02/28 18:23,0.17,52.0,22.59,22.0,24.14,22.0,25.0,0.3764,0.094094,0.0,0.094094,0.003596,1.407509,1.118241,0.0,1.501603,0.55,high,0.051752,0.254759,0.306511,0
2026-07-26T12:56:02.961494,02/28 19:15,-1.25,26.0,21.01,20.49,22.71,20.5,26.0,0.3764,0.094094,0.0,0.094094,0.004116,1.547224,1.289431,0.0,1.641318,0.55,high,0.051752,0.280048,0.331799,0
2026-07-26T12:56:02.982499,02/28 20:15,-1.82,0.0,,,,20.5,26.0,0.3764,0.094094,0.0,0.094094,0.005788,2.583033,2.085118,0.0,2.677127,0.55,high,0.051752,0.467529,0.519281,0
2026-07-26T12:56:03.001500,02/28 21:15,-1.98,0.0,,,,20.5,26.0,0.3764,0.094094,0.0,0.094094,0.001728,1.082882,0.891957,0.0,1.176976,0.4,moderate,0.037638,0.196002,0.233639,0
2026-07-26T12:56:03.020500,02/28 22:15,-1.1,0.0,,,,20.5,26.0,0.3764,0.094094,0.0,0.094094,0.00259,1.569877,1.245997,0.0,1.663971,0.4,moderate,0.037638,0.284148,0.321785,0
2026-07-26T12:56:03.039500,02/28 23:15,-0.33,0.0,,,,20.5,26.0,0.3764,0.094094,0.0,0.094094,0.003004,1.744678,1.39587,0.0,1.838772,0.4,moderate,0.037638,0.315787,0.353424,0
2026-07-26T12:56:03.059494,03/01 00:15,0.38,0.0,,,,20.5,26.0,0.3764,0.094094,0.0,0.094094,0.00324,1.841678,1.478848,0.0,1.935772,0.34,low,0.031992,0.333344,0.365336,0
2026-07-26T12:56:19.570490,03/01 01:15,1.1,0.0,,,,18.5,28.0,0.3764,0.094094,0.0,0.094094,0.000179,0.104809,0.135478,0.0,0.198903,0.34,low,0.031992,0.01897,0.050962,0
2026-07-26T12:56:19.589482,03/01 02:15,1.9,0.0,,,,18.5,28.0,0.3764,0.094094,0.0,0.094094,0.000474,0.340302,0.33588,0.0,0.434396,0.34,low,0.031992,0.061595,0.093587,0
2026-07-26T12:56:19.606483,03/01 03:15,2.7,0.0,,,,18.5,28.0,0.3764,0.094094,0.0,0.094094,0.000572,0.457587,0.393697,0.0,0.551681,0.34,low,0.031992,0.082823,0.114815,0
2026-07-26T12:56:19.623483,03/01 04:15,3.3,0.0,,,,18.5,28.0,0.3764,0.094094,0.0,0.094094,0.00059,0.489952,0.402853,0.0,0.584046,0.34,low,0.031992,0.088681,0.120673,0
2026-07-26T12:56:19.639487,03/01 05:15,3.3,0.0,,,,18.5,28.0,0.3764,0.094094,0.0,0.094094,0.000633,0.530965,0.428112,0.0,0.625059,0.34,low,0.031992,0.096105,0.128097,0
2026-07-26T12:56:19.655485,03/01 06:15,3.3,0.0,,,,18.5,28.0,0.3764,0.094094,0.0,0.094094,0.000629,0.526969,0.424517,0.0,0.621063,0.43,moderate,0.04046,0.095381,0.135842,0
2026-07-26T12:56:35.414014,03/01 07:15,3.17,0.0,,,,18.0,29.0,0.3764,0.094094,0.0,0.094094,0.004413,1.35144,1.08158,0.0,1.445534,0.43,moderate,0.04046,0.244611,0.285071,0
2026-07-26T12:56:35.434015,03/01 08:15,2.8,0.0,,,,18.0,29.0,0.3764,0.094094,0.0,0.094094,0.004558,1.433275,1.157285,0.0,1.527369,0.43,moderate,0.04046,0.259423,0.299883,0
2026-07-26T12:56:35.455013,03/01 09:15,3.07,52.0,21.5,21.5,21.5,21.5,26.0,0.3764,0.094094,0.0,0.094094,0.005749,2.33735,1.893163,0.0,2.431444,0.43,moderate,0.04046,0.42306,0.463521,0
2026-07-26T12:56:35.474015,03/01 10:15,3.75,52.0,21.86,21.5,22.88,21.5,26.0,0.3764,0.094094,0.0,0.094094,0.005016,0.342995,0.829831,0.0,0.437089,0.3,low,0.028228,0.062082,0.09031,0
2026-07-26T12:56:35.490011,03/01 11:15,3.45,52.0,22.06,21.5,23.3,21.5,26.0,0.3764,0.094094,0.0,0.094094,0.00522,0.592076,0.719602,0.0,0.68617,0.3,low,0.028228,0.107166,0.135394,0
2026-07-26T12:56:35.507013,03/01 12:15,3.9,41.6,21.95,21.5,23.28,21.5,26.0,0.3764,0.094094,0.0,0.094094,0.005229,0.329851,0.641027,0.0,0.423945,0.3,low,0.028228,0.059703,0.087931,0
2026-07-26T12:56:52.235176,03/01 13:15,4.03,20.8,21.77,21.5,22.86,21.5,25.0,0.3764,0.094094,0.0,0.094094,0.005517,0.909533,0.790399,0.0,1.003627,0.3,low,0.028228,0.164625,0.192854,0
2026-07-26T12:56:52.255169,03/01 14:15,4.55,41.6,21.97,21.5,23.36,21.5,25.0,0.3764,0.094094,0.0,0.094094,0.005211,0.050958,0.502035,0.0,0.145052,0.3,low,0.028228,0.009223,0.037452,0
2026-07-26T12:56:52.274168,03/01 15:15,5.28,52.0,22.68,22.07,23.94,21.5,25.0,0.3764,0.094094,0.0,0.094094,0.00281,0.953276,0.686101,0.0,1.04737,0.3,low,0.028228,0.172543,0.200771,0
2026-07-26T12:56:52.291174,03/01 16:15,5.97,52.0,22.77,22.06,23.98,21.5,25.0,0.3764,0.094094,0.0,0.094094,0.002039,0.707536,0.592809,0.0,0.80163,0.55,high,0.051752,0.128064,0.179816,0
2026-07-26T12:56:52.308170,03/01 17:15,5.3,52.0,22.87,21.75,23.9,21.5,25.0,0.3764,0.094094,0.0,0.094094,0.002276,0.789439,0.626461,0.0,0.883533,0.55,high,0.051752,0.142888,0.19464,0
2026-07-26T12:56:52.326168,03/01 18:15,3.73,52.0,22.39,21.5,23.95,21.5,25.0,0.3764,0.094094,0.0,0.094094,0.004027,0.067684,0.725374,0.0,0.161778,0.55,high,0.051752,0.012251,0.064003,0
2026-07-26T12:57:08.469571,03/01 19:15,2.1,26.0,20.98,20.5,22.57,20.5,26.0,0.3764,0.094094,0.0,0.094094,0.005615,1.80789,0.968455,0.0,1.901984,0.55,high,0.051752,0.327228,0.37898,0
2026-07-26T12:57:08.490576,03/01 20:15,2.9,0.0,,,,20.5,26.0,0.3764,0.094094,0.0,0.094094,0.004518,1.893507,1.52435,0.0,1.987601,0.55,high,0.051752,0.342725,0.394476,0
2026-07-26T12:57:08.508572,03/01 21:15,1.55,0.0,,,,20.5,26.0,0.3764,0.094094,0.0,0.094094,0.001246,0.804311,0.701677,0.0,0.898405,0.4,moderate,0.037638,0.14558,0.183218,0
2026-07-26T12:57:08.525570,03/01 22:15,0.98,0.0,,,,20.5,26.0,0.3764,0.094094,0.0,0.094094,0.001973,1.30397,1.034497,0.0,1.398064,0.4,moderate,0.037638,0.236019,0.273656,0
2026-07-26T12:57:08.543577,03/01 23:15,0.72,0.0,,,,20.5,26.0,0.3764,0.094094,0.0,0.094094,0.002555,1.585574,1.256045,0.0,1.679668,0.4,moderate,0.037638,0.286989,0.324626,0
2026-07-26T12:57:08.562571,03/02 00:15,1.1,0.0,,,,20.5,26.0,0.3764,0.094094,0.0,0.094094,0.002768,1.66344,1.332962,0.0,1.757534,0.34,low,0.031992,0.301083,0.333075,0
2026-07-26T12:57:25.075465,03/02 01:15,0.83,0.0,,,,18.5,28.0,0.3764,0.094094,0.0,0.094094,0.0,0.0,0.0,0.0,0.094094,0.34,low,0.031992,0.0,0.031992,0
2026-07-26T12:57:25.094457,03/02 02:15,0.0,0.0,,,,18.5,28.0,0.3764,0.094094,0.0,0.094094,0.000147,0.091771,0.116518,0.0,0.185865,0.34,low,0.031992,0.016611,0.048603,0
2026-07-26T12:57:25.111456,03/02 03:15,-0.28,0.0,,,,18.5,28.0,0.3764,0.094094,0.0,0.094094,0.000412,0.303762,0.298483,0.0,0.397856,0.34,low,0.031992,0.054981,0.086973,0
2026-07-26T12:57:25.128455,03/02 04:15,-1.38,0.0,,,,18.5,28.0,0.3764,0.094094,0.0,0.094094,0.0006,0.487569,0.414414,0.0,0.581663,0.34,low,0.031992,0.08825,0.120242,0
2026-07-26T12:57:25.144455,03/02 05:15,-2.08,0.0,,,,18.5,28.0,0.3764,0.094094,0.0,0.094094,0.000774,0.639257,0.511621,0.0,0.733351,0.34,low,0.031992,0.115706,0.147697,0
2026-07-26T12:57:25.160457,03/02 06:15,-1.82,0.0,,,,18.5,28.0,0.3764,0.094094,0.0,0.094094,0.000734,0.606762,0.492082,0.0,0.700856,0.43,moderate,0.04046,0.109824,0.150284,0
2026-07-26T12:57:41.093867,03/02 07:23,-1.65,0.0,,,,18.0,29.0,0.3764,0.094094,0.0,0.094094,0.000136,0.115834,0.095969,0.0,0.209928,0.43,moderate,0.04046,0.020966,0.061426,0
2026-07-26T12:57:41.114872,03/02 08:23,0.55,0.0,,,,18.0,29.0,0.3764,0.094094,0.0,0.094094,9e-06,0.007524,0.005357,0.0,0.101618,0.43,moderate,0.04046,0.001362,0.041822,0
2026-07-26T12:57:41.133873,03/02 09:23,2.48,0.0,,,,18.0,29.0,0.3764,0.094094,0.0,0.094094,0.0,0.0,0.0,0.0,0.094094,0.43,moderate,0.04046,0.0,0.04046,0
2026-07-26T12:57:41.152871,03/02 10:15,3.45,0.0,,,,18.0,29.0,0.3764,0.094094,0.0,0.094094,0.0,0.0,0.0,0.0,0.094094,0.3,low,0.028228,0.0,0.028228,0
2026-07-26T12:57:41.171863,03/02 11:15,4.17,0.0,,,,18.0,29.0,0.3764,0.094094,0.0,0.094094,0.0,0.0,0.0,0.0,0.094094,0.3,low,0.028228,0.0,0.028228,0
2026-07-26T12:57:41.192862,03/02 12:15,4.85,0.0,,,,18.0,29.0,0.3764,0.094094,0.0,0.094094,0.0,0.0,0.0,0.0,0.094094,0.3,low,0.028228,0.0,0.028228,0
2026-07-26T12:57:57.155876,03/02 13:15,4.28,0.0,,,,18.0,29.0,0.3764,0.094094,0.0,0.094094,0.0,0.0,0.0,0.0,0.094094,0.3,low,0.028228,0.0,0.028228,0
2026-07-26T12:57:57.175876,03/02 14:15,3.75,0.0,,,,18.0,29.0,0.3764,0.094094,0.0,0.094094,0.0,0.0,0.0,0.0,0.094094,0.3,low,0.028228,0.0,0.028228,0
2026-07-26T12:57:57.193875,03/02 15:15,2.9,0.0,,,,18.0,29.0,0.3764,0.094094,0.0,0.094094,0.0,0.0,0.0,0.0,0.094094,0.3,low,0.028228,0.0,0.028228,0
2026-07-26T12:57:57.208874,03/02 16:15,1.42,0.0,,,,18.0,29.0,0.3764,0.094094,0.0,0.094094,0.0,0.0,0.0,0.0,0.094094,0.55,high,0.051752,0.0,0.051752,0
2026-07-26T12:57:57.225876,03/02 17:15,0.45,0.0,,,,18.0,29.0,0.3764,0.094094,0.0,0.094094,0.0,0.0,0.0,0.0,0.094094,0.55,high,0.051752,0.0,0.051752,0
2026-07-26T12:57:57.241875,03/02 18:15,-0.15,0.0,,,,18.0,29.0,0.3764,0.094094,0.0,0.094094,0.0,0.0,0.0,0.0,0.094094,0.55,high,0.051752,0.0,0.051752,0
2026-07-26T12:58:13.537985,03/02 19:15,-0.72,0.0,,,,18.0,29.0,0.3764,0.094094,0.0,0.094094,0.0,0.0,0.0,0.0,0.094094,0.55,high,0.051752,0.0,0.051752,0
2026-07-26T12:58:13.560984,03/02 20:15,-1.1,0.0,,,,18.0,29.0,0.3764,0.094094,0.0,0.094094,0.0,0.0,0.0,0.0,0.094094,0.55,high,0.051752,0.0,0.051752,0
2026-07-26T12:58:13.581985,03/02 21:15,-1.1,0.0,,,,18.0,29.0,0.3764,0.094094,0.0,0.094094,0.00011,0.096311,0.083893,0.0,0.190405,0.4,moderate,0.037638,0.017432,0.05507,0
2026-07-26T12:58:13.601984,03/02 22:15,-0.98,0.0,,,,18.0,29.0,0.3764,0.094094,0.0,0.094094,0.000245,0.221331,0.182,0.0,0.315425,0.4,moderate,0.037638,0.040061,0.077699,0
2026-07-26T12:58:13.620984,03/02 23:15,-0.6,0.0,,,,18.0,29.0,0.3764,0.094094,0.0,0.094094,0.000261,0.241206,0.19578,0.0,0.3353,0.4,moderate,0.037638,0.043658,0.081296,0
2026-07-26T12:58:13.639983,03/03 00:15,-0.45,0.0,,,,18.0,29.0,0.3764,0.094094,0.0,0.094094,0.000395,0.366985,0.284203,0.0,0.461079,0.34,low,0.031992,0.066424,0.098416,0
2026-07-26T12:58:29.468426,03/03 01:15,0.0,0.0,,,,18.0,29.0,0.3764,0.094094,0.0,0.094094,0.000375,0.345545,0.272627,0.0,0.439639,0.34,low,0.031992,0.062544,0.094536,0
2026-07-26T12:58:29.487428,03/03 02:15,0.0,0.0,,,,18.0,29.0,0.3764,0.094094,0.0,0.094094,0.000368,0.338182,0.269095,0.0,0.432276,0.34,low,0.031992,0.061211,0.093203,0
2026-07-26T12:58:29.504428,03/03 03:15,0.0,0.0,,,,18.0,29.0,0.3764,0.094094,0.0,0.094094,0.000406,0.371955,0.295684,0.0,0.466049,0.34,low,0.031992,0.067324,0.099316,0
2026-07-26T12:58:29.521427,03/03 04:15,0.0,0.0,,,,18.0,29.0,0.3764,0.094094,0.0,0.094094,0.000419,0.381669,0.303676,0.0,0.475763,0.34,low,0.031992,0.069082,0.101074,0
2026-07-26T12:58:29.537426,03/03 05:15,-0.15,0.0,,,,18.0,29.0,0.3764,0.094094,0.0,0.094094,0.0004,0.36308,0.29163,0.0,0.457174,0.34,low,0.031992,0.065717,0.097709,0
2026-07-26T12:58:29.554425,03/03 06:15,-0.6,0.0,,,,18.0,29.0,0.3764,0.094094,0.0,0.094094,0.000624,0.555094,0.429783,0.0,0.649188,0.43,moderate,0.04046,0.100472,0.140932,0
2026-07-26T12:58:46.010055,03/03 07:15,-0.45,0.0,,,,18.0,29.0,0.3764,0.094094,0.0,0.094094,0.000517,0.452965,0.366776,0.0,0.547059,0.43,moderate,0.04046,0.081987,0.122447,0
2026-07-26T12:58:46.029356,03/03 08:15,0.28,0.0,,,,18.0,29.0,0.3764,0.094094,0.0,0.094094,0.000243,0.215768,0.18167,0.0,0.309862,0.43,moderate,0.04046,0.039054,0.079514,0
2026-07-26T12:58:46.047859,03/03 09:15,1.25,0.0,,,,18.0,29.0,0.3764,0.094094,0.0,0.094094,4.1e-05,0.036793,0.031667,0.0,0.130887,0.43,moderate,0.04046,0.00666,0.04712,0
2026-07-26T12:58:46.065012,03/03 10:15,1.7,0.0,,,,18.0,29.0,0.3764,0.094094,0.0,0.094094,1.6e-05,0.014181,0.010336,0.0,0.108275,0.3,low,0.028228,0.002567,0.030795,0
2026-07-26T12:58:46.081001,03/03 11:15,1.7,0.0,,,,18.0,29.0,0.3764,0.094094,0.0,0.094094,0.0,0.0,0.0,0.0,0.094094,0.3,low,0.028228,0.0,0.028228,0
2026-07-26T12:58:46.097058,03/03 12:15,1.55,0.0,,,,18.0,29.0,0.3764,0.094094,0.0,0.094094,0.0,0.0,0.0,0.0,0.094094,0.3,low,0.028228,0.0,0.028228,0
2026-07-26T12:59:02.461457,03/03 13:15,1.1,0.0,,,,18.0,29.0,0.3764,0.094094,0.0,0.094094,0.0,0.0,0.0,0.0,0.094094,0.3,low,0.028228,0.0,0.028228,0
2026-07-26T12:59:02.481462,03/03 14:15,0.98,0.0,,,,18.0,29.0,0.3764,0.094094,0.0,0.094094,0.0,0.0,0.0,0.0,0.094094,0.3,low,0.028228,0.0,0.028228,0
2026-07-26T12:59:02.499457,03/03 15:15,0.6,0.0,,,,18.0,29.0,0.3764,0.094094,0.0,0.094094,9e-06,0.008506,0.006696,0.0,0.1026,0.3,low,0.028228,0.00154,0.029768,0
2026-07-26T12:59:02.515459,03/03 16:15,0.6,0.0,,,,18.0,29.0,0.3764,0.094094,0.0,0.094094,7.6e-05,0.068968,0.059238,0.0,0.163062,0.55,high,0.051752,0.012483,0.064235,0
2026-07-26T12:59:02.532465,03/03 17:15,0.17,0.0,,,,18.0,29.0,0.3764,0.094094,0.0,0.094094,0.0002,0.183501,0.154094,0.0,0.277595,0.55,high,0.051752,0.033214,0.084965,0
2026-07-26T12:59:02.548458,03/03 18:15,-1.25,0.0,,,,18.0,29.0,0.3764,0.094094,0.0,0.094094,0.000467,0.427353,0.335549,0.0,0.521447,0.55,high,0.051752,0.077351,0.129103,0
2026-07-26T12:59:18.704725,03/03 19:15,-1.55,0.0,,,,18.0,29.0,0.3764,0.094094,0.0,0.094094,0.000571,0.510497,0.400573,0.0,0.604591,0.55,high,0.051752,0.0924,0.144152,0
2026-07-26T12:59:18.725724,03/03 20:15,-1.1,0.0,,,,18.0,29.0,0.3764,0.094094,0.0,0.094094,0.00083,0.708367,0.54517,0.0,0.802461,0.55,high,0.051752,0.128214,0.179966,0
2026-07-26T12:59:18.744722,03/03 21:15,-1.1,0.0,,,,18.0,29.0,0.3764,0.094094,0.0,0.094094,0.00093,0.759055,0.596223,0.0,0.853149,0.4,moderate,0.037638,0.137389,0.175027,0
2026-07-26T12:59:18.761722,03/03 22:15,-0.98,0.0,,,,18.0,29.0,0.3764,0.094094,0.0,0.094094,0.000701,0.575728,0.47575,0.0,0.669822,0.4,moderate,0.037638,0.104207,0.141844,0
2026-07-26T12:59:18.777721,03/03 23:15,-0.6,0.0,,,,18.0,29.0,0.3764,0.094094,0.0,0.094094,0.000549,0.464208,0.387327,0.0,0.558302,0.4,moderate,0.037638,0.084022,0.121659,0
2026-07-26T12:59:18.794723,03/04 00:15,-0.45,0.0,,,,18.0,29.0,0.3764,0.094094,0.0,0.094094,0.000598,0.513404,0.415694,0.0,0.607498,0.34,low,0.031992,0.092926,0.124918,0
2026-07-26T12:59:34.850730,03/04 01:15,0.15,0.0,,,,18.0,29.0,0.3764,0.094094,0.0,0.094094,0.000681,0.576273,0.463403,0.0,0.670367,0.34,low,0.031992,0.104305,0.136297,0
2026-07-26T12:59:34.869731,03/04 02:15,0.72,0.0,,,,18.0,29.0,0.3764,0.094094,0.0,0.094094,0.000592,0.503576,0.410159,0.0,0.59767,0.34,low,0.031992,0.091147,0.123139,0
2026-07-26T12:59:34.887733,03/04 03:15,0.83,0.0,,,,18.0,29.0,0.3764,0.094094,0.0,0.094094,0.00078,0.656769,0.515908,0.0,0.750863,0.34,low,0.031992,0.118875,0.150867,0
2026-07-26T12:59:34.904731,03/04 04:15,0.0,0.0,,,,18.0,29.0,0.3764,0.094094,0.0,0.094094,0.000743,0.618245,0.497309,0.0,0.712339,0.34,low,0.031992,0.111902,0.143894,0
2026-07-26T12:59:34.920730,03/04 05:15,0.15,0.0,,,,18.0,29.0,0.3764,0.094094,0.0,0.094094,0.00064,0.536256,0.437968,0.0,0.63035,0.34,low,0.031992,0.097062,0.129054,0
2026-07-26T12:59:34.936729,03/04 06:15,0.6,0.0,,,,18.0,29.0,0.3764,0.094094,0.0,0.094094,0.000603,0.51206,0.416821,0.0,0.606154,0.43,moderate,0.04046,0.092683,0.133143,0
2026-07-26T12:59:51.531478,03/04 07:15,0.72,0.0,,,,18.0,29.0,0.3764,0.094094,0.0,0.094094,0.005381,1.907158,1.521211,0.0,2.001252,0.43,moderate,0.04046,0.345196,0.385656,0
2026-07-26T12:59:51.551474,03/04 08:15,1.1,0.0,,,,18.0,29.0,0.3764,0.094094,0.0,0.094094,0.005034,1.664569,1.324768,0.0,1.758663,0.43,moderate,0.04046,0.301287,0.341747,0
2026-07-26T12:59:51.573478,03/04 09:23,1.8,52.0,21.53,21.5,21.64,21.5,26.0,0.3764,0.094094,0.0,0.094094,0.005853,2.35799,1.90812,0.0,2.452084,0.43,moderate,0.04046,0.426796,0.467257,0
2026-07-26T12:59:51.592481,03/04 10:15,5.42,52.0,21.81,21.5,22.96,21.5,26.0,0.3764,0.094094,0.0,0.094094,0.003863,1.000764,0.902924,0.0,1.094858,0.3,low,0.028228,0.181138,0.209366,0
2026-07-26T12:59:51.609473,03/04 11:15,9.72,52.0,22.26,21.7,23.38,21.5,26.0,0.3764,0.094094,0.0,0.094094,0.000928,0.472673,0.328034,0.0,0.566767,0.3,low,0.028228,0.085554,0.113782,0
2026-07-26T12:59:51.626477,03/04 12:15,8.62,41.6,22.61,21.95,23.54,21.5,26.0,0.3764,0.094094,0.0,0.094094,0.00108,0.556101,0.4005,0.0,0.650195,0.3,low,0.028228,0.100654,0.128882,0
2026-07-26T13:00:08.772051,03/04 13:15,7.92,20.8,22.48,21.78,23.16,21.5,25.0,0.3764,0.094094,0.0,0.094094,0.001368,0.631359,0.473798,0.0,0.725453,0.3,low,0.028228,0.114276,0.142504,0
2026-07-26T13:00:08.792049,03/04 14:15,7.75,41.6,23.05,22.28,23.73,21.5,25.0,0.3764,0.094094,0.0,0.094094,0.001112,0.507793,0.4185,0.0,0.601887,0.3,low,0.028228,0.091911,0.120139,0
2026-07-26T13:00:08.810050,03/04 15:15,5.55,52.0,23.07,22.38,24.09,21.5,25.0,0.3764,0.094094,0.0,0.094094,0.001939,0.781101,0.577955,0.0,0.875195,0.3,low,0.028228,0.141379,0.169607,0
2026-07-26T13:00:08.827059,03/04 16:15,3.2,52.0,22.58,21.93,23.93,21.5,25.0,0.3764,0.094094,0.0,0.094094,0.004821,0.219429,0.74584,0.0,0.313523,0.55,high,0.051752,0.039717,0.091468,0
2026-07-26T13:00:08.845049,03/04 17:15,0.98,52.0,21.83,21.5,23.14,21.5,25.0,0.3764,0.094094,0.0,0.094094,0.004655,2.071081,1.190507,0.0,2.165175,0.55,high,0.051752,0.374866,0.426617,0
2026-07-26T13:00:08.861049,03/04 18:15,0.3,52.0,21.82,21.5,23.08,21.5,25.0,0.3764,0.094094,0.0,0.094094,0.004038,1.680529,1.355686,0.0,1.774623,0.55,high,0.051752,0.304176,0.355927,0
2026-07-26T13:00:26.103807,03/04 19:23,-0.88,26.0,20.65,20.5,21.22,20.5,26.0,0.3764,0.094094,0.0,0.094094,0.005124,2.254865,1.834061,0.0,2.348959,0.55,high,0.051752,0.408131,0.459882,0
2026-07-26T13:00:26.124808,03/04 20:15,-1.82,0.0,,,,20.5,26.0,0.3764,0.094094,0.0,0.094094,0.007826,3.502081,2.808738,0.0,3.596175,0.55,high,0.051752,0.633877,0.685628,0
2026-07-26T13:00:26.143807,03/04 21:15,-2.35,0.0,,,,20.5,26.0,0.3764,0.094094,0.0,0.094094,0.003421,1.85336,1.494278,0.0,1.947454,0.4,moderate,0.037638,0.335458,0.373096,0
2026-07-26T13:00:26.161808,03/04 22:15,-2.8,0.0,,,,20.5,26.0,0.3764,0.094094,0.0,0.094094,0.004677,2.297796,1.828313,0.0,2.39189,0.4,moderate,0.037638,0.415901,0.453539,0
2026-07-26T13:00:26.177806,03/04 23:15,-2.92,0.0,,,,20.5,26.0,0.3764,0.094094,0.0,0.094094,0.006758,2.823059,2.238112,0.0,2.917153,0.4,moderate,0.037638,0.510974,0.548611,0
2026-07-26T13:00:26.194806,03/05 00:15,-3.3,0.0,,,,20.5,26.0,0.3764,0.094094,0.0,0.094094,0.006389,2.70776,2.187301,0.0,2.801854,0.34,low,0.031992,0.490105,0.522097,0
2026-07-26T13:00:41.878781,03/05 01:15,-3.45,0.0,,,,18.5,28.0,0.3764,0.094094,0.0,0.094094,0.001152,0.727023,0.688669,0.0,0.821117,0.34,low,0.031992,0.131591,0.163583,0
2026-07-26T13:00:41.899778,03/05 02:15,-3.9,0.0,,,,18.5,28.0,0.3764,0.094094,0.0,0.094094,0.001573,1.08751,0.873981,0.0,1.181604,0.34,low,0.031992,0.196839,0.228831,0
2026-07-26T13:00:41.919778,03/05 03:15,-3.9,0.0,,,,18.5,28.0,0.3764,0.094094,0.0,0.094094,0.001709,1.163172,0.93196,0.0,1.257266,0.34,low,0.031992,0.210534,0.242526,0
2026-07-26T13:00:41.936777,03/05 04:15,-3.9,0.0,,,,18.5,28.0,0.3764,0.094094,0.0,0.094094,0.002075,1.363656,1.086652,0.0,1.45775,0.34,low,0.031992,0.246822,0.278814,0
2026-07-26T13:00:41.952778,03/05 05:15,-4.03,0.0,,,,18.5,28.0,0.3764,0.094094,0.0,0.094094,0.002545,1.605058,1.277879,0.0,1.699152,0.34,low,0.031992,0.290515,0.322507,0
2026-07-26T13:00:41.968777,03/05 06:15,-4.4,0.0,,,,18.5,28.0,0.3764,0.094094,0.0,0.094094,0.002425,1.524026,1.231035,0.0,1.61812,0.43,moderate,0.04046,0.275849,0.316309,0
2026-07-26T13:00:57.629982,03/05 07:15,-4.28,0.0,,,,18.0,29.0,0.3764,0.094094,0.0,0.094094,0.007121,2.688328,2.161137,0.0,2.782422,0.43,moderate,0.04046,0.486587,0.527048,0
2026-07-26T13:00:57.650977,03/05 08:15,-4.03,0.0,,,,18.0,29.0,0.3764,0.094094,0.0,0.094094,0.006937,2.610756,2.100914,0.0,2.70485,0.43,moderate,0.04046,0.472547,0.513007,0
2026-07-26T13:00:57.672974,03/05 09:23,-4.0,52.0,22.0,22.0,22.0,22.0,26.0,0.3764,0.094094,0.0,0.094094,0.009941,3.905922,3.243999,0.0,4.000016,0.43,moderate,0.04046,0.706972,0.747432,0
2026-07-26T13:00:57.690974,03/05 10:15,-2.92,52.0,22.17,22.0,22.43,22.0,26.0,0.3764,0.094094,0.0,0.094094,0.005739,2.213875,1.769071,0.0,2.307969,0.3,low,0.028228,0.400711,0.42894,0
2026-07-26T13:00:57.706976,03/05 11:15,-3.17,52.0,22.44,22.0,23.23,22.0,26.0,0.3764,0.094094,0.0,0.094094,0.005279,1.913919,1.532998,0.0,2.008013,0.3,low,0.028228,0.346419,0.374648,0
2026-07-26T13:00:57.724975,03/05 12:15,-2.8,41.6,22.41,22.0,23.08,22.0,26.0,0.3764,0.094094,0.0,0.094094,0.004946,1.817259,1.462249,0.0,1.911353,0.3,low,0.028228,0.328924,0.357152,0
2026-07-26T13:01:15.408759,03/05 13:15,-2.65,20.8,22.18,22.0,22.79,22.0,25.0,0.3764,0.094094,0.0,0.094094,0.004986,1.929718,1.548662,0.0,2.023812,0.3,low,0.028228,0.349279,0.377507,0
2026-07-26T13:01:15.429760,03/05 14:15,-2.2,41.6,22.27,22.0,23.29,22.0,25.0,0.3764,0.094094,0.0,0.094094,0.00447,1.603459,1.292645,0.0,1.697553,0.3,low,0.028228,0.290226,0.318454,0
2026-07-26T13:01:15.447760,03/05 15:15,-2.48,52.0,22.35,22.0,23.58,22.0,25.0,0.3764,0.094094,0.0,0.094094,0.004389,1.592314,1.285274,0.0,1.686408,0.3,low,0.028228,0.288209,0.316437,0
2026-07-26T13:01:15.463759,03/05 16:15,-3.57,52.0,22.29,22.0,23.46,22.0,25.0,0.3764,0.094094,0.0,0.094094,0.004945,1.937932,1.578341,0.0,2.032026,0.55,high,0.051752,0.350766,0.402517,0
2026-07-26T13:01:15.480759,03/05 17:15,-4.55,52.0,22.21,22.0,23.06,22.0,25.0,0.3764,0.094094,0.0,0.094094,0.005986,2.557521,2.062964,0.0,2.651615,0.55,high,0.051752,0.462911,0.514663,0
2026-07-26T13:01:15.496760,03/05 18:15,-5.15,52.0,22.21,22.0,23.03,22.0,25.0,0.3764,0.094094,0.0,0.094094,0.006537,2.802308,2.254413,0.0,2.896402,0.55,high,0.051752,0.507218,0.558969,0
2026-07-26T13:01:32.699643,03/05 19:15,-5.72,26.0,20.76,20.5,21.8,20.5,26.0,0.3764,0.094094,0.0,0.094094,0.006444,2.572343,2.081222,0.0,2.666437,0.55,high,0.051752,0.465594,0.517346,0
2026-07-26T13:01:32.720136,03/05 20:15,-6.37,0.0,,,,20.5,26.0,0.3764,0.094094,0.0,0.094094,0.00869,3.568114,2.868344,0.0,3.662208,0.55,high,0.051752,0.645829,0.69758,0
2026-07-26T13:01:32.738455,03/05 21:15,-7.2,0.0,,,,20.5,26.0,0.3764,0.094094,0.0,0.094094,0.003526,1.883798,1.50336,0.0,1.977892,0.4,moderate,0.037638,0.340967,0.378605,0
2026-07-26T13:01:32.758496,03/05 22:15,-6.93,0.0,,,,20.5,26.0,0.3764,0.094094,0.0,0.094094,0.004294,2.16003,1.730508,0.0,2.254124,0.4,moderate,0.037638,0.390965,0.428603,0
2026-07-26T13:01:32.776501,03/05 23:15,-5.82,0.0,,,,20.5,26.0,0.3764,0.094094,0.0,0.094094,0.004519,2.242464,1.80459,0.0,2.336558,0.4,moderate,0.037638,0.405886,0.443524,0
2026-07-26T13:01:32.796844,03/06 00:15,-4.85,0.0,,,,20.5,26.0,0.3764,0.094094,0.0,0.094094,0.004425,2.223213,1.795816,0.0,2.317307,0.34,low,0.031992,0.402402,0.434394,0
2026-07-26T13:01:49.641318,03/06 01:15,-4.4,0.0,,,,18.5,28.0,0.3764,0.094094,0.0,0.094094,0.000613,0.382444,0.421741,0.0,0.476538,0.34,low,0.031992,0.069222,0.101214,0
2026-07-26T13:01:49.660409,03/06 02:15,-4.4,0.0,,,,18.5,28.0,0.3764,0.094094,0.0,0.094094,0.000992,0.748465,0.627207,0.0,0.842559,0.34,low,0.031992,0.135472,0.167464,0
2026-07-26T13:01:49.678405,03/06 03:15,-4.4,0.0,,,,18.5,28.0,0.3764,0.094094,0.0,0.094094,0.001255,0.949991,0.7531,0.0,1.044085,0.34,low,0.031992,0.171948,0.20394,0
2026-07-26T13:01:49.695406,03/06 04:15,-4.28,0.0,,,,18.5,28.0,0.3764,0.094094,0.0,0.094094,0.001086,0.826905,0.677362,0.0,0.920999,0.34,low,0.031992,0.14967,0.181662,0
2026-07-26T13:01:49.710405,03/06 05:15,-4.03,0.0,,,,18.5,28.0,0.3764,0.094094,0.0,0.094094,0.001097,0.845633,0.682073,0.0,0.939727,0.34,low,0.031992,0.15306,0.185052,0
2026-07-26T13:01:49.725939,03/06 06:15,-4.12,0.0,,,,18.5,28.0,0.3764,0.094094,0.0,0.094094,0.001297,0.979494,0.774246,0.0,1.073588,0.43,moderate,0.04046,0.177288,0.217749,0
2026-07-26T13:02:05.511620,03/06 07:15,-3.17,0.0,,,,18.0,29.0,0.3764,0.094094,0.0,0.094094,0.006235,2.204571,1.767806,0.0,2.298665,0.43,moderate,0.04046,0.399027,0.439488,0
2026-07-26T13:02:05.532620,03/06 08:15,-2.65,0.0,,,,18.0,29.0,0.3764,0.094094,0.0,0.094094,0.00595,2.038372,1.637426,0.0,2.132466,0.43,moderate,0.04046,0.368945,0.409406,0
2026-07-26T13:02:05.553619,03/06 09:23,-1.93,52.0,21.5,21.5,21.51,21.5,26.0,0.3764,0.094094,0.0,0.094094,0.006538,2.625162,2.108519,0.0,2.719256,0.43,moderate,0.04046,0.475154,0.515615,0
2026-07-26T13:02:05.576620,03/06 10:23,-0.83,52.0,22.22,21.5,23.58,21.5,26.0,0.3764,0.094094,0.0,0.094094,0.004646,1.569075,1.244087,0.0,1.663169,0.3,low,0.028228,0.284003,0.312231,0
2026-07-26T13:02:05.595620,03/06 11:23,0.15,52.0,22.94,21.55,25.02,21.5,26.0,0.3764,0.094094,0.0,0.094094,0.004118,1.365365,1.100526,0.0,1.459459,0.3,low,0.028228,0.247131,0.275359,0
2026-07-26T13:02:05.614620,03/06 12:23,0.72,41.6,23.15,21.71,24.93,21.5,26.0,0.3764,0.094094,0.0,0.094094,0.003787,1.280449,1.034502,0.0,1.374543,0.3,low,0.028228,0.231761,0.259989,0
2026-07-26T13:02:22.527658,03/06 13:15,1.1,20.8,22.71,21.5,23.7,21.5,25.0,0.3764,0.094094,0.0,0.094094,0.003563,1.225618,0.987961,0.0,1.319712,0.3,low,0.028228,0.221837,0.250065,0
2026-07-26T13:02:22.547658,03/06 14:15,1.25,41.6,23.14,21.93,24.09,21.5,25.0,0.3764,0.094094,0.0,0.094094,0.003418,1.198032,0.968177,0.0,1.292126,0.3,low,0.028228,0.216844,0.245072,0
2026-07-26T13:02:22.565658,03/06 15:15,1.7,52.0,23.59,22.77,24.89,21.5,25.0,0.3764,0.094094,0.0,0.094094,0.003197,1.128986,0.909192,0.0,1.22308,0.3,low,0.028228,0.204346,0.232575,0
2026-07-26T13:02:22.582658,03/06 16:15,1.27,52.0,23.46,22.42,24.69,21.5,25.0,0.3764,0.094094,0.0,0.094094,0.003133,1.118305,0.902133,0.0,1.212399,0.55,high,0.051752,0.202413,0.254165,0
2026-07-26T13:02:22.598658,03/06 17:15,0.0,52.0,22.83,21.79,24.21,21.5,25.0,0.3764,0.094094,0.0,0.094094,0.003463,1.280252,1.036032,0.0,1.374346,0.55,high,0.051752,0.231726,0.283477,0
2026-07-26T13:02:22.615657,03/06 18:23,0.0,52.0,22.21,21.5,23.99,21.5,25.0,0.3764,0.094094,0.0,0.094094,0.003571,1.32865,1.071211,0.0,1.422744,0.55,high,0.051752,0.240486,0.292237,0
2026-07-26T13:02:39.773551,03/06 19:15,-0.15,26.0,20.92,20.5,22.46,20.5,26.0,0.3764,0.094094,0.0,0.094094,0.003916,1.488316,1.221967,0.0,1.58241,0.55,high,0.051752,0.269385,0.321137,0
2026-07-26T13:02:39.796542,03/06 20:15,-0.6,0.0,,,,20.5,26.0,0.3764,0.094094,0.0,0.094094,0.00546,2.435391,1.96501,0.0,2.529485,0.55,high,0.051752,0.440806,0.492557,0
2026-07-26T13:02:39.814074,03/06 21:15,-0.6,0.0,,,,20.5,26.0,0.3764,0.094094,0.0,0.094094,0.001942,1.217211,1.001629,0.0,1.311305,0.4,moderate,0.037638,0.220315,0.257953,0
2026-07-26T13:02:39.831229,03/06 22:15,-0.6,0.0,,,,20.5,26.0,0.3764,0.094094,0.0,0.094094,0.002802,1.670277,1.323395,0.0,1.764371,0.4,moderate,0.037638,0.30232,0.339958,0
2026-07-26T13:02:39.847184,03/06 23:15,-0.6,0.0,,,,20.5,26.0,0.3764,0.094094,0.0,0.094094,0.003284,1.854116,1.480237,0.0,1.94821,0.4,moderate,0.037638,0.335595,0.373233,0
2026-07-26T13:02:39.864186,03/07 00:15,-0.45,0.0,,,,20.5,26.0,0.3764,0.094094,0.0,0.094094,0.003371,1.881056,1.513976,0.0,1.97515,0.34,low,0.031992,0.340471,0.372463,0
2026-07-26T13:02:56.166918,03/07 01:15,0.15,0.0,,,,18.5,28.0,0.3764,0.094094,0.0,0.094094,0.000233,0.136538,0.174451,0.0,0.230632,0.34,low,0.031992,0.024713,0.056705,0
2026-07-26T13:02:56.186915,03/07 02:15,0.6,0.0,,,,18.5,28.0,0.3764,0.094094,0.0,0.094094,0.000533,0.388613,0.3722,0.0,0.482707,0.34,low,0.031992,0.070339,0.102331,0
2026-07-26T13:02:56.203920,03/07 03:15,0.6,0.0,,,,18.5,28.0,0.3764,0.094094,0.0,0.094094,0.000694,0.555787,0.465657,0.0,0.649881,0.34,low,0.031992,0.100597,0.132589,0
2026-07-26T13:02:56.220584,03/07 04:15,0.6,0.0,,,,18.5,28.0,0.3764,0.094094,0.0,0.094094,0.000619,0.511842,0.422505,0.0,0.605936,0.34,low,0.031992,0.092643,0.124635,0
2026-07-26T13:02:56.237118,03/07 05:15,0.6,0.0,,,,18.5,28.0,0.3764,0.094094,0.0,0.094094,0.000693,0.578882,0.46476,0.0,0.672976,0.34,low,0.031992,0.104778,0.13677,0
2026-07-26T13:02:56.255115,03/07 06:15,0.6,0.0,,,,18.5,28.0,0.3764,0.094094,0.0,0.094094,0.000817,0.67354,0.53305,0.0,0.767634,0.43,moderate,0.04046,0.121911,0.162371,0
2026-07-26T13:03:12.007181,03/07 07:15,0.72,0.0,,,,18.0,29.0,0.3764,0.094094,0.0,0.094094,0.004935,1.65658,1.324824,0.0,1.750674,0.43,moderate,0.04046,0.299841,0.340301,0
2026-07-26T13:03:12.027179,03/07 08:15,1.1,0.0,,,,18.0,29.0,0.3764,0.094094,0.0,0.094094,0.004879,1.611116,1.297113,0.0,1.70521,0.43,moderate,0.04046,0.291612,0.332072,0
2026-07-26T13:03:12.048175,03/07 09:15,1.1,52.0,21.5,21.5,21.5,21.5,26.0,0.3764,0.094094,0.0,0.094094,0.006398,2.661607,2.162694,0.0,2.755701,0.43,moderate,0.04046,0.481751,0.522211,0
2026-07-26T13:03:12.067180,03/07 10:15,1.65,52.0,21.8,21.5,22.87,21.5,26.0,0.3764,0.094094,0.0,0.094094,0.004224,1.411762,1.106591,0.0,1.505856,0.3,low,0.028228,0.255529,0.283757,0
2026-07-26T13:03:12.083177,03/07 11:15,3.72,52.0,22.15,21.58,23.3,21.5,26.0,0.3764,0.094094,0.0,0.094094,0.004302,0.515683,0.849267,0.0,0.609777,0.3,low,0.028228,0.093339,0.121567,0
2026-07-26T13:03:12.099181,03/07 12:15,5.0,41.6,22.3,21.69,23.37,21.5,26.0,0.3764,0.094094,0.0,0.094094,0.003264,1.385659,0.704315,0.0,1.479753,0.3,low,0.028228,0.250804,0.279032,0
2026-07-26T13:03:29.114001,03/07 13:15,5.0,20.8,22.15,21.59,23.17,21.5,25.0,0.3764,0.094094,0.0,0.094094,0.002863,0.869454,0.69608,0.0,0.963548,0.3,low,0.028228,0.157371,0.185599,0
2026-07-26T13:03:29.133998,03/07 14:15,5.15,41.6,22.76,22.15,23.84,21.5,25.0,0.3764,0.094094,0.0,0.094094,0.002768,0.848382,0.686068,0.0,0.942476,0.3,low,0.028228,0.153557,0.181785,0
2026-07-26T13:03:29.152000,03/07 15:15,5.6,52.0,23.0,22.41,24.12,21.5,25.0,0.3764,0.094094,0.0,0.094094,0.002296,0.761618,0.62896,0.0,0.855712,0.3,low,0.028228,0.137853,0.166081,0
2026-07-26T13:03:29.169000,03/07 16:15,5.6,52.0,22.97,22.4,24.21,21.5,25.0,0.3764,0.094094,0.0,0.094094,0.002249,0.771004,0.622799,0.0,0.865098,0.55,high,0.051752,0.139552,0.191303,0
2026-07-26T13:03:29.186000,03/07 17:15,5.6,52.0,22.38,21.78,23.81,21.5,25.0,0.3764,0.094094,0.0,0.094094,0.002232,0.770097,0.620397,0.0,0.864191,0.55,high,0.051752,0.139388,0.191139,0
2026-07-26T13:03:29.201999,03/07 18:15,5.6,52.0,22.13,21.5,23.76,21.5,25.0,0.3764,0.094094,0.0,0.094094,0.003335,0.121719,0.644848,0.0,0.215813,0.55,high,0.051752,0.022031,0.073783,0
2026-07-26T13:03:46.660133,03/07 19:15,5.6,26.0,20.97,20.5,22.51,20.5,26.0,0.3764,0.094094,0.0,0.094094,0.002433,0.2077,0.679386,0.0,0.301794,0.55,high,0.051752,0.037594,0.089345,0
2026-07-26T13:03:46.681132,03/07 20:15,5.87,0.0,,,,20.5,26.0,0.3764,0.094094,0.0,0.094094,0.003427,1.576209,1.27138,0.0,1.670303,0.55,high,0.051752,0.285294,0.337046,0
2026-07-26T13:03:46.700133,03/07 21:15,6.7,0.0,,,,20.5,26.0,0.3764,0.094094,0.0,0.094094,0.000847,0.558444,0.518511,0.0,0.652538,0.4,moderate,0.037638,0.101078,0.138716,0
2026-07-26T13:03:46.717134,03/07 22:15,6.7,0.0,,,,20.5,26.0,0.3764,0.094094,0.0,0.094094,0.001372,0.987417,0.795934,0.0,1.081511,0.4,moderate,0.037638,0.178722,0.21636,0
2026-07-26T13:03:46.734133,03/07 23:15,6.55,0.0,,,,20.5,26.0,0.3764,0.094094,0.0,0.094094,0.001736,1.209166,0.956296,0.0,1.30326,0.4,moderate,0.037638,0.218859,0.256497,0
2026-07-26T13:03:46.751135,03/08 00:15,6.1,0.0,,,,20.5,26.0,0.3764,0.094094,0.0,0.094094,0.001814,1.235996,0.991202,0.0,1.33009,0.34,low,0.031992,0.223715,0.255707,0
2026-07-26T13:04:03.507830,03/08 01:15,5.82,0.0,,,,18.5,28.0,0.3764,0.094094,0.0,0.094094,0.0,0.0,0.0,0.0,0.094094,0.34,low,0.031992,0.0,0.031992,0
2026-07-26T13:04:03.527829,03/08 02:15,4.72,0.0,,,,18.5,28.0,0.3764,0.094094,0.0,0.094094,0.0,0.0,0.0,0.0,0.094094,0.34,low,0.031992,0.0,0.031992,0
2026-07-26T13:04:03.545831,03/08 03:15,3.62,0.0,,,,18.5,28.0,0.3764,0.094094,0.0,0.094094,6.9e-05,0.047511,0.055602,0.0,0.141605,0.34,low,0.031992,0.008599,0.040591,0
2026-07-26T13:04:03.564828,03/08 04:15,2.65,0.0,,,,18.5,28.0,0.3764,0.094094,0.0,0.094094,0.000263,0.197438,0.19698,0.0,0.291532,0.34,low,0.031992,0.035736,0.067728,0
2026-07-26T13:04:03.581828,03/08 05:15,1.93,0.0,,,,18.5,28.0,0.3764,0.094094,0.0,0.094094,0.000427,0.348206,0.304052,0.0,0.4423,0.34,low,0.031992,0.063025,0.095017,0
2026-07-26T13:04:03.598830,03/08 06:15,1.1,0.0,,,,18.5,28.0,0.3764,0.094094,0.0,0.094094,0.000551,0.465532,0.381369,0.0,0.559626,0.43,moderate,0.04046,0.084261,0.124722,0
2026-07-26T13:04:20.362691,03/08 07:15,1.25,0.0,,,,18.0,29.0,0.3764,0.094094,0.0,0.094094,0.004578,1.450747,1.155181,0.0,1.544841,0.43,moderate,0.04046,0.262585,0.303046,0
2026-07-26T13:04:20.383691,03/08 08:23,2.1,0.0,,,,18.0,29.0,0.3764,0.094094,0.0,0.094094,0.004415,1.31736,1.050319,0.0,1.411454,0.43,moderate,0.04046,0.238442,0.278903,0
2026-07-26T13:04:20.405690,03/08 09:20,3.57,52.0,22.02,21.5,23.89,21.5,26.0,0.3764,0.094094,0.0,0.094094,0.004563,1.71601,1.356657,0.0,1.810104,0.43,moderate,0.04046,0.310598,0.351058,0
2026-07-26T13:04:20.426695,03/08 10:23,4.83,52.0,22.92,21.5,25.52,21.5,25.5,0.3822,0.095553,0.0,0.095553,0.005007,0.036783,0.633218,0.0,0.132336,0.3,low,0.028666,0.006658,0.035324,0
2026-07-26T13:04:20.444690,03/08 11:23,6.8,52.0,23.55,22.06,25.5,21.5,25.5,0.3852,0.096306,0.0,0.096306,0.001559,0.682035,0.523057,0.0,0.778341,0.3,low,0.028892,0.123448,0.15234,0
2026-07-26T13:04:20.463690,03/08 12:23,9.18,41.6,23.92,22.45,25.5,21.5,25.5,0.3811,0.095272,0.0,0.095272,0.000694,0.337932,0.307165,0.0,0.433204,0.3,low,0.028582,0.061166,0.089747,0
2026-07-26T13:04:37.027638,03/08 13:15,10.15,20.8,23.69,22.3,24.85,21.5,25.0,0.3764,0.094094,0.0,0.094094,0.000557,0.298675,0.259561,0.0,0.392769,0.3,low,0.028228,0.05406,0.082288,0
2026-07-26T13:04:37.048628,03/08 14:15,10.72,41.6,24.17,22.92,25.0,21.5,25.0,0.383,0.095739,0.0,0.095739,0.000168,0.096593,0.099514,0.0,0.192332,0.3,low,0.028722,0.017483,0.046205,0
2026-07-26T13:04:37.066629,03/08 15:15,10.97,52.0,24.35,23.77,25.0,21.5,25.0,0.3962,0.099052,0.121873,0.099052,0.014662,0.0,0.0,0.132859,0.099052,0.3,low,0.029716,0.0,0.029716,0
2026-07-26T13:04:37.084631,03/08 16:15,10.45,52.0,24.43,23.53,25.0,21.5,25.0,0.4035,0.10088,0.138377,0.10088,0.015054,0.0,0.0,0.198431,0.10088,0.55,high,0.055484,0.0,0.055484,0
2026-07-26T13:04:37.104630,03/08 17:15,9.45,52.0,24.22,22.94,25.0,21.5,25.0,0.387,0.096741,0.0,0.096741,9.6e-05,0.056944,0.061469,0.0,0.153685,0.55,high,0.053208,0.010307,0.063514,0
2026-07-26T13:04:37.122628,03/08 18:23,7.25,52.0,23.58,22.4,24.79,21.5,25.0,0.3764,0.094094,0.0,0.094094,0.001029,0.568658,0.399039,0.0,0.662752,0.55,high,0.051752,0.102927,0.154679,0
2026-07-26T13:04:53.849179,03/08 19:23,5.45,26.0,21.87,20.99,23.3,20.0,26.0,0.3764,0.094094,0.0,0.094094,0.002028,0.830078,0.591691,0.0,0.924172,0.55,high,0.051752,0.150244,0.201996,0
2026-07-26T13:04:53.870176,03/08 20:23,4.72,0.0,,,,20.0,26.0,0.3764,0.094094,0.0,0.094094,0.003778,0.160076,0.69548,0.0,0.25417,0.55,high,0.051752,0.028974,0.080725,0
2026-07-26T13:04:53.888178,03/08 21:15,3.62,0.0,,,,20.0,26.0,0.3764,0.094094,0.0,0.094094,0.000117,0.048095,0.060106,0.0,0.142189,0.4,moderate,0.037638,0.008705,0.046343,0
2026-07-26T13:04:53.906177,03/08 22:15,2.8,0.0,,,,20.0,26.0,0.3764,0.094094,0.0,0.094094,0.000854,0.534957,0.439066,0.0,0.629051,0.4,moderate,0.037638,0.096827,0.134465,0
2026-07-26T13:04:53.922176,03/08 23:15,2.65,0.0,,,,20.0,26.0,0.3764,0.094094,0.0,0.094094,0.001133,0.807614,0.635546,0.0,0.901708,0.4,moderate,0.037638,0.146178,0.183816,0
2026-07-26T13:04:53.941175,03/09 00:15,1.93,0.0,,,,20.0,26.0,0.3764,0.094094,0.0,0.094094,0.001408,0.992307,0.784876,0.0,1.086401,0.34,low,0.031992,0.179608,0.2116,0
2026-07-26T13:05:09.369211,03/09 01:15,1.1,0.0,,,,18.0,28.0,0.3764,0.094094,0.0,0.094094,0.0,0.0,0.0,0.0,0.094094,0.34,low,0.031992,0.0,0.031992,0
2026-07-26T13:05:09.389209,03/09 02:15,0.98,0.0,,,,18.0,28.0,0.3764,0.094094,0.0,0.094094,0.0,0.0,0.0,0.0,0.094094,0.34,low,0.031992,0.0,0.031992,0
2026-07-26T13:05:09.405208,03/09 03:15,0.3,0.0,,,,18.0,28.0,0.3764,0.094094,0.0,0.094094,0.0,0.0,0.0,0.0,0.094094,0.34,low,0.031992,0.0,0.031992,0
2026-07-26T13:05:09.421210,03/09 04:15,-0.72,0.0,,,,18.0,28.0,0.3764,0.094094,0.0,0.094094,0.0,0.0,0.0,0.0,0.094094,0.34,low,0.031992,0.0,0.031992,0
2026-07-26T13:05:09.439208,03/09 05:15,-1.1,0.0,,,,18.0,28.0,0.3764,0.094094,0.0,0.094094,4.4e-05,0.031487,0.038593,0.0,0.125581,0.34,low,0.031992,0.005699,0.037691,0
2026-07-26T13:05:09.456208,03/09 06:15,-0.83,0.0,,,,18.0,28.0,0.3764,0.094094,0.0,0.094094,0.000162,0.122647,0.130365,0.0,0.216741,0.43,moderate,0.04046,0.022199,0.06266,0
2026-07-26T13:05:25.693202,03/09 07:23,0.55,0.0,,,,18.0,29.0,0.3764,0.094094,0.0,0.094094,4e-05,0.031641,0.030913,0.0,0.125735,0.43,moderate,0.04046,0.005727,0.046187,0
2026-07-26T13:05:25.713200,03/09 08:23,2.62,0.0,,,,18.0,29.0,0.3764,0.094094,0.0,0.094094,0.0,0.0,0.0,0.0,0.094094,0.43,moderate,0.04046,0.0,0.04046,0
2026-07-26T13:05:25.731204,03/09 09:23,4.32,0.0,,,,18.0,29.0,0.3764,0.094094,0.0,0.094094,0.0,0.0,0.0,0.0,0.094094,0.43,moderate,0.04046,0.0,0.04046,0
2026-07-26T13:05:25.749251,03/09 10:15,6.0,0.0,,,,18.0,29.0,0.3764,0.094094,0.0,0.094094,0.0,0.0,0.0,0.0,0.094094,0.3,low,0.028228,0.0,0.028228,0
2026-07-26T13:05:25.765195,03/09 11:15,7.48,0.0,,,,18.0,29.0,0.3764,0.094094,0.0,0.094094,0.0,0.0,0.0,0.0,0.094094,0.3,low,0.028228,0.0,0.028228,0
2026-07-26T13:05:25.780203,03/09 12:15,8.88,0.0,,,,18.0,29.0,0.3764,0.094094,0.0,0.094094,0.0,0.0,0.0,0.0,0.094094,0.3,low,0.028228,0.0,0.028228,0
2026-07-26T13:05:42.581577,03/09 13:15,10.72,0.0,,,,18.0,29.0,0.3764,0.094094,0.0,0.094094,0.0,0.0,0.0,0.0,0.094094,0.3,low,0.028228,0.0,0.028228,0
2026-07-26T13:05:42.600805,03/09 14:15,11.1,0.0,,,,18.0,29.0,0.3764,0.094094,0.0,0.094094,0.0,0.0,0.0,0.0,0.094094,0.3,low,0.028228,0.0,0.028228,0
2026-07-26T13:05:42.617765,03/09 15:15,11.25,0.0,,,,18.0,29.0,0.3764,0.094094,0.0,0.094094,0.0,0.0,0.0,0.0,0.094094,0.3,low,0.028228,0.0,0.028228,0
2026-07-26T13:05:42.634761,03/09 16:15,11.42,0.0,,,,18.0,29.0,0.3764,0.094094,0.0,0.094094,0.0,0.0,0.0,0.0,0.094094,0.55,high,0.051752,0.0,0.051752,0
2026-07-26T13:05:42.650818,03/09 17:15,10.02,0.0,,,,18.0,29.0,0.3764,0.094094,0.0,0.094094,0.0,0.0,0.0,0.0,0.094094,0.55,high,0.051752,0.0,0.051752,0
2026-07-26T13:05:42.667801,03/09 18:23,7.62,0.0,,,,18.0,29.0,0.3764,0.094094,0.0,0.094094,0.0,0.0,0.0,0.0,0.094094,0.55,high,0.051752,0.0,0.051752,0
2026-07-26T13:05:58.175149,03/09 19:23,5.3,0.0,,,,18.0,29.0,0.3764,0.094094,0.0,0.094094,0.0,0.0,0.0,0.0,0.094094,0.55,high,0.051752,0.0,0.051752,0
2026-07-26T13:05:58.193152,03/09 20:15,4.12,0.0,,,,18.0,29.0,0.3764,0.094094,0.0,0.094094,0.0,0.0,0.0,0.0,0.094094,0.55,high,0.051752,0.0,0.051752,0
2026-07-26T13:05:58.211150,03/09 21:15,3.17,0.0,,,,18.0,29.0,0.3764,0.094094,0.0,0.094094,0.0,0.0,0.0,0.0,0.094094,0.4,moderate,0.037638,0.0,0.037638,0
2026-07-26T13:05:58.228151,03/09 22:15,2.52,0.0,,,,18.0,29.0,0.3764,0.094094,0.0,0.094094,0.0,0.0,0.0,0.0,0.094094,0.4,moderate,0.037638,0.0,0.037638,0
2026-07-26T13:05:58.245151,03/09 23:15,1.42,0.0,,,,18.0,29.0,0.3764,0.094094,0.0,0.094094,0.0,0.0,0.0,0.0,0.094094,0.4,moderate,0.037638,0.0,0.037638,0
2026-07-26T13:05:58.262149,03/10 00:15,0.45,0.0,,,,18.0,29.0,0.3764,0.094094,0.0,0.094094,0.0,0.0,0.0,0.0,0.094094,0.34,low,0.031992,0.0,0.031992,0
2026-07-26T13:06:15.136838,03/10 01:15,0.15,0.0,,,,18.0,29.0,0.3764,0.094094,0.0,0.094094,0.0,0.0,0.0,0.0,0.094094,0.34,low,0.031992,0.0,0.031992,0
2026-07-26T13:06:15.157235,03/10 02:15,0.6,0.0,,,,18.0,29.0,0.3764,0.094094,0.0,0.094094,0.0,0.0,0.0,0.0,0.094094,0.34,low,0.031992,0.0,0.031992,0
2026-07-26T13:06:15.175758,03/10 03:15,0.88,0.0,,,,18.0,29.0,0.3764,0.094094,0.0,0.094094,0.0,0.0,0.0,0.0,0.094094,0.34,low,0.031992,0.0,0.031992,0
2026-07-26T13:06:15.192704,03/10 04:15,1.55,0.0,,,,18.0,29.0,0.3764,0.094094,0.0,0.094094,0.0,0.0,0.0,0.0,0.094094,0.34,low,0.031992,0.0,0.031992,0
2026-07-26T13:06:15.208709,03/10 05:15,1.38,0.0,,,,18.0,29.0,0.3764,0.094094,0.0,0.094094,8.5e-05,0.06895,0.068095,0.0,0.163044,0.34,low,0.031992,0.01248,0.044472,0
2026-07-26T13:06:15.225751,03/10 06:15,2.35,0.0,,,,18.0,29.0,0.3764,0.094094,0.0,0.094094,0.000103,0.085499,0.079902,0.0,0.179593,0.43,moderate,0.04046,0.015475,0.055936,0
2026-07-26T13:06:30.727045,03/10 07:23,3.2,0.0,,,,18.0,29.0,0.3764,0.094094,0.0,0.094094,0.0,0.0,0.0,0.0,0.094094,0.43,moderate,0.04046,0.0,0.04046,0
2026-07-26T13:06:30.746044,03/10 08:23,5.65,0.0,,,,18.0,29.0,0.3764,0.094094,0.0,0.094094,0.0,0.0,0.0,0.0,0.094094,0.43,moderate,0.04046,0.0,0.04046,0
2026-07-26T13:06:30.765044,03/10 09:23,10.1,0.0,,,,18.0,29.0,0.3764,0.094094,0.0,0.094094,0.0,0.0,0.0,0.0,0.094094,0.43,moderate,0.04046,0.0,0.04046,0
2026-07-26T13:06:30.782045,03/10 10:23,13.05,0.0,,,,18.0,29.0,0.3764,0.094094,0.0,0.094094,0.0,0.0,0.0,0.0,0.094094,0.3,low,0.028228,0.0,0.028228,0
2026-07-26T13:06:30.798043,03/10 11:15,15.6,0.0,,,,18.0,29.0,0.3764,0.094094,0.0,0.094094,0.0,0.0,0.0,0.0,0.094094,0.3,low,0.028228,0.0,0.028228,0
2026-07-26T13:06:30.813043,03/10 12:15,15.88,0.0,,,,18.0,29.0,0.3764,0.094094,0.0,0.094094,0.0,0.0,0.0,0.0,0.094094,0.3,low,0.028228,0.0,0.028228,0
2026-07-26T13:06:47.123459,03/10 13:15,16.42,0.0,,,,18.0,29.0,0.3764,0.094094,0.0,0.094094,0.0,0.0,0.0,0.0,0.094094,0.3,low,0.028228,0.0,0.028228,0
2026-07-26T13:06:47.142454,03/10 14:15,15.88,0.0,,,,18.0,29.0,0.3764,0.094094,0.0,0.094094,0.0,0.0,0.0,0.0,0.094094,0.3,low,0.028228,0.0,0.028228,0
2026-07-26T13:06:47.160453,03/10 15:15,16.27,0.0,,,,18.0,29.0,0.3764,0.094094,0.0,0.094094,0.0,0.0,0.0,0.0,0.094094,0.3,low,0.028228,0.0,0.028228,0
2026-07-26T13:06:47.176454,03/10 16:15,14.72,0.0,,,,18.0,29.0,0.3764,0.094094,0.0,0.094094,0.0,0.0,0.0,0.0,0.094094,0.55,high,0.051752,0.0,0.051752,0
2026-07-26T13:06:47.195451,03/10 17:15,13.62,0.0,,,,18.0,29.0,0.3764,0.094094,0.0,0.094094,0.0,0.0,0.0,0.0,0.094094,0.55,high,0.051752,0.0,0.051752,0
2026-07-26T13:06:47.211451,03/10 18:15,12.65,0.0,,,,18.0,29.0,0.3764,0.094094,0.0,0.094094,0.0,0.0,0.0,0.0,0.094094,0.55,high,0.051752,0.0,0.051752,0
2026-07-26T13:07:02.900742,03/10 19:15,12.07,0.0,,,,18.0,29.0,0.3764,0.094094,0.0,0.094094,0.0,0.0,0.0,0.0,0.094094,0.55,high,0.051752,0.0,0.051752,0
2026-07-26T13:07:02.920736,03/10 20:15,11.55,0.0,,,,18.0,29.0,0.3764,0.094094,0.0,0.094094,0.0,0.0,0.0,0.0,0.094094,0.55,high,0.051752,0.0,0.051752,0
2026-07-26T13:07:02.938737,03/10 21:15,10.82,0.0,,,,18.0,29.0,0.3764,0.094094,0.0,0.094094,0.0,0.0,0.0,0.0,0.094094,0.4,moderate,0.037638,0.0,0.037638,0
2026-07-26T13:07:02.954737,03/10 22:15,10.0,0.0,,,,18.0,29.0,0.3764,0.094094,0.0,0.094094,0.0,0.0,0.0,0.0,0.094094,0.4,moderate,0.037638,0.0,0.037638,0
2026-07-26T13:07:02.970734,03/10 23:15,10.0,0.0,,,,18.0,29.0,0.3764,0.094094,0.0,0.094094,0.0,0.0,0.0,0.0,0.094094,0.4,moderate,0.037638,0.0,0.037638,0
2026-07-26T13:07:02.986735,03/11 00:15,9.85,0.0,,,,18.0,29.0,0.3764,0.094094,0.0,0.094094,0.0,0.0,0.0,0.0,0.094094,0.34,low,0.031992,0.0,0.031992,0
2026-07-26T13:07:19.887790,03/11 01:15,9.12,0.0,,,,18.0,29.0,0.3764,0.094094,0.0,0.094094,0.0,0.0,0.0,0.0,0.094094,0.34,low,0.031992,0.0,0.031992,0
2026-07-26T13:07:19.906825,03/11 02:15,8.18,0.0,,,,18.0,29.0,0.3764,0.094094,0.0,0.094094,0.0,0.0,0.0,0.0,0.094094,0.34,low,0.031992,0.0,0.031992,0
2026-07-26T13:07:19.924798,03/11 03:15,7.52,0.0,,,,18.0,29.0,0.3764,0.094094,0.0,0.094094,0.0,0.0,0.0,0.0,0.094094,0.34,low,0.031992,0.0,0.031992,0
2026-07-26T13:07:19.942793,03/11 04:15,6.55,0.0,,,,18.0,29.0,0.3764,0.094094,0.0,0.094094,0.0,0.0,0.0,0.0,0.094094,0.34,low,0.031992,0.0,0.031992,0
2026-07-26T13:07:19.960795,03/11 05:15,6.1,0.0,,,,18.0,29.0,0.3764,0.094094,0.0,0.094094,0.0,0.0,0.0,0.0,0.094094,0.34,low,0.031992,0.0,0.031992,0
2026-07-26T13:07:19.975785,03/11 06:15,6.25,0.0,,,,18.0,29.0,0.3764,0.094094,0.0,0.094094,0.0,0.0,0.0,0.0,0.094094,0.43,moderate,0.04046,0.0,0.04046,0
2026-07-26T13:07:36.330279,03/11 07:15,6.7,0.0,,,,18.0,29.0,0.3764,0.094094,0.0,0.094094,0.002176,0.008659,0.61281,0.0,0.102753,0.43,moderate,0.04046,0.001567,0.042028,0
2026-07-26T13:07:36.351315,03/11 08:15,7.1,0.0,,,,18.0,29.0,0.3764,0.094094,0.0,0.094094,0.00496,0.291688,0.554009,0.0,0.385782,0.43,moderate,0.04046,0.052796,0.093256,0
2026-07-26T13:07:36.373354,03/11 09:15,8.18,52.0,21.57,21.5,21.86,21.5,26.0,0.3764,0.094094,0.0,0.094094,0.002055,1.101524,0.95118,0.0,1.195618,0.43,moderate,0.04046,0.199376,0.239836,0
2026-07-26T13:07:36.391352,03/11 10:15,7.8,52.0,22.37,21.77,23.33,21.5,26.0,0.3764,0.094094,0.0,0.094094,0.001835,0.954135,0.492128,0.0,1.048229,0.3,low,0.028228,0.172698,0.200927,0
2026-07-26T13:07:36.409384,03/11 11:15,7.92,52.0,23.11,22.45,24.0,21.5,26.0,0.3764,0.094094,0.0,0.094094,0.001399,0.626001,0.476825,0.0,0.720095,0.3,low,0.028228,0.113306,0.141534,0
2026-07-26T13:07:36.428352,03/11 12:15,8.58,41.6,23.29,22.65,24.12,21.5,26.0,0.3764,0.094094,0.0,0.094094,0.001133,0.513253,0.423038,0.0,0.607347,0.3,low,0.028228,0.092899,0.121127,0
2026-07-26T13:07:53.994592,03/11 13:15,9.55,20.8,23.1,22.51,23.83,21.5,25.0,0.3764,0.094094,0.0,0.094094,0.000769,0.377676,0.327421,0.0,0.47177,0.3,low,0.028228,0.068359,0.096588,0
2026-07-26T13:07:54.014594,03/11 14:15,10.0,41.6,23.56,22.94,24.39,21.5,25.0,0.3764,0.094094,0.0,0.094094,0.000588,0.312647,0.270539,0.0,0.406741,0.3,low,0.028228,0.056589,0.084817,0
2026-07-26T13:07:54.032594,03/11 15:15,9.85,52.0,23.72,23.09,24.65,21.5,25.0,0.3764,0.094094,0.0,0.094094,0.000562,0.31353,0.261781,0.0,0.407624,0.3,low,0.028228,0.056749,0.084977,0
2026-07-26T13:07:54.049594,03/11 16:15,9.55,52.0,23.56,22.94,24.67,21.5,25.0,0.3764,0.094094,0.0,0.094094,0.000691,0.38597,0.304051,0.0,0.480064,0.55,high,0.051752,0.069861,0.121612,0
2026-07-26T13:07:54.070592,03/11 17:15,10.0,52.0,23.0,22.31,24.33,21.5,25.0,0.3764,0.094094,0.0,0.094094,0.000547,0.308454,0.256566,0.0,0.402548,0.55,high,0.051752,0.05583,0.107582,0
2026-07-26T13:07:54.087592,03/11 18:15,10.15,52.0,22.67,21.92,24.16,21.5,25.0,0.3764,0.094094,0.0,0.094094,0.000555,0.318787,0.2595,0.0,0.412881,0.55,high,0.051752,0.0577,0.109452,0
2026-07-26T13:08:10.416686,03/11 19:15,9.62,26.0,21.36,20.74,22.7,20.0,26.0,0.3764,0.094094,0.0,0.094094,0.00046,0.26956,0.225295,0.0,0.363654,0.55,high,0.051752,0.04879,0.100542,0
2026-07-26T13:08:10.436687,03/11 20:23,5.85,0.0,,,,20.0,26.0,0.3764,0.094094,0.0,0.094094,0.003117,1.431296,0.840195,0.0,1.52539,0.55,high,0.051752,0.259065,0.310816,0
2026-07-26T13:08:10.453686,03/11 21:15,3.3,0.0,,,,20.0,26.0,0.3764,0.094094,0.0,0.094094,0.000748,0.49963,0.426213,0.0,0.593724,0.4,moderate,0.037638,0.090433,0.128071,0
2026-07-26T13:08:10.472686,03/11 22:15,3.17,0.0,,,,20.0,26.0,0.3764,0.094094,0.0,0.094094,0.001489,1.050099,0.819217,0.0,1.144193,0.4,moderate,0.037638,0.190068,0.227706,0
2026-07-26T13:08:10.489691,03/11 23:15,2.65,0.0,,,,20.0,26.0,0.3764,0.094094,0.0,0.094094,0.001686,1.156267,0.923192,0.0,1.250361,0.4,moderate,0.037638,0.209284,0.246922,0
2026-07-26T13:08:10.506687,03/12 00:15,2.08,0.0,,,,20.0,26.0,0.3764,0.094094,0.0,0.094094,0.002345,1.515667,1.194166,0.0,1.609761,0.34,low,0.031992,0.274336,0.306328,0
2026-07-26T13:08:26.648277,03/12 01:15,1.55,0.0,,,,18.0,28.0,0.3764,0.094094,0.0,0.094094,0.0,0.0,0.0,0.0,0.094094,0.34,low,0.031992,0.0,0.031992,0
2026-07-26T13:08:26.667274,03/12 02:15,1.1,0.0,,,,18.0,28.0,0.3764,0.094094,0.0,0.094094,0.000154,0.103075,0.119848,0.0,0.197169,0.34,low,0.031992,0.018657,0.050649,0
2026-07-26T13:08:26.685273,03/12 03:15,0.98,0.0,,,,18.0,28.0,0.3764,0.094094,0.0,0.094094,0.000317,0.240552,0.237297,0.0,0.334646,0.34,low,0.031992,0.04354,0.075532,0
2026-07-26T13:08:26.701273,03/12 04:15,0.72,0.0,,,,18.0,28.0,0.3764,0.094094,0.0,0.094094,0.000564,0.465121,0.392048,0.0,0.559215,0.34,low,0.031992,0.084187,0.116179,0
2026-07-26T13:08:26.717273,03/12 05:15,0.98,0.0,,,,18.0,28.0,0.3764,0.094094,0.0,0.094094,0.000534,0.454237,0.375323,0.0,0.548331,0.34,low,0.031992,0.082217,0.114209,0
2026-07-26T13:08:26.733274,03/12 06:15,0.6,0.0,,,,18.0,28.0,0.3764,0.094094,0.0,0.094094,0.000579,0.497523,0.401698,0.0,0.591617,0.43,moderate,0.04046,0.090052,0.130512,0
2026-07-26T13:08:42.326932,03/12 07:23,1.0,0.0,,,,18.0,29.0,0.3764,0.094094,0.0,0.094094,0.005081,1.762763,1.397091,0.0,1.856857,0.43,moderate,0.04046,0.31906,0.359521,0
2026-07-26T13:08:42.349103,03/12 08:23,2.62,0.0,,,,18.0,29.0,0.3764,0.094094,0.0,0.094094,0.004534,1.395538,1.104167,0.0,1.489632,0.43,moderate,0.04046,0.252592,0.293053,0
2026-07-26T13:08:42.369100,03/12 09:23,4.32,52.0,21.99,21.5,23.91,21.5,26.0,0.3764,0.094094,0.0,0.094094,0.004737,1.796393,1.407948,0.0,1.890487,0.43,moderate,0.04046,0.325147,0.365608,0
2026-07-26T13:08:42.389286,03/12 10:23,5.87,52.0,22.79,21.5,25.51,21.5,25.5,0.3808,0.095199,0.0,0.095199,0.004998,0.055194,0.610294,0.0,0.150393,0.3,low,0.02856,0.00999,0.03855,0
2026-07-26T13:08:42.407846,03/12 11:23,6.98,52.0,23.28,21.85,25.5,21.5,25.5,0.3823,0.095565,0.0,0.095565,0.001529,0.692345,0.509552,0.0,0.78791,0.3,low,0.028669,0.125314,0.153984,0
2026-07-26T13:08:42.424851,03/12 12:15,7.92,41.6,23.53,22.11,25.5,21.5,25.5,0.3776,0.094395,0.0,0.094395,0.001219,0.546982,0.444434,0.0,0.641377,0.3,low,0.028318,0.099004,0.127322,0
2026-07-26T13:09:00.938382,03/12 13:15,8.58,20.8,23.18,21.91,24.34,21.5,25.0,0.3764,0.094094,0.0,0.094094,0.00105,0.488925,0.403685,0.0,0.583019,0.3,low,0.028228,0.088495,0.116724,0
2026-07-26T13:09:00.960852,03/12 14:23,9.28,41.6,23.88,22.68,24.82,21.5,25.0,0.3764,0.094094,0.0,0.094094,0.000688,0.34635,0.302862,0.0,0.440444,0.3,low,0.028228,0.062689,0.090918,0
2026-07-26T13:09:00.981372,03/12 15:15,8.62,52.0,24.18,23.54,25.0,21.5,25.0,0.3863,0.096579,0.0,0.096579,0.000381,0.213334,0.19689,0.0,0.309913,0.3,low,0.028974,0.038613,0.067587,0
2026-07-26T13:09:00.997369,03/12 16:15,7.65,52.0,24.23,23.41,25.0,21.5,25.0,0.381,0.095257,0.0,0.095257,0.000805,0.460132,0.342707,0.0,0.555389,0.55,high,0.052391,0.083284,0.135675,0
2026-07-26T13:09:01.015367,03/12 17:15,6.5,52.0,23.63,22.74,24.74,21.5,25.0,0.3764,0.094094,0.0,0.094094,0.001259,0.601403,0.452793,0.0,0.695497,0.55,high,0.051752,0.108854,0.160606,0
2026-07-26T13:09:01.033568,03/12 18:15,4.12,52.0,23.04,22.15,24.56,21.5,25.0,0.3764,0.094094,0.0,0.094094,0.002629,0.027113,0.677546,0.0,0.121207,0.55,high,0.051752,0.004907,0.056659,0
2026-07-26T13:09:18.927978,03/12 19:23,2.9,26.0,21.28,20.57,23.01,20.0,26.0,0.3764,0.094094,0.0,0.094094,0.005205,0.648602,0.652344,0.0,0.742696,0.55,high,0.051752,0.117397,0.169149,0
2026-07-26T13:09:18.948987,03/12 20:23,1.7,0.0,,,,20.0,26.0,0.3764,0.094094,0.0,0.094094,0.005259,2.309616,1.189714,0.0,2.40371,0.55,high,0.051752,0.41804,0.469792,0
2026-07-26T13:09:18.965974,03/12 21:15,1.42,0.0,,,,20.0,26.0,0.3764,0.094094,0.0,0.094094,0.000505,0.28656,0.322273,0.0,0.380654,0.4,moderate,0.037638,0.051867,0.089505,0
2026-07-26T13:09:18.981967,03/12 22:15,0.6,0.0,,,,20.0,26.0,0.3764,0.094094,0.0,0.094094,0.001155,0.806973,0.658871,0.0,0.901067,0.4,moderate,0.037638,0.146062,0.1837,0
2026-07-26T13:09:18.997975,03/12 23:15,0.6,0.0,,,,20.0,26.0,0.3764,0.094094,0.0,0.094094,0.001487,1.025381,0.809178,0.0,1.119475,0.4,moderate,0.037638,0.185594,0.223232,0
2026-07-26T13:09:19.013968,03/13 00:15,0.72,0.0,,,,20.0,26.0,0.3764,0.094094,0.0,0.094094,0.001807,1.214704,0.972148,0.0,1.308798,0.34,low,0.031992,0.219861,0.251853,0
2026-07-26T13:09:35.150773,03/13 01:15,1.25,0.0,,,,18.0,28.0,0.3764,0.094094,0.0,0.094094,0.0,0.0,0.0,0.0,0.094094,0.34,low,0.031992,0.0,0.031992,0
2026-07-26T13:09:35.170774,03/13 02:15,1.7,0.0,,,,18.0,28.0,0.3764,0.094094,0.0,0.094094,0.0,0.0,0.0,0.0,0.094094,0.34,low,0.031992,0.0,0.031992,0
2026-07-26T13:09:35.187773,03/13 03:15,1.7,0.0,,,,18.0,28.0,0.3764,0.094094,0.0,0.094094,7.6e-05,0.051724,0.062318,0.0,0.145818,0.34,low,0.031992,0.009362,0.041354,0
2026-07-26T13:09:35.203773,03/13 04:15,1.7,0.0,,,,18.0,28.0,0.3764,0.094094,0.0,0.094094,0.000183,0.135738,0.141882,0.0,0.229832,0.34,low,0.031992,0.024569,0.056561,0
2026-07-26T13:09:35.219772,03/13 05:15,1.27,0.0,,,,18.0,28.0,0.3764,0.094094,0.0,0.094094,0.000298,0.240691,0.222333,0.0,0.334785,0.34,low,0.031992,0.043565,0.075557,0
2026-07-26T13:09:35.237773,03/13 06:15,0.0,0.0,,,,18.0,28.0,0.3764,0.094094,0.0,0.094094,0.000387,0.330537,0.282342,0.0,0.424631,0.43,moderate,0.04046,0.059827,0.100288,0
2026-07-26T13:09:51.239075,03/13 07:15,0.0,0.0,,,,18.0,29.0,0.3764,0.094094,0.0,0.094094,0.005303,1.924316,1.514897,0.0,2.01841,0.43,moderate,0.04046,0.348301,0.388762,0
2026-07-26T13:09:51.259306,03/13 08:15,0.0,0.0,,,,18.0,29.0,0.3764,0.094094,0.0,0.094094,0.005125,1.748554,1.393875,0.0,1.842648,0.43,moderate,0.04046,0.316488,0.356949,0
2026-07-26T13:09:51.283752,03/13 09:15,0.0,52.0,21.5,21.5,21.51,21.5,26.0,0.3764,0.094094,0.0,0.094094,0.006308,2.601337,2.107631,0.0,2.695431,0.43,moderate,0.04046,0.470842,0.511302,0
2026-07-26T13:09:51.301789,03/13 10:15,0.28,52.0,21.78,21.5,22.87,21.5,26.0,0.3764,0.094094,0.0,0.094094,0.004558,1.594667,1.26809,0.0,1.688761,0.3,low,0.028228,0.288635,0.316863,0
2026-07-26T13:09:51.318806,03/13 11:15,1.1,52.0,21.96,21.5,23.38,21.5,26.0,0.3764,0.094094,0.0,0.094094,0.004022,1.299211,1.036387,0.0,1.393305,0.3,low,0.028228,0.235157,0.263385,0
2026-07-26T13:09:51.334759,03/13 12:15,1.25,41.6,22.0,21.5,23.46,21.5,26.0,0.3764,0.094094,0.0,0.094094,0.003915,1.274345,1.026102,0.0,1.368439,0.3,low,0.028228,0.230656,0.258885,0
2026-07-26T13:10:08.047925,03/13 13:15,1.7,20.8,21.82,21.5,23.03,21.5,25.0,0.3764,0.094094,0.0,0.094094,0.003921,1.372315,1.105015,0.0,1.466409,0.3,low,0.028228,0.248389,0.276617,0
2026-07-26T13:10:08.064923,03/13 14:15,1.97,41.6,22.07,21.5,23.54,21.5,25.0,0.3764,0.094094,0.0,0.094094,0.003678,1.191522,0.957617,0.0,1.285616,0.3,low,0.028228,0.215665,0.243894,0
2026-07-26T13:10:08.081925,03/13 15:15,2.8,52.0,22.44,21.86,23.81,21.5,25.0,0.3764,0.094094,0.0,0.094094,0.003886,0.750288,0.863981,0.0,0.844382,0.3,low,0.028228,0.135802,0.16403,0
2026-07-26T13:10:08.096922,03/13 16:15,2.92,52.0,22.36,21.76,23.79,21.5,25.0,0.3764,0.094094,0.0,0.094094,0.005259,0.808376,0.843855,0.0,0.90247,0.55,high,0.051752,0.146316,0.198068,0
2026-07-26T13:10:08.113922,03/13 17:15,3.3,52.0,22.11,21.5,23.6,21.5,25.0,0.3764,0.094094,0.0,0.094094,0.005216,0.622543,0.762823,0.0,0.716637,0.55,high,0.051752,0.11268,0.164432,0
2026-07-26T13:10:08.128923,03/13 18:15,3.3,52.0,21.94,21.5,23.59,21.5,25.0,0.3764,0.094094,0.0,0.094094,0.005358,0.932538,0.80705,0.0,1.026632,0.55,high,0.051752,0.168789,0.220541,0
2026-07-26T13:10:24.035813,03/13 19:15,3.17,26.0,20.8,20.5,22.0,20.5,26.0,0.3764,0.094094,0.0,0.094094,0.005695,1.848687,1.059508,0.0,1.942781,0.55,high,0.051752,0.334612,0.386364,0
2026-07-26T13:10:24.053807,03/13 20:15,2.65,0.0,,,,20.5,26.0,0.3764,0.094094,0.0,0.094094,0.004935,2.104374,1.693161,0.0,2.198468,0.55,high,0.051752,0.380892,0.432643,0
2026-07-26T13:10:24.070808,03/13 21:15,2.2,0.0,,,,20.5,26.0,0.3764,0.094094,0.0,0.094094,0.001569,1.018211,0.863982,0.0,1.112305,0.4,moderate,0.037638,0.184296,0.221934,0
2026-07-26T13:10:24.086807,03/13 22:15,1.8,0.0,,,,20.5,26.0,0.3764,0.094094,0.0,0.094094,0.002251,1.453386,1.153133,0.0,1.54748,0.4,moderate,0.037638,0.263063,0.3007,0
2026-07-26T13:10:24.101807,03/13 23:15,0.45,0.0,,,,20.5,26.0,0.3764,0.094094,0.0,0.094094,0.00263,1.614693,1.285596,0.0,1.708787,0.4,moderate,0.037638,0.292259,0.329897,0
2026-07-26T13:10:24.116807,03/14 00:15,-0.15,0.0,,,,20.5,26.0,0.3764,0.094094,0.0,0.094094,0.003035,1.778848,1.417921,0.0,1.872942,0.34,low,0.031992,0.321971,0.353963,0
2026-07-26T13:10:38.844644,03/14 01:15,-0.88,0.0,,,,18.5,28.0,0.3764,0.094094,0.0,0.094094,0.000143,0.085197,0.111994,0.0,0.179291,0.34,low,0.031992,0.015421,0.047413,0
2026-07-26T13:10:38.863635,03/14 02:15,-1.7,0.0,,,,18.5,28.0,0.3764,0.094094,0.0,0.094094,0.000519,0.374071,0.363446,0.0,0.468165,0.34,low,0.031992,0.067707,0.099699,0
2026-07-26T13:10:38.880635,03/14 03:15,-1.82,0.0,,,,18.5,28.0,0.3764,0.094094,0.0,0.094094,0.000738,0.587699,0.490594,0.0,0.681793,0.34,low,0.031992,0.106374,0.138365,0
2026-07-26T13:10:38.896635,03/14 04:15,-2.35,0.0,,,,18.5,28.0,0.3764,0.094094,0.0,0.094094,0.000905,0.727301,0.579813,0.0,0.821395,0.34,low,0.031992,0.131641,0.163633,0
2026-07-26T13:10:38.911635,03/14 05:15,-2.65,0.0,,,,18.5,28.0,0.3764,0.094094,0.0,0.094094,0.00105,0.825549,0.654184,0.0,0.919643,0.34,low,0.031992,0.149424,0.181416,0
2026-07-26T13:10:38.927635,03/14 06:15,-2.08,0.0,,,,18.5,28.0,0.3764,0.094094,0.0,0.094094,0.001138,0.872903,0.694873,0.0,0.966997,0.43,moderate,0.04046,0.157995,0.198456,0
2026-07-26T13:10:54.681738,03/14 07:23,-1.0,0.0,,,,18.0,29.0,0.3764,0.094094,0.0,0.094094,0.005486,1.853925,1.482705,0.0,1.948019,0.43,moderate,0.04046,0.33556,0.376021,0
2026-07-26T13:10:54.704688,03/14 08:23,1.65,0.0,,,,18.0,29.0,0.3764,0.094094,0.0,0.094094,0.004729,1.472538,1.165345,0.0,1.566632,0.43,moderate,0.04046,0.266529,0.30699,0
2026-07-26T13:10:54.727598,03/14 09:23,3.72,52.0,22.16,21.5,24.68,21.5,26.0,0.3764,0.094094,0.0,0.094094,0.004708,1.761238,1.387325,0.0,1.855332,0.43,moderate,0.04046,0.318784,0.359244,0
2026-07-26T13:10:54.748081,03/14 10:23,5.15,52.0,22.81,21.5,25.5,21.5,25.5,0.3821,0.095531,0.0,0.095531,0.005007,0.063019,0.639118,0.0,0.15855,0.3,low,0.028659,0.011406,0.040066,0
2026-07-26T13:10:54.766047,03/14 11:23,6.0,52.0,23.4,21.93,25.5,21.5,25.5,0.3835,0.095886,0.0,0.095886,0.001911,0.785159,0.585296,0.0,0.881045,0.3,low,0.028766,0.142114,0.17088,0
2026-07-26T13:10:54.783101,03/14 12:15,7.62,41.6,23.69,22.27,25.5,21.5,25.5,0.3784,0.094611,0.0,0.094611,0.001384,0.581549,0.482275,0.0,0.67616,0.3,low,0.028383,0.10526,0.133644,0
2026-07-26T13:11:11.581710,03/14 13:15,8.48,20.8,23.37,22.2,24.5,21.5,25.0,0.3764,0.094094,0.0,0.094094,0.000863,0.402584,0.354482,0.0,0.496678,0.3,low,0.028228,0.072868,0.101096,0
2026-07-26T13:11:11.602165,03/14 14:15,7.2,41.6,23.71,22.68,24.33,21.5,25.0,0.3764,0.094094,0.0,0.094094,0.001371,0.62862,0.476478,0.0,0.722714,0.3,low,0.028228,0.11378,0.142008,0
2026-07-26T13:11:11.620123,03/14 15:15,7.48,52.0,24.09,23.4,24.96,21.5,25.0,0.3764,0.094094,0.0,0.094094,0.001327,0.581492,0.467151,0.0,0.675586,0.3,low,0.028228,0.10525,0.133478,0
2026-07-26T13:11:11.646120,03/14 16:15,8.03,52.0,24.05,23.1,25.0,21.5,25.0,0.3813,0.095329,0.0,0.095329,0.000683,0.336097,0.304689,0.0,0.431426,0.55,high,0.052431,0.060834,0.113265,0
2026-07-26T13:11:11.664158,03/14 17:15,6.93,52.0,23.8,22.5,24.98,21.5,25.0,0.3764,0.094094,0.0,0.094094,0.001297,0.627866,0.46082,0.0,0.72196,0.55,high,0.051752,0.113644,0.165395,0
2026-07-26T13:11:11.681279,03/14 18:23,5.55,52.0,23.19,22.03,24.38,21.5,25.0,0.3764,0.094094,0.0,0.094094,0.001756,0.723104,0.548352,0.0,0.817198,0.55,high,0.051752,0.130882,0.182634,0
2026-07-26T13:11:28.217362,03/14 19:23,3.62,26.0,21.5,20.69,22.98,20.0,26.0,0.3764,0.094094,0.0,0.094094,0.005058,0.25372,0.721891,0.0,0.347814,0.55,high,0.051752,0.045923,0.097675,0
2026-07-26T13:11:28.239369,03/14 20:23,2.52,0.0,,,,20.0,26.0,0.3764,0.094094,0.0,0.094094,0.005682,1.84946,1.013331,0.0,1.943554,0.55,high,0.051752,0.334752,0.386504,0
2026-07-26T13:11:28.257362,03/14 21:15,1.55,0.0,,,,20.0,26.0,0.3764,0.094094,0.0,0.094094,0.000542,0.335981,0.300352,0.0,0.430075,0.4,moderate,0.037638,0.060813,0.09845,0
2026-07-26T13:11:28.273361,03/14 22:15,0.98,0.0,,,,20.0,26.0,0.3764,0.094094,0.0,0.094094,0.001222,0.869107,0.665593,0.0,0.963201,0.4,moderate,0.037638,0.157308,0.194946,0
2026-07-26T13:11:28.289363,03/14 23:15,0.3,0.0,,,,20.0,26.0,0.3764,0.094094,0.0,0.094094,0.001534,1.053,0.825473,0.0,1.147094,0.4,moderate,0.037638,0.190593,0.228231,0
2026-07-26T13:11:28.305363,03/15 00:15,-0.72,0.0,,,,20.0,26.0,0.3764,0.094094,0.0,0.094094,0.001879,1.246914,0.994013,0.0,1.341008,0.34,low,0.031992,0.225691,0.257683,0
2026-07-26T13:11:44.732956,03/15 01:15,-1.25,0.0,,,,18.0,28.0,0.3764,0.094094,0.0,0.094094,0.0,0.0,0.0,0.0,0.094094,0.34,low,0.031992,0.0,0.031992,0
2026-07-26T13:11:44.751956,03/15 02:15,-1.82,0.0,,,,18.0,28.0,0.3764,0.094094,0.0,0.094094,0.000125,0.084131,0.098952,0.0,0.178225,0.34,low,0.031992,0.015228,0.04722,0
2026-07-26T13:11:44.770958,03/15 03:15,-2.35,0.0,,,,18.0,28.0,0.3764,0.094094,0.0,0.094094,0.000325,0.246158,0.244023,0.0,0.340252,0.34,low,0.031992,0.044555,0.076547,0
2026-07-26T13:11:44.788960,03/15 04:15,-2.8,0.0,,,,18.0,28.0,0.3764,0.094094,0.0,0.094094,0.000448,0.371657,0.32538,0.0,0.465751,0.34,low,0.031992,0.06727,0.099262,0
2026-07-26T13:11:44.805963,03/15 05:15,-2.92,0.0,,,,18.0,28.0,0.3764,0.094094,0.0,0.094094,0.000552,0.475452,0.390562,0.0,0.569546,0.34,low,0.031992,0.086057,0.118049,0
2026-07-26T13:11:44.820956,03/15 06:15,-3.3,0.0,,,,18.0,28.0,0.3764,0.094094,0.0,0.094094,0.000615,0.533502,0.428004,0.0,0.627596,0.43,moderate,0.04046,0.096564,0.137024,0
2026-07-26T13:11:59.949968,03/15 07:23,-2.32,0.0,,,,18.0,29.0,0.3764,0.094094,0.0,0.094094,0.005934,2.003663,1.593713,0.0,2.097757,0.43,moderate,0.04046,0.362663,0.403123,0
2026-07-26T13:11:59.969967,03/15 08:20,1.42,0.0,,,,18.0,29.0,0.3764,0.094094,0.0,0.094094,0.004766,1.458934,1.149601,0.0,1.553028,0.43,moderate,0.04046,0.264067,0.304527,0
2026-07-26T13:11:59.991966,03/15 09:23,4.45,52.0,22.25,21.5,24.98,21.5,26.0,0.3764,0.094094,0.0,0.094094,0.004515,1.632916,1.278035,0.0,1.72701,0.43,moderate,0.04046,0.295558,0.336018,0
2026-07-26T13:12:00.013968,03/15 10:23,5.97,52.0,23.02,21.57,25.5,21.5,25.5,0.3889,0.097234,0.0,0.097234,0.003088,1.673844,0.550638,0.0,1.771078,0.3,low,0.02917,0.302966,0.332136,0
2026-07-26T13:12:00.034970,03/15 11:23,5.87,52.0,23.62,22.12,25.5,21.5,25.5,0.3887,0.097168,0.0,0.097168,0.001576,0.719224,0.533392,0.0,0.816392,0.3,low,0.02915,0.13018,0.15933,0
2026-07-26T13:12:00.052968,03/15 12:23,6.98,41.6,23.83,22.34,25.5,21.5,25.5,0.3811,0.095268,0.0,0.095268,0.00134,0.592356,0.477719,0.0,0.687624,0.3,low,0.02858,0.107216,0.135797,0
2026-07-26T13:12:16.280184,03/15 13:15,7.92,20.8,23.65,22.23,24.86,21.5,25.0,0.3764,0.094094,0.0,0.094094,0.001167,0.525157,0.431508,0.0,0.619251,0.3,low,0.028228,0.095053,0.123282,0
2026-07-26T13:12:16.300184,03/15 14:15,8.3,41.6,24.19,22.88,25.0,21.5,25.0,0.3841,0.096013,0.0,0.096013,0.00056,0.27435,0.264671,0.0,0.370363,0.3,low,0.028804,0.049657,0.078461,0
2026-07-26T13:12:16.320184,03/15 15:15,8.45,52.0,24.32,23.74,25.0,21.5,25.0,0.3994,0.099844,0.0,0.099844,7.3e-05,0.040406,0.04844,0.0,0.14025,0.3,low,0.029953,0.007313,0.037267,0
2026-07-26T13:12:16.339196,03/15 16:15,8.75,52.0,24.42,23.49,25.0,21.5,25.0,0.409,0.102259,0.124176,0.102259,0.01414,0.0,0.0,0.132935,0.102259,0.55,high,0.056242,0.0,0.056242,0
2026-07-26T13:12:16.358184,03/15 17:15,7.75,52.0,24.24,22.9,25.0,21.5,25.0,0.3932,0.09829,0.0,0.09829,0.000175,0.100575,0.103853,0.0,0.198865,0.55,high,0.05406,0.018204,0.072264,0
2026-07-26T13:12:16.375184,03/15 18:23,5.4,52.0,23.78,22.38,24.86,21.5,25.0,0.3764,0.094094,0.0,0.094094,0.001647,0.797008,0.529804,0.0,0.891102,0.55,high,0.051752,0.144258,0.19601,0
2026-07-26T13:12:31.995363,03/15 19:23,3.17,26.0,21.88,20.9,23.31,20.0,26.0,0.3764,0.094094,0.0,0.094094,0.004557,0.539717,0.771221,0.0,0.633811,0.55,high,0.051752,0.097689,0.14944,0
2026-07-26T13:12:32.014359,03/15 20:23,2.8,0.0,,,,20.0,26.0,0.3764,0.094094,0.0,0.094094,0.005478,1.343342,0.902974,0.0,1.437436,0.55,high,0.051752,0.243145,0.294897,0
2026-07-26T13:12:32.030359,03/15 21:15,2.65,0.0,,,,20.0,26.0,0.3764,0.094094,0.0,0.094094,0.00025,0.137474,0.131196,0.0,0.231568,0.4,moderate,0.037638,0.024883,0.06252,0
2026-07-26T13:12:32.045359,03/15 22:15,2.2,0.0,,,,20.0,26.0,0.3764,0.094094,0.0,0.094094,0.000977,0.683096,0.517056,0.0,0.77719,0.4,moderate,0.037638,0.12364,0.161278,0
2026-07-26T13:12:32.060358,03/15 23:15,2.2,0.0,,,,20.0,26.0,0.3764,0.094094,0.0,0.094094,0.001266,0.905223,0.706041,0.0,0.999317,0.4,moderate,0.037638,0.163845,0.201483,0
2026-07-26T13:12:32.075358,03/16 00:15,2.08,0.0,,,,20.0,26.0,0.3764,0.094094,0.0,0.094094,0.001502,1.04724,0.83595,0.0,1.141334,0.34,low,0.031992,0.18955,0.221542,0
2026-07-26T13:12:47.466917,03/16 01:15,1.55,0.0,,,,18.0,28.0,0.3764,0.094094,0.0,0.094094,0.0,0.0,0.0,0.0,0.094094,0.34,low,0.031992,0.0,0.031992,0
2026-07-26T13:12:47.485882,03/16 02:15,1.1,0.0,,,,18.0,28.0,0.3764,0.094094,0.0,0.094094,0.0,0.0,0.0,0.0,0.094094,0.34,low,0.031992,0.0,0.031992,0
2026-07-26T13:12:47.502878,03/16 03:15,1.25,0.0,,,,18.0,28.0,0.3764,0.094094,0.0,0.094094,0.0,0.0,0.0,0.0,0.094094,0.34,low,0.031992,0.0,0.031992,0
2026-07-26T13:12:47.517879,03/16 04:15,1.7,0.0,,,,18.0,28.0,0.3764,0.094094,0.0,0.094094,0.0,0.0,0.0,0.0,0.094094,0.34,low,0.031992,0.0,0.031992,0
2026-07-26T13:12:47.533877,03/16 05:15,1.82,0.0,,,,18.0,28.0,0.3764,0.094094,0.0,0.094094,5.5e-05,0.03854,0.04577,0.0,0.132634,0.34,low,0.031992,0.006976,0.038968,0
2026-07-26T13:12:47.549520,03/16 06:15,2.35,0.0,,,,18.0,28.0,0.3764,0.094094,0.0,0.094094,0.000128,0.095244,0.10105,0.0,0.189338,0.43,moderate,0.04046,0.017239,0.0577,0
2026-07-26T13:13:02.479336,03/16 07:23,3.2,0.0,,,,18.0,29.0,0.3764,0.094094,0.0,0.094094,1e-05,0.007864,0.006735,0.0,0.101958,0.43,moderate,0.04046,0.001423,0.041884,0
2026-07-26T13:13:02.499329,03/16 08:15,4.7,0.0,,,,18.0,29.0,0.3764,0.094094,0.0,0.094094,0.0,0.0,0.0,0.0,0.094094,0.43,moderate,0.04046,0.0,0.04046,0
2026-07-26T13:13:02.516328,03/16 09:15,5.72,0.0,,,,18.0,29.0,0.3764,0.094094,0.0,0.094094,0.0,0.0,0.0,0.0,0.094094,0.43,moderate,0.04046,0.0,0.04046,0
2026-07-26T13:13:02.533327,03/16 10:15,6.37,0.0,,,,18.0,29.0,0.3764,0.094094,0.0,0.094094,0.0,0.0,0.0,0.0,0.094094,0.3,low,0.028228,0.0,0.028228,0
2026-07-26T13:13:02.550329,03/16 11:15,7.48,0.0,,,,18.0,29.0,0.3764,0.094094,0.0,0.094094,0.0,0.0,0.0,0.0,0.094094,0.3,low,0.028228,0.0,0.028228,0
2026-07-26T13:13:02.568341,03/16 12:15,8.73,0.0,,,,18.0,29.0,0.3764,0.094094,0.0,0.094094,0.0,0.0,0.0,0.0,0.094094,0.3,low,0.028228,0.0,0.028228,0
2026-07-26T13:13:19.175048,03/16 13:15,9.85,0.0,,,,18.0,29.0,0.3764,0.094094,0.0,0.094094,0.0,0.0,0.0,0.0,0.094094,0.3,low,0.028228,0.0,0.028228,0
2026-07-26T13:13:19.195066,03/16 14:15,9.0,0.0,,,,18.0,29.0,0.3764,0.094094,0.0,0.094094,0.0,0.0,0.0,0.0,0.094094,0.3,low,0.028228,0.0,0.028228,0
2026-07-26T13:13:19.212066,03/16 15:15,7.8,0.0,,,,18.0,29.0,0.3764,0.094094,0.0,0.094094,0.0,0.0,0.0,0.0,0.094094,0.3,low,0.028228,0.0,0.028228,0
2026-07-26T13:13:19.230067,03/16 16:15,7.8,0.0,,,,18.0,29.0,0.3764,0.094094,0.0,0.094094,0.0,0.0,0.0,0.0,0.094094,0.55,high,0.051752,0.0,0.051752,0
2026-07-26T13:13:19.246064,03/16 17:15,7.25,0.0,,,,18.0,29.0,0.3764,0.094094,0.0,0.094094,0.0,0.0,0.0,0.0,0.094094,0.55,high,0.051752,0.0,0.051752,0
2026-07-26T13:13:19.262058,03/16 18:15,4.9,0.0,,,,18.0,29.0,0.3764,0.094094,0.0,0.094094,0.0,0.0,0.0,0.0,0.094094,0.55,high,0.051752,0.0,0.051752,0
2026-07-26T13:13:35.669869,03/16 19:15,2.65,0.0,,,,18.0,29.0,0.3764,0.094094,0.0,0.094094,0.0,0.0,0.0,0.0,0.094094,0.55,high,0.051752,0.0,0.051752,0
2026-07-26T13:13:35.689544,03/16 20:15,1.8,0.0,,,,18.0,29.0,0.3764,0.094094,0.0,0.094094,0.0,0.0,0.0,0.0,0.094094,0.55,high,0.051752,0.0,0.051752,0
2026-07-26T13:13:35.706510,03/16 21:15,0.3,0.0,,,,18.0,29.0,0.3764,0.094094,0.0,0.094094,0.0,0.0,0.0,0.0,0.094094,0.4,moderate,0.037638,0.0,0.037638,0
2026-07-26T13:13:35.722513,03/16 22:15,-0.72,0.0,,,,18.0,29.0,0.3764,0.094094,0.0,0.094094,0.0,0.0,0.0,0.0,0.094094,0.4,moderate,0.037638,0.0,0.037638,0
2026-07-26T13:13:35.740123,03/16 23:15,-1.1,0.0,,,,18.0,29.0,0.3764,0.094094,0.0,0.094094,3.2e-05,0.024193,0.027735,0.0,0.118287,0.4,moderate,0.037638,0.004379,0.042017,0
2026-07-26T13:13:35.755130,03/17 00:15,-0.98,0.0,,,,18.0,29.0,0.3764,0.094094,0.0,0.094094,0.000128,0.101912,0.104856,0.0,0.196006,0.34,low,0.031992,0.018446,0.050438,0
2026-07-26T13:13:52.249058,03/17 01:15,-0.45,0.0,,,,18.0,29.0,0.3764,0.094094,0.0,0.094094,0.000201,0.170047,0.158965,0.0,0.264141,0.34,low,0.031992,0.030779,0.06277,0
2026-07-26T13:13:52.268058,03/17 02:15,0.0,0.0,,,,18.0,29.0,0.3764,0.094094,0.0,0.094094,0.000255,0.224678,0.19531,0.0,0.318772,0.34,low,0.031992,0.040667,0.072659,0
2026-07-26T13:13:52.286059,03/17 03:15,-0.15,0.0,,,,18.0,29.0,0.3764,0.094094,0.0,0.094094,0.000315,0.284438,0.235945,0.0,0.378532,0.34,low,0.031992,0.051483,0.083475,0
2026-07-26T13:13:52.303057,03/17 04:15,-0.6,0.0,,,,18.0,29.0,0.3764,0.094094,0.0,0.094094,0.000344,0.3144,0.256245,0.0,0.408494,0.34,low,0.031992,0.056906,0.088898,0
2026-07-26T13:13:52.318057,03/17 05:15,-0.6,0.0,,,,18.0,29.0,0.3764,0.094094,0.0,0.094094,0.000364,0.334578,0.269072,0.0,0.428672,0.34,low,0.031992,0.060559,0.092551,0
2026-07-26T13:13:52.334057,03/17 06:15,-0.6,0.0,,,,18.0,29.0,0.3764,0.094094,0.0,0.094094,0.000467,0.425914,0.335978,0.0,0.520008,0.43,moderate,0.04046,0.07709,0.117551,0
2026-07-26T13:14:09.118675,03/17 07:23,-0.17,0.0,,,,18.0,29.0,0.3764,0.094094,0.0,0.094094,0.000138,0.125587,0.103533,0.0,0.219681,0.43,moderate,0.04046,0.022731,0.063192,0
2026-07-26T13:14:09.139677,03/17 08:15,1.25,0.0,,,,18.0,29.0,0.3764,0.094094,0.0,0.094094,0.0,0.0,0.0,0.0,0.094094,0.43,moderate,0.04046,0.0,0.04046,0
2026-07-26T13:14:09.157672,03/17 09:15,1.55,0.0,,,,18.0,29.0,0.3764,0.094094,0.0,0.094094,0.0,0.0,0.0,0.0,0.094094,0.43,moderate,0.04046,0.0,0.04046,0
2026-07-26T13:14:09.173672,03/17 10:15,1.38,0.0,,,,18.0,29.0,0.3764,0.094094,0.0,0.094094,0.0,0.0,0.0,0.0,0.094094,0.3,low,0.028228,0.0,0.028228,0
2026-07-26T13:14:09.189670,03/17 11:15,2.08,0.0,,,,18.0,29.0,0.3764,0.094094,0.0,0.094094,0.0,0.0,0.0,0.0,0.094094,0.3,low,0.028228,0.0,0.028228,0
2026-07-26T13:14:09.205672,03/17 12:15,1.82,0.0,,,,18.0,29.0,0.3764,0.094094,0.0,0.094094,0.0,0.0,0.0,0.0,0.094094,0.3,low,0.028228,0.0,0.028228,0
2026-07-26T13:14:25.853127,03/17 13:15,2.08,0.0,,,,18.0,29.0,0.3764,0.094094,0.0,0.094094,0.0,0.0,0.0,0.0,0.094094,0.3,low,0.028228,0.0,0.028228,0
2026-07-26T13:14:25.873131,03/17 14:15,1.55,0.0,,,,18.0,29.0,0.3764,0.094094,0.0,0.094094,0.0,0.0,0.0,0.0,0.094094,0.3,low,0.028228,0.0,0.028228,0
2026-07-26T13:14:25.891127,03/17 15:15,0.98,0.0,,,,18.0,29.0,0.3764,0.094094,0.0,0.094094,0.0,0.0,0.0,0.0,0.094094,0.3,low,0.028228,0.0,0.028228,0
2026-07-26T13:14:25.908126,03/17 16:15,0.45,0.0,,,,18.0,29.0,0.3764,0.094094,0.0,0.094094,0.0,0.0,0.0,0.0,0.094094,0.55,high,0.051752,0.0,0.051752,0
2026-07-26T13:14:25.924129,03/17 17:15,-0.55,0.0,,,,18.0,29.0,0.3764,0.094094,0.0,0.094094,0.0,0.0,0.0,0.0,0.094094,0.55,high,0.051752,0.0,0.051752,0
2026-07-26T13:14:25.940127,03/17 18:23,-2.48,0.0,,,,18.0,29.0,0.3764,0.094094,0.0,0.094094,0.0,0.0,0.0,0.0,0.094094,0.55,high,0.051752,0.0,0.051752,0
2026-07-26T13:14:42.421218,03/17 19:15,-3.45,0.0,,,,18.0,29.0,0.3764,0.094094,0.0,0.094094,3.6e-05,0.032838,0.029728,0.0,0.126932,0.55,high,0.051752,0.005944,0.057695,0
2026-07-26T13:14:42.440641,03/17 20:15,-3.9,0.0,,,,18.0,29.0,0.3764,0.094094,0.0,0.094094,0.000105,0.096443,0.080243,0.0,0.190537,0.55,high,0.051752,0.017456,0.069208,0
2026-07-26T13:14:42.457640,03/17 21:15,-4.32,0.0,,,,18.0,29.0,0.3764,0.094094,0.0,0.094094,0.000244,0.226,0.185317,0.0,0.320094,0.4,moderate,0.037638,0.040906,0.078544,0
2026-07-26T13:14:42.474942,03/17 22:15,-5.6,0.0,,,,18.0,29.0,0.3764,0.094094,0.0,0.094094,0.000441,0.407958,0.321635,0.0,0.502052,0.4,moderate,0.037638,0.07384,0.111478,0
2026-07-26T13:14:42.490995,03/17 23:15,-5.72,0.0,,,,18.0,29.0,0.3764,0.094094,0.0,0.094094,0.000508,0.462638,0.36551,0.0,0.556732,0.4,moderate,0.037638,0.083737,0.121375,0
2026-07-26T13:14:42.506984,03/18 00:15,-6.25,0.0,,,,18.0,29.0,0.3764,0.094094,0.0,0.094094,0.000672,0.595806,0.463809,0.0,0.6899,0.34,low,0.031992,0.107841,0.139833,0
2026-07-26T13:14:58.398473,03/18 01:15,-6.83,0.0,,,,18.0,29.0,0.3764,0.094094,0.0,0.094094,0.000956,0.791202,0.617112,0.0,0.885296,0.34,low,0.031992,0.143208,0.1752,0
2026-07-26T13:14:58.416471,03/18 02:15,-7.35,0.0,,,,18.0,29.0,0.3764,0.094094,0.0,0.094094,0.000937,0.758962,0.609439,0.0,0.853056,0.34,low,0.031992,0.137372,0.169364,0
2026-07-26T13:14:58.433472,03/18 03:15,-7.65,0.0,,,,18.0,29.0,0.3764,0.094094,0.0,0.094094,0.00129,1.001716,0.779239,0.0,1.09581,0.34,low,0.031992,0.181311,0.213303,0
2026-07-26T13:14:58.448471,03/18 04:15,-7.35,0.0,,,,18.0,29.0,0.3764,0.094094,0.0,0.094094,0.001066,0.825754,0.677654,0.0,0.919848,0.34,low,0.031992,0.149461,0.181453,0
2026-07-26T13:14:58.464479,03/18 05:15,-7.8,0.0,,,,18.0,29.0,0.3764,0.094094,0.0,0.094094,0.001126,0.882671,0.710672,0.0,0.976765,0.34,low,0.031992,0.159763,0.191755,0
2026-07-26T13:14:58.481471,03/18 06:15,-7.38,0.0,,,,18.0,29.0,0.3764,0.094094,0.0,0.094094,0.001312,1.007434,0.798319,0.0,1.101528,0.43,moderate,0.04046,0.182346,0.222806,0
2026-07-26T13:15:15.207909,03/18 07:23,-5.27,0.0,,,,18.0,29.0,0.3764,0.094094,0.0,0.094094,0.007407,2.491146,1.997453,0.0,2.58524,0.43,moderate,0.04046,0.450897,0.491358,0
2026-07-26T13:15:15.228914,03/18 08:23,-2.25,0.0,,,,18.0,29.0,0.3764,0.094094,0.0,0.094094,0.00602,1.996918,1.603327,0.0,2.091012,0.43,moderate,0.04046,0.361442,0.401903,0
2026-07-26T13:15:15.250909,03/18 09:23,-0.02,52.0,21.99,21.5,23.88,21.5,26.0,0.3764,0.094094,0.0,0.094094,0.005907,2.316831,1.855777,0.0,2.410925,0.43,moderate,0.04046,0.419346,0.459807,0
2026-07-26T13:15:15.270907,03/18 10:23,2.1,52.0,22.78,21.5,25.52,21.5,25.5,0.3828,0.095697,0.0,0.095697,0.003439,1.156175,0.973187,0.0,1.251872,0.3,low,0.028709,0.209268,0.237977,0
2026-07-26T13:15:15.291913,03/18 11:23,3.72,52.0,23.38,21.91,25.5,21.5,25.5,0.384,0.095999,0.0,0.095999,0.003721,0.504543,0.777976,0.0,0.600542,0.3,low,0.0288,0.091322,0.120122,0
2026-07-26T13:15:15.309909,03/18 12:23,5.15,41.6,23.54,22.07,25.5,21.5,25.5,0.3785,0.094621,0.0,0.094621,0.002786,1.236031,0.656838,0.0,1.330652,0.3,low,0.028386,0.223722,0.252108,0
2026-07-26T13:15:31.279537,03/18 13:15,5.87,20.8,23.32,21.98,24.57,21.5,25.0,0.3764,0.094094,0.0,0.094094,0.00221,0.763772,0.616537,0.0,0.857866,0.3,low,0.028228,0.138243,0.166471,0
2026-07-26T13:15:31.299534,03/18 14:15,6.83,41.6,23.86,22.62,24.79,21.5,25.0,0.3764,0.094094,0.0,0.094094,0.001567,0.606449,0.514473,0.0,0.700543,0.3,low,0.028228,0.109767,0.137995,0
2026-07-26T13:15:31.317532,03/18 15:15,7.2,52.0,24.1,23.5,25.0,21.5,25.0,0.3878,0.096952,0.0,0.096952,0.000684,0.326165,0.308603,0.0,0.423117,0.3,low,0.029086,0.059036,0.088121,0
2026-07-26T13:15:31.334531,03/18 16:15,6.93,52.0,24.12,23.13,25.0,21.5,25.0,0.3893,0.097321,0.0,0.097321,0.000584,0.315283,0.275145,0.0,0.412604,0.55,high,0.053527,0.057066,0.110593,0
2026-07-26T13:15:31.352533,03/18 17:15,5.67,52.0,23.77,22.44,25.0,21.5,25.0,0.3764,0.094094,0.0,0.094094,0.001724,0.806915,0.542915,0.0,0.901009,0.55,high,0.051752,0.146052,0.197803,0
2026-07-26T13:15:31.372532,03/18 18:23,4.12,52.0,22.99,21.85,24.28,21.5,25.0,0.3764,0.094094,0.0,0.094094,0.003051,0.029851,0.677913,0.0,0.123945,0.55,high,0.051752,0.005403,0.057155,0
2026-07-26T13:15:48.514630,03/18 19:23,3.17,26.0,21.12,20.31,22.59,20.0,26.0,0.3764,0.094094,0.0,0.094094,0.005207,0.655173,0.647093,0.0,0.749267,0.55,high,0.051752,0.118586,0.170338,0
2026-07-26T13:15:48.536638,03/18 20:15,2.92,0.0,,,,20.5,26.0,0.3764,0.094094,0.0,0.094094,0.004297,1.868707,1.468008,0.0,1.962801,0.55,high,0.051752,0.338236,0.389988,0
2026-07-26T13:15:48.554631,03/18 21:15,3.45,0.0,,,,20.5,26.0,0.3764,0.094094,0.0,0.094094,0.001067,0.680726,0.612321,0.0,0.77482,0.4,moderate,0.037638,0.123211,0.160849,0
2026-07-26T13:15:48.572636,03/18 22:15,3.75,0.0,,,,20.5,26.0,0.3764,0.094094,0.0,0.094094,0.001798,1.211991,0.965123,0.0,1.306085,0.4,moderate,0.037638,0.21937,0.257008,0
2026-07-26T13:15:48.587634,03/18 23:15,3.3,0.0,,,,20.5,26.0,0.3764,0.094094,0.0,0.094094,0.002048,1.340704,1.072824,0.0,1.434798,0.4,moderate,0.037638,0.242667,0.280305,0
2026-07-26T13:15:48.602629,03/19 00:15,3.3,0.0,,,,20.5,26.0,0.3764,0.094094,0.0,0.094094,0.00244,1.53637,1.222744,0.0,1.630464,0.34,low,0.031992,0.278083,0.310075,0
2026-07-26T13:16:04.418428,03/19 01:15,3.17,0.0,,,,18.5,28.0,0.3764,0.094094,0.0,0.094094,0.0,0.0,0.0,0.0,0.094094,0.34,low,0.031992,0.0,0.031992,0
2026-07-26T13:16:04.437428,03/19 02:15,2.92,0.0,,,,18.5,28.0,0.3764,0.094094,0.0,0.094094,0.000147,0.096575,0.114188,0.0,0.190669,0.34,low,0.031992,0.01748,0.049472,0
2026-07-26T13:16:04.455428,03/19 03:15,3.45,0.0,,,,18.5,28.0,0.3764,0.094094,0.0,0.094094,0.000444,0.335057,0.314967,0.0,0.429151,0.34,low,0.031992,0.060645,0.092637,0
2026-07-26T13:16:04.472430,03/19 04:15,4.17,0.0,,,,18.5,28.0,0.3764,0.094094,0.0,0.094094,0.000491,0.401136,0.343794,0.0,0.49523,0.34,low,0.031992,0.072606,0.104598,0
2026-07-26T13:16:04.489427,03/19 05:15,5.0,0.0,,,,18.5,28.0,0.3764,0.094094,0.0,0.094094,0.000466,0.393444,0.325739,0.0,0.487538,0.34,low,0.031992,0.071213,0.103205,0
2026-07-26T13:16:04.505428,03/19 06:15,5.15,0.0,,,,18.5,28.0,0.3764,0.094094,0.0,0.094094,0.000484,0.413879,0.336041,0.0,0.507973,0.43,moderate,0.04046,0.074912,0.115373,0
2026-07-26T13:16:21.078180,03/19 07:15,6.15,0.0,,,,18.0,29.0,0.3764,0.094094,0.0,0.094094,0.003024,0.950601,0.720651,0.0,1.044695,0.43,moderate,0.04046,0.172059,0.212519,0
2026-07-26T13:16:21.101177,03/19 08:15,8.2,0.0,,,,18.0,29.0,0.3764,0.094094,0.0,0.094094,0.001679,0.413761,0.534562,0.0,0.507855,0.43,moderate,0.04046,0.074891,0.115351,0
2026-07-26T13:16:21.123178,03/19 09:15,9.7,52.0,21.14,21.0,21.59,21.0,26.0,0.3764,0.094094,0.0,0.094094,0.001195,0.527745,0.523789,0.0,0.621839,0.43,moderate,0.04046,0.095522,0.135982,0
2026-07-26T13:16:21.144178,03/19 10:23,10.88,52.0,22.82,21.96,23.61,21.0,26.0,0.3764,0.094094,0.0,0.094094,0.000599,0.320608,0.270934,0.0,0.414702,0.3,low,0.028228,0.05803,0.086258,0
2026-07-26T13:16:21.162180,03/19 11:23,12.25,52.0,23.95,22.76,25.52,21.0,26.0,0.3764,0.094094,0.106846,0.094094,0.009304,0.195389,0.176176,0.015668,0.289483,0.3,low,0.028228,0.035365,0.063594,0
2026-07-26T13:16:21.180176,03/19 12:23,14.18,41.6,24.35,23.18,25.5,21.0,25.5,0.3785,0.094636,0.138402,0.094636,0.026499,0.141629,0.129555,0.189228,0.236265,0.3,low,0.028391,0.025635,0.054026,0
2026-07-26T13:16:37.647862,03/19 13:15,15.15,20.8,24.24,23.12,24.93,21.0,25.0,0.3764,0.094094,0.155556,0.094094,0.030029,0.162211,0.14004,0.27602,0.256305,0.3,low,0.028228,0.02936,0.057588,0
2026-07-26T13:16:37.668862,03/19 14:15,15.6,41.6,24.65,23.73,25.0,21.0,25.0,0.3916,0.097902,0.177613,0.097902,0.034271,0.0,0.0,0.414557,0.097902,0.3,low,0.029371,0.0,0.029371,0
2026-07-26T13:16:37.685861,03/19 15:15,16.0,52.0,24.81,24.52,25.0,21.0,25.0,0.414,0.103496,0.232742,0.103496,0.034733,0.0,0.0,0.709588,0.103496,0.3,low,0.031049,0.0,0.031049,0
2026-07-26T13:16:37.702863,03/19 16:15,16.92,52.0,24.82,24.22,25.0,21.0,25.0,0.4205,0.105117,0.276915,0.105117,0.038031,0.0,0.0,0.935029,0.105117,0.55,high,0.057814,0.0,0.057814,0
2026-07-26T13:16:37.719861,03/19 17:15,15.55,52.0,24.59,23.63,25.0,21.0,25.0,0.3952,0.098811,0.213277,0.098811,0.038645,0.0,0.0,0.558411,0.098811,0.55,high,0.054346,0.0,0.054346,0
2026-07-26T13:16:37.735860,03/19 18:23,13.35,52.0,24.2,23.14,25.0,21.0,25.0,0.378,0.094497,0.144191,0.094497,0.037803,0.072359,0.069012,0.188852,0.166856,0.55,high,0.051973,0.013097,0.06507,0
2026-07-26T13:16:55.008109,03/19 19:23,11.42,26.0,22.53,21.71,23.64,20.0,26.0,0.3764,0.094094,0.113991,0.094094,0.034146,0.135638,0.11554,0.01577,0.229732,0.55,high,0.051752,0.02455,0.076302,0
2026-07-26T13:16:55.029114,03/19 20:23,9.9,0.0,,,,20.0,26.0,0.3764,0.094094,0.0,0.094094,0.000428,0.286341,0.21309,0.0,0.380435,0.55,high,0.051752,0.051828,0.103579,0
2026-07-26T13:16:55.047109,03/19 21:15,7.65,0.0,,,,20.0,26.0,0.3764,0.094094,0.0,0.094094,0.0,0.0,0.0,0.0,0.094094,0.4,moderate,0.037638,0.0,0.037638,0
2026-07-26T13:16:55.064110,03/19 22:15,6.8,0.0,,,,20.0,26.0,0.3764,0.094094,0.0,0.094094,6.3e-05,0.041925,0.047122,0.0,0.136019,0.4,moderate,0.037638,0.007588,0.045226,0
2026-07-26T13:16:55.080108,03/19 23:15,5.17,0.0,,,,20.0,26.0,0.3764,0.094094,0.0,0.094094,0.000495,0.362087,0.328341,0.0,0.456181,0.4,moderate,0.037638,0.065538,0.103175,0
2026-07-26T13:16:55.096109,03/20 00:15,3.75,0.0,,,,20.0,26.0,0.3764,0.094094,0.0,0.094094,0.000976,0.73856,0.583685,0.0,0.832654,0.34,low,0.031992,0.133679,0.165671,0
2026-07-26T13:17:11.057189,03/20 01:15,3.17,0.0,,,,18.0,28.0,0.3764,0.094094,0.0,0.094094,0.0,0.0,0.0,0.0,0.094094,0.34,low,0.031992,0.0,0.031992,0
2026-07-26T13:17:11.076189,03/20 02:15,2.52,0.0,,,,18.0,28.0,0.3764,0.094094,0.0,0.094094,0.0,0.0,0.0,0.0,0.094094,0.34,low,0.031992,0.0,0.031992,0
2026-07-26T13:17:11.094188,03/20 03:15,1.42,0.0,,,,18.0,28.0,0.3764,0.094094,0.0,0.094094,0.0,0.0,0.0,0.0,0.094094,0.34,low,0.031992,0.0,0.031992,0
2026-07-26T13:17:11.111184,03/20 04:15,0.6,0.0,,,,18.0,28.0,0.3764,0.094094,0.0,0.094094,0.0,0.0,0.0,0.0,0.094094,0.34,low,0.031992,0.0,0.031992,0
2026-07-26T13:17:11.127185,03/20 05:15,0.6,0.0,,,,18.0,28.0,0.3764,0.094094,0.0,0.094094,9.4e-05,0.072544,0.077016,0.0,0.166638,0.34,low,0.031992,0.01313,0.045122,0
2026-07-26T13:17:11.144185,03/20 06:15,1.15,0.0,,,,18.0,28.0,0.3764,0.094094,0.0,0.094094,0.000233,0.191768,0.179895,0.0,0.285862,0.43,moderate,0.04046,0.03471,0.07517,0
2026-07-26T13:17:27.445554,03/20 07:23,3.35,0.0,,,,18.0,29.0,0.3764,0.094094,0.0,0.094094,0.004378,1.385226,1.032283,0.0,1.47932,0.43,moderate,0.04046,0.250726,0.291186,0
2026-07-26T13:17:27.467553,03/20 08:23,5.15,0.0,,,,18.0,29.0,0.3764,0.094094,0.0,0.094094,0.00349,0.919269,0.759245,0.0,1.013363,0.43,moderate,0.04046,0.166388,0.206848,0
2026-07-26T13:17:27.489631,03/20 09:23,5.6,52.0,22.09,21.5,24.32,21.5,26.0,0.3764,0.094094,0.0,0.094094,0.003348,1.364826,1.093412,0.0,1.45892,0.43,moderate,0.04046,0.247034,0.287494,0
2026-07-26T13:17:27.510557,03/20 10:23,5.6,52.0,22.91,21.52,25.5,21.5,25.5,0.3823,0.095569,0.0,0.095569,0.003912,2.22794,0.586583,0.0,2.323509,0.3,low,0.028671,0.403257,0.431928,0
2026-07-26T13:17:27.528553,03/20 11:23,5.6,52.0,23.42,22.0,25.5,21.5,25.5,0.3834,0.095854,0.0,0.095854,0.001833,0.753833,0.574786,0.0,0.849687,0.3,low,0.028756,0.136444,0.1652,0
2026-07-26T13:17:27.545553,03/20 12:15,5.45,41.6,23.59,22.2,25.5,21.5,25.5,0.3779,0.094485,0.0,0.094485,0.002102,0.781946,0.606964,0.0,0.876431,0.3,low,0.028345,0.141532,0.169878,0
2026-07-26T13:17:44.203912,03/20 13:23,4.85,20.8,23.05,21.83,24.24,21.5,25.0,0.3764,0.094094,0.0,0.094094,0.002521,0.834664,0.657649,0.0,0.928758,0.3,low,0.028228,0.151074,0.179302,0
2026-07-26T13:17:44.225912,03/20 14:15,4.28,41.6,23.56,22.45,24.32,21.5,25.0,0.3764,0.094094,0.0,0.094094,0.002788,0.02915,0.695221,0.0,0.123244,0.3,low,0.028228,0.005276,0.033504,0
2026-07-26T13:17:44.247912,03/20 15:15,3.35,52.0,23.75,23.0,24.94,21.5,25.0,0.3764,0.094094,0.0,0.094094,0.00507,0.273879,0.608293,0.0,0.367973,0.3,low,0.028228,0.049572,0.0778,0
2026-07-26T13:17:44.268910,03/20 16:15,1.7,52.0,23.72,22.64,25.0,21.5,25.0,0.3776,0.094405,0.0,0.094405,0.00553,1.716501,0.873719,0.0,1.810906,0.55,high,0.051923,0.310687,0.362609,0
2026-07-26T13:17:44.286910,03/20 17:15,1.27,52.0,23.28,22.05,24.34,21.5,25.0,0.3764,0.094094,0.0,0.094094,0.00331,1.299879,0.893368,0.0,1.393973,0.55,high,0.051752,0.235278,0.28703,0
2026-07-26T13:17:44.307913,03/20 18:23,-0.42,52.0,22.52,21.51,24.06,21.5,25.0,0.3764,0.094094,0.0,0.094094,0.003464,1.2923,1.04521,0.0,1.386394,0.55,high,0.051752,0.233906,0.285658,0
2026-07-26T13:18:00.931303,03/20 19:15,-1.7,26.0,21.0,20.48,22.55,20.5,26.0,0.3764,0.094094,0.0,0.094094,0.004225,1.61055,1.339551,0.0,1.704644,0.55,high,0.051752,0.29151,0.343261,0
2026-07-26T13:18:00.952307,03/20 20:15,-1.82,0.0,,,,20.5,26.0,0.3764,0.094094,0.0,0.094094,0.005829,2.615671,2.11061,0.0,2.709765,0.55,high,0.051752,0.473436,0.525188,0
2026-07-26T13:18:00.971305,03/20 21:15,-2.2,0.0,,,,20.5,26.0,0.3764,0.094094,0.0,0.094094,0.002157,1.319716,1.070058,0.0,1.41381,0.4,moderate,0.037638,0.238869,0.276506,0
2026-07-26T13:18:00.987306,03/20 22:15,-2.35,0.0,,,,20.5,26.0,0.3764,0.094094,0.0,0.094094,0.002882,1.675275,1.336737,0.0,1.769369,0.4,moderate,0.037638,0.303225,0.340862,0
2026-07-26T13:18:01.003302,03/20 23:15,-2.92,0.0,,,,20.5,26.0,0.3764,0.094094,0.0,0.094094,0.003074,1.747144,1.405136,0.0,1.841238,0.4,moderate,0.037638,0.316233,0.353871,0
2026-07-26T13:18:01.020303,03/21 00:15,-3.3,0.0,,,,20.5,26.0,0.3764,0.094094,0.0,0.094094,0.00349,1.916572,1.533403,0.0,2.010666,0.34,low,0.031992,0.3469,0.378891,0
2026-07-26T13:18:17.074442,03/21 01:15,-3.3,0.0,,,,18.5,28.0,0.3764,0.094094,0.0,0.094094,0.000351,0.21011,0.257107,0.0,0.304204,0.34,low,0.031992,0.03803,0.070022,0
2026-07-26T13:18:17.093439,03/21 02:15,-2.75,0.0,,,,18.5,28.0,0.3764,0.094094,0.0,0.094094,0.000775,0.577239,0.509268,0.0,0.671333,0.34,low,0.031992,0.10448,0.136472,0
2026-07-26T13:18:17.111439,03/21 03:15,-1.1,0.0,,,,18.5,28.0,0.3764,0.094094,0.0,0.094094,0.000989,0.771393,0.622258,0.0,0.865487,0.34,low,0.031992,0.139622,0.171614,0
2026-07-26T13:18:17.127438,03/21 04:15,-1.1,0.0,,,,18.5,28.0,0.3764,0.094094,0.0,0.094094,0.000953,0.74706,0.605597,0.0,0.841154,0.34,low,0.031992,0.135218,0.16721,0
2026-07-26T13:18:17.144439,03/21 05:15,-1.38,0.0,,,,18.5,28.0,0.3764,0.094094,0.0,0.094094,0.001074,0.835351,0.665234,0.0,0.929445,0.34,low,0.031992,0.151199,0.18319,0
2026-07-26T13:18:17.159438,03/21 06:15,-1.8,0.0,,,,18.5,28.0,0.3764,0.094094,0.0,0.094094,0.00118,0.895407,0.716657,0.0,0.989501,0.43,moderate,0.04046,0.162069,0.202529,0
2026-07-26T13:18:32.910785,03/21 07:23,-0.17,0.0,,,,18.0,29.0,0.3764,0.094094,0.0,0.094094,0.0052,1.729787,1.379424,0.0,1.823881,0.43,moderate,0.04046,0.313091,0.353552,0
2026-07-26T13:18:32.932787,03/21 08:23,1.52,0.0,,,,18.0,29.0,0.3764,0.094094,0.0,0.094094,0.004679,1.439121,1.143812,0.0,1.533215,0.43,moderate,0.04046,0.260481,0.300941,0
2026-07-26T13:18:32.955786,03/21 09:23,3.07,52.0,22.11,21.5,24.52,21.5,26.0,0.3764,0.094094,0.0,0.094094,0.004831,1.855919,1.465307,0.0,1.950013,0.43,moderate,0.04046,0.335921,0.376382,0
2026-07-26T13:18:32.979791,03/21 10:23,4.17,52.0,22.84,21.5,25.5,21.5,25.5,0.3847,0.096173,0.0,0.096173,0.004776,0.291154,0.753982,0.0,0.387327,0.3,low,0.028852,0.052699,0.081551,0
2026-07-26T13:18:32.998788,03/21 11:23,5.42,52.0,23.36,21.87,25.5,21.5,25.5,0.3847,0.096181,0.0,0.096181,0.002428,1.256843,0.621086,0.0,1.353024,0.3,low,0.028854,0.227489,0.256343,0
2026-07-26T13:18:33.017785,03/21 12:15,6.83,41.6,23.62,22.15,25.5,21.5,25.5,0.3784,0.094601,0.0,0.094601,0.001584,0.647362,0.520143,0.0,0.741963,0.3,low,0.02838,0.117173,0.145553,0
2026-07-26T13:18:49.279615,03/21 13:15,7.48,20.8,23.33,22.01,24.51,21.5,25.0,0.3764,0.094094,0.0,0.094094,0.001424,0.594143,0.486852,0.0,0.688237,0.3,low,0.028228,0.10754,0.135768,0
2026-07-26T13:18:49.301616,03/21 14:15,8.18,41.6,23.96,22.78,24.78,21.5,25.0,0.3764,0.094094,0.0,0.094094,0.000981,0.448315,0.386154,0.0,0.542409,0.3,low,0.028228,0.081145,0.109373,0
2026-07-26T13:18:49.320614,03/21 15:15,7.52,52.0,24.22,23.54,25.0,21.5,25.0,0.3818,0.095453,0.0,0.095453,0.000788,0.400264,0.337842,0.0,0.495717,0.3,low,0.028636,0.072448,0.101084,0
2026-07-26T13:18:49.337614,03/21 16:15,6.55,52.0,23.92,23.19,24.79,21.5,25.0,0.3764,0.094094,0.0,0.094094,0.001454,0.655754,0.493183,0.0,0.749848,0.55,high,0.051752,0.118691,0.170443,0
2026-07-26T13:18:49.355615,03/21 17:15,5.27,52.0,23.44,22.56,24.5,21.5,25.0,0.3764,0.094094,0.0,0.094094,0.001717,0.695537,0.541577,0.0,0.789631,0.55,high,0.051752,0.125892,0.177644,0
2026-07-26T13:18:49.374615,03/21 18:23,2.37,52.0,22.68,21.82,24.23,21.5,25.0,0.3764,0.094094,0.0,0.094094,0.005279,0.850845,0.788973,0.0,0.944939,0.55,high,0.051752,0.154003,0.205755,0
2026-07-26T13:19:05.788410,03/21 19:23,0.83,26.0,21.1,20.48,22.74,20.0,26.0,0.3764,0.094094,0.0,0.094094,0.004074,1.607556,0.962634,0.0,1.70165,0.55,high,0.051752,0.290968,0.342719,0
2026-07-26T13:19:05.816407,03/21 20:15,0.15,0.0,,,,20.5,26.0,0.3764,0.094094,0.0,0.094094,0.004882,2.161265,1.750246,0.0,2.255359,0.55,high,0.051752,0.391189,0.442941,0
2026-07-26T13:19:05.839407,03/21 21:15,1.15,0.0,,,,20.5,26.0,0.3764,0.094094,0.0,0.094094,0.001168,0.753609,0.660036,0.0,0.847703,0.4,moderate,0.037638,0.136403,0.174041,0
2026-07-26T13:19:05.861408,03/21 22:15,2.65,0.0,,,,20.5,26.0,0.3764,0.094094,0.0,0.094094,0.00207,1.350306,1.068675,0.0,1.4444,0.4,moderate,0.037638,0.244405,0.282043,0
2026-07-26T13:19:05.880404,03/21 23:15,1.93,0.0,,,,20.5,26.0,0.3764,0.094094,0.0,0.094094,0.002508,1.554485,1.239433,0.0,1.648579,0.4,moderate,0.037638,0.281362,0.318999,0
2026-07-26T13:19:05.900405,03/22 00:15,0.98,0.0,,,,20.5,26.0,0.3764,0.094094,0.0,0.094094,0.002699,1.631728,1.308629,0.0,1.725822,0.34,low,0.031992,0.295343,0.327335,0
2026-07-26T13:19:22.383164,03/22 01:15,0.3,0.0,,,,18.5,28.0,0.3764,0.094094,0.0,0.094094,0.0,0.0,0.0,0.0,0.094094,0.34,low,0.031992,0.0,0.031992,0
2026-07-26T13:19:22.404909,03/22 02:15,-0.6,0.0,,,,18.5,28.0,0.3764,0.094094,0.0,0.094094,0.000378,0.258388,0.274604,0.0,0.352482,0.34,low,0.031992,0.046768,0.07876,0
2026-07-26T13:19:22.423907,03/22 03:15,-1.27,0.0,,,,18.5,28.0,0.3764,0.094094,0.0,0.094094,0.000581,0.456057,0.400738,0.0,0.550151,0.34,low,0.031992,0.082546,0.114538,0
2026-07-26T13:19:22.442929,03/22 04:15,-3.3,0.0,,,,18.5,28.0,0.3764,0.094094,0.0,0.094094,0.000841,0.682846,0.546186,0.0,0.77694,0.34,low,0.031992,0.123595,0.155587,0
2026-07-26T13:19:22.460911,03/22 05:15,-3.17,0.0,,,,18.5,28.0,0.3764,0.094094,0.0,0.094094,0.000984,0.783226,0.620683,0.0,0.87732,0.34,low,0.031992,0.141764,0.173756,0
2026-07-26T13:19:22.478955,03/22 06:15,-2.1,0.0,,,,18.5,28.0,0.3764,0.094094,0.0,0.094094,0.000884,0.691753,0.568687,0.0,0.785847,0.43,moderate,0.04046,0.125207,0.165668,0
2026-07-26T13:19:38.551558,03/22 07:15,0.42,0.0,,,,18.0,29.0,0.3764,0.094094,0.0,0.094094,0.004965,1.610758,1.281877,0.0,1.704852,0.43,moderate,0.04046,0.291547,0.332008,0
2026-07-26T13:19:38.572160,03/22 08:23,2.38,0.0,,,,18.0,29.0,0.3764,0.094094,0.0,0.094094,0.004547,1.356692,1.077419,0.0,1.450786,0.43,moderate,0.04046,0.245561,0.286022,0
2026-07-26T13:19:38.595202,03/22 09:20,4.83,52.0,21.91,21.5,23.48,21.5,26.0,0.3764,0.094094,0.0,0.094094,0.004399,1.583478,1.22537,0.0,1.677572,0.43,moderate,0.04046,0.28661,0.32707,0
2026-07-26T13:19:38.614167,03/22 10:23,6.25,52.0,23.0,21.58,25.62,21.5,26.0,0.3764,0.094094,0.0,0.094094,0.004095,2.260087,0.583201,0.0,2.354181,0.3,low,0.028228,0.409076,0.437304,0
2026-07-26T13:19:38.634686,03/22 11:23,6.83,52.0,23.64,22.31,25.5,21.5,25.5,0.3788,0.0947,0.0,0.0947,0.001657,0.688952,0.532707,0.0,0.783652,0.3,low,0.02841,0.1247,0.15311,0
2026-07-26T13:19:38.651639,03/22 12:15,7.08,41.6,23.7,22.54,25.01,21.5,25.5,0.3764,0.094094,0.0,0.094094,0.001477,0.6057,0.497131,0.0,0.699794,0.3,low,0.028228,0.109632,0.13786,0
2026-07-26T13:19:55.111003,03/22 13:15,6.83,20.8,23.23,22.29,23.9,21.5,25.0,0.3764,0.094094,0.0,0.094094,0.001627,0.662861,0.52554,0.0,0.756955,0.3,low,0.028228,0.119978,0.148206,0
2026-07-26T13:19:55.130998,03/22 14:15,7.2,41.6,23.59,22.8,24.39,21.5,25.0,0.3764,0.094094,0.0,0.094094,0.001374,0.576655,0.476813,0.0,0.670749,0.3,low,0.028228,0.104375,0.132603,0
2026-07-26T13:19:55.148998,03/22 15:15,7.2,52.0,23.52,22.81,24.58,21.5,25.0,0.3764,0.094094,0.0,0.094094,0.001341,0.579862,0.470024,0.0,0.673956,0.3,low,0.028228,0.104955,0.133183,0
2026-07-26T13:19:55.167001,03/22 16:15,7.08,52.0,23.3,22.6,24.58,21.5,25.0,0.3764,0.094094,0.0,0.094094,0.001337,0.582314,0.469282,0.0,0.676408,0.55,high,0.051752,0.105399,0.157151,0
2026-07-26T13:19:55.183998,03/22 17:15,6.43,52.0,22.71,22.03,24.16,21.5,25.0,0.3764,0.094094,0.0,0.094094,0.001551,0.651369,0.511744,0.0,0.745463,0.55,high,0.051752,0.117898,0.169649,0
2026-07-26T13:19:55.199998,03/22 18:15,5.6,52.0,22.37,21.66,24.02,21.5,25.0,0.3764,0.094094,0.0,0.094094,0.002112,0.786768,0.603883,0.0,0.880862,0.55,high,0.051752,0.142405,0.194157,0
2026-07-26T13:20:11.782631,03/22 19:15,5.6,26.0,21.05,20.47,22.63,20.0,26.0,0.3764,0.094094,0.0,0.094094,0.002222,0.774945,0.619196,0.0,0.869039,0.55,high,0.051752,0.140265,0.192017,0
2026-07-26T13:20:11.804630,03/22 20:15,6.15,0.0,,,,20.5,26.0,0.3764,0.094094,0.0,0.094094,0.003225,1.477166,1.208623,0.0,1.57126,0.55,high,0.051752,0.267367,0.319119,0
2026-07-26T13:20:11.823631,03/22 21:15,7.65,0.0,,,,20.5,26.0,0.3764,0.094094,0.0,0.094094,0.000681,0.439693,0.431169,0.0,0.533787,0.4,moderate,0.037638,0.079584,0.117222,0
2026-07-26T13:20:11.839631,03/22 22:15,7.08,0.0,,,,20.5,26.0,0.3764,0.094094,0.0,0.094094,0.001173,0.852371,0.697186,0.0,0.946465,0.4,moderate,0.037638,0.154279,0.191917,0
2026-07-26T13:20:11.855629,03/22 23:15,6.55,0.0,,,,20.5,26.0,0.3764,0.094094,0.0,0.094094,0.001372,0.993581,0.795342,0.0,1.087675,0.4,moderate,0.037638,0.179838,0.217476,0
2026-07-26T13:20:11.870630,03/23 00:15,5.97,0.0,,,,20.5,26.0,0.3764,0.094094,0.0,0.094094,0.001679,1.179194,0.935536,0.0,1.273288,0.34,low,0.031992,0.213434,0.245426,0
2026-07-26T13:20:28.766513,03/23 01:15,5.6,0.0,,,,18.5,28.0,0.3764,0.094094,0.0,0.094094,0.0,0.0,0.0,0.0,0.094094,0.34,low,0.031992,0.0,0.031992,0
2026-07-26T13:20:28.785508,03/23 02:15,5.3,0.0,,,,18.5,28.0,0.3764,0.094094,0.0,0.094094,0.0,0.0,0.0,0.0,0.094094,0.34,low,0.031992,0.0,0.031992,0
2026-07-26T13:20:28.802508,03/23 03:15,4.4,0.0,,,,18.5,28.0,0.3764,0.094094,0.0,0.094094,0.0,0.0,0.0,0.0,0.094094,0.34,low,0.031992,0.0,0.031992,0
2026-07-26T13:20:28.818508,03/23 04:15,4.28,0.0,,,,18.5,28.0,0.3764,0.094094,0.0,0.094094,0.0,0.0,0.0,0.0,0.094094,0.34,low,0.031992,0.0,0.031992,0
2026-07-26T13:20:28.834508,03/23 05:15,3.75,0.0,,,,18.5,28.0,0.3764,0.094094,0.0,0.094094,6e-06,0.004432,0.004494,0.0,0.098526,0.34,low,0.031992,0.000802,0.032794,0
2026-07-26T13:20:28.849507,03/23 06:15,3.3,0.0,,,,18.5,28.0,0.3764,0.094094,0.0,0.094094,5.9e-05,0.042588,0.046726,0.0,0.136682,0.43,moderate,0.04046,0.007708,0.048169,0
2026-07-26T13:20:44.510303,03/23 07:15,3.45,0.0,,,,18.0,29.0,0.3764,0.094094,0.0,0.094094,0.0,0.0,0.0,0.0,0.094094,0.43,moderate,0.04046,0.0,0.04046,0
2026-07-26T13:20:44.533300,03/23 08:15,4.03,0.0,,,,18.0,29.0,0.3764,0.094094,0.0,0.094094,0.0,0.0,0.0,0.0,0.094094,0.43,moderate,0.04046,0.0,0.04046,0
2026-07-26T13:20:44.555299,03/23 09:15,4.4,0.0,,,,18.0,29.0,0.3764,0.094094,0.0,0.094094,0.0,0.0,0.0,0.0,0.094094,0.43,moderate,0.04046,0.0,0.04046,0
2026-07-26T13:20:44.578303,03/23 10:15,4.55,0.0,,,,18.0,29.0,0.3764,0.094094,0.0,0.094094,0.0,0.0,0.0,0.0,0.094094,0.3,low,0.028228,0.0,0.028228,0
2026-07-26T13:20:44.597302,03/23 11:15,5.0,0.0,,,,18.0,29.0,0.3764,0.094094,0.0,0.094094,0.0,0.0,0.0,0.0,0.094094,0.3,low,0.028228,0.0,0.028228,0
2026-07-26T13:20:44.616299,03/23 12:15,5.15,0.0,,,,18.0,29.0,0.3764,0.094094,0.0,0.094094,0.0,0.0,0.0,0.0,0.094094,0.3,low,0.028228,0.0,0.028228,0
2026-07-26T13:21:00.841453,03/23 13:15,5.72,0.0,,,,18.0,29.0,0.3764,0.094094,0.0,0.094094,0.0,0.0,0.0,0.0,0.094094,0.3,low,0.028228,0.0,0.028228,0
2026-07-26T13:21:00.860459,03/23 14:15,6.1,0.0,,,,18.0,29.0,0.3764,0.094094,0.0,0.094094,0.0,0.0,0.0,0.0,0.094094,0.3,low,0.028228,0.0,0.028228,0
2026-07-26T13:21:00.878453,03/23 15:15,6.1,0.0,,,,18.0,29.0,0.3764,0.094094,0.0,0.094094,0.0,0.0,0.0,0.0,0.094094,0.3,low,0.028228,0.0,0.028228,0
2026-07-26T13:21:00.894452,03/23 16:15,6.25,0.0,,,,18.0,29.0,0.3764,0.094094,0.0,0.094094,0.0,0.0,0.0,0.0,0.094094,0.55,high,0.051752,0.0,0.051752,0
2026-07-26T13:21:00.910452,03/23 17:15,6.55,0.0,,,,18.0,29.0,0.3764,0.094094,0.0,0.094094,0.0,0.0,0.0,0.0,0.094094,0.55,high,0.051752,0.0,0.051752,0
2026-07-26T13:21:00.927455,03/23 18:15,6.1,0.0,,,,18.0,29.0,0.3764,0.094094,0.0,0.094094,0.0,0.0,0.0,0.0,0.094094,0.55,high,0.051752,0.0,0.051752,0
2026-07-26T13:21:17.331094,03/23 19:15,6.1,0.0,,,,18.0,29.0,0.3764,0.094094,0.0,0.094094,0.0,0.0,0.0,0.0,0.094094,0.55,high,0.051752,0.0,0.051752,0
2026-07-26T13:21:17.349092,03/23 20:15,6.1,0.0,,,,18.0,29.0,0.3764,0.094094,0.0,0.094094,0.0,0.0,0.0,0.0,0.094094,0.55,high,0.051752,0.0,0.051752,0
2026-07-26T13:21:17.367094,03/23 21:15,5.97,0.0,,,,18.0,29.0,0.3764,0.094094,0.0,0.094094,0.0,0.0,0.0,0.0,0.094094,0.4,moderate,0.037638,0.0,0.037638,0
2026-07-26T13:21:17.384095,03/23 22:15,5.45,0.0,,,,18.0,29.0,0.3764,0.094094,0.0,0.094094,0.0,0.0,0.0,0.0,0.094094,0.4,moderate,0.037638,0.0,0.037638,0
2026-07-26T13:21:17.400092,03/23 23:15,4.85,0.0,,,,18.0,29.0,0.3764,0.094094,0.0,0.094094,0.0,0.0,0.0,0.0,0.094094,0.4,moderate,0.037638,0.0,0.037638,0
2026-07-26T13:21:17.417091,03/24 00:15,4.4,0.0,,,,18.0,29.0,0.3764,0.094094,0.0,0.094094,0.0,0.0,0.0,0.0,0.094094,0.34,low,0.031992,0.0,0.031992,0
2026-07-26T13:21:33.759455,03/24 01:15,4.4,0.0,,,,18.0,29.0,0.3764,0.094094,0.0,0.094094,0.0,0.0,0.0,0.0,0.094094,0.34,low,0.031992,0.0,0.031992,0
2026-07-26T13:21:33.779456,03/24 02:15,4.4,0.0,,,,18.0,29.0,0.3764,0.094094,0.0,0.094094,0.0,0.0,0.0,0.0,0.094094,0.34,low,0.031992,0.0,0.031992,0
2026-07-26T13:21:33.797454,03/24 03:15,4.28,0.0,,,,18.0,29.0,0.3764,0.094094,0.0,0.094094,0.0,0.0,0.0,0.0,0.094094,0.34,low,0.031992,0.0,0.031992,0
2026-07-26T13:21:33.814453,03/24 04:15,3.9,0.0,,,,18.0,29.0,0.3764,0.094094,0.0,0.094094,0.0,0.0,0.0,0.0,0.094094,0.34,low,0.031992,0.0,0.031992,0
2026-07-26T13:21:33.831453,03/24 05:15,3.9,0.0,,,,18.0,29.0,0.3764,0.094094,0.0,0.094094,0.0,0.0,0.0,0.0,0.094094,0.34,low,0.031992,0.0,0.031992,0
2026-07-26T13:21:33.846453,03/24 06:15,3.9,0.0,,,,18.0,29.0,0.3764,0.094094,0.0,0.094094,0.0,0.0,0.0,0.0,0.094094,0.43,moderate,0.04046,0.0,0.04046,0
2026-07-26T13:21:50.334186,03/24 07:15,3.75,0.0,,,,18.0,29.0,0.3764,0.094094,0.0,0.094094,0.0,0.0,0.0,0.0,0.094094,0.43,moderate,0.04046,0.0,0.04046,0
2026-07-26T13:21:50.354182,03/24 08:15,3.45,0.0,,,,18.0,29.0,0.3764,0.094094,0.0,0.094094,0.0,0.0,0.0,0.0,0.094094,0.43,moderate,0.04046,0.0,0.04046,0
2026-07-26T13:21:50.374184,03/24 09:15,4.17,0.0,,,,18.0,29.0,0.3764,0.094094,0.0,0.094094,0.0,0.0,0.0,0.0,0.094094,0.43,moderate,0.04046,0.0,0.04046,0
2026-07-26T13:21:50.393183,03/24 10:15,4.85,0.0,,,,18.0,29.0,0.3764,0.094094,0.0,0.094094,0.0,0.0,0.0,0.0,0.094094,0.3,low,0.028228,0.0,0.028228,0
2026-07-26T13:21:50.411182,03/24 11:15,4.55,0.0,,,,18.0,29.0,0.3764,0.094094,0.0,0.094094,0.0,0.0,0.0,0.0,0.094094,0.3,low,0.028228,0.0,0.028228,0
2026-07-26T13:21:50.427186,03/24 12:15,4.72,0.0,,,,18.0,29.0,0.3764,0.094094,0.0,0.094094,0.0,0.0,0.0,0.0,0.094094,0.3,low,0.028228,0.0,0.028228,0
2026-07-26T13:22:06.791567,03/24 13:15,3.75,0.0,,,,18.0,29.0,0.3764,0.094094,0.0,0.094094,0.0,0.0,0.0,0.0,0.094094,0.3,low,0.028228,0.0,0.028228,0
2026-07-26T13:22:06.810564,03/24 14:15,3.3,0.0,,,,18.0,29.0,0.3764,0.094094,0.0,0.094094,0.0,0.0,0.0,0.0,0.094094,0.3,low,0.028228,0.0,0.028228,0
2026-07-26T13:22:06.827563,03/24 15:15,3.17,0.0,,,,18.0,29.0,0.3764,0.094094,0.0,0.094094,0.0,0.0,0.0,0.0,0.094094,0.3,low,0.028228,0.0,0.028228,0
2026-07-26T13:22:06.843563,03/24 16:15,2.8,0.0,,,,18.0,29.0,0.3764,0.094094,0.0,0.094094,0.0,0.0,0.0,0.0,0.094094,0.55,high,0.051752,0.0,0.051752,0
2026-07-26T13:22:06.860563,03/24 17:15,2.8,0.0,,,,18.0,29.0,0.3764,0.094094,0.0,0.094094,0.0,0.0,0.0,0.0,0.094094,0.55,high,0.051752,0.0,0.051752,0
2026-07-26T13:22:06.875562,03/24 18:15,2.65,0.0,,,,18.0,29.0,0.3764,0.094094,0.0,0.094094,0.0,0.0,0.0,0.0,0.094094,0.55,high,0.051752,0.0,0.051752,0
2026-07-26T13:22:23.493532,03/24 19:15,2.2,0.0,,,,18.0,29.0,0.3764,0.094094,0.0,0.094094,0.0,0.0,0.0,0.0,0.094094,0.55,high,0.051752,0.0,0.051752,0
2026-07-26T13:22:23.514527,03/24 20:15,2.2,0.0,,,,18.0,29.0,0.3764,0.094094,0.0,0.094094,0.0,0.0,0.0,0.0,0.094094,0.55,high,0.051752,0.0,0.051752,0
2026-07-26T13:22:23.534527,03/24 21:15,2.2,0.0,,,,18.0,29.0,0.3764,0.094094,0.0,0.094094,3.2e-05,0.023205,0.028145,0.0,0.117299,0.4,moderate,0.037638,0.0042,0.041838,0
2026-07-26T13:22:23.552530,03/24 22:15,2.08,0.0,,,,18.0,29.0,0.3764,0.094094,0.0,0.094094,0.000118,0.089175,0.093219,0.0,0.183269,0.4,moderate,0.037638,0.016141,0.053778,0
2026-07-26T13:22:23.571526,03/24 23:15,1.7,0.0,,,,18.0,29.0,0.3764,0.094094,0.0,0.094094,0.000152,0.121752,0.119799,0.0,0.215846,0.4,moderate,0.037638,0.022037,0.059675,0
2026-07-26T13:22:23.589530,03/25 00:15,1.55,0.0,,,,18.0,29.0,0.3764,0.094094,0.0,0.094094,0.000213,0.179712,0.164013,0.0,0.273806,0.34,low,0.031992,0.032528,0.06452,0
2026-07-26T13:22:39.596596,03/25 01:15,1.1,0.0,,,,18.0,29.0,0.3764,0.094094,0.0,0.094094,0.000414,0.360143,0.299802,0.0,0.454237,0.34,low,0.031992,0.065186,0.097178,0
2026-07-26T13:22:39.616596,03/25 02:15,1.1,0.0,,,,18.0,29.0,0.3764,0.094094,0.0,0.094094,0.000457,0.403491,0.32669,0.0,0.497585,0.34,low,0.031992,0.073032,0.105024,0
2026-07-26T13:22:39.635596,03/25 03:15,1.25,0.0,,,,18.0,29.0,0.3764,0.094094,0.0,0.094094,0.000465,0.411756,0.332228,0.0,0.50585,0.34,low,0.031992,0.074528,0.10652,0
2026-07-26T13:22:39.651594,03/25 04:15,1.7,0.0,,,,18.0,29.0,0.3764,0.094094,0.0,0.094094,0.000454,0.402171,0.323776,0.0,0.496265,0.34,low,0.031992,0.072793,0.104785,0
2026-07-26T13:22:39.668603,03/25 05:15,1.7,0.0,,,,18.0,29.0,0.3764,0.094094,0.0,0.094094,0.000411,0.366031,0.297161,0.0,0.460125,0.34,low,0.031992,0.066252,0.098244,0
2026-07-26T13:22:39.684600,03/25 06:15,1.7,0.0,,,,18.0,29.0,0.3764,0.094094,0.0,0.094094,0.00035,0.312547,0.255572,0.0,0.406641,0.43,moderate,0.04046,0.056571,0.097031,0
2026-07-26T13:22:56.325249,03/25 07:15,1.97,0.0,,,,18.0,29.0,0.3764,0.094094,0.0,0.094094,0.004797,1.58496,1.216252,0.0,1.679054,0.43,moderate,0.04046,0.286878,0.327338,0
2026-07-26T13:22:56.348230,03/25 08:15,2.92,0.0,,,,18.0,29.0,0.3764,0.094094,0.0,0.094094,0.004358,1.209571,0.954028,0.0,1.303665,0.43,moderate,0.04046,0.218932,0.259393,0
2026-07-26T13:22:56.371227,03/25 09:23,3.45,52.0,21.52,21.5,21.59,21.5,26.0,0.3764,0.094094,0.0,0.094094,0.004719,1.773102,1.402075,0.0,1.867196,0.43,moderate,0.04046,0.320931,0.361392,0
2026-07-26T13:22:56.393229,03/25 10:15,4.17,52.0,22.18,21.58,23.13,21.5,26.0,0.3764,0.094094,0.0,0.094094,0.005067,0.239473,0.723772,0.0,0.333567,0.3,low,0.028228,0.043345,0.071573,0
2026-07-26T13:22:56.411229,03/25 11:23,5.15,52.0,22.96,22.3,23.85,21.5,26.0,0.3764,0.094094,0.0,0.094094,0.00332,1.408456,0.70238,0.0,1.50255,0.3,low,0.028228,0.254931,0.283159,0
2026-07-26T13:22:56.428227,03/25 12:15,5.72,41.6,23.4,22.77,24.18,21.5,26.0,0.3764,0.094094,0.0,0.094094,0.002387,0.784125,0.640378,0.0,0.878219,0.3,low,0.028228,0.141927,0.170155,0
2026-07-26T13:23:12.915140,03/25 13:15,6.1,20.8,23.21,22.65,23.92,21.5,25.0,0.3764,0.094094,0.0,0.094094,0.002012,0.713767,0.588902,0.0,0.807861,0.3,low,0.028228,0.129192,0.15742,0
2026-07-26T13:23:12.934138,03/25 14:15,6.25,41.6,23.81,23.22,24.64,21.5,25.0,0.3764,0.094094,0.0,0.094094,0.001931,0.710713,0.576503,0.0,0.804807,0.3,low,0.028228,0.128639,0.156867,0
2026-07-26T13:23:12.953138,03/25 15:15,6.7,52.0,23.93,23.36,24.89,21.5,25.0,0.3764,0.094094,0.0,0.094094,0.001582,0.622539,0.517345,0.0,0.716633,0.3,low,0.028228,0.11268,0.140908,0
2026-07-26T13:23:12.970138,03/25 16:15,6.55,52.0,23.71,23.17,24.8,21.5,25.0,0.3764,0.094094,0.0,0.094094,0.001546,0.630541,0.510687,0.0,0.724635,0.55,high,0.051752,0.114128,0.16588,0
2026-07-26T13:23:12.986140,03/25 17:15,5.97,52.0,23.23,22.55,24.47,21.5,25.0,0.3764,0.094094,0.0,0.094094,0.001806,0.708395,0.556565,0.0,0.802489,0.55,high,0.051752,0.128219,0.179971,0
2026-07-26T13:23:13.002138,03/25 18:15,5.17,52.0,23.07,22.13,24.44,21.5,25.0,0.3764,0.094094,0.0,0.094094,0.002073,0.759362,0.59813,0.0,0.853456,0.55,high,0.051752,0.137445,0.189196,0
2026-07-26T13:23:29.623061,03/25 19:15,3.35,26.0,21.57,20.82,23.22,20.0,26.0,0.3764,0.094094,0.0,0.094094,0.004969,0.228814,0.745706,0.0,0.322908,0.55,high,0.051752,0.041415,0.093167,0
2026-07-26T13:23:29.644059,03/25 20:23,1.7,0.0,,,,20.0,26.0,0.3764,0.094094,0.0,0.094094,0.00535,2.318433,1.169307,0.0,2.412527,0.55,high,0.051752,0.419636,0.471388,0
2026-07-26T13:23:29.662061,03/25 21:15,1.42,0.0,,,,20.0,26.0,0.3764,0.094094,0.0,0.094094,0.000521,0.296312,0.330759,0.0,0.390406,0.4,moderate,0.037638,0.053632,0.09127,0
2026-07-26T13:23:29.678058,03/25 22:15,0.6,0.0,,,,20.0,26.0,0.3764,0.094094,0.0,0.094094,0.001187,0.828867,0.673451,0.0,0.922961,0.4,moderate,0.037638,0.150025,0.187663,0
2026-07-26T13:23:29.693060,03/25 23:15,0.45,0.0,,,,20.0,26.0,0.3764,0.094094,0.0,0.094094,0.001434,0.994085,0.789658,0.0,1.088179,0.4,moderate,0.037638,0.179929,0.217567,0
2026-07-26T13:23:29.710058,03/26 00:15,0.15,0.0,,,,20.0,26.0,0.3764,0.094094,0.0,0.094094,0.001854,1.240858,0.986705,0.0,1.334952,0.34,low,0.031992,0.224595,0.256587,0
2026-07-26T13:23:46.311877,03/26 01:15,0.45,0.0,,,,18.0,28.0,0.3764,0.094094,0.0,0.094094,0.0,0.0,0.0,0.0,0.094094,0.34,low,0.031992,0.0,0.031992,0
2026-07-26T13:23:46.330874,03/26 02:15,-0.15,0.0,,,,18.0,28.0,0.3764,0.094094,0.0,0.094094,0.0,0.0,0.0,0.0,0.094094,0.34,low,0.031992,0.0,0.031992,0
2026-07-26T13:23:46.348875,03/26 03:15,-0.3,0.0,,,,18.0,28.0,0.3764,0.094094,0.0,0.094094,0.000174,0.122186,0.138976,0.0,0.21628,0.34,low,0.031992,0.022116,0.054108,0
2026-07-26T13:23:46.364884,03/26 04:15,0.6,0.0,,,,18.0,28.0,0.3764,0.094094,0.0,0.094094,0.000264,0.206547,0.203413,0.0,0.300641,0.34,low,0.031992,0.037385,0.069377,0
2026-07-26T13:23:46.380876,03/26 05:15,0.45,0.0,,,,18.0,28.0,0.3764,0.094094,0.0,0.094094,0.000342,0.287351,0.254248,0.0,0.381445,0.34,low,0.031992,0.052011,0.084002,0
2026-07-26T13:23:46.396880,03/26 06:15,0.55,0.0,,,,18.0,28.0,0.3764,0.094094,0.0,0.094094,0.000221,0.192855,0.165704,0.0,0.286949,0.43,moderate,0.04046,0.034907,0.075367,0
2026-07-26T13:24:02.917522,03/26 07:23,3.17,0.0,,,,18.0,29.0,0.3764,0.094094,0.0,0.094094,0.004557,1.442163,1.080758,0.0,1.536257,0.43,moderate,0.04046,0.261032,0.301492,0
2026-07-26T13:24:02.938519,03/26 08:23,6.65,0.0,,,,18.0,29.0,0.3764,0.094094,0.0,0.094094,0.002662,0.762601,0.673951,0.0,0.856695,0.43,moderate,0.04046,0.138031,0.178491,0
2026-07-26T13:24:02.960520,03/26 09:23,9.0,52.0,22.14,21.5,24.49,21.5,26.0,0.3764,0.094094,0.0,0.094094,0.001717,0.837004,0.726301,0.0,0.931098,0.43,moderate,0.04046,0.151498,0.191958,0
2026-07-26T13:24:02.980519,03/26 10:23,11.52,52.0,23.21,21.83,25.5,21.5,25.5,0.3838,0.095954,0.0,0.095954,0.000419,0.242389,0.173533,0.0,0.338343,0.3,low,0.028786,0.043872,0.072659,0
2026-07-26T13:24:02.999537,03/26 11:23,13.35,52.0,23.95,22.66,25.5,21.5,25.5,0.3852,0.09629,0.118794,0.09629,0.011438,0.102436,0.084819,0.102333,0.198726,0.3,low,0.028887,0.018541,0.047428,0
2026-07-26T13:24:03.017519,03/26 12:23,15.28,41.6,24.38,23.21,25.5,21.5,25.5,0.3809,0.095224,0.151972,0.095224,0.017785,0.114011,0.091642,0.275651,0.209235,0.3,low,0.028567,0.020636,0.049203,0
2026-07-26T13:24:20.079427,03/26 13:15,16.38,20.8,24.25,23.22,24.99,21.5,25.0,0.3764,0.094094,0.172682,0.094094,0.036813,0.178856,0.133157,0.362256,0.27295,0.3,low,0.028228,0.032373,0.060601,0
2026-07-26T13:24:20.099422,03/26 14:15,17.35,41.6,24.75,23.98,25.0,21.5,25.0,0.3794,0.094846,0.186225,0.094846,0.024581,0.077342,0.066207,0.449152,0.172188,0.3,low,0.028454,0.013999,0.042453,0
2026-07-26T13:24:20.119423,03/26 15:15,17.8,52.0,24.92,24.68,25.0,21.5,25.0,0.4014,0.100358,0.24231,0.100358,0.041399,0.0,0.0,0.755132,0.100358,0.3,low,0.030107,0.0,0.030107,0
2026-07-26T13:24:20.136425,03/26 16:15,17.65,52.0,24.87,24.37,25.0,21.5,25.0,0.407,0.10176,0.260855,0.10176,0.039906,0.0,0.0,0.843035,0.10176,0.55,high,0.055968,0.0,0.055968,0
2026-07-26T13:24:20.153422,03/26 17:15,16.92,52.0,24.65,23.76,25.0,21.5,25.0,0.3882,0.097058,0.209946,0.097058,0.039365,0.0,0.0,0.547383,0.097058,0.55,high,0.053382,0.0,0.053382,0
2026-07-26T13:24:20.169422,03/26 18:15,15.83,52.0,24.25,23.24,24.96,21.5,25.0,0.3764,0.094094,0.17403,0.094094,0.038895,0.118547,0.094955,0.362426,0.212641,0.55,high,0.051752,0.021457,0.073209,0
2026-07-26T13:24:36.853426,03/26 19:23,14.85,26.0,22.54,21.82,23.42,20.0,26.0,0.3764,0.094094,0.15801,0.094094,0.03565,0.147406,0.114466,0.27572,0.2415,0.55,high,0.051752,0.02668,0.078432,0
2026-07-26T13:24:36.874427,03/26 20:15,14.4,0.0,,,,20.0,26.0,0.3764,0.094094,0.137925,0.094094,0.018316,0.183264,0.138859,0.228454,0.277358,0.55,high,0.051752,0.033171,0.084922,0
2026-07-26T13:24:36.892417,03/26 21:15,14.4,0.0,,,,20.0,26.0,0.3764,0.094094,0.0,0.094094,0.0,0.0,0.0,0.0,0.094094,0.4,moderate,0.037638,0.0,0.037638,0
2026-07-26T13:24:36.907464,03/26 22:15,14.4,0.0,,,,20.0,26.0,0.3764,0.094094,0.0,0.094094,0.0,0.0,0.0,0.0,0.094094,0.4,moderate,0.037638,0.0,0.037638,0
2026-07-26T13:24:36.923863,03/26 23:15,14.55,0.0,,,,20.0,26.0,0.3764,0.094094,0.0,0.094094,0.0,0.0,0.0,0.0,0.094094,0.4,moderate,0.037638,0.0,0.037638,0
2026-07-26T13:24:36.937863,03/27 00:15,14.45,0.0,,,,20.0,26.0,0.3764,0.094094,0.0,0.094094,0.0,0.0,0.0,0.0,0.094094,0.34,low,0.031992,0.0,0.031992,0
2026-07-26T13:24:52.943911,03/27 01:15,12.8,0.0,,,,18.0,28.0,0.3764,0.094094,0.0,0.094094,0.0,0.0,0.0,0.0,0.094094,0.34,low,0.031992,0.0,0.031992,0
2026-07-26T13:24:52.962911,03/27 02:15,13.08,0.0,,,,18.0,28.0,0.3764,0.094094,0.0,0.094094,0.0,0.0,0.0,0.0,0.094094,0.34,low,0.031992,0.0,0.031992,0
2026-07-26T13:24:52.980912,03/27 03:15,13.9,0.0,,,,18.0,28.0,0.3764,0.094094,0.0,0.094094,0.0,0.0,0.0,0.0,0.094094,0.34,low,0.031992,0.0,0.031992,0
2026-07-26T13:24:52.997916,03/27 04:15,14.03,0.0,,,,18.0,28.0,0.3764,0.094094,0.0,0.094094,0.0,0.0,0.0,0.0,0.094094,0.34,low,0.031992,0.0,0.031992,0
2026-07-26T13:24:53.014912,03/27 05:15,14.0,0.0,,,,18.0,28.0,0.3764,0.094094,0.0,0.094094,0.0,0.0,0.0,0.0,0.094094,0.34,low,0.031992,0.0,0.031992,0
2026-07-26T13:24:53.033911,03/27 06:15,12.8,0.0,,,,18.0,28.0,0.3764,0.094094,0.0,0.094094,0.0,0.0,0.0,0.0,0.094094,0.43,moderate,0.04046,0.0,0.04046,0
2026-07-26T13:25:10.956754,03/27 07:15,12.93,0.0,,,,18.0,29.0,0.3764,0.094094,0.13,0.094094,0.014214,0.294573,0.214621,0.10285,0.388667,0.43,moderate,0.04046,0.053318,0.093778,0
2026-07-26T13:25:10.979750,03/27 08:15,13.3,0.0,,,,18.0,29.0,0.3764,0.094094,0.128775,0.094094,0.01328,0.283415,0.216085,0.142459,0.377509,0.43,moderate,0.04046,0.051298,0.091759,0
2026-07-26T13:25:11.004756,03/27 09:15,13.45,52.0,21.32,21.0,22.06,21.0,26.0,0.3764,0.094094,0.130765,0.094094,0.014172,0.158512,0.237264,0.142657,0.252606,0.43,moderate,0.04046,0.028691,0.069151,0
2026-07-26T13:25:11.027753,03/27 10:15,14.03,52.0,22.7,22.09,23.59,21.0,26.0,0.3764,0.094094,0.14335,0.094094,0.016628,0.232543,0.183933,0.232483,0.326637,0.3,low,0.028228,0.04209,0.070318,0
2026-07-26T13:25:11.048761,03/27 11:23,15.25,52.0,23.6,22.9,24.21,21.0,26.0,0.3764,0.094094,0.163522,0.094094,0.020032,0.206268,0.167057,0.330237,0.300362,0.3,low,0.028228,0.037335,0.065563,0
2026-07-26T13:25:11.068757,03/27 12:15,18.2,41.6,24.21,23.37,24.56,21.0,26.0,0.3764,0.094094,0.229927,0.094094,0.029917,0.187637,0.153677,0.690397,0.281731,0.3,low,0.028228,0.033962,0.06219,0
2026-07-26T13:25:31.492189,03/27 13:15,19.55,20.8,24.09,23.3,24.48,21.0,25.0,0.3764,0.094094,0.222951,0.094094,0.03223,0.169083,0.139887,0.625382,0.263177,0.3,low,0.028228,0.030604,0.058832,0
2026-07-26T13:25:31.513184,03/27 14:15,20.27,41.6,24.68,24.04,25.0,21.0,25.0,0.3797,0.094919,0.230773,0.094919,0.034609,0.082337,0.075184,0.673338,0.177256,0.3,low,0.028476,0.014903,0.043379,0
2026-07-26T13:25:31.534185,03/27 15:15,20.68,52.0,24.89,24.69,25.0,21.0,25.0,0.4033,0.100819,0.307154,0.100819,0.037939,0.0,0.0,1.083525,0.100819,0.3,low,0.030246,0.0,0.030246,0
2026-07-26T13:25:31.555184,03/27 16:15,19.12,52.0,24.84,24.38,25.0,21.0,25.0,0.3922,0.098049,0.249487,0.098049,0.03331,0.0,0.0,0.76263,0.098049,0.55,high,0.053927,0.0,0.053927,0
2026-07-26T13:25:31.574190,03/27 17:15,17.62,52.0,24.46,23.81,25.0,21.0,25.0,0.378,0.094511,0.206147,0.094511,0.034364,0.079872,0.071697,0.53836,0.174383,0.55,high,0.051981,0.014457,0.066438,0
2026-07-26T13:25:31.593184,03/27 18:15,15.17,52.0,24.15,23.33,25.0,21.0,25.0,0.3771,0.094274,0.167437,0.094274,0.03091,0.104245,0.088828,0.324129,0.198519,0.55,high,0.051851,0.018868,0.070719,0
2026-07-26T13:25:50.974257,03/27 19:15,13.62,26.0,22.66,21.98,23.77,20.0,26.0,0.3764,0.094094,0.142156,0.094094,0.026564,0.144639,0.116622,0.189574,0.238733,0.55,high,0.051752,0.02618,0.077931,0
2026-07-26T13:25:50.998255,03/27 20:15,13.08,0.0,,,,20.0,26.0,0.3764,0.094094,0.126128,0.094094,0.022019,0.179744,0.140401,0.102729,0.273838,0.55,high,0.051752,0.032534,0.084285,0
2026-07-26T13:25:51.020258,03/27 21:15,13.75,0.0,,,,20.0,26.0,0.3764,0.094094,0.0,0.094094,0.0,0.0,0.0,0.0,0.094094,0.4,moderate,0.037638,0.0,0.037638,0
2026-07-26T13:25:51.039257,03/27 22:15,13.3,0.0,,,,20.0,26.0,0.3764,0.094094,0.0,0.094094,0.0,0.0,0.0,0.0,0.094094,0.4,moderate,0.037638,0.0,0.037638,0
2026-07-26T13:25:51.058255,03/27 23:15,13.18,0.0,,,,20.0,26.0,0.3764,0.094094,0.0,0.094094,0.0,0.0,0.0,0.0,0.094094,0.4,moderate,0.037638,0.0,0.037638,0
2026-07-26T13:25:51.076258,03/28 00:15,13.08,0.0,,,,20.0,26.0,0.3764,0.094094,0.0,0.094094,3e-06,0.002177,0.001435,0.0,0.096271,0.34,low,0.031992,0.000394,0.032386,0
2026-07-26T13:26:09.643696,03/28 01:15,14.03,0.0,,,,18.0,28.0,0.3764,0.094094,0.0,0.094094,0.0,0.0,0.0,0.0,0.094094,0.34,low,0.031992,0.0,0.031992,0
2026-07-26T13:26:09.666145,03/28 02:15,14.55,0.0,,,,18.0,28.0,0.3764,0.094094,0.0,0.094094,0.0,0.0,0.0,0.0,0.094094,0.34,low,0.031992,0.0,0.031992,0
2026-07-26T13:26:09.686148,03/28 03:15,13.05,0.0,,,,18.0,28.0,0.3764,0.094094,0.0,0.094094,0.0,0.0,0.0,0.0,0.094094,0.34,low,0.031992,0.0,0.031992,0
2026-07-26T13:26:09.705101,03/28 04:15,7.08,0.0,,,,18.0,28.0,0.3764,0.094094,0.0,0.094094,0.0,0.0,0.0,0.0,0.094094,0.34,low,0.031992,0.0,0.031992,0
2026-07-26T13:26:09.724100,03/28 05:15,6.55,0.0,,,,18.0,28.0,0.3764,0.094094,0.0,0.094094,0.0,0.0,0.0,0.0,0.094094,0.34,low,0.031992,0.0,0.031992,0
2026-07-26T13:26:09.743002,03/28 06:15,6.1,0.0,,,,18.0,28.0,0.3764,0.094094,0.0,0.094094,0.0,0.0,0.0,0.0,0.094094,0.43,moderate,0.04046,0.0,0.04046,0
2026-07-26T13:26:26.519342,03/28 07:15,6.37,0.0,,,,18.0,29.0,0.3764,0.094094,0.0,0.094094,0.002449,0.843277,0.648769,0.0,0.937371,0.43,moderate,0.04046,0.152633,0.193094,0
2026-07-26T13:26:26.539342,03/28 08:15,7.2,0.0,,,,18.0,29.0,0.3764,0.094094,0.0,0.094094,0.001864,0.675501,0.565698,0.0,0.769595,0.43,moderate,0.04046,0.122266,0.162726,0
2026-07-26T13:26:26.560341,03/28 09:15,7.48,52.0,21.17,21.0,21.84,21.0,26.0,0.3764,0.094094,0.0,0.094094,0.002197,1.030041,0.836776,0.0,1.124135,0.43,moderate,0.04046,0.186437,0.226898,0
2026-07-26T13:26:26.582343,03/28 10:15,7.75,52.0,22.21,21.58,23.35,21.0,26.0,0.3764,0.094094,0.0,0.094094,0.001297,0.584391,0.449676,0.0,0.678485,0.3,low,0.028228,0.105775,0.134003,0
2026-07-26T13:26:26.601342,03/28 11:15,6.1,52.0,22.98,22.32,23.97,21.0,26.0,0.3764,0.094094,0.0,0.094094,0.002154,0.827923,0.608617,0.0,0.922017,0.3,low,0.028228,0.149854,0.178082,0
2026-07-26T13:26:26.617341,03/28 12:15,5.82,41.6,23.16,22.53,24.12,21.0,26.0,0.3764,0.094094,0.0,0.094094,0.002061,0.739005,0.596048,0.0,0.833099,0.3,low,0.028228,0.13376,0.161988,0
2026-07-26T13:26:43.475316,03/28 13:15,5.15,20.8,22.79,22.24,23.71,21.0,25.0,0.3764,0.094094,0.0,0.094094,0.002663,0.867486,0.674398,0.0,0.96158,0.3,low,0.028228,0.157015,0.185243,0
2026-07-26T13:26:43.495311,03/28 14:15,5.6,41.6,23.1,22.5,24.18,21.0,25.0,0.3764,0.094094,0.0,0.094094,0.002231,0.752212,0.620261,0.0,0.846306,0.3,low,0.028228,0.13615,0.164379,0
2026-07-26T13:26:43.513315,03/28 15:15,5.87,52.0,23.13,22.49,24.39,21.0,25.0,0.3764,0.094094,0.0,0.094094,0.002197,0.762554,0.615577,0.0,0.856648,0.3,low,0.028228,0.138022,0.16625,0
2026-07-26T13:26:43.532311,03/28 16:15,6.83,52.0,23.11,22.5,24.41,21.0,25.0,0.3764,0.094094,0.0,0.094094,0.001637,0.625608,0.527237,0.0,0.719702,0.55,high,0.051752,0.113235,0.164987,0
2026-07-26T13:26:43.551314,03/28 17:15,7.2,52.0,22.67,21.97,24.15,21.0,25.0,0.3764,0.094094,0.0,0.094094,0.001431,0.591082,0.488302,0.0,0.685176,0.55,high,0.051752,0.106986,0.158738,0
2026-07-26T13:26:43.568311,03/28 18:15,7.35,52.0,22.46,21.7,24.11,21.0,25.0,0.3764,0.094094,0.0,0.094094,0.001443,0.608571,0.490617,0.0,0.702665,0.55,high,0.051752,0.110151,0.161903,0
2026-07-26T13:27:00.623616,03/28 19:15,7.65,26.0,21.25,20.6,22.83,20.0,26.0,0.3764,0.094094,0.0,0.094094,0.00127,0.552202,0.454617,0.0,0.646296,0.55,high,0.051752,0.099949,0.1517,0
2026-07-26T13:27:00.644614,03/28 20:15,7.2,0.0,,,,20.0,26.0,0.3764,0.094094,0.0,0.094094,0.002719,0.406361,0.595892,0.0,0.500455,0.55,high,0.051752,0.073551,0.125303,0
2026-07-26T13:27:00.662612,03/28 21:15,7.35,0.0,,,,20.0,26.0,0.3764,0.094094,0.0,0.094094,0.000205,0.113306,0.10501,0.0,0.2074,0.4,moderate,0.037638,0.020508,0.058146,0
2026-07-26T13:27:00.678610,03/28 22:15,8.07,0.0,,,,20.0,26.0,0.3764,0.094094,0.0,0.094094,0.000624,0.439484,0.33457,0.0,0.533578,0.4,moderate,0.037638,0.079547,0.117184,0
2026-07-26T13:27:00.695622,03/28 23:15,9.18,0.0,,,,20.0,26.0,0.3764,0.094094,0.0,0.094094,0.000736,0.562704,0.435981,0.0,0.656798,0.4,moderate,0.037638,0.101849,0.139487,0
2026-07-26T13:27:00.713623,03/29 00:15,10.15,0.0,,,,20.0,26.0,0.3764,0.094094,0.0,0.094094,0.000766,0.595011,0.471167,0.0,0.689105,0.34,low,0.031992,0.107697,0.139689,0
2026-07-26T13:27:16.843955,03/29 01:15,10.45,0.0,,,,18.0,28.0,0.3764,0.094094,0.0,0.094094,0.0,0.0,0.0,0.0,0.094094,0.34,low,0.031992,0.0,0.031992,0
2026-07-26T13:27:16.863955,03/29 02:15,9.72,0.0,,,,18.0,28.0,0.3764,0.094094,0.0,0.094094,0.0,0.0,0.0,0.0,0.094094,0.34,low,0.031992,0.0,0.031992,0
2026-07-26T13:27:16.881952,03/29 03:15,8.62,0.0,,,,18.0,28.0,0.3764,0.094094,0.0,0.094094,0.0,0.0,0.0,0.0,0.094094,0.34,low,0.031992,0.0,0.031992,0
2026-07-26T13:27:16.896952,03/29 04:15,7.52,0.0,,,,18.0,28.0,0.3764,0.094094,0.0,0.094094,0.0,0.0,0.0,0.0,0.094094,0.34,low,0.031992,0.0,0.031992,0
2026-07-26T13:27:16.912952,03/29 05:15,6.43,0.0,,,,18.0,28.0,0.3764,0.094094,0.0,0.094094,0.0,0.0,0.0,0.0,0.094094,0.34,low,0.031992,0.0,0.031992,0
2026-07-26T13:27:16.928952,03/29 06:15,5.72,0.0,,,,18.0,28.0,0.3764,0.094094,0.0,0.094094,0.0,0.0,0.0,0.0,0.094094,0.43,moderate,0.04046,0.0,0.04046,0
2026-07-26T13:27:33.173907,03/29 07:15,6.37,0.0,,,,18.0,29.0,0.3764,0.094094,0.0,0.094094,0.004952,0.079049,0.501869,0.0,0.173143,0.43,moderate,0.04046,0.014308,0.054768,0
2026-07-26T13:27:33.193901,03/29 08:15,7.75,0.0,,,,18.0,29.0,0.3764,0.094094,0.0,0.094094,0.002031,1.010692,0.57301,0.0,1.104786,0.43,moderate,0.04046,0.182935,0.223396,0
2026-07-26T13:27:33.214903,03/29 09:15,9.55,52.0,21.25,21.0,21.88,21.0,26.0,0.3764,0.094094,0.0,0.094094,0.001117,0.25183,0.438886,0.0,0.345924,0.43,moderate,0.04046,0.045581,0.086042,0
2026-07-26T13:27:33.233902,03/29 10:23,10.43,52.0,22.73,22.12,23.51,21.0,26.0,0.3764,0.094094,0.0,0.094094,0.000756,0.400707,0.312204,0.0,0.494801,0.3,low,0.028228,0.072528,0.100756,0
2026-07-26T13:27:33.251900,03/29 11:23,11.97,52.0,23.65,23.01,24.27,21.0,26.0,0.3764,0.094094,0.114654,0.094094,0.017285,0.192384,0.173431,0.015678,0.286478,0.3,low,0.028228,0.034822,0.06305,0
2026-07-26T13:27:33.267900,03/29 12:15,12.93,41.6,24.02,23.4,24.57,21.0,26.0,0.3764,0.094094,0.123009,0.094094,0.020522,0.181175,0.158333,0.102513,0.275269,0.3,low,0.028228,0.032793,0.061021,0
2026-07-26T13:27:49.864217,03/29 13:15,13.3,20.8,23.88,23.31,24.48,21.0,25.0,0.3764,0.094094,0.131483,0.094094,0.02382,0.169668,0.145888,0.14189,0.263762,0.3,low,0.028228,0.03071,0.058938,0
2026-07-26T13:27:49.884210,03/29 14:15,12.63,41.6,24.31,23.72,24.89,21.0,25.0,0.3764,0.094094,0.133159,0.094094,0.029263,0.155824,0.133156,0.14185,0.249918,0.3,low,0.028228,0.028204,0.056432,0
2026-07-26T13:27:49.902208,03/29 15:15,9.75,52.0,24.29,23.75,25.0,21.0,25.0,0.377,0.094245,0.0,0.094245,0.00036,0.239308,0.186024,0.0,0.333553,0.3,low,0.028273,0.043315,0.071588,0
2026-07-26T13:27:49.920209,03/29 16:15,6.8,52.0,23.77,23.15,24.9,21.0,25.0,0.3764,0.094094,0.0,0.094094,0.001283,0.702149,0.458011,0.0,0.796243,0.55,high,0.051752,0.127089,0.178841,0
2026-07-26T13:27:49.937208,03/29 17:15,5.45,52.0,23.02,22.44,24.38,21.0,25.0,0.3764,0.094094,0.0,0.094094,0.001998,0.797854,0.586957,0.0,0.891948,0.55,high,0.051752,0.144412,0.196163,0
2026-07-26T13:27:49.953209,03/29 18:15,4.85,52.0,22.61,21.96,24.23,21.0,25.0,0.3764,0.094094,0.0,0.094094,0.00239,0.81994,0.64143,0.0,0.914034,0.55,high,0.051752,0.148409,0.200161,0
2026-07-26T13:28:06.751684,03/29 19:15,4.28,26.0,21.19,20.61,22.81,20.0,26.0,0.3764,0.094094,0.0,0.094094,0.002897,0.029459,0.706832,0.0,0.123553,0.55,high,0.051752,0.005332,0.057084,0
2026-07-26T13:28:06.772679,03/29 20:15,3.75,0.0,,,,20.0,26.0,0.3764,0.094094,0.0,0.094094,0.00571,2.257888,1.126677,0.0,2.351982,0.55,high,0.051752,0.408678,0.460429,0
2026-07-26T13:28:06.789683,03/29 21:15,3.02,0.0,,,,20.0,26.0,0.3764,0.094094,0.0,0.094094,0.000664,0.415053,0.398142,0.0,0.509147,0.4,moderate,0.037638,0.075125,0.112762,0
2026-07-26T13:28:06.808685,03/29 22:15,2.2,0.0,,,,20.0,26.0,0.3764,0.094094,0.0,0.094094,0.001362,0.951745,0.743938,0.0,1.045839,0.4,moderate,0.037638,0.172266,0.209903,0
2026-07-26T13:28:06.825685,03/29 23:15,2.08,0.0,,,,20.0,26.0,0.3764,0.094094,0.0,0.094094,0.001707,1.166052,0.929806,0.0,1.260146,0.4,moderate,0.037638,0.211055,0.248693,0
2026-07-26T13:28:06.841688,03/30 00:15,1.7,0.0,,,,20.0,26.0,0.3764,0.094094,0.0,0.094094,0.00219,1.431508,1.135857,0.0,1.525602,0.34,low,0.031992,0.259103,0.291095,0
2026-07-26T13:28:22.822240,03/30 01:15,1.7,0.0,,,,18.0,28.0,0.3764,0.094094,0.0,0.094094,0.0,0.0,0.0,0.0,0.094094,0.34,low,0.031992,0.0,0.031992,0
2026-07-26T13:28:22.840243,03/30 02:15,1.7,0.0,,,,18.0,28.0,0.3764,0.094094,0.0,0.094094,0.0,0.0,0.0,0.0,0.094094,0.34,low,0.031992,0.0,0.031992,0
2026-07-26T13:28:22.858242,03/30 03:15,1.55,0.0,,,,18.0,28.0,0.3764,0.094094,0.0,0.094094,0.0,0.0,0.0,0.0,0.094094,0.34,low,0.031992,0.0,0.031992,0
2026-07-26T13:28:22.875241,03/30 04:15,1.1,0.0,,,,18.0,28.0,0.3764,0.094094,0.0,0.094094,0.000179,0.122817,0.139076,0.0,0.216911,0.34,low,0.031992,0.02223,0.054222,0
2026-07-26T13:28:22.894241,03/30 05:15,1.1,0.0,,,,18.0,28.0,0.3764,0.094094,0.0,0.094094,0.000255,0.195709,0.19468,0.0,0.289803,0.34,low,0.031992,0.035423,0.067415,0
2026-07-26T13:28:22.911241,03/30 06:15,1.1,0.0,,,,18.0,28.0,0.3764,0.094094,0.0,0.094094,0.000192,0.158317,0.147687,0.0,0.252411,0.43,moderate,0.04046,0.028655,0.069116,0
2026-07-26T13:28:38.619815,03/30 07:15,1.38,0.0,,,,18.0,29.0,0.3764,0.094094,0.0,0.094094,7.6e-05,0.06508,0.058819,0.0,0.159174,0.43,moderate,0.04046,0.011779,0.05224,0
2026-07-26T13:28:38.638815,03/30 08:15,2.2,0.0,,,,18.0,29.0,0.3764,0.094094,0.0,0.094094,0.0,0.0,0.0,0.0,0.094094,0.43,moderate,0.04046,0.0,0.04046,0
2026-07-26T13:28:38.656816,03/30 09:15,2.2,0.0,,,,18.0,29.0,0.3764,0.094094,0.0,0.094094,0.0,0.0,0.0,0.0,0.094094,0.43,moderate,0.04046,0.0,0.04046,0
2026-07-26T13:28:38.673813,03/30 10:15,2.08,0.0,,,,18.0,29.0,0.3764,0.094094,0.0,0.094094,0.0,0.0,0.0,0.0,0.094094,0.3,low,0.028228,0.0,0.028228,0
2026-07-26T13:28:38.689821,03/30 11:15,1.7,0.0,,,,18.0,29.0,0.3764,0.094094,0.0,0.094094,0.0,0.0,0.0,0.0,0.094094,0.3,low,0.028228,0.0,0.028228,0
2026-07-26T13:28:38.707822,03/30 12:15,1.7,0.0,,,,18.0,29.0,0.3764,0.094094,0.0,0.094094,0.0,0.0,0.0,0.0,0.094094,0.3,low,0.028228,0.0,0.028228,0
2026-07-26T13:28:55.063567,03/30 13:15,1.7,0.0,,,,18.0,29.0,0.3764,0.094094,0.0,0.094094,0.0,0.0,0.0,0.0,0.094094,0.3,low,0.028228,0.0,0.028228,0
2026-07-26T13:28:55.083567,03/30 14:15,1.42,0.0,,,,18.0,29.0,0.3764,0.094094,0.0,0.094094,0.0,0.0,0.0,0.0,0.094094,0.3,low,0.028228,0.0,0.028228,0
2026-07-26T13:28:55.100565,03/30 15:15,0.72,0.0,,,,18.0,29.0,0.3764,0.094094,0.0,0.094094,0.0,0.0,0.0,0.0,0.094094,0.3,low,0.028228,0.0,0.028228,0
2026-07-26T13:28:55.116566,03/30 16:15,1.38,0.0,,,,18.0,29.0,0.3764,0.094094,0.0,0.094094,0.0,0.0,0.0,0.0,0.094094,0.55,high,0.051752,0.0,0.051752,0
2026-07-26T13:28:55.132566,03/30 17:15,2.48,0.0,,,,18.0,29.0,0.3764,0.094094,0.0,0.094094,0.0,0.0,0.0,0.0,0.094094,0.55,high,0.051752,0.0,0.051752,0
2026-07-26T13:28:55.149566,03/30 18:15,3.02,0.0,,,,18.0,29.0,0.3764,0.094094,0.0,0.094094,0.0,0.0,0.0,0.0,0.094094,0.55,high,0.051752,0.0,0.051752,0
2026-07-26T13:29:11.883222,03/30 19:15,2.2,0.0,,,,18.0,29.0,0.3764,0.094094,0.0,0.094094,0.0,0.0,0.0,0.0,0.094094,0.55,high,0.051752,0.0,0.051752,0
2026-07-26T13:29:11.902223,03/30 20:15,2.2,0.0,,,,18.0,29.0,0.3764,0.094094,0.0,0.094094,1.7e-05,0.014253,0.014236,0.0,0.108347,0.55,high,0.051752,0.00258,0.054331,0
2026-07-26T13:29:11.920222,03/30 21:15,2.2,0.0,,,,18.0,29.0,0.3764,0.094094,0.0,0.094094,0.000114,0.100195,0.09179,0.0,0.194289,0.4,moderate,0.037638,0.018135,0.055773,0
2026-07-26T13:29:11.937221,03/30 22:15,2.08,0.0,,,,18.0,29.0,0.3764,0.094094,0.0,0.094094,0.000154,0.137808,0.12047,0.0,0.231902,0.4,moderate,0.037638,0.024943,0.062581,0
2026-07-26T13:29:11.953220,03/30 23:15,1.7,0.0,,,,18.0,29.0,0.3764,0.094094,0.0,0.094094,0.00021,0.19171,0.161301,0.0,0.285804,0.4,moderate,0.037638,0.0347,0.072337,0
2026-07-26T13:29:11.968221,03/31 00:15,1.7,0.0,,,,18.0,29.0,0.3764,0.094094,0.0,0.094094,0.000249,0.230038,0.187923,0.0,0.324132,0.34,low,0.031992,0.041637,0.073629,0
2026-07-26T13:29:28.308947,03/31 01:15,1.7,0.0,,,,18.0,29.0,0.3764,0.094094,0.0,0.094094,0.000314,0.291275,0.233833,0.0,0.385369,0.34,low,0.031992,0.052721,0.084713,0
2026-07-26T13:29:28.328945,03/31 02:15,1.7,0.0,,,,18.0,29.0,0.3764,0.094094,0.0,0.094094,0.000363,0.334553,0.266535,0.0,0.428647,0.34,low,0.031992,0.060554,0.092546,0
2026-07-26T13:29:28.346943,03/31 03:15,1.7,0.0,,,,18.0,29.0,0.3764,0.094094,0.0,0.094094,0.000381,0.348529,0.277254,0.0,0.442623,0.34,low,0.031992,0.063084,0.095076,0
2026-07-26T13:29:28.362944,03/31 04:15,1.82,0.0,,,,18.0,29.0,0.3764,0.094094,0.0,0.094094,0.000431,0.391577,0.310294,0.0,0.485671,0.34,low,0.031992,0.070875,0.102867,0
2026-07-26T13:29:28.378942,03/31 05:15,2.35,0.0,,,,18.0,29.0,0.3764,0.094094,0.0,0.094094,0.00033,0.299365,0.243438,0.0,0.393459,0.34,low,0.031992,0.054185,0.086177,0
2026-07-26T13:29:28.393944,03/31 06:15,2.8,0.0,,,,18.0,29.0,0.3764,0.094094,0.0,0.094094,0.000284,0.259011,0.211316,0.0,0.353105,0.43,moderate,0.04046,0.046881,0.087341,0
2026-07-26T13:29:45.436579,03/31 07:15,3.07,0.0,,,,18.0,29.0,0.3764,0.094094,0.0,0.094094,7.5e-05,0.068929,0.053734,0.0,0.163023,0.43,moderate,0.04046,0.012476,0.052937,0
2026-07-26T13:29:45.456579,03/31 08:15,4.03,0.0,,,,18.0,29.0,0.3764,0.094094,0.0,0.094094,0.0,0.0,0.0,0.0,0.094094,0.43,moderate,0.04046,0.0,0.04046,0
2026-07-26T13:29:45.473580,03/31 09:15,4.83,0.0,,,,18.0,29.0,0.3764,0.094094,0.0,0.094094,0.0,0.0,0.0,0.0,0.094094,0.43,moderate,0.04046,0.0,0.04046,0
2026-07-26T13:29:45.491580,03/31 10:15,6.25,0.0,,,,18.0,29.0,0.3764,0.094094,0.0,0.094094,0.0,0.0,0.0,0.0,0.094094,0.3,low,0.028228,0.0,0.028228,0
2026-07-26T13:29:45.508579,03/31 11:15,6.98,0.0,,,,18.0,29.0,0.3764,0.094094,0.0,0.094094,0.0,0.0,0.0,0.0,0.094094,0.3,low,0.028228,0.0,0.028228,0
2026-07-26T13:29:45.523582,03/31 12:15,7.38,0.0,,,,18.0,29.0,0.3764,0.094094,0.0,0.094094,0.0,0.0,0.0,0.0,0.094094,0.3,low,0.028228,0.0,0.028228,0
2026-07-26T13:30:02.312948,03/31 13:15,5.82,0.0,,,,18.0,29.0,0.3764,0.094094,0.0,0.094094,0.0,0.0,0.0,0.0,0.094094,0.3,low,0.028228,0.0,0.028228,0
2026-07-26T13:30:02.337940,03/31 14:15,4.85,0.0,,,,18.0,29.0,0.3764,0.094094,0.0,0.094094,0.0,0.0,0.0,0.0,0.094094,0.3,low,0.028228,0.0,0.028228,0
2026-07-26T13:30:02.361939,03/31 15:15,4.0,0.0,,,,18.0,29.0,0.3764,0.094094,0.0,0.094094,0.0,0.0,0.0,0.0,0.094094,0.3,low,0.028228,0.0,0.028228,0
2026-07-26T13:30:02.384939,03/31 16:15,2.1,0.0,,,,18.0,29.0,0.3764,0.094094,0.0,0.094094,0.0,0.0,0.0,0.0,0.094094,0.55,high,0.051752,0.0,0.051752,0
2026-07-26T13:30:02.406940,03/31 17:15,0.28,0.0,,,,18.0,29.0,0.3764,0.094094,0.0,0.094094,0.0,0.0,0.0,0.0,0.094094,0.55,high,0.051752,0.0,0.051752,0
2026-07-26T13:30:02.426939,03/31 18:15,0.98,0.0,,,,18.0,29.0,0.3764,0.094094,0.0,0.094094,0.0,0.0,0.0,0.0,0.094094,0.55,high,0.051752,0.0,0.051752,0
2026-07-26T13:30:21.159226,03/31 19:15,0.45,0.0,,,,18.0,29.0,0.3764,0.094094,0.0,0.094094,0.000183,0.168866,0.141627,0.0,0.26296,0.55,high,0.051752,0.030565,0.082316,0
2026-07-26T13:30:21.179221,03/31 20:15,0.0,0.0,,,,18.0,29.0,0.3764,0.094094,0.0,0.094094,0.000289,0.270384,0.220754,0.0,0.364478,0.55,high,0.051752,0.04894,0.100691,0
2026-07-26T13:30:21.200221,03/31 21:15,-0.03,0.0,,,,18.0,29.0,0.3764,0.094094,0.0,0.094094,0.000449,0.415427,0.323373,0.0,0.509521,0.4,moderate,0.037638,0.075192,0.11283,0
2026-07-26T13:30:21.217220,03/31 22:15,-0.18,0.0,,,,18.0,29.0,0.3764,0.094094,0.0,0.094094,0.000489,0.443488,0.349559,0.0,0.537582,0.4,moderate,0.037638,0.080271,0.117909,0
2026-07-26T13:30:21.234220,03/31 23:15,-0.45,0.0,,,,18.0,29.0,0.3764,0.094094,0.0,0.094094,0.000512,0.45825,0.363811,0.0,0.552344,0.4,moderate,0.037638,0.082943,0.120581,0
2026-07-26T13:30:21.249220,04/01 00:15,-0.67,0.0,,,,18.0,29.0,0.3764,0.094094,0.0,0.094094,0.000515,0.456757,0.365694,0.0,0.550851,0.34,low,0.031992,0.082673,0.114665,0
2026-07-26T13:30:37.167109,04/01 01:15,-0.95,0.0,,,,18.0,29.0,0.0,0.0,0.0,0.0,0.0,0.0,0.0,0.0,0.0,0.34,low,0.0,0.0,0.0,0
2026-07-26T13:30:37.186109,04/01 02:15,-1.18,0.0,,,,18.0,29.0,0.0,0.0,0.0,0.0,0.0,0.0,0.0,0.0,0.0,0.34,low,0.0,0.0,0.0,0
2026-07-26T13:30:37.203108,04/01 03:15,-1.47,0.0,,,,18.0,29.0,0.0,0.0,0.0,0.0,0.0,0.0,0.0,0.0,0.0,0.34,low,0.0,0.0,0.0,0
2026-07-26T13:30:37.218108,04/01 04:15,-1.82,0.0,,,,18.0,29.0,0.0,0.0,0.0,0.0,0.0,0.0,0.0,0.0,0.0,0.34,low,0.0,0.0,0.0,0
2026-07-26T13:30:37.234109,04/01 05:15,-2.35,0.0,,,,18.0,29.0,0.0,0.0,0.0,0.0,0.0,0.0,0.0,0.0,0.0,0.34,low,0.0,0.0,0.0,0
2026-07-26T13:30:37.249107,04/01 06:23,-2.37,0.0,,,,18.0,29.0,0.0,0.0,0.0,0.0,0.0,0.0,0.0,0.0,0.0,0.43,moderate,0.0,0.0,0.0,0
2026-07-26T13:30:52.863190,04/01 07:23,-0.55,0.0,,,,18.0,29.0,0.3764,0.094094,0.0,0.094094,0.002877,1.51921,1.216349,0.0,1.613304,0.43,moderate,0.04046,0.274977,0.315437,0
2026-07-26T13:30:52.884187,04/01 08:23,1.38,0.0,,,,18.0,29.0,0.3764,0.094094,0.0,0.094094,0.002132,1.093826,0.867453,0.0,1.18792,0.43,moderate,0.04046,0.197983,0.238443,0
2026-07-26T13:30:52.905186,04/01 09:23,2.62,52.0,22.04,21.5,23.95,21.5,26.0,0.3764,0.094094,0.0,0.094094,0.002263,1.245739,1.060878,0.0,1.339833,0.43,moderate,0.04046,0.225479,0.265939,0
2026-07-26T13:30:52.924187,04/01 10:23,3.9,52.0,22.98,21.5,25.08,21.5,26.0,0.3764,0.094094,0.0,0.094094,0.001788,0.234226,0.519397,0.0,0.32832,0.3,low,0.028228,0.042395,0.070623,0
2026-07-26T13:30:52.943186,04/01 11:23,4.03,52.0,23.27,21.87,24.3,21.5,26.0,0.3764,0.094094,0.0,0.094094,0.003313,0.310216,0.492981,0.0,0.40431,0.3,low,0.028228,0.056149,0.084377,0
2026-07-26T13:30:52.959187,04/01 12:15,4.4,41.6,23.05,21.81,24.33,21.5,26.0,0.3764,0.094094,0.0,0.094094,0.004956,0.053439,0.40807,0.0,0.147533,0.3,low,0.028228,0.009672,0.037901,0
2026-07-26T13:31:09.715481,04/01 13:15,4.0,20.8,22.32,21.5,23.83,21.5,25.0,0.3764,0.094094,0.0,0.094094,0.005124,0.378377,0.384484,0.0,0.472471,0.3,low,0.028228,0.068486,0.096714,0
2026-07-26T13:31:09.734480,04/01 14:15,2.25,41.6,22.57,21.5,24.33,21.5,25.0,0.3764,0.094094,0.0,0.094094,0.003633,1.427587,0.558614,0.0,1.521681,0.3,low,0.028228,0.258393,0.286621,0
2026-07-26T13:31:09.752479,04/01 15:15,0.6,52.0,22.47,21.5,24.54,21.5,25.0,0.3764,0.094094,0.0,0.094094,0.001795,1.091206,0.749422,0.0,1.1853,0.3,low,0.028228,0.197508,0.225736,0
2026-07-26T13:31:09.768479,04/01 16:15,0.6,52.0,22.16,21.5,24.39,21.5,25.0,0.3764,0.094094,0.0,0.094094,0.001806,1.036071,0.835395,0.0,1.130165,0.55,high,0.051752,0.187529,0.239281,0
2026-07-26T13:31:09.784481,04/01 17:15,0.6,52.0,22.0,21.5,23.97,21.5,25.0,0.3764,0.094094,0.0,0.094094,0.002082,1.26791,1.032949,0.0,1.362004,0.55,high,0.051752,0.229492,0.281243,0
2026-07-26T13:31:09.800480,04/01 18:15,0.6,52.0,21.97,21.5,23.83,21.5,25.0,0.3764,0.094094,0.0,0.094094,0.002256,1.411294,1.141407,0.0,1.505388,0.55,high,0.051752,0.255444,0.307196,0
2026-07-26T13:31:26.446766,04/01 19:15,0.72,26.0,20.89,20.5,22.47,20.5,26.0,0.3764,0.094094,0.0,0.094094,0.002321,1.41907,1.158757,0.0,1.513164,0.55,high,0.051752,0.256852,0.308603,0
2026-07-26T13:31:26.469468,04/01 20:15,1.1,0.0,,,,20.5,26.0,0.3764,0.094094,0.0,0.094094,0.003456,2.155515,1.728634,0.0,2.249609,0.55,high,0.051752,0.390148,0.4419,0
2026-07-26T13:31:26.490067,04/01 21:15,1.25,0.0,,,,20.5,26.0,0.0,0.0,0.0,0.0,0.0,0.0,0.0,0.0,0.0,0.4,moderate,0.0,0.0,0.0,0
2026-07-26T13:31:26.508069,04/01 22:15,1.7,0.0,,,,20.5,26.0,0.0,0.0,0.0,0.0,0.0,0.0,0.0,0.0,0.0,0.4,moderate,0.0,0.0,0.0,0
2026-07-26T13:31:26.527207,04/01 23:15,1.82,0.0,,,,20.5,26.0,0.0,0.0,0.0,0.0,0.0,0.0,0.0,0.0,0.0,0.4,moderate,0.0,0.0,0.0,0
2026-07-26T13:31:26.544206,04/02 00:15,2.2,0.0,,,,20.5,26.0,0.0,0.0,0.0,0.0,0.0,0.0,0.0,0.0,0.0,0.34,low,0.0,0.0,0.0,0
2026-07-26T13:31:42.221757,04/02 01:15,2.2,0.0,,,,18.5,28.0,0.0,0.0,0.0,0.0,0.0,0.0,0.0,0.0,0.0,0.34,low,0.0,0.0,0.0,0
2026-07-26T13:31:42.240752,04/02 02:15,2.2,0.0,,,,18.5,28.0,0.0,0.0,0.0,0.0,0.0,0.0,0.0,0.0,0.0,0.34,low,0.0,0.0,0.0,0
2026-07-26T13:31:42.257752,04/02 03:15,2.2,0.0,,,,18.5,28.0,0.0,0.0,0.0,0.0,0.0,0.0,0.0,0.0,0.0,0.34,low,0.0,0.0,0.0,0
2026-07-26T13:31:42.273749,04/02 04:15,2.35,0.0,,,,18.5,28.0,0.0,0.0,0.0,0.0,0.0,0.0,0.0,0.0,0.0,0.34,low,0.0,0.0,0.0,0
2026-07-26T13:31:42.288749,04/02 05:15,2.92,0.0,,,,18.5,28.0,0.0,0.0,0.0,0.0,0.0,0.0,0.0,0.0,0.0,0.34,low,0.0,0.0,0.0,0
2026-07-26T13:31:42.303758,04/02 06:15,3.3,0.0,,,,18.5,28.0,0.0,0.0,0.0,0.0,0.0,0.0,0.0,0.0,0.0,0.43,moderate,0.0,0.0,0.0,0
2026-07-26T13:31:57.450030,04/02 07:15,3.3,0.0,,,,18.0,29.0,0.3764,0.094094,0.0,0.094094,0.00204,1.1224,0.879122,0.0,1.216494,0.43,moderate,0.04046,0.203154,0.243615,0
2026-07-26T13:31:57.469030,04/02 08:15,3.57,0.0,,,,18.0,29.0,0.3764,0.094094,0.0,0.094094,0.001811,0.693382,0.698002,0.0,0.787476,0.43,moderate,0.04046,0.125502,0.165963,0
2026-07-26T13:31:57.492029,04/02 09:23,4.7,52.0,21.54,21.5,21.7,21.5,26.0,0.3764,0.094094,0.0,0.094094,0.00216,1.20924,1.025906,0.0,1.303334,0.43,moderate,0.04046,0.218872,0.259333,0
2026-07-26T13:31:57.511037,04/02 10:23,5.72,52.0,22.24,21.5,23.3,21.5,26.0,0.3764,0.094094,0.0,0.094094,0.001866,0.0502,0.398935,0.0,0.144294,0.3,low,0.028228,0.009086,0.037314,0
2026-07-26T13:31:57.530030,04/02 11:15,6.1,52.0,22.82,21.87,24.01,21.5,26.0,0.3764,0.094094,0.0,0.094094,0.000858,0.531647,0.333943,0.0,0.625741,0.3,low,0.028228,0.096228,0.124456,0
2026-07-26T13:31:57.546029,04/02 12:15,6.1,41.6,22.76,21.79,24.14,21.5,26.0,0.3764,0.094094,0.0,0.094094,0.000729,0.431362,0.320196,0.0,0.525456,0.3,low,0.028228,0.078077,0.106305,0
2026-07-26T13:32:13.082404,04/02 13:15,6.25,20.8,22.48,21.58,23.79,21.5,25.0,0.3764,0.094094,0.0,0.094094,0.000688,0.399399,0.312891,0.0,0.493493,0.3,low,0.028228,0.072291,0.100519,0
2026-07-26T13:32:13.100403,04/02 14:15,6.55,41.6,22.83,21.88,24.32,21.5,25.0,0.3764,0.094094,0.0,0.094094,0.000524,0.309438,0.258011,0.0,0.403532,0.3,low,0.028228,0.056008,0.084236,0
2026-07-26T13:32:13.118404,04/02 15:15,5.82,52.0,22.9,21.91,24.58,21.5,25.0,0.3764,0.094094,0.0,0.094094,0.000638,0.37892,0.298761,0.0,0.473014,0.3,low,0.028228,0.068585,0.096813,0
2026-07-26T13:32:13.133403,04/02 16:15,4.72,52.0,22.61,21.57,24.5,21.5,25.0,0.3764,0.094094,0.0,0.094094,0.000911,0.509904,0.382959,0.0,0.603998,0.55,high,0.051752,0.092293,0.144044,0
2026-07-26T13:32:13.149405,04/02 17:15,3.9,52.0,22.24,21.5,24.15,21.5,25.0,0.3764,0.094094,0.0,0.094094,0.001938,0.568694,0.536589,0.0,0.662788,0.55,high,0.051752,0.102934,0.154685,0
2026-07-26T13:32:13.165403,04/02 18:15,3.62,52.0,22.09,21.5,24.03,21.5,25.0,0.3764,0.094094,0.0,0.094094,0.001838,0.800832,0.585089,0.0,0.894926,0.55,high,0.051752,0.144951,0.196702,0
2026-07-26T13:32:29.462498,04/02 19:15,2.92,26.0,20.94,20.5,22.69,20.5,26.0,0.3764,0.094094,0.0,0.094094,0.001886,1.23933,0.780589,0.0,1.333424,0.55,high,0.051752,0.224319,0.27607,0
2026-07-26T13:32:29.481498,04/02 20:15,3.17,0.0,,,,20.5,26.0,0.3764,0.094094,0.0,0.094094,0.00271,1.75189,1.394981,0.0,1.845984,0.55,high,0.051752,0.317092,0.368844,0
2026-07-26T13:32:29.501497,04/02 21:15,2.65,0.0,,,,20.5,26.0,0.0,0.0,0.0,0.0,0.0,0.0,0.0,0.0,0.0,0.4,moderate,0.0,0.0,0.0,0
2026-07-26T13:32:29.518504,04/02 22:15,2.2,0.0,,,,20.5,26.0,0.0,0.0,0.0,0.0,0.0,0.0,0.0,0.0,0.0,0.4,moderate,0.0,0.0,0.0,0
2026-07-26T13:32:29.532497,04/02 23:15,1.93,0.0,,,,20.5,26.0,0.0,0.0,0.0,0.0,0.0,0.0,0.0,0.0,0.0,0.4,moderate,0.0,0.0,0.0,0
2026-07-26T13:32:29.547497,04/03 00:15,0.83,0.0,,,,20.5,26.0,0.0,0.0,0.0,0.0,0.0,0.0,0.0,0.0,0.0,0.34,low,0.0,0.0,0.0,0
2026-07-26T13:32:45.443785,04/03 01:15,0.0,0.0,,,,18.5,28.0,0.0,0.0,0.0,0.0,0.0,0.0,0.0,0.0,0.0,0.34,low,0.0,0.0,0.0,0
2026-07-26T13:32:45.463787,04/03 02:15,-0.15,0.0,,,,18.5,28.0,0.0,0.0,0.0,0.0,0.0,0.0,0.0,0.0,0.0,0.34,low,0.0,0.0,0.0,0
2026-07-26T13:32:45.483787,04/03 03:15,-0.6,0.0,,,,18.5,28.0,0.0,0.0,0.0,0.0,0.0,0.0,0.0,0.0,0.0,0.34,low,0.0,0.0,0.0,0
2026-07-26T13:32:45.500785,04/03 04:15,-0.72,0.0,,,,18.5,28.0,0.0,0.0,0.0,0.0,0.0,0.0,0.0,0.0,0.0,0.34,low,0.0,0.0,0.0,0
2026-07-26T13:32:45.517785,04/03 05:15,-0.98,0.0,,,,18.5,28.0,0.0,0.0,0.0,0.0,0.0,0.0,0.0,0.0,0.0,0.34,low,0.0,0.0,0.0,0
2026-07-26T13:32:45.535784,04/03 06:23,-0.45,0.0,,,,18.5,28.0,0.0,0.0,0.0,0.0,0.0,0.0,0.0,0.0,0.0,0.43,moderate,0.0,0.0,0.0,0
2026-07-26T13:33:01.803250,04/03 07:15,0.28,0.0,,,,18.0,29.0,0.3764,0.094094,0.0,0.094094,0.002516,1.347037,1.075339,0.0,1.441131,0.43,moderate,0.04046,0.243814,0.284274,0
2026-07-26T13:33:01.823248,04/03 08:15,1.38,0.0,,,,18.0,29.0,0.3764,0.094094,0.0,0.094094,0.002238,1.196984,0.958496,0.0,1.291078,0.43,moderate,0.04046,0.216654,0.257115,0
2026-07-26T13:33:01.847246,04/03 09:23,2.2,52.0,21.52,21.5,21.62,21.5,26.0,0.3764,0.094094,0.0,0.094094,0.003167,1.820571,1.558835,0.0,1.914665,0.43,moderate,0.04046,0.329523,0.369984,0
2026-07-26T13:33:01.866247,04/03 10:15,2.48,52.0,21.9,21.5,23.15,21.5,26.0,0.3764,0.094094,0.0,0.094094,0.001738,0.964018,0.745506,0.0,1.058112,0.3,low,0.028228,0.174487,0.202715,0
2026-07-26T13:33:01.883247,04/03 11:15,3.3,52.0,22.27,21.5,23.77,21.5,26.0,0.3764,0.094094,0.0,0.094094,0.001601,0.44091,0.569082,0.0,0.535004,0.3,low,0.028228,0.079805,0.108033,0
2026-07-26T13:33:01.900247,04/03 12:15,3.57,41.6,22.38,21.5,23.91,21.5,26.0,0.3764,0.094094,0.0,0.094094,0.002067,0.520554,0.552432,0.0,0.614648,0.3,low,0.028228,0.09422,0.122448,0
2026-07-26T13:33:19.246450,04/03 13:15,4.12,20.8,22.15,21.5,23.54,21.5,25.0,0.3764,0.094094,0.0,0.094094,0.002582,0.164274,0.479352,0.0,0.258368,0.3,low,0.028228,0.029734,0.057962,0
2026-07-26T13:33:19.266450,04/03 14:15,3.45,41.6,22.92,22.15,24.17,21.5,25.0,0.3764,0.094094,0.0,0.094094,0.003863,0.799645,0.534717,0.0,0.893739,0.3,low,0.028228,0.144736,0.172964,0
2026-07-26T13:33:19.284450,04/03 15:15,3.75,52.0,23.5,22.44,24.59,21.5,25.0,0.3764,0.094094,0.0,0.094094,0.003393,0.329388,0.472713,0.0,0.423482,0.3,low,0.028228,0.059619,0.087847,0
2026-07-26T13:33:19.302450,04/03 16:15,3.02,52.0,23.68,22.31,24.72,21.5,25.0,0.3764,0.094094,0.0,0.094094,0.003081,0.771753,0.506546,0.0,0.865847,0.55,high,0.051752,0.139687,0.191439,0
2026-07-26T13:33:19.319449,04/03 17:15,2.2,52.0,23.4,21.84,24.54,21.5,25.0,0.3764,0.094094,0.0,0.094094,0.001764,1.142441,0.586107,0.0,1.236535,0.55,high,0.051752,0.206782,0.258534,0
2026-07-26T13:33:19.335449,04/03 18:15,2.08,52.0,22.95,21.5,24.49,21.5,25.0,0.3764,0.094094,0.0,0.094094,0.001358,0.798255,0.60149,0.0,0.892349,0.55,high,0.051752,0.144484,0.196236,0
2026-07-26T13:33:35.874711,04/03 19:15,1.55,26.0,21.32,20.48,23.1,20.5,26.0,0.3764,0.094094,0.0,0.094094,0.00152,0.85666,0.696006,0.0,0.950754,0.55,high,0.051752,0.155055,0.206807,0
2026-07-26T13:33:35.895908,04/03 20:15,1.1,0.0,,,,20.5,26.0,0.3764,0.094094,0.0,0.094094,0.002633,1.6864,1.372789,0.0,1.780494,0.55,high,0.051752,0.305238,0.35699,0
2026-07-26T13:33:35.913957,04/03 21:15,0.98,0.0,,,,20.5,26.0,0.0,0.0,0.0,0.0,0.0,0.0,0.0,0.0,0.0,0.4,moderate,0.0,0.0,0.0,0
2026-07-26T13:33:35.931494,04/03 22:15,0.45,0.0,,,,20.5,26.0,0.0,0.0,0.0,0.0,0.0,0.0,0.0,0.0,0.0,0.4,moderate,0.0,0.0,0.0,0
2026-07-26T13:33:35.949497,04/03 23:15,0.0,0.0,,,,20.5,26.0,0.0,0.0,0.0,0.0,0.0,0.0,0.0,0.0,0.0,0.4,moderate,0.0,0.0,0.0,0
2026-07-26T13:33:35.965496,04/04 00:15,-0.15,0.0,,,,20.5,26.0,0.0,0.0,0.0,0.0,0.0,0.0,0.0,0.0,0.0,0.34,low,0.0,0.0,0.0,0
2026-07-26T13:33:52.363930,04/04 01:15,-0.6,0.0,,,,18.5,28.0,0.0,0.0,0.0,0.0,0.0,0.0,0.0,0.0,0.0,0.34,low,0.0,0.0,0.0,0
2026-07-26T13:33:52.381931,04/04 02:15,-0.6,0.0,,,,18.5,28.0,0.0,0.0,0.0,0.0,0.0,0.0,0.0,0.0,0.0,0.34,low,0.0,0.0,0.0,0
2026-07-26T13:33:52.398931,04/04 03:15,-0.72,0.0,,,,18.5,28.0,0.0,0.0,0.0,0.0,0.0,0.0,0.0,0.0,0.0,0.34,low,0.0,0.0,0.0,0
2026-07-26T13:33:52.414930,04/04 04:15,-1.1,0.0,,,,18.5,28.0,0.0,0.0,0.0,0.0,0.0,0.0,0.0,0.0,0.0,0.34,low,0.0,0.0,0.0,0
2026-07-26T13:33:52.430933,04/04 05:15,-1.1,0.0,,,,18.5,28.0,0.0,0.0,0.0,0.0,0.0,0.0,0.0,0.0,0.0,0.34,low,0.0,0.0,0.0,0
2026-07-26T13:33:52.446933,04/04 06:23,-0.98,0.0,,,,18.5,28.0,0.0,0.0,0.0,0.0,0.0,0.0,0.0,0.0,0.0,0.43,moderate,0.0,0.0,0.0,0
2026-07-26T13:34:08.713776,04/04 07:15,-0.45,0.0,,,,18.0,29.0,0.3764,0.094094,0.0,0.094094,0.00262,1.391381,1.109422,0.0,1.485475,0.43,moderate,0.04046,0.25184,0.2923,0
2026-07-26T13:34:08.735249,04/04 08:23,0.15,0.0,,,,18.0,29.0,0.3764,0.094094,0.0,0.094094,0.002332,1.201527,0.9588,0.0,1.295621,0.43,moderate,0.04046,0.217476,0.257937,0
2026-07-26T13:34:08.756247,04/04 09:23,0.72,52.0,21.73,21.5,22.42,21.5,26.0,0.3764,0.094094,0.0,0.094094,0.00264,1.48098,1.250855,0.0,1.575074,0.43,moderate,0.04046,0.268057,0.308518,0
2026-07-26T13:34:08.775246,04/04 10:23,1.38,52.0,22.65,21.5,24.03,21.5,26.0,0.3764,0.094094,0.0,0.094094,0.001793,0.948381,0.756942,0.0,1.042475,0.3,low,0.028228,0.171657,0.199885,0
2026-07-26T13:34:08.793249,04/04 11:15,2.2,52.0,22.77,21.55,24.08,21.5,26.0,0.3764,0.094094,0.0,0.094094,0.001499,0.787531,0.634077,0.0,0.881625,0.3,low,0.028228,0.142543,0.170771,0
2026-07-26T13:34:08.809611,04/04 12:15,2.08,41.6,22.58,21.5,24.16,21.5,26.0,0.3764,0.094094,0.0,0.094094,0.00146,0.777725,0.629101,0.0,0.871819,0.3,low,0.028228,0.140768,0.168996,0
2026-07-26T13:34:26.531385,04/04 13:15,1.7,20.8,22.09,21.5,23.7,21.5,25.0,0.3764,0.094094,0.0,0.094094,0.001584,0.871098,0.706176,0.0,0.965192,0.3,low,0.028228,0.157669,0.185897,0
2026-07-26T13:34:26.551385,04/04 14:15,1.55,41.6,22.34,21.5,24.16,21.5,25.0,0.3764,0.094094,0.0,0.094094,0.001531,0.835666,0.673067,0.0,0.92976,0.3,low,0.028228,0.151256,0.179484,0
2026-07-26T13:34:26.568385,04/04 15:15,0.98,52.0,22.4,21.5,24.38,21.5,25.0,0.3764,0.094094,0.0,0.094094,0.001626,0.887589,0.715794,0.0,0.981683,0.3,low,0.028228,0.160654,0.188882,0
2026-07-26T13:34:26.585388,04/04 16:15,0.45,52.0,22.26,21.5,24.29,21.5,25.0,0.3764,0.094094,0.0,0.094094,0.00176,0.976046,0.789175,0.0,1.07014,0.55,high,0.051752,0.176664,0.228416,0
2026-07-26T13:34:26.603383,04/04 17:15,0.0,52.0,22.05,21.5,23.96,21.5,25.0,0.3764,0.094094,0.0,0.094094,0.001997,1.137333,0.92083,0.0,1.231427,0.55,high,0.051752,0.205857,0.257609,0
2026-07-26T13:34:26.619385,04/04 18:15,0.0,52.0,21.97,21.5,23.85,21.5,25.0,0.3764,0.094094,0.0,0.094094,0.002106,1.226988,0.995427,0.0,1.321082,0.55,high,0.051752,0.222085,0.273837,0
2026-07-26T13:34:42.980337,04/04 19:15,-0.15,26.0,20.9,20.5,22.51,20.5,26.0,0.3764,0.094094,0.0,0.094094,0.002377,1.420212,1.168346,0.0,1.514306,0.55,high,0.051752,0.257058,0.30881,0
2026-07-26T13:34:43.002335,04/04 20:15,-0.6,0.0,,,,20.5,26.0,0.3764,0.094094,0.0,0.094094,0.003805,2.330785,1.865199,0.0,2.424879,0.55,high,0.051752,0.421872,0.473624,0
2026-07-26T13:34:43.022339,04/04 21:15,-0.88,0.0,,,,20.5,26.0,0.0,0.0,0.0,0.0,0.0,0.0,0.0,0.0,0.0,0.4,moderate,0.0,0.0,0.0,0
2026-07-26T13:34:43.039335,04/04 22:15,-1.55,0.0,,,,20.5,26.0,0.0,0.0,0.0,0.0,0.0,0.0,0.0,0.0,0.0,0.4,moderate,0.0,0.0,0.0,0
2026-07-26T13:34:43.056334,04/04 23:15,-1.8,0.0,,,,20.5,26.0,0.0,0.0,0.0,0.0,0.0,0.0,0.0,0.0,0.0,0.4,moderate,0.0,0.0,0.0,0
2026-07-26T13:34:43.072336,04/05 00:15,-3.75,0.0,,,,20.5,26.0,0.0,0.0,0.0,0.0,0.0,0.0,0.0,0.0,0.0,0.34,low,0.0,0.0,0.0,0
2026-07-26T13:34:59.544535,04/05 01:15,-3.45,0.0,,,,18.5,28.0,0.0,0.0,0.0,0.0,0.0,0.0,0.0,0.0,0.0,0.34,low,0.0,0.0,0.0,0
2026-07-26T13:34:59.563535,04/05 02:15,-3.75,0.0,,,,18.5,28.0,0.0,0.0,0.0,0.0,0.0,0.0,0.0,0.0,0.0,0.34,low,0.0,0.0,0.0,0
2026-07-26T13:34:59.580534,04/05 03:15,-3.3,0.0,,,,18.5,28.0,0.0,0.0,0.0,0.0,0.0,0.0,0.0,0.0,0.0,0.34,low,0.0,0.0,0.0,0
2026-07-26T13:34:59.596534,04/05 04:15,-3.45,0.0,,,,18.5,28.0,0.0,0.0,0.0,0.0,0.0,0.0,0.0,0.0,0.0,0.34,low,0.0,0.0,0.0,0
2026-07-26T13:34:59.612534,04/05 05:15,-3.9,0.0,,,,18.5,28.0,0.0,0.0,0.0,0.0,0.0,0.0,0.0,0.0,0.0,0.34,low,0.0,0.0,0.0,0
2026-07-26T13:34:59.627534,04/05 06:15,-3.47,0.0,,,,18.5,28.0,0.0,0.0,0.0,0.0,0.0,0.0,0.0,0.0,0.0,0.43,moderate,0.0,0.0,0.0,0
2026-07-26T13:35:15.272632,04/05 07:15,-1.65,0.0,,,,18.0,29.0,0.3764,0.094094,0.0,0.094094,0.003201,1.662492,1.328718,0.0,1.756586,0.43,moderate,0.04046,0.300911,0.341371,0
2026-07-26T13:35:15.294636,04/05 08:15,0.42,0.0,,,,18.0,29.0,0.3764,0.094094,0.0,0.094094,0.002411,1.238059,0.990198,0.0,1.332153,0.43,moderate,0.04046,0.224089,0.264549,0
2026-07-26T13:35:15.320633,04/05 09:23,2.1,52.0,21.66,21.5,22.12,21.5,26.0,0.3764,0.094094,0.0,0.094094,0.002518,1.406769,1.196365,0.0,1.500863,0.43,moderate,0.04046,0.254625,0.295086,0
2026-07-26T13:35:15.343639,04/05 10:23,3.17,52.0,22.58,21.5,23.65,21.5,26.0,0.3764,0.094094,0.0,0.094094,0.001653,0.463141,0.581486,0.0,0.557235,0.3,low,0.028228,0.083829,0.112057,0
2026-07-26T13:35:15.362632,04/05 11:23,2.92,52.0,22.97,21.83,24.04,21.5,26.0,0.3764,0.094094,0.0,0.094094,0.001987,0.727385,0.590852,0.0,0.821479,0.3,low,0.028228,0.131657,0.159885,0
2026-07-26T13:35:15.380632,04/05 12:15,3.57,41.6,23.0,21.95,24.2,21.5,26.0,0.3764,0.094094,0.0,0.094094,0.001952,0.502311,0.537806,0.0,0.596405,0.3,low,0.028228,0.090918,0.119146,0
2026-07-26T13:35:31.823189,04/05 13:15,4.55,20.8,22.58,21.63,23.85,21.5,25.0,0.3764,0.094094,0.0,0.094094,0.003075,0.03891,0.443243,0.0,0.133004,0.3,low,0.028228,0.007043,0.035271,0
2026-07-26T13:35:31.843189,04/05 14:15,4.85,41.6,22.74,21.72,24.34,21.5,25.0,0.3764,0.094094,0.0,0.094094,0.001001,0.607333,0.389259,0.0,0.701427,0.3,low,0.028228,0.109927,0.138155,0
2026-07-26T13:35:31.860188,04/05 15:15,4.55,52.0,22.77,21.74,24.56,21.5,25.0,0.3764,0.094094,0.0,0.094094,0.001088,0.023647,0.431698,0.0,0.117741,0.3,low,0.028228,0.00428,0.032508,0
2026-07-26T13:35:31.876188,04/05 16:15,4.45,52.0,22.76,21.83,24.49,21.5,25.0,0.3764,0.094094,0.0,0.094094,0.000967,0.520859,0.382795,0.0,0.614953,0.55,high,0.051752,0.094275,0.146027,0
2026-07-26T13:35:31.892188,04/05 17:15,2.65,52.0,22.36,21.5,24.19,21.5,25.0,0.3764,0.094094,0.0,0.094094,0.002042,0.859691,0.562155,0.0,0.953785,0.55,high,0.051752,0.155604,0.207356,0
2026-07-26T13:35:31.910187,04/05 18:15,2.2,52.0,22.35,21.5,24.12,21.5,25.0,0.3764,0.094094,0.0,0.094094,0.001525,0.912226,0.637938,0.0,1.00632,0.55,high,0.051752,0.165113,0.216865,0
2026-07-26T13:35:48.681810,04/05 19:15,1.8,26.0,21.0,20.5,22.77,20.5,26.0,0.3764,0.094094,0.0,0.094094,0.001546,0.874766,0.704381,0.0,0.96886,0.55,high,0.051752,0.158333,0.210084,0
2026-07-26T13:35:48.702808,04/05 20:15,0.45,0.0,,,,20.5,26.0,0.3764,0.094094,0.0,0.094094,0.003149,2.007937,1.608744,0.0,2.102031,0.55,high,0.051752,0.363437,0.415188,0
2026-07-26T13:35:48.719806,04/05 21:15,0.0,0.0,,,,20.5,26.0,0.0,0.0,0.0,0.0,0.0,0.0,0.0,0.0,0.0,0.4,moderate,0.0,0.0,0.0,0
2026-07-26T13:35:48.734806,04/05 22:15,-0.28,0.0,,,,20.5,26.0,0.0,0.0,0.0,0.0,0.0,0.0,0.0,0.0,0.0,0.4,moderate,0.0,0.0,0.0,0
2026-07-26T13:35:48.749808,04/05 23:15,-1.38,0.0,,,,20.5,26.0,0.0,0.0,0.0,0.0,0.0,0.0,0.0,0.0,0.0,0.4,moderate,0.0,0.0,0.0,0
2026-07-26T13:35:48.765806,04/06 00:15,-2.2,0.0,,,,20.5,26.0,0.0,0.0,0.0,0.0,0.0,0.0,0.0,0.0,0.0,0.34,low,0.0,0.0,0.0,0
2026-07-26T13:36:05.560159,04/06 01:15,-2.35,0.0,,,,18.5,28.0,0.0,0.0,0.0,0.0,0.0,0.0,0.0,0.0,0.0,0.34,low,0.0,0.0,0.0,0
2026-07-26T13:36:05.580171,04/06 02:15,-2.65,0.0,,,,18.5,28.0,0.0,0.0,0.0,0.0,0.0,0.0,0.0,0.0,0.0,0.34,low,0.0,0.0,0.0,0
2026-07-26T13:36:05.598128,04/06 03:15,-2.35,0.0,,,,18.5,28.0,0.0,0.0,0.0,0.0,0.0,0.0,0.0,0.0,0.0,0.34,low,0.0,0.0,0.0,0
2026-07-26T13:36:05.615134,04/06 04:15,-2.92,0.0,,,,18.5,28.0,0.0,0.0,0.0,0.0,0.0,0.0,0.0,0.0,0.0,0.34,low,0.0,0.0,0.0,0
2026-07-26T13:36:05.631272,04/06 05:15,-3.17,0.0,,,,18.5,28.0,0.0,0.0,0.0,0.0,0.0,0.0,0.0,0.0,0.0,0.34,low,0.0,0.0,0.0,0
2026-07-26T13:36:05.646281,04/06 06:23,-2.25,0.0,,,,18.5,28.0,0.0,0.0,0.0,0.0,0.0,0.0,0.0,0.0,0.0,0.43,moderate,0.0,0.0,0.0,0
2026-07-26T13:36:21.736559,04/06 07:20,-0.02,0.0,,,,18.0,29.0,0.0,0.0,0.0,0.0,0.0,0.0,0.0,0.0,0.0,0.43,moderate,0.0,0.0,0.0,0
2026-07-26T13:36:21.756515,04/06 08:20,1.82,0.0,,,,18.0,29.0,0.0,0.0,0.0,0.0,0.0,0.0,0.0,0.0,0.0,0.43,moderate,0.0,0.0,0.0,0
2026-07-26T13:36:21.775513,04/06 09:23,2.35,0.0,,,,18.0,29.0,0.0,0.0,0.0,0.0,0.0,0.0,0.0,0.0,0.0,0.43,moderate,0.0,0.0,0.0,0
2026-07-26T13:36:21.793511,04/06 10:15,3.35,0.0,,,,18.0,29.0,0.0,0.0,0.0,0.0,0.0,0.0,0.0,0.0,0.0,0.3,low,0.0,0.0,0.0,0
2026-07-26T13:36:21.810734,04/06 11:15,4.85,0.0,,,,18.0,29.0,0.0,0.0,0.0,0.0,0.0,0.0,0.0,0.0,0.0,0.3,low,0.0,0.0,0.0,0
2026-07-26T13:36:21.826775,04/06 12:23,4.7,0.0,,,,18.0,29.0,0.0,0.0,0.0,0.0,0.0,0.0,0.0,0.0,0.0,0.3,low,0.0,0.0,0.0,0
2026-07-26T13:36:37.973724,04/06 13:23,5.72,0.0,,,,18.0,29.0,0.0,0.0,0.0,0.0,0.0,0.0,0.0,0.0,0.0,0.3,low,0.0,0.0,0.0,0
2026-07-26T13:36:37.992725,04/06 14:15,6.1,0.0,,,,18.0,29.0,0.0,0.0,0.0,0.0,0.0,0.0,0.0,0.0,0.0,0.3,low,0.0,0.0,0.0,0
2026-07-26T13:36:38.010723,04/06 15:23,5.97,0.0,,,,18.0,29.0,0.0,0.0,0.0,0.0,0.0,0.0,0.0,0.0,0.0,0.3,low,0.0,0.0,0.0,0
2026-07-26T13:36:38.028723,04/06 16:15,5.6,0.0,,,,18.0,29.0,0.0,0.0,0.0,0.0,0.0,0.0,0.0,0.0,0.0,0.55,high,0.0,0.0,0.0,0
2026-07-26T13:36:38.044723,04/06 17:15,5.17,0.0,,,,18.0,29.0,0.0,0.0,0.0,0.0,0.0,0.0,0.0,0.0,0.0,0.55,high,0.0,0.0,0.0,0
2026-07-26T13:36:38.061724,04/06 18:23,3.35,0.0,,,,18.0,29.0,0.0,0.0,0.0,0.0,0.0,0.0,0.0,0.0,0.0,0.55,high,0.0,0.0,0.0,0
2026-07-26T13:36:54.356530,04/06 19:23,1.42,0.0,,,,18.0,29.0,0.0,0.0,0.0,0.0,0.0,0.0,0.0,0.0,0.0,0.55,high,0.0,0.0,0.0,0
2026-07-26T13:36:54.376529,04/06 20:15,0.6,0.0,,,,18.0,29.0,0.0,0.0,0.0,0.0,0.0,0.0,0.0,0.0,0.0,0.55,high,0.0,0.0,0.0,0
2026-07-26T13:36:54.395531,04/06 21:15,1.0,0.0,,,,18.0,29.0,0.0,0.0,0.0,0.0,0.0,0.0,0.0,0.0,0.0,0.4,moderate,0.0,0.0,0.0,0
2026-07-26T13:36:54.412528,04/06 22:15,2.48,0.0,,,,18.0,29.0,0.0,0.0,0.0,0.0,0.0,0.0,0.0,0.0,0.0,0.4,moderate,0.0,0.0,0.0,0
2026-07-26T13:36:54.429528,04/06 23:15,3.17,0.0,,,,18.0,29.0,0.0,0.0,0.0,0.0,0.0,0.0,0.0,0.0,0.0,0.4,moderate,0.0,0.0,0.0,0
2026-07-26T13:36:54.445529,04/07 00:15,2.8,0.0,,,,18.0,29.0,0.0,0.0,0.0,0.0,0.0,0.0,0.0,0.0,0.0,0.34,low,0.0,0.0,0.0,0
2026-07-26T13:37:11.033622,04/07 01:15,2.82,0.0,,,,18.0,29.0,0.0,0.0,0.0,0.0,0.0,0.0,0.0,0.0,0.0,0.34,low,0.0,0.0,0.0,0
2026-07-26T13:37:11.052095,04/07 02:15,2.88,0.0,,,,18.0,29.0,0.0,0.0,0.0,0.0,0.0,0.0,0.0,0.0,0.0,0.34,low,0.0,0.0,0.0,0
2026-07-26T13:37:11.070133,04/07 03:15,2.8,0.0,,,,18.0,29.0,0.0,0.0,0.0,0.0,0.0,0.0,0.0,0.0,0.0,0.34,low,0.0,0.0,0.0,0
2026-07-26T13:37:11.087131,04/07 04:15,2.8,0.0,,,,18.0,29.0,0.0,0.0,0.0,0.0,0.0,0.0,0.0,0.0,0.0,0.34,low,0.0,0.0,0.0,0
2026-07-26T13:37:11.103094,04/07 05:15,2.92,0.0,,,,18.0,29.0,0.0,0.0,0.0,0.0,0.0,0.0,0.0,0.0,0.0,0.34,low,0.0,0.0,0.0,0
2026-07-26T13:37:11.120595,04/07 06:15,3.17,0.0,,,,18.0,29.0,0.0,0.0,0.0,0.0,0.0,0.0,0.0,0.0,0.0,0.43,moderate,0.0,0.0,0.0,0
2026-07-26T13:37:27.283920,04/07 07:15,2.52,0.0,,,,18.0,29.0,0.0,0.0,0.0,0.0,0.0,0.0,0.0,0.0,0.0,0.43,moderate,0.0,0.0,0.0,0
2026-07-26T13:37:27.304917,04/07 08:15,1.7,0.0,,,,18.0,29.0,0.0,0.0,0.0,0.0,0.0,0.0,0.0,0.0,0.0,0.43,moderate,0.0,0.0,0.0,0
2026-07-26T13:37:27.322917,04/07 09:15,1.82,0.0,,,,18.0,29.0,0.0,0.0,0.0,0.0,0.0,0.0,0.0,0.0,0.0,0.43,moderate,0.0,0.0,0.0,0
2026-07-26T13:37:27.339918,04/07 10:15,2.35,0.0,,,,18.0,29.0,0.0,0.0,0.0,0.0,0.0,0.0,0.0,0.0,0.0,0.3,low,0.0,0.0,0.0,0
2026-07-26T13:37:27.357916,04/07 11:15,3.07,0.0,,,,18.0,29.0,0.0,0.0,0.0,0.0,0.0,0.0,0.0,0.0,0.0,0.3,low,0.0,0.0,0.0,0
2026-07-26T13:37:27.373916,04/07 12:15,4.17,0.0,,,,18.0,29.0,0.0,0.0,0.0,0.0,0.0,0.0,0.0,0.0,0.0,0.3,low,0.0,0.0,0.0,0
2026-07-26T13:37:43.516904,04/07 13:15,5.15,0.0,,,,18.0,29.0,0.0,0.0,0.0,0.0,0.0,0.0,0.0,0.0,0.0,0.3,low,0.0,0.0,0.0,0
2026-07-26T13:37:43.537904,04/07 14:15,5.72,0.0,,,,18.0,29.0,0.0,0.0,0.0,0.0,0.0,0.0,0.0,0.0,0.0,0.3,low,0.0,0.0,0.0,0
2026-07-26T13:37:43.555904,04/07 15:15,6.1,0.0,,,,18.0,29.0,0.0,0.0,0.0,0.0,0.0,0.0,0.0,0.0,0.0,0.3,low,0.0,0.0,0.0,0
2026-07-26T13:37:43.572905,04/07 16:15,6.25,0.0,,,,18.0,29.0,0.0,0.0,0.0,0.0,0.0,0.0,0.0,0.0,0.0,0.55,high,0.0,0.0,0.0,0
2026-07-26T13:37:43.589904,04/07 17:15,6.83,0.0,,,,18.0,29.0,0.0,0.0,0.0,0.0,0.0,0.0,0.0,0.0,0.0,0.55,high,0.0,0.0,0.0,0
2026-07-26T13:37:43.606903,04/07 18:15,7.35,0.0,,,,18.0,29.0,0.0,0.0,0.0,0.0,0.0,0.0,0.0,0.0,0.0,0.55,high,0.0,0.0,0.0,0
2026-07-26T13:38:00.157576,04/07 19:15,7.92,0.0,,,,18.0,29.0,0.0,0.0,0.0,0.0,0.0,0.0,0.0,0.0,0.0,0.55,high,0.0,0.0,0.0,0
2026-07-26T13:38:00.178845,04/07 20:15,8.45,0.0,,,,18.0,29.0,0.0,0.0,0.0,0.0,0.0,0.0,0.0,0.0,0.0,0.55,high,0.0,0.0,0.0,0
2026-07-26T13:38:00.197665,04/07 21:15,8.9,0.0,,,,18.0,29.0,0.0,0.0,0.0,0.0,0.0,0.0,0.0,0.0,0.0,0.4,moderate,0.0,0.0,0.0,0
2026-07-26T13:38:00.214620,04/07 22:15,9.03,0.0,,,,18.0,29.0,0.0,0.0,0.0,0.0,0.0,0.0,0.0,0.0,0.0,0.4,moderate,0.0,0.0,0.0,0
2026-07-26T13:38:00.232621,04/07 23:15,9.4,0.0,,,,18.0,29.0,0.0,0.0,0.0,0.0,0.0,0.0,0.0,0.0,0.0,0.4,moderate,0.0,0.0,0.0,0
2026-07-26T13:38:00.248621,04/08 00:15,9.28,0.0,,,,18.0,29.0,0.0,0.0,0.0,0.0,0.0,0.0,0.0,0.0,0.0,0.34,low,0.0,0.0,0.0,0
2026-07-26T13:38:16.251023,04/08 01:15,8.9,0.0,,,,18.0,29.0,0.0,0.0,0.0,0.0,0.0,0.0,0.0,0.0,0.0,0.34,low,0.0,0.0,0.0,0
2026-07-26T13:38:16.271759,04/08 02:15,8.9,0.0,,,,18.0,29.0,0.0,0.0,0.0,0.0,0.0,0.0,0.0,0.0,0.0,0.34,low,0.0,0.0,0.0,0
2026-07-26T13:38:16.290190,04/08 03:15,8.9,0.0,,,,18.0,29.0,0.0,0.0,0.0,0.0,0.0,0.0,0.0,0.0,0.0,0.34,low,0.0,0.0,0.0,0
2026-07-26T13:38:16.307189,04/08 04:15,8.75,0.0,,,,18.0,29.0,0.0,0.0,0.0,0.0,0.0,0.0,0.0,0.0,0.0,0.34,low,0.0,0.0,0.0,0
2026-07-26T13:38:16.324950,04/08 05:15,8.3,0.0,,,,18.0,29.0,0.0,0.0,0.0,0.0,0.0,0.0,0.0,0.0,0.0,0.34,low,0.0,0.0,0.0,0
2026-07-26T13:38:16.342956,04/08 06:15,8.45,0.0,,,,18.0,29.0,0.0,0.0,0.0,0.0,0.0,0.0,0.0,0.0,0.0,0.43,moderate,0.0,0.0,0.0,0
2026-07-26T13:38:32.845969,04/08 07:15,9.03,0.0,,,,18.0,29.0,0.3764,0.094094,0.0,0.094094,0.000321,0.025775,0.168691,0.0,0.119869,0.43,moderate,0.04046,0.004665,0.045126,0
2026-07-26T13:38:32.866966,04/08 08:15,9.4,0.0,,,,18.0,29.0,0.3764,0.094094,0.0,0.094094,0.000286,0.023975,0.125654,0.0,0.118069,0.43,moderate,0.04046,0.004339,0.0448,0
2026-07-26T13:38:32.889961,04/08 09:23,9.55,52.0,21.57,21.5,21.85,21.5,26.0,0.3764,0.094094,0.0,0.094094,0.001042,0.672202,0.683629,0.0,0.766296,0.43,moderate,0.04046,0.121669,0.162129,0
2026-07-26T13:38:32.910046,04/08 10:15,10.15,52.0,22.05,21.5,23.39,21.5,26.0,0.3764,0.094094,0.0,0.094094,0.000112,0.08308,0.087323,0.0,0.177174,0.3,low,0.028228,0.015037,0.043266,0
2026-07-26T13:38:32.926088,04/08 11:15,10.6,52.0,22.36,21.5,23.97,21.5,26.0,0.3764,0.094094,0.111703,0.094094,0.027286,0.005231,0.000729,0.023017,0.099325,0.3,low,0.028228,0.000947,0.029175,0
2026-07-26T13:38:32.942104,04/08 12:15,10.72,41.6,22.38,21.5,24.04,21.5,26.0,0.3764,0.094094,0.115087,0.094094,0.035748,0.009414,0.005947,0.031458,0.103508,0.3,low,0.028228,0.001704,0.029932,0
2026-07-26T13:38:50.431129,04/08 13:15,11.1,20.8,22.1,21.5,23.62,21.5,25.0,0.3764,0.094094,0.122747,0.094094,0.040481,0.067514,0.060775,0.074717,0.161608,0.3,low,0.028228,0.01222,0.040448,0
2026-07-26T13:38:50.450639,04/08 14:15,11.1,41.6,22.43,21.5,24.12,21.5,25.0,0.3764,0.094094,0.12392,0.094094,0.040164,0.005313,0.000729,0.079558,0.099407,0.3,low,0.028228,0.000962,0.02919,0
2026-07-26T13:38:50.468674,04/08 15:15,10.97,52.0,22.79,21.76,24.4,21.5,25.0,0.3764,0.094094,0.125871,0.094094,0.045333,0.0,0.0,0.085666,0.094094,0.3,low,0.028228,0.0,0.028228,0
2026-07-26T13:38:50.486636,04/08 16:15,10.6,52.0,22.76,21.72,24.39,21.5,25.0,0.3764,0.094094,0.121123,0.094094,0.049747,0.0,0.0,0.052115,0.094094,0.55,high,0.051752,0.0,0.051752,0
2026-07-26T13:38:50.503629,04/08 17:15,10.6,52.0,22.42,21.5,24.14,21.5,25.0,0.3764,0.094094,0.121885,0.094094,0.052808,0.019589,0.016574,0.055726,0.113683,0.55,high,0.051752,0.003546,0.055297,0
2026-07-26T13:38:50.518734,04/08 18:15,10.17,52.0,22.36,21.5,24.09,21.5,25.0,0.3764,0.094094,0.122197,0.094094,0.053646,0.040323,0.034303,0.056773,0.134417,0.55,high,0.051752,0.007298,0.05905,0
2026-07-26T13:39:07.253771,04/08 19:15,8.62,26.0,21.15,20.5,22.79,20.5,26.0,0.3764,0.094094,0.0,0.094094,0.000199,0.154692,0.139432,0.0,0.248786,0.55,high,0.051752,0.027999,0.079751,0
2026-07-26T13:39:07.274774,04/08 20:15,7.92,0.0,,,,20.5,26.0,0.3764,0.094094,0.0,0.094094,0.001141,0.926703,0.738318,0.0,1.020797,0.55,high,0.051752,0.167733,0.219485,0
2026-07-26T13:39:07.291771,04/08 21:15,8.3,0.0,,,,20.5,26.0,0.0,0.0,0.0,0.0,0.0,0.0,0.0,0.0,0.0,0.4,moderate,0.0,0.0,0.0,0
2026-07-26T13:39:07.306771,04/08 22:15,8.3,0.0,,,,20.5,26.0,0.0,0.0,0.0,0.0,0.0,0.0,0.0,0.0,0.0,0.4,moderate,0.0,0.0,0.0,0
2026-07-26T13:39:07.323779,04/08 23:15,8.18,0.0,,,,20.5,26.0,0.0,0.0,0.0,0.0,0.0,0.0,0.0,0.0,0.0,0.4,moderate,0.0,0.0,0.0,0
2026-07-26T13:39:07.339776,04/09 00:15,7.8,0.0,,,,20.5,26.0,0.0,0.0,0.0,0.0,0.0,0.0,0.0,0.0,0.0,0.34,low,0.0,0.0,0.0,0
2026-07-26T13:39:23.644920,04/09 01:15,7.8,0.0,,,,18.5,28.0,0.0,0.0,0.0,0.0,0.0,0.0,0.0,0.0,0.0,0.34,low,0.0,0.0,0.0,0
2026-07-26T13:39:23.663067,04/09 02:15,7.65,0.0,,,,18.5,28.0,0.0,0.0,0.0,0.0,0.0,0.0,0.0,0.0,0.0,0.34,low,0.0,0.0,0.0,0
2026-07-26T13:39:23.681082,04/09 03:15,7.2,0.0,,,,18.5,28.0,0.0,0.0,0.0,0.0,0.0,0.0,0.0,0.0,0.0,0.34,low,0.0,0.0,0.0,0
2026-07-26T13:39:23.697080,04/09 04:15,7.08,0.0,,,,18.5,28.0,0.0,0.0,0.0,0.0,0.0,0.0,0.0,0.0,0.0,0.34,low,0.0,0.0,0.0,0
2026-07-26T13:39:23.713088,04/09 05:15,6.7,0.0,,,,18.5,28.0,0.0,0.0,0.0,0.0,0.0,0.0,0.0,0.0,0.0,0.34,low,0.0,0.0,0.0,0
2026-07-26T13:39:23.729270,04/09 06:15,6.55,0.0,,,,18.5,28.0,0.0,0.0,0.0,0.0,0.0,0.0,0.0,0.0,0.0,0.43,moderate,0.0,0.0,0.0,0
2026-07-26T13:39:39.640799,04/09 07:15,6.1,0.0,,,,18.0,29.0,0.3764,0.094094,0.0,0.094094,0.001174,0.02068,0.382266,0.0,0.114774,0.43,moderate,0.04046,0.003743,0.044203,0
2026-07-26T13:39:39.660801,04/09 08:15,5.97,0.0,,,,18.0,29.0,0.3764,0.094094,0.0,0.094094,0.003015,0.068455,0.386965,0.0,0.162549,0.43,moderate,0.04046,0.01239,0.052851,0
2026-07-26T13:39:39.681797,04/09 09:15,5.6,52.0,21.57,21.5,21.86,21.5,26.0,0.3764,0.094094,0.0,0.094094,0.002109,1.297582,1.119742,0.0,1.391676,0.43,moderate,0.04046,0.234862,0.275323,0
2026-07-26T13:39:39.700803,04/09 10:15,5.87,52.0,21.99,21.5,23.38,21.5,26.0,0.3764,0.094094,0.0,0.094094,0.001229,0.270047,0.448857,0.0,0.364141,0.3,low,0.028228,0.048879,0.077107,0
2026-07-26T13:39:39.718798,04/09 11:15,6.55,52.0,22.32,21.5,23.95,21.5,26.0,0.3764,0.094094,0.0,0.094094,0.001251,0.053101,0.29276,0.0,0.147195,0.3,low,0.028228,0.009611,0.037839,0
2026-07-26T13:39:39.736798,04/09 12:15,6.52,41.6,22.49,21.55,24.03,21.5,26.0,0.3764,0.094094,0.0,0.094094,0.002905,2.404932,0.323726,0.0,2.499026,0.3,low,0.028228,0.435293,0.463521,0
2026-07-26T13:39:56.645192,04/09 13:15,7.92,20.8,22.53,21.61,23.7,21.5,25.0,0.3764,0.094094,0.0,0.094094,0.000526,0.413794,0.182836,0.0,0.507888,0.3,low,0.028228,0.074897,0.103125,0
2026-07-26T13:39:56.665191,04/09 14:15,8.45,41.6,23.41,22.6,24.38,21.5,25.0,0.3764,0.094094,0.0,0.094094,0.000269,0.210235,0.129084,0.0,0.304329,0.3,low,0.028228,0.038053,0.066281,0
2026-07-26T13:39:56.685192,04/09 15:23,9.18,52.0,24.13,22.94,24.93,21.5,25.0,0.3764,0.094094,0.0,0.094094,0.000102,0.080467,0.059774,0.0,0.174561,0.3,low,0.028228,0.014565,0.042793,0
2026-07-26T13:39:56.703190,04/09 16:15,9.57,52.0,24.37,22.97,25.0,21.5,25.0,0.3837,0.09593,0.143007,0.09593,0.060464,0.0,0.0,0.183681,0.09593,0.55,high,0.052762,0.0,0.052762,0
2026-07-26T13:39:56.719190,04/09 17:15,8.18,52.0,24.14,22.56,24.97,21.5,25.0,0.3764,0.094094,0.0,0.094094,0.000142,0.112972,0.080205,0.0,0.207066,0.55,high,0.051752,0.020448,0.0722,0
2026-07-26T13:39:56.735191,04/09 18:15,7.38,52.0,23.72,22.12,24.91,21.5,25.0,0.3764,0.094094,0.0,0.094094,0.000215,0.171095,0.117065,0.0,0.265189,0.55,high,0.051752,0.030968,0.08272,0
2026-07-26T13:40:12.996363,04/09 19:23,5.4,26.0,21.86,20.74,23.45,20.0,26.0,0.3764,0.094094,0.0,0.094094,0.000589,0.435347,0.269696,0.0,0.529441,0.55,high,0.051752,0.078798,0.13055,0
2026-07-26T13:40:13.017408,04/09 20:23,3.17,0.0,,,,20.0,26.0,0.3764,0.094094,0.0,0.094094,0.002042,0.9953,0.607814,0.0,1.089394,0.55,high,0.051752,0.180149,0.231901,0
2026-07-26T13:40:13.033367,04/09 21:15,2.8,0.0,,,,20.0,26.0,0.0,0.0,0.0,0.0,0.0,0.0,0.0,0.0,0.0,0.4,moderate,0.0,0.0,0.0,0
2026-07-26T13:40:13.049367,04/09 22:15,2.8,0.0,,,,20.0,26.0,0.0,0.0,0.0,0.0,0.0,0.0,0.0,0.0,0.0,0.4,moderate,0.0,0.0,0.0,0
2026-07-26T13:40:13.067074,04/09 23:15,2.65,0.0,,,,20.0,26.0,0.0,0.0,0.0,0.0,0.0,0.0,0.0,0.0,0.0,0.4,moderate,0.0,0.0,0.0,0
2026-07-26T13:40:13.083225,04/10 00:15,2.08,0.0,,,,20.0,26.0,0.0,0.0,0.0,0.0,0.0,0.0,0.0,0.0,0.0,0.34,low,0.0,0.0,0.0,0
2026-07-26T13:40:29.516026,04/10 01:15,1.82,0.0,,,,18.0,28.0,0.0,0.0,0.0,0.0,0.0,0.0,0.0,0.0,0.0,0.34,low,0.0,0.0,0.0,0
2026-07-26T13:40:29.537506,04/10 02:15,2.08,0.0,,,,18.0,28.0,0.0,0.0,0.0,0.0,0.0,0.0,0.0,0.0,0.0,0.34,low,0.0,0.0,0.0,0
2026-07-26T13:40:29.556501,04/10 03:15,1.7,0.0,,,,18.0,28.0,0.0,0.0,0.0,0.0,0.0,0.0,0.0,0.0,0.0,0.34,low,0.0,0.0,0.0,0
2026-07-26T13:40:29.574506,04/10 04:15,1.7,0.0,,,,18.0,28.0,0.0,0.0,0.0,0.0,0.0,0.0,0.0,0.0,0.0,0.34,low,0.0,0.0,0.0,0
2026-07-26T13:40:29.590498,04/10 05:15,1.82,0.0,,,,18.0,28.0,0.0,0.0,0.0,0.0,0.0,0.0,0.0,0.0,0.0,0.34,low,0.0,0.0,0.0,0
2026-07-26T13:40:29.608508,04/10 06:23,2.9,0.0,,,,18.0,28.0,0.0,0.0,0.0,0.0,0.0,0.0,0.0,0.0,0.0,0.43,moderate,0.0,0.0,0.0,0
2026-07-26T13:40:45.934965,04/10 07:23,5.7,0.0,,,,18.0,29.0,0.3764,0.094094,0.0,0.094094,0.002832,0.170494,0.506845,0.0,0.264588,0.43,moderate,0.04046,0.030859,0.07132,0
2026-07-26T13:40:45.956963,04/10 08:23,8.35,0.0,,,,18.0,29.0,0.3764,0.094094,0.0,0.094094,0.00089,0.703601,0.252336,0.0,0.797695,0.43,moderate,0.04046,0.127352,0.167812,0
2026-07-26T13:40:45.978966,04/10 09:23,10.43,52.0,22.36,21.5,24.92,21.5,26.0,0.3764,0.094094,0.0,0.094094,0.000252,0.153888,0.173113,0.0,0.247982,0.43,moderate,0.04046,0.027854,0.068314,0
2026-07-26T13:40:45.998963,04/10 10:23,12.1,52.0,23.5,21.83,25.5,21.5,25.5,0.3834,0.095849,0.13908,0.095849,0.024333,0.0,0.0,0.202002,0.095849,0.3,low,0.028755,0.0,0.028755,0
2026-07-26T13:40:46.018963,04/10 11:23,13.58,52.0,24.18,22.56,25.5,21.5,25.5,0.3835,0.095866,0.177703,0.095866,0.059724,0.0,0.0,0.375641,0.095866,0.3,low,0.02876,0.0,0.02876,0
2026-07-26T13:40:46.036964,04/10 12:23,14.83,41.6,24.45,22.88,25.5,21.5,25.5,0.379,0.094752,0.188142,0.094752,0.063629,0.0,0.0,0.423534,0.094752,0.3,low,0.028426,0.0,0.028426,0
2026-07-26T13:41:02.463026,04/10 13:15,16.25,20.8,24.18,22.74,24.8,21.5,25.0,0.3764,0.094094,0.2063,0.094094,0.068552,0.0,0.0,0.523339,0.094094,0.3,low,0.028228,0.0,0.028228,0
2026-07-26T13:41:02.483027,04/10 14:15,16.82,41.6,24.58,23.5,25.0,21.5,25.0,0.3828,0.095704,0.230292,0.095704,0.048293,0.0,0.0,0.717503,0.095704,0.3,low,0.028711,0.0,0.028711,0
2026-07-26T13:41:02.502026,04/10 15:15,17.35,52.0,24.79,24.3,25.0,21.5,25.0,0.3992,0.099809,0.305962,0.099809,0.049937,0.0,0.0,1.081042,0.099809,0.3,low,0.029943,0.0,0.029943,0
2026-07-26T13:41:02.519025,04/10 16:15,17.53,52.0,24.8,23.99,25.0,21.5,25.0,0.4048,0.101211,0.341626,0.101211,0.071132,0.0,0.0,1.241055,0.101211,0.55,high,0.055666,0.0,0.055666,0
2026-07-26T13:41:02.538025,04/10 17:15,16.42,52.0,24.59,23.42,25.0,21.5,25.0,0.3925,0.098124,0.286624,0.098124,0.069461,0.0,0.0,0.943862,0.098124,0.55,high,0.053968,0.0,0.053968,0
2026-07-26T13:41:02.556025,04/10 18:15,15.02,52.0,24.38,22.94,25.0,21.5,25.0,0.3795,0.09488,0.220431,0.09488,0.067768,0.0,0.0,0.584574,0.09488,0.55,high,0.052184,0.0,0.052184,0
2026-07-26T13:41:19.468131,04/10 19:23,13.18,26.0,22.56,21.42,23.72,20.0,26.0,0.3764,0.094094,0.163181,0.094094,0.044396,0.0,0.0,0.315646,0.094094,0.55,high,0.051752,0.0,0.051752,0
2026-07-26T13:41:19.489125,04/10 20:23,12.65,0.0,,,,20.0,26.0,0.3764,0.094094,0.153176,0.094094,0.037617,0.0,0.0,0.249274,0.094094,0.55,high,0.051752,0.0,0.051752,0
2026-07-26T13:41:19.507125,04/10 21:15,12.07,0.0,,,,20.0,26.0,0.0,0.0,0.0,0.0,0.0,0.0,0.0,0.0,0.0,0.4,moderate,0.0,0.0,0.0,0
2026-07-26T13:41:19.523124,04/10 22:15,11.55,0.0,,,,20.0,26.0,0.0,0.0,0.0,0.0,0.0,0.0,0.0,0.0,0.0,0.4,moderate,0.0,0.0,0.0,0
2026-07-26T13:41:19.539128,04/10 23:15,11.25,0.0,,,,20.0,26.0,0.0,0.0,0.0,0.0,0.0,0.0,0.0,0.0,0.0,0.4,moderate,0.0,0.0,0.0,0
2026-07-26T13:41:19.556123,04/11 00:15,11.7,0.0,,,,20.0,26.0,0.0,0.0,0.0,0.0,0.0,0.0,0.0,0.0,0.0,0.34,low,0.0,0.0,0.0,0
2026-07-26T13:41:35.914271,04/11 01:15,11.7,0.0,,,,18.0,28.0,0.0,0.0,0.0,0.0,0.0,0.0,0.0,0.0,0.0,0.34,low,0.0,0.0,0.0,0
2026-07-26T13:41:35.933271,04/11 02:15,11.42,0.0,,,,18.0,28.0,0.0,0.0,0.0,0.0,0.0,0.0,0.0,0.0,0.0,0.34,low,0.0,0.0,0.0,0
2026-07-26T13:41:35.953268,04/11 03:15,10.72,0.0,,,,18.0,28.0,0.0,0.0,0.0,0.0,0.0,0.0,0.0,0.0,0.0,0.34,low,0.0,0.0,0.0,0
2026-07-26T13:41:35.969270,04/11 04:15,11.1,0.0,,,,18.0,28.0,0.0,0.0,0.0,0.0,0.0,0.0,0.0,0.0,0.0,0.34,low,0.0,0.0,0.0,0
2026-07-26T13:41:35.985267,04/11 05:15,10.82,0.0,,,,18.0,28.0,0.0,0.0,0.0,0.0,0.0,0.0,0.0,0.0,0.0,0.34,low,0.0,0.0,0.0,0
2026-07-26T13:41:36.000267,04/11 06:23,10.55,0.0,,,,18.0,28.0,0.0,0.0,0.0,0.0,0.0,0.0,0.0,0.0,0.0,0.43,moderate,0.0,0.0,0.0,0
2026-07-26T13:41:53.168901,04/11 07:23,12.75,0.0,,,,18.0,29.0,0.3764,0.094094,0.124558,0.094094,0.020138,0.0,0.0,0.120954,0.094094,0.43,moderate,0.04046,0.0,0.04046,0
2026-07-26T13:41:53.188897,04/11 08:15,14.83,0.0,,,,18.0,29.0,0.3764,0.094094,0.157348,0.094094,0.024728,0.0,0.0,0.298974,0.094094,0.43,moderate,0.04046,0.0,0.04046,0
2026-07-26T13:41:53.209898,04/11 09:23,16.8,52.0,22.63,21.06,24.74,21.0,26.0,0.3764,0.094094,0.189002,0.094094,0.032264,0.0,0.0,0.460166,0.094094,0.43,moderate,0.04046,0.0,0.04046,0
2026-07-26T13:41:53.229900,04/11 10:23,19.17,52.0,24.1,22.54,25.5,21.0,25.5,0.383,0.095752,0.257751,0.095752,0.067552,0.0,0.0,0.808533,0.095752,0.3,low,0.028726,0.0,0.028726,0
2026-07-26T13:41:53.248899,04/11 11:23,20.27,52.0,24.77,23.32,25.5,21.0,25.5,0.3832,0.095806,0.286414,0.095806,0.06774,0.0,0.0,0.939811,0.095806,0.3,low,0.028742,0.0,0.028742,0
2026-07-26T13:41:53.266896,04/11 12:23,21.1,41.6,25.04,23.72,25.5,21.0,25.5,0.3811,0.095272,0.304082,0.095272,0.071339,0.0,0.0,1.021363,0.095272,0.3,low,0.028582,0.0,0.028582,0
2026-07-26T13:42:09.737466,04/11 13:15,21.53,20.8,24.71,23.61,25.0,20.5,25.0,0.381,0.095252,0.30825,0.095252,0.07303,0.0,0.0,1.036365,0.095252,0.3,low,0.028576,0.0,0.028576,0
2026-07-26T13:42:09.757912,04/11 14:15,23.08,41.6,24.89,24.45,25.0,20.5,25.0,0.4006,0.100155,0.414596,0.100155,0.078669,0.0,0.0,1.564313,0.100155,0.3,low,0.030046,0.0,0.030046,0
2026-07-26T13:42:09.774691,04/11 15:15,23.75,52.0,24.97,24.87,25.0,20.5,25.0,0.4155,0.103864,0.4895,0.103864,0.080262,0.0,0.0,1.913561,0.103864,0.3,low,0.031159,0.0,0.031159,0
2026-07-26T13:42:09.792769,04/11 16:15,23.3,52.0,24.91,24.53,25.0,20.5,25.0,0.4169,0.104227,0.487366,0.104227,0.079397,0.0,0.0,1.904986,0.104227,0.55,high,0.057325,0.0,0.057325,0
2026-07-26T13:42:09.809769,04/11 17:15,23.03,52.0,24.8,23.99,25.0,20.5,25.0,0.3992,0.099789,0.430188,0.099789,0.079383,0.0,0.0,1.622731,0.099789,0.55,high,0.054884,0.0,0.054884,0
2026-07-26T13:42:09.825770,04/11 18:15,21.92,52.0,24.66,23.54,25.0,20.5,25.0,0.3856,0.096412,0.356364,0.096412,0.077732,0.0,0.0,1.260756,0.096412,0.55,high,0.053027,0.0,0.053027,0
2026-07-26T13:42:27.344243,04/11 19:23,20.83,26.0,23.2,22.13,23.93,20.0,26.0,0.3764,0.094094,0.291087,0.094094,0.076125,0.0,0.0,0.946097,0.094094,0.55,high,0.051752,0.0,0.051752,0
2026-07-26T13:42:27.366240,04/11 20:15,19.73,0.0,,,,20.0,26.0,0.3764,0.094094,0.268727,0.094094,0.074518,0.0,0.0,0.836221,0.094094,0.55,high,0.051752,0.0,0.051752,0
2026-07-26T13:42:27.383241,04/11 21:15,18.9,0.0,,,,20.0,26.0,0.0,0.0,0.0,0.0,0.0,0.0,0.0,0.0,0.0,0.4,moderate,0.0,0.0,0.0,0
2026-07-26T13:42:27.399241,04/11 22:15,18.75,0.0,,,,20.0,26.0,0.0,0.0,0.0,0.0,0.0,0.0,0.0,0.0,0.0,0.4,moderate,0.0,0.0,0.0,0
2026-07-26T13:42:27.417241,04/11 23:15,18.3,0.0,,,,20.0,26.0,0.0,0.0,0.0,0.0,0.0,0.0,0.0,0.0,0.0,0.4,moderate,0.0,0.0,0.0,0
2026-07-26T13:42:27.434241,04/12 00:15,18.3,0.0,,,,20.0,26.0,0.0,0.0,0.0,0.0,0.0,0.0,0.0,0.0,0.0,0.34,low,0.0,0.0,0.0,0
2026-07-26T13:42:43.999484,04/12 01:15,18.45,0.0,,,,18.0,28.0,0.0,0.0,0.0,0.0,0.0,0.0,0.0,0.0,0.0,0.34,low,0.0,0.0,0.0,0
2026-07-26T13:42:44.022248,04/12 02:15,18.75,0.0,,,,18.0,28.0,0.0,0.0,0.0,0.0,0.0,0.0,0.0,0.0,0.0,0.34,low,0.0,0.0,0.0,0
2026-07-26T13:42:44.039915,04/12 03:15,18.03,0.0,,,,18.0,28.0,0.0,0.0,0.0,0.0,0.0,0.0,0.0,0.0,0.0,0.34,low,0.0,0.0,0.0,0
2026-07-26T13:42:44.057667,04/12 04:15,17.07,0.0,,,,18.0,28.0,0.0,0.0,0.0,0.0,0.0,0.0,0.0,0.0,0.0,0.34,low,0.0,0.0,0.0,0
2026-07-26T13:42:44.075673,04/12 05:15,16.42,0.0,,,,18.0,28.0,0.0,0.0,0.0,0.0,0.0,0.0,0.0,0.0,0.0,0.34,low,0.0,0.0,0.0,0
2026-07-26T13:42:44.092222,04/12 06:23,15.6,0.0,,,,18.0,28.0,0.0,0.0,0.0,0.0,0.0,0.0,0.0,0.0,0.0,0.43,moderate,0.0,0.0,0.0,0
2026-07-26T13:43:00.005893,04/12 07:15,15.72,0.0,,,,18.0,29.0,0.3764,0.094094,0.212056,0.094094,0.04729,0.0,0.0,0.573077,0.094094,0.43,moderate,0.04046,0.0,0.04046,0
2026-07-26T13:43:00.027345,04/12 08:15,16.25,0.0,,,,18.0,29.0,0.3764,0.094094,0.228356,0.094094,0.042591,0.0,0.0,0.671255,0.094094,0.43,moderate,0.04046,0.0,0.04046,0
2026-07-26T13:43:00.049345,04/12 09:23,16.55,52.0,21.84,21.02,22.52,21.0,26.0,0.3764,0.094094,0.244545,0.094094,0.046348,0.00269,0.001024,0.742487,0.096784,0.43,moderate,0.04046,0.000487,0.040947,0
2026-07-26T13:43:00.068344,04/12 10:15,16.1,52.0,23.16,22.17,24.05,21.0,26.0,0.3764,0.094094,0.231685,0.094094,0.057033,0.0,0.0,0.659633,0.094094,0.3,low,0.028228,0.0,0.028228,0
2026-07-26T13:43:00.084344,04/12 11:15,15.98,52.0,23.74,22.74,24.66,21.0,26.0,0.3764,0.094094,0.234494,0.094094,0.065333,0.0,0.0,0.672907,0.094094,0.3,low,0.028228,0.0,0.028228,0
2026-07-26T13:43:00.103491,04/12 12:15,14.9,41.6,23.8,22.82,24.77,21.0,26.0,0.3764,0.094094,0.227097,0.094094,0.071873,0.0,0.0,0.627708,0.094094,0.3,low,0.028228,0.0,0.028228,0
2026-07-26T13:43:17.408067,04/12 13:15,12.53,20.8,23.32,22.37,24.39,21.0,25.0,0.3764,0.094094,0.158966,0.094094,0.063342,0.0,0.0,0.253003,0.094094,0.3,low,0.028228,0.0,0.028228,0
2026-07-26T13:43:17.427070,04/12 14:15,11.55,41.6,23.6,22.61,24.85,21.0,25.0,0.3764,0.094094,0.143039,0.094094,0.059221,0.0,0.0,0.170131,0.094094,0.3,low,0.028228,0.0,0.028228,0
2026-07-26T13:43:17.444067,04/12 15:15,10.97,52.0,23.66,22.67,25.0,21.0,25.0,0.3775,0.094377,0.138902,0.094377,0.058812,0.0,0.0,0.147633,0.094377,0.3,low,0.028313,0.0,0.028313,0
2026-07-26T13:43:17.460065,04/12 16:15,10.45,52.0,23.46,22.46,24.96,21.0,25.0,0.3764,0.094094,0.128438,0.094094,0.058867,0.0,0.0,0.086726,0.094094,0.55,high,0.051752,0.0,0.051752,0
2026-07-26T13:43:17.476065,04/12 17:15,9.85,52.0,22.91,21.87,24.61,21.0,25.0,0.3764,0.094094,0.11963,0.094094,0.056374,0.0,0.0,0.036629,0.094094,0.55,high,0.051752,0.0,0.051752,0
2026-07-26T13:43:17.492067,04/12 18:15,9.12,52.0,22.57,21.48,24.46,21.0,25.0,0.3764,0.094094,0.0,0.094094,2.1e-05,0.01322,0.015571,0.0,0.107314,0.55,high,0.051752,0.002393,0.054145,0
2026-07-26T13:43:34.283896,04/12 19:15,8.3,26.0,21.29,20.5,23.05,20.5,26.0,0.3764,0.094094,0.0,0.094094,0.000227,0.087486,0.139725,0.0,0.18158,0.55,high,0.051752,0.015835,0.067587,0
2026-07-26T13:43:34.304895,04/12 20:15,8.45,0.0,,,,20.5,26.0,0.3764,0.094094,0.0,0.094094,0.000903,0.705398,0.597939,0.0,0.799492,0.55,high,0.051752,0.127677,0.179429,0
2026-07-26T13:43:34.321895,04/12 21:15,8.75,0.0,,,,20.5,26.0,0.0,0.0,0.0,0.0,0.0,0.0,0.0,0.0,0.0,0.4,moderate,0.0,0.0,0.0,0
2026-07-26T13:43:34.337894,04/12 22:15,8.45,0.0,,,,20.5,26.0,0.0,0.0,0.0,0.0,0.0,0.0,0.0,0.0,0.0,0.4,moderate,0.0,0.0,0.0,0
2026-07-26T13:43:34.353895,04/12 23:15,8.75,0.0,,,,20.5,26.0,0.0,0.0,0.0,0.0,0.0,0.0,0.0,0.0,0.0,0.4,moderate,0.0,0.0,0.0,0
2026-07-26T13:43:34.368895,04/13 00:15,7.9,0.0,,,,20.5,26.0,0.0,0.0,0.0,0.0,0.0,0.0,0.0,0.0,0.0,0.34,low,0.0,0.0,0.0,0
2026-07-26T13:43:50.773248,04/13 01:15,6.7,0.0,,,,18.5,28.0,0.0,0.0,0.0,0.0,0.0,0.0,0.0,0.0,0.0,0.34,low,0.0,0.0,0.0,0
2026-07-26T13:43:50.790241,04/13 02:15,6.7,0.0,,,,18.5,28.0,0.0,0.0,0.0,0.0,0.0,0.0,0.0,0.0,0.0,0.34,low,0.0,0.0,0.0,0
2026-07-26T13:43:50.808242,04/13 03:15,6.43,0.0,,,,18.5,28.0,0.0,0.0,0.0,0.0,0.0,0.0,0.0,0.0,0.0,0.34,low,0.0,0.0,0.0,0
2026-07-26T13:43:50.823241,04/13 04:15,5.87,0.0,,,,18.5,28.0,0.0,0.0,0.0,0.0,0.0,0.0,0.0,0.0,0.0,0.34,low,0.0,0.0,0.0,0
2026-07-26T13:43:50.840241,04/13 05:15,6.83,0.0,,,,18.5,28.0,0.0,0.0,0.0,0.0,0.0,0.0,0.0,0.0,0.0,0.34,low,0.0,0.0,0.0,0
2026-07-26T13:43:50.856240,04/13 06:23,7.48,0.0,,,,18.5,28.0,0.0,0.0,0.0,0.0,0.0,0.0,0.0,0.0,0.0,0.43,moderate,0.0,0.0,0.0,0
2026-07-26T13:44:06.701081,04/13 07:20,8.73,0.0,,,,18.0,29.0,0.0,0.0,0.0,0.0,0.0,0.0,0.0,0.0,0.0,0.43,moderate,0.0,0.0,0.0,0
2026-07-26T13:44:06.721081,04/13 08:20,10.43,0.0,,,,18.0,29.0,0.0,0.0,0.0,0.0,0.0,0.0,0.0,0.0,0.0,0.43,moderate,0.0,0.0,0.0,0
2026-07-26T13:44:06.740080,04/13 09:23,12.1,0.0,,,,18.0,29.0,0.0,0.0,0.0,0.0,0.0,0.0,0.0,0.0,0.0,0.43,moderate,0.0,0.0,0.0,0
2026-07-26T13:44:06.756080,04/13 10:15,13.58,0.0,,,,18.0,29.0,0.0,0.0,0.0,0.0,0.0,0.0,0.0,0.0,0.0,0.3,low,0.0,0.0,0.0,0
2026-07-26T13:44:06.772079,04/13 11:15,14.7,0.0,,,,18.0,29.0,0.0,0.0,0.0,0.0,0.0,0.0,0.0,0.0,0.0,0.3,low,0.0,0.0,0.0,0
2026-07-26T13:44:06.787079,04/13 12:15,15.88,0.0,,,,18.0,29.0,0.0,0.0,0.0,0.0,0.0,0.0,0.0,0.0,0.0,0.3,low,0.0,0.0,0.0,0
2026-07-26T13:44:23.500385,04/13 13:23,16.55,0.0,,,,18.0,29.0,0.0,0.0,0.0,0.0,0.0,0.0,0.0,0.0,0.0,0.3,low,0.0,0.0,0.0,0
2026-07-26T13:44:23.519383,04/13 14:15,16.1,0.0,,,,18.0,29.0,0.0,0.0,0.0,0.0,0.0,0.0,0.0,0.0,0.0,0.3,low,0.0,0.0,0.0,0
2026-07-26T13:44:23.537332,04/13 15:15,16.1,0.0,,,,18.0,29.0,0.0,0.0,0.0,0.0,0.0,0.0,0.0,0.0,0.0,0.3,low,0.0,0.0,0.0,0
2026-07-26T13:44:23.553900,04/13 16:15,15.98,0.0,,,,18.0,29.0,0.0,0.0,0.0,0.0,0.0,0.0,0.0,0.0,0.0,0.55,high,0.0,0.0,0.0,0
2026-07-26T13:44:23.569900,04/13 17:15,14.9,0.0,,,,18.0,29.0,0.0,0.0,0.0,0.0,0.0,0.0,0.0,0.0,0.0,0.55,high,0.0,0.0,0.0,0
2026-07-26T13:44:23.587863,04/13 18:23,12.38,0.0,,,,18.0,29.0,0.0,0.0,0.0,0.0,0.0,0.0,0.0,0.0,0.0,0.55,high,0.0,0.0,0.0,0
2026-07-26T13:44:39.604647,04/13 19:15,10.82,0.0,,,,18.0,29.0,0.0,0.0,0.0,0.0,0.0,0.0,0.0,0.0,0.0,0.55,high,0.0,0.0,0.0,0
2026-07-26T13:44:39.626650,04/13 20:15,9.85,0.0,,,,18.0,29.0,0.0,0.0,0.0,0.0,0.0,0.0,0.0,0.0,0.0,0.55,high,0.0,0.0,0.0,0
2026-07-26T13:44:39.644160,04/13 21:15,9.28,0.0,,,,18.0,29.0,0.0,0.0,0.0,0.0,0.0,0.0,0.0,0.0,0.0,0.4,moderate,0.0,0.0,0.0,0
2026-07-26T13:44:39.660165,04/13 22:15,8.75,0.0,,,,18.0,29.0,0.0,0.0,0.0,0.0,0.0,0.0,0.0,0.0,0.0,0.4,moderate,0.0,0.0,0.0,0
2026-07-26T13:44:39.675160,04/13 23:15,8.18,0.0,,,,18.0,29.0,0.0,0.0,0.0,0.0,0.0,0.0,0.0,0.0,0.0,0.4,moderate,0.0,0.0,0.0,0
2026-07-26T13:44:39.690161,04/14 00:15,7.52,0.0,,,,18.0,29.0,0.0,0.0,0.0,0.0,0.0,0.0,0.0,0.0,0.0,0.34,low,0.0,0.0,0.0,0
2026-07-26T13:44:56.823625,04/14 01:15,6.55,0.0,,,,18.0,29.0,0.0,0.0,0.0,0.0,0.0,0.0,0.0,0.0,0.0,0.34,low,0.0,0.0,0.0,0
2026-07-26T13:44:56.842647,04/14 02:15,6.25,0.0,,,,18.0,29.0,0.0,0.0,0.0,0.0,0.0,0.0,0.0,0.0,0.0,0.34,low,0.0,0.0,0.0,0
2026-07-26T13:44:56.859788,04/14 03:15,6.98,0.0,,,,18.0,29.0,0.0,0.0,0.0,0.0,0.0,0.0,0.0,0.0,0.0,0.34,low,0.0,0.0,0.0,0
2026-07-26T13:44:56.874750,04/14 04:15,7.8,0.0,,,,18.0,29.0,0.0,0.0,0.0,0.0,0.0,0.0,0.0,0.0,0.0,0.34,low,0.0,0.0,0.0,0
2026-07-26T13:44:56.890753,04/14 05:15,7.52,0.0,,,,18.0,29.0,0.0,0.0,0.0,0.0,0.0,0.0,0.0,0.0,0.0,0.34,low,0.0,0.0,0.0,0
2026-07-26T13:44:56.905826,04/14 06:23,7.8,0.0,,,,18.0,29.0,0.0,0.0,0.0,0.0,0.0,0.0,0.0,0.0,0.0,0.43,moderate,0.0,0.0,0.0,0
2026-07-26T13:45:13.045852,04/14 07:20,12.07,0.0,,,,18.0,29.0,0.0,0.0,0.0,0.0,0.0,0.0,0.0,0.0,0.0,0.43,moderate,0.0,0.0,0.0,0
2026-07-26T13:45:13.066852,04/14 08:20,15.55,0.0,,,,18.0,29.0,0.0,0.0,0.0,0.0,0.0,0.0,0.0,0.0,0.0,0.43,moderate,0.0,0.0,0.0,0
2026-07-26T13:45:13.084850,04/14 09:23,17.62,0.0,,,,18.0,29.0,0.0,0.0,0.0,0.0,0.0,0.0,0.0,0.0,0.0,0.43,moderate,0.0,0.0,0.0,0
2026-07-26T13:45:13.101850,04/14 10:23,19.32,0.0,,,,18.0,29.0,0.0,0.0,0.0,0.0,0.0,0.0,0.0,0.0,0.0,0.3,low,0.0,0.0,0.0,0
2026-07-26T13:45:13.119851,04/14 11:23,21.0,0.0,,,,18.0,29.0,0.0,0.0,0.0,0.0,0.0,0.0,0.0,0.0,0.0,0.3,low,0.0,0.0,0.0,0
2026-07-26T13:45:13.136851,04/14 12:23,22.35,0.0,,,,18.0,29.0,0.0,0.0,0.0,0.0,0.0,0.0,0.0,0.0,0.0,0.3,low,0.0,0.0,0.0,0
2026-07-26T13:45:29.382834,04/14 13:23,23.08,0.0,,,,18.0,29.0,0.0,0.0,0.0,0.0,0.0,0.0,0.0,0.0,0.0,0.3,low,0.0,0.0,0.0,0
2026-07-26T13:45:29.401836,04/14 14:15,23.9,0.0,,,,18.0,29.0,0.0,0.0,0.0,0.0,0.0,0.0,0.0,0.0,0.0,0.3,low,0.0,0.0,0.0,0
2026-07-26T13:45:29.420833,04/14 15:23,23.9,0.0,,,,18.0,29.0,0.0,0.0,0.0,0.0,0.0,0.0,0.0,0.0,0.0,0.3,low,0.0,0.0,0.0,0
2026-07-26T13:45:29.436833,04/14 16:15,24.02,0.0,,,,18.0,29.0,0.0,0.0,0.0,0.0,0.0,0.0,0.0,0.0,0.0,0.55,high,0.0,0.0,0.0,0
2026-07-26T13:45:29.452833,04/14 17:15,24.12,0.0,,,,18.0,29.0,0.0,0.0,0.0,0.0,0.0,0.0,0.0,0.0,0.0,0.55,high,0.0,0.0,0.0,0
2026-07-26T13:45:29.468835,04/14 18:23,23.03,0.0,,,,18.0,29.0,0.0,0.0,0.0,0.0,0.0,0.0,0.0,0.0,0.0,0.55,high,0.0,0.0,0.0,0
2026-07-26T13:45:45.415105,04/14 19:23,22.2,0.0,,,,18.0,29.0,0.0,0.0,0.0,0.0,0.0,0.0,0.0,0.0,0.0,0.55,high,0.0,0.0,0.0,0
2026-07-26T13:45:45.437104,04/14 20:15,21.92,0.0,,,,18.0,29.0,0.0,0.0,0.0,0.0,0.0,0.0,0.0,0.0,0.0,0.55,high,0.0,0.0,0.0,0
2026-07-26T13:45:45.458106,04/14 21:15,20.98,0.0,,,,18.0,29.0,0.0,0.0,0.0,0.0,0.0,0.0,0.0,0.0,0.0,0.4,moderate,0.0,0.0,0.0,0
2026-07-26T13:45:45.477616,04/14 22:15,20.45,0.0,,,,18.0,29.0,0.0,0.0,0.0,0.0,0.0,0.0,0.0,0.0,0.0,0.4,moderate,0.0,0.0,0.0,0
2026-07-26T13:45:45.494616,04/14 23:15,20.0,0.0,,,,18.0,29.0,0.0,0.0,0.0,0.0,0.0,0.0,0.0,0.0,0.0,0.4,moderate,0.0,0.0,0.0,0
2026-07-26T13:45:45.511615,04/15 00:15,20.0,0.0,,,,18.0,29.0,0.0,0.0,0.0,0.0,0.0,0.0,0.0,0.0,0.0,0.34,low,0.0,0.0,0.0,0
2026-07-26T13:46:01.650808,04/15 01:15,19.85,0.0,,,,18.0,29.0,0.0,0.0,0.0,0.0,0.0,0.0,0.0,0.0,0.0,0.34,low,0.0,0.0,0.0,0
2026-07-26T13:46:01.669807,04/15 02:15,19.12,0.0,,,,18.0,29.0,0.0,0.0,0.0,0.0,0.0,0.0,0.0,0.0,0.0,0.34,low,0.0,0.0,0.0,0
2026-07-26T13:46:01.686808,04/15 03:15,18.18,0.0,,,,18.0,29.0,0.0,0.0,0.0,0.0,0.0,0.0,0.0,0.0,0.0,0.34,low,0.0,0.0,0.0,0
2026-07-26T13:46:01.702807,04/15 04:15,17.53,0.0,,,,18.0,29.0,0.0,0.0,0.0,0.0,0.0,0.0,0.0,0.0,0.0,0.34,low,0.0,0.0,0.0,0
2026-07-26T13:46:01.720807,04/15 05:15,16.97,0.0,,,,18.0,29.0,0.0,0.0,0.0,0.0,0.0,0.0,0.0,0.0,0.0,0.34,low,0.0,0.0,0.0,0
2026-07-26T13:46:01.735807,04/15 06:23,18.35,0.0,,,,18.0,29.0,0.0,0.0,0.0,0.0,0.0,0.0,0.0,0.0,0.0,0.43,moderate,0.0,0.0,0.0,0
2026-07-26T13:46:17.631869,04/15 07:23,20.27,0.0,,,,18.0,29.0,0.3764,0.094094,0.324056,0.094094,0.054082,0.0,0.0,1.150718,0.094094,0.43,moderate,0.04046,0.0,0.04046,0
2026-07-26T13:46:17.652870,04/15 08:23,21.65,0.0,,,,18.0,29.0,0.3764,0.094094,0.348577,0.094094,0.056072,0.0,0.0,1.264616,0.094094,0.43,moderate,0.04046,0.0,0.04046,0
2026-07-26T13:46:17.673869,04/15 09:23,23.88,52.0,23.42,21.76,25.66,20.0,26.0,0.3764,0.094094,0.429138,0.094094,0.07624,0.0,0.0,1.626259,0.094094,0.43,moderate,0.04046,0.0,0.04046,0
2026-07-26T13:46:17.692877,04/15 10:23,26.0,52.0,24.72,23.29,25.5,20.0,25.5,0.3864,0.096589,0.539704,0.096589,0.095118,0.0,0.0,2.099505,0.096589,0.3,low,0.028977,0.0,0.028977,0
2026-07-26T13:46:17.712869,04/15 11:23,27.47,52.0,25.19,24.06,25.5,20.0,25.5,0.3973,0.099321,0.677467,0.099321,0.111357,0.0,0.0,2.681123,0.099321,0.3,low,0.029796,0.0,0.029796,0
2026-07-26T13:46:17.730869,04/15 12:15,28.73,41.6,25.27,24.37,25.5,20.0,25.5,0.4004,0.100093,0.730748,0.100093,0.112675,0.0,0.0,2.883265,0.100093,0.3,low,0.030028,0.0,0.030028,0
2026-07-26T13:46:34.765790,04/15 13:15,30.15,20.8,24.85,24.27,25.0,20.5,25.0,0.4045,0.101135,0.763421,0.101135,0.112319,0.0,0.0,2.958822,0.101135,0.3,low,0.03034,0.0,0.03034,0
2026-07-26T13:46:34.785790,04/15 14:15,30.73,41.6,25.0,24.99,25.0,20.5,25.0,0.4298,0.107462,0.808684,0.107462,0.104513,0.0,0.0,3.149884,0.107462,0.3,low,0.032239,0.0,0.032239,0
2026-07-26T13:46:34.804790,04/15 15:15,30.98,52.0,25.0,25.0,25.0,20.5,25.0,0.4545,0.113621,0.91634,0.113621,0.103847,0.0,0.0,3.568255,0.113621,0.3,low,0.034086,0.0,0.034086,0
2026-07-26T13:46:34.822790,04/15 16:15,30.45,52.0,25.0,25.0,25.0,20.5,25.0,0.4494,0.112353,0.892283,0.112353,0.102951,0.0,0.0,3.484998,0.112353,0.55,high,0.061794,0.0,0.061794,0
2026-07-26T13:46:34.840789,04/15 17:15,29.73,52.0,24.93,24.64,25.0,20.5,25.0,0.4229,0.105727,0.770881,0.105727,0.101533,0.0,0.0,3.002888,0.105727,0.55,high,0.05815,0.0,0.05815,0
2026-07-26T13:46:34.857789,04/15 18:15,28.47,52.0,24.84,24.21,25.0,20.5,25.0,0.401,0.100255,0.637862,0.100255,0.099027,0.0,0.0,2.456925,0.100255,0.55,high,0.05514,0.0,0.05514,0
2026-07-26T13:46:51.940018,04/15 19:23,26.92,26.0,23.75,22.8,24.25,20.0,26.0,0.3764,0.094094,0.491184,0.094094,0.100909,0.0,0.0,1.844874,0.094094,0.55,high,0.051752,0.0,0.051752,0
2026-07-26T13:46:51.962024,04/15 20:15,25.98,0.0,,,,20.0,26.0,0.3764,0.094094,0.499659,0.094094,0.10347,0.0,0.0,1.900321,0.094094,0.55,high,0.051752,0.0,0.051752,0
2026-07-26T13:46:51.981018,04/15 21:15,25.3,0.0,,,,20.0,26.0,0.0,0.0,0.0,0.0,0.0,0.0,0.0,0.0,0.0,0.4,moderate,0.0,0.0,0.0,0
2026-07-26T13:46:51.997016,04/15 22:15,24.27,0.0,,,,20.0,26.0,0.0,0.0,0.0,0.0,0.0,0.0,0.0,0.0,0.0,0.4,moderate,0.0,0.0,0.0,0
2026-07-26T13:46:52.014018,04/15 23:15,23.75,0.0,,,,20.0,26.0,0.0,0.0,0.0,0.0,0.0,0.0,0.0,0.0,0.0,0.4,moderate,0.0,0.0,0.0,0
2026-07-26T13:46:52.030018,04/16 00:15,23.18,0.0,,,,20.0,26.0,0.0,0.0,0.0,0.0,0.0,0.0,0.0,0.0,0.0,0.34,low,0.0,0.0,0.0,0
2026-07-26T13:47:07.848905,04/16 01:15,22.53,0.0,,,,18.0,28.0,0.0,0.0,0.0,0.0,0.0,0.0,0.0,0.0,0.0,0.34,low,0.0,0.0,0.0,0
2026-07-26T13:47:07.867907,04/16 02:15,21.55,0.0,,,,18.0,28.0,0.0,0.0,0.0,0.0,0.0,0.0,0.0,0.0,0.0,0.34,low,0.0,0.0,0.0,0
2026-07-26T13:47:07.885906,04/16 03:15,21.1,0.0,,,,18.0,28.0,0.0,0.0,0.0,0.0,0.0,0.0,0.0,0.0,0.0,0.34,low,0.0,0.0,0.0,0
2026-07-26T13:47:07.901907,04/16 04:15,20.98,0.0,,,,18.0,28.0,0.0,0.0,0.0,0.0,0.0,0.0,0.0,0.0,0.0,0.34,low,0.0,0.0,0.0,0
2026-07-26T13:47:07.919905,04/16 05:15,20.45,0.0,,,,18.0,28.0,0.0,0.0,0.0,0.0,0.0,0.0,0.0,0.0,0.0,0.34,low,0.0,0.0,0.0,0
2026-07-26T13:47:07.936905,04/16 06:23,20.43,0.0,,,,18.0,28.0,0.0,0.0,0.0,0.0,0.0,0.0,0.0,0.0,0.0,0.43,moderate,0.0,0.0,0.0,0
2026-07-26T13:47:23.473757,04/16 07:23,22.1,0.0,,,,18.0,29.0,0.3764,0.094094,0.424176,0.094094,0.075887,0.0,0.0,1.624424,0.094094,0.43,moderate,0.04046,0.0,0.04046,0
2026-07-26T13:47:23.493756,04/16 08:23,23.58,0.0,,,,18.0,29.0,0.3764,0.094094,0.477604,0.094094,0.080262,0.0,0.0,1.860371,0.094094,0.43,moderate,0.04046,0.0,0.04046,0
2026-07-26T13:47:23.516756,04/16 09:23,24.7,52.0,23.63,21.98,25.53,20.0,25.5,0.3829,0.095725,0.525058,0.095725,0.090188,0.0,0.0,2.065725,0.095725,0.43,moderate,0.041162,0.0,0.041162,0
2026-07-26T13:47:23.538759,04/16 10:23,26.0,52.0,24.85,23.45,25.5,20.0,25.5,0.3919,0.097971,0.62894,0.097971,0.106271,0.0,0.0,2.505448,0.097971,0.3,low,0.029391,0.0,0.029391,0
2026-07-26T13:47:23.557756,04/16 11:15,27.47,52.0,25.24,24.22,25.5,20.0,25.5,0.4033,0.10083,0.746653,0.10083,0.115366,0.0,0.0,2.982703,0.10083,0.3,low,0.030249,0.0,0.030249,0
2026-07-26T13:47:23.575760,04/16 12:15,28.73,41.6,25.31,24.54,25.5,20.0,25.5,0.4052,0.101294,0.759071,0.101294,0.112648,0.0,0.0,3.001449,0.101294,0.3,low,0.030388,0.0,0.030388,0
2026-07-26T13:47:40.799799,04/16 13:15,30.15,20.8,24.87,24.36,25.0,20.5,25.0,0.4058,0.101441,0.781521,0.101441,0.113863,0.0,0.0,3.02978,0.101441,0.3,low,0.030432,0.0,0.030432,0
2026-07-26T13:47:40.818795,04/16 14:15,30.6,41.6,25.0,25.0,25.0,20.5,25.0,0.4318,0.107943,0.869783,0.107943,0.11091,0.0,0.0,3.394425,0.107943,0.3,low,0.032383,0.0,0.032383,0
2026-07-26T13:47:40.837796,04/16 15:15,30.45,52.0,25.0,25.0,25.0,20.5,25.0,0.4521,0.113019,0.918845,0.113019,0.106082,0.0,0.0,3.591861,0.113019,0.3,low,0.033906,0.0,0.033906,0
2026-07-26T13:47:40.853796,04/16 16:15,30.0,52.0,25.0,25.0,25.0,20.5,25.0,0.4299,0.107478,0.810298,0.107478,0.103008,0.0,0.0,3.163051,0.107478,0.55,high,0.059113,0.0,0.059113,0
2026-07-26T13:47:40.870799,04/16 17:15,29.73,52.0,24.88,24.55,25.0,20.5,25.0,0.396,0.099,0.650896,0.099,0.103006,0.0,0.0,2.494154,0.099,0.55,high,0.05445,0.0,0.05445,0
2026-07-26T13:47:40.886795,04/16 18:15,28.62,52.0,24.67,24.11,25.0,20.5,25.0,0.3862,0.09655,0.552992,0.09655,0.099003,0.0,0.0,2.089919,0.09655,0.55,high,0.053103,0.0,0.053103,0
2026-07-26T13:47:59.893135,04/16 19:15,27.38,26.0,23.46,22.71,23.98,20.0,26.0,0.3764,0.094094,0.477361,0.094094,0.0989,0.0,0.0,1.772715,0.094094,0.55,high,0.051752,0.0,0.051752,0
2026-07-26T13:47:59.915137,04/16 20:15,25.83,0.0,,,,20.0,26.0,0.3764,0.094094,0.479564,0.094094,0.101031,0.0,0.0,1.807974,0.094094,0.55,high,0.051752,0.0,0.051752,0
2026-07-26T13:47:59.934128,04/16 21:15,24.85,0.0,,,,20.0,26.0,0.0,0.0,0.0,0.0,0.0,0.0,0.0,0.0,0.0,0.4,moderate,0.0,0.0,0.0,0
2026-07-26T13:47:59.950228,04/16 22:15,24.27,0.0,,,,20.0,26.0,0.0,0.0,0.0,0.0,0.0,0.0,0.0,0.0,0.0,0.4,moderate,0.0,0.0,0.0,0
2026-07-26T13:47:59.966232,04/16 23:15,23.62,0.0,,,,20.0,26.0,0.0,0.0,0.0,0.0,0.0,0.0,0.0,0.0,0.0,0.4,moderate,0.0,0.0,0.0,0
2026-07-26T13:47:59.981212,04/17 00:15,22.65,0.0,,,,20.0,26.0,0.0,0.0,0.0,0.0,0.0,0.0,0.0,0.0,0.0,0.34,low,0.0,0.0,0.0,0
2026-07-26T13:48:15.750871,04/17 01:15,22.2,0.0,,,,18.0,28.0,0.0,0.0,0.0,0.0,0.0,0.0,0.0,0.0,0.0,0.34,low,0.0,0.0,0.0,0
2026-07-26T13:48:15.771872,04/17 02:15,22.2,0.0,,,,18.0,28.0,0.0,0.0,0.0,0.0,0.0,0.0,0.0,0.0,0.0,0.34,low,0.0,0.0,0.0,0
2026-07-26T13:48:15.791871,04/17 03:15,21.38,0.0,,,,18.0,28.0,0.0,0.0,0.0,0.0,0.0,0.0,0.0,0.0,0.0,0.34,low,0.0,0.0,0.0,0
2026-07-26T13:48:15.808870,04/17 04:15,18.9,0.0,,,,18.0,28.0,0.0,0.0,0.0,0.0,0.0,0.0,0.0,0.0,0.0,0.34,low,0.0,0.0,0.0,0
2026-07-26T13:48:15.826870,04/17 05:15,19.02,0.0,,,,18.0,28.0,0.0,0.0,0.0,0.0,0.0,0.0,0.0,0.0,0.0,0.34,low,0.0,0.0,0.0,0
2026-07-26T13:48:15.845872,04/17 06:23,19.7,0.0,,,,18.0,28.0,0.0,0.0,0.0,0.0,0.0,0.0,0.0,0.0,0.0,0.43,moderate,0.0,0.0,0.0,0
2026-07-26T13:48:31.567006,04/17 07:23,20.73,0.0,,,,18.0,29.0,0.3764,0.094094,0.383345,0.094094,0.070331,0.0,0.0,1.435344,0.094094,0.43,moderate,0.04046,0.0,0.04046,0
2026-07-26T13:48:31.588006,04/17 08:15,21.53,0.0,,,,18.0,29.0,0.3764,0.094094,0.413944,0.094094,0.072268,0.0,0.0,1.580031,0.094094,0.43,moderate,0.04046,0.0,0.04046,0
2026-07-26T13:48:31.611005,04/17 09:23,23.08,52.0,23.41,21.96,24.98,20.0,26.0,0.3764,0.094094,0.487505,0.094094,0.089834,0.0,0.0,1.903048,0.094094,0.43,moderate,0.04046,0.0,0.04046,0
2026-07-26T13:48:31.631013,04/17 10:23,24.17,52.0,24.75,23.42,25.5,20.0,25.5,0.3805,0.095113,0.538581,0.095113,0.105352,0.0,0.0,2.118182,0.095113,0.3,low,0.028534,0.0,0.028534,0
2026-07-26T13:48:31.651007,04/17 11:15,25.43,52.0,25.21,24.17,25.5,20.0,25.5,0.3928,0.098199,0.622143,0.098199,0.108458,0.0,0.0,2.489499,0.098199,0.3,low,0.02946,0.0,0.02946,0
2026-07-26T13:48:31.667006,04/17 12:15,26.82,41.6,25.27,24.38,25.5,20.0,25.5,0.3963,0.099065,0.670605,0.099065,0.109416,0.0,0.0,2.66759,0.099065,0.3,low,0.029719,0.0,0.029719,0
2026-07-26T13:48:49.408206,04/17 13:15,27.47,20.8,24.83,24.18,25.0,20.5,25.0,0.3984,0.099609,0.656037,0.099609,0.105939,0.0,0.0,2.576754,0.099609,0.3,low,0.029883,0.0,0.029883,0
2026-07-26T13:48:49.428387,04/17 14:15,28.45,41.6,24.99,24.98,25.0,20.5,25.0,0.4217,0.105424,0.810276,0.105424,0.111059,0.0,0.0,3.223703,0.105424,0.3,low,0.031627,0.0,0.031627,0
2026-07-26T13:48:49.446794,04/17 15:15,28.9,52.0,25.0,25.0,25.0,20.5,25.0,0.4465,0.111615,0.859589,0.111615,0.103112,0.0,0.0,3.417909,0.111615,0.3,low,0.033485,0.0,0.033485,0
2026-07-26T13:48:49.462804,04/17 16:15,28.75,52.0,25.0,25.0,25.0,20.5,25.0,0.4448,0.111193,0.812006,0.111193,0.097568,0.0,0.0,3.219498,0.111193,0.55,high,0.061156,0.0,0.061156,0
2026-07-26T13:48:49.479810,04/17 17:15,28.03,52.0,24.91,24.55,25.0,20.5,25.0,0.4214,0.10535,0.669685,0.10535,0.091916,0.0,0.0,2.628415,0.10535,0.55,high,0.057943,0.0,0.057943,0
2026-07-26T13:48:49.496815,04/17 18:15,26.8,52.0,24.82,24.1,25.0,20.5,25.0,0.4009,0.100228,0.532525,0.100228,0.111139,0.0,0.0,2.001324,0.100228,0.55,high,0.055125,0.0,0.055125,0
2026-07-26T13:49:05.744934,04/17 19:23,25.03,26.0,23.7,22.68,24.18,20.0,26.0,0.3764,0.094094,0.373707,0.094094,0.082844,0.0,0.0,1.320825,0.094094,0.55,high,0.051752,0.0,0.051752,0
2026-07-26T13:49:05.765933,04/17 20:23,23.18,0.0,,,,20.0,26.0,0.3764,0.094094,0.326345,0.094094,0.078392,0.0,0.0,1.117716,0.094094,0.55,high,0.051752,0.0,0.051752,0
2026-07-26T13:49:05.782932,04/17 21:15,22.38,0.0,,,,20.0,26.0,0.0,0.0,0.0,0.0,0.0,0.0,0.0,0.0,0.0,0.4,moderate,0.0,0.0,0.0,0
2026-07-26T13:49:05.798934,04/17 22:15,20.98,0.0,,,,20.0,26.0,0.0,0.0,0.0,0.0,0.0,0.0,0.0,0.0,0.0,0.4,moderate,0.0,0.0,0.0,0
2026-07-26T13:49:05.814934,04/17 23:15,20.3,0.0,,,,20.0,26.0,0.0,0.0,0.0,0.0,0.0,0.0,0.0,0.0,0.0,0.4,moderate,0.0,0.0,0.0,0
2026-07-26T13:49:05.829932,04/18 00:15,19.27,0.0,,,,20.0,26.0,0.0,0.0,0.0,0.0,0.0,0.0,0.0,0.0,0.0,0.34,low,0.0,0.0,0.0,0
2026-07-26T13:49:22.496093,04/18 01:15,18.75,0.0,,,,18.0,28.0,0.0,0.0,0.0,0.0,0.0,0.0,0.0,0.0,0.0,0.34,low,0.0,0.0,0.0,0
2026-07-26T13:49:22.515095,04/18 02:15,19.0,0.0,,,,18.0,28.0,0.0,0.0,0.0,0.0,0.0,0.0,0.0,0.0,0.0,0.34,low,0.0,0.0,0.0,0
2026-07-26T13:49:22.531094,04/18 03:15,20.98,0.0,,,,18.0,28.0,0.0,0.0,0.0,0.0,0.0,0.0,0.0,0.0,0.0,0.34,low,0.0,0.0,0.0,0
2026-07-26T13:49:22.548095,04/18 04:15,20.73,0.0,,,,18.0,28.0,0.0,0.0,0.0,0.0,0.0,0.0,0.0,0.0,0.0,0.34,low,0.0,0.0,0.0,0
2026-07-26T13:49:22.563092,04/18 05:15,20.98,0.0,,,,18.0,28.0,0.0,0.0,0.0,0.0,0.0,0.0,0.0,0.0,0.0,0.34,low,0.0,0.0,0.0,0
2026-07-26T13:49:22.578093,04/18 06:15,21.0,0.0,,,,18.0,28.0,0.0,0.0,0.0,0.0,0.0,0.0,0.0,0.0,0.0,0.43,moderate,0.0,0.0,0.0,0
2026-07-26T13:49:38.565892,04/18 07:23,22.62,0.0,,,,18.0,29.0,0.3764,0.094094,0.446427,0.094094,0.071699,0.0,0.0,1.730056,0.094094,0.43,moderate,0.04046,0.0,0.04046,0
2026-07-26T13:49:38.586895,04/18 08:15,24.17,0.0,,,,18.0,29.0,0.3764,0.094094,0.507648,0.094094,0.080017,0.0,0.0,1.994142,0.094094,0.43,moderate,0.04046,0.0,0.04046,0
2026-07-26T13:49:38.607892,04/18 09:23,25.0,52.0,23.51,22.11,25.0,20.0,26.0,0.3764,0.094094,0.552453,0.094094,0.095578,0.0,0.0,2.169044,0.094094,0.43,moderate,0.04046,0.0,0.04046,0
2026-07-26T13:49:38.628897,04/18 10:23,25.55,52.0,24.83,23.58,25.5,20.0,25.5,0.3836,0.095912,0.588324,0.095912,0.106845,0.0,0.0,2.327709,0.095912,0.3,low,0.028774,0.0,0.028774,0
2026-07-26T13:49:38.648121,04/18 11:15,27.35,52.0,25.26,24.37,25.5,20.0,25.5,0.3996,0.099897,0.747406,0.099897,0.118118,0.0,0.0,2.984312,0.099897,0.3,low,0.029969,0.0,0.029969,0
2026-07-26T13:49:38.667113,04/18 12:15,28.5,41.6,25.33,24.66,25.5,20.0,25.5,0.4034,0.100862,0.786753,0.100862,0.118075,0.0,0.0,3.130187,0.100862,0.3,low,0.030259,0.0,0.030259,0
2026-07-26T13:49:54.592953,04/18 13:15,30.73,20.8,24.91,24.54,25.0,20.5,25.0,0.4086,0.102146,0.859607,0.102146,0.120952,0.0,0.0,3.326689,0.102146,0.3,low,0.030644,0.0,0.030644,0
2026-07-26T13:49:54.611952,04/18 14:15,30.98,41.6,25.0,25.0,25.0,20.5,25.0,0.4367,0.109182,0.933,0.109182,0.115471,0.0,0.0,3.622409,0.109182,0.3,low,0.032755,0.0,0.032755,0
2026-07-26T13:49:54.628949,04/18 15:15,30.45,52.0,25.0,25.0,25.0,20.5,25.0,0.4497,0.112423,0.967484,0.112423,0.112596,0.0,0.0,3.772476,0.112423,0.3,low,0.033727,0.0,0.033727,0
2026-07-26T13:49:54.644948,04/18 16:15,30.15,52.0,25.0,24.98,25.0,20.5,25.0,0.4159,0.103967,0.764869,0.103967,0.104549,0.0,0.0,2.970569,0.103967,0.55,high,0.057182,0.0,0.057182,0
2026-07-26T13:49:54.659947,04/18 17:15,30.3,52.0,24.84,24.47,25.0,20.5,25.0,0.3956,0.098904,0.655588,0.098904,0.102962,0.0,0.0,2.504267,0.098904,0.55,high,0.054397,0.0,0.054397,0
2026-07-26T13:49:54.674948,04/18 18:15,29.12,52.0,24.83,24.16,25.0,20.5,25.0,0.392,0.09801,0.639776,0.09801,0.104443,0.0,0.0,2.456643,0.09801,0.55,high,0.053906,0.0,0.053906,0
2026-07-26T13:50:11.915489,04/18 19:23,28.03,26.0,23.64,22.82,24.11,20.0,26.0,0.3764,0.094094,0.58884,0.094094,0.112729,0.0,0.0,2.259669,0.094094,0.55,high,0.051752,0.0,0.051752,0
2026-07-26T13:50:11.935487,04/18 20:15,27.07,0.0,,,,20.0,26.0,0.3764,0.094094,0.577098,0.094094,0.112817,0.0,0.0,2.227109,0.094094,0.55,high,0.051752,0.0,0.051752,0
2026-07-26T13:50:11.954488,04/18 21:15,26.55,0.0,,,,20.0,26.0,0.0,0.0,0.0,0.0,0.0,0.0,0.0,0.0,0.0,0.4,moderate,0.0,0.0,0.0,0
2026-07-26T13:50:11.970487,04/18 22:15,25.55,0.0,,,,20.0,26.0,0.0,0.0,0.0,0.0,0.0,0.0,0.0,0.0,0.0,0.4,moderate,0.0,0.0,0.0,0
2026-07-26T13:50:11.985486,04/18 23:15,22.77,0.0,,,,20.0,26.0,0.0,0.0,0.0,0.0,0.0,0.0,0.0,0.0,0.0,0.4,moderate,0.0,0.0,0.0,0
2026-07-26T13:50:12.001486,04/19 00:15,19.27,0.0,,,,20.0,26.0,0.0,0.0,0.0,0.0,0.0,0.0,0.0,0.0,0.0,0.34,low,0.0,0.0,0.0,0
2026-07-26T13:50:27.317120,04/19 01:15,19.02,0.0,,,,18.0,28.0,0.0,0.0,0.0,0.0,0.0,0.0,0.0,0.0,0.0,0.34,low,0.0,0.0,0.0,0
2026-07-26T13:50:27.335120,04/19 02:15,19.27,0.0,,,,18.0,28.0,0.0,0.0,0.0,0.0,0.0,0.0,0.0,0.0,0.0,0.34,low,0.0,0.0,0.0,0
2026-07-26T13:50:27.351123,04/19 03:15,18.62,0.0,,,,18.0,28.0,0.0,0.0,0.0,0.0,0.0,0.0,0.0,0.0,0.0,0.34,low,0.0,0.0,0.0,0
2026-07-26T13:50:27.368122,04/19 04:15,17.65,0.0,,,,18.0,28.0,0.0,0.0,0.0,0.0,0.0,0.0,0.0,0.0,0.0,0.34,low,0.0,0.0,0.0,0
2026-07-26T13:50:27.386120,04/19 05:15,17.35,0.0,,,,18.0,28.0,0.0,0.0,0.0,0.0,0.0,0.0,0.0,0.0,0.0,0.34,low,0.0,0.0,0.0,0
2026-07-26T13:50:27.403119,04/19 06:15,17.65,0.0,,,,18.0,28.0,0.0,0.0,0.0,0.0,0.0,0.0,0.0,0.0,0.0,0.43,moderate,0.0,0.0,0.0,0
2026-07-26T13:50:43.117019,04/19 07:15,17.2,0.0,,,,18.0,29.0,0.3764,0.094094,0.208389,0.094094,0.046919,0.0,0.0,0.54807,0.094094,0.43,moderate,0.04046,0.0,0.04046,0
2026-07-26T13:50:43.138016,04/19 08:15,17.35,0.0,,,,18.0,29.0,0.3764,0.094094,0.206781,0.094094,0.042829,0.0,0.0,0.545634,0.094094,0.43,moderate,0.04046,0.0,0.04046,0
2026-07-26T13:50:43.160015,04/19 09:20,17.25,52.0,22.34,21.3,22.83,20.5,26.0,0.3764,0.094094,0.22167,0.094094,0.049046,0.0,0.0,0.613114,0.094094,0.43,moderate,0.04046,0.0,0.04046,0
2026-07-26T13:50:43.179016,04/19 10:23,15.45,52.0,24.17,22.72,25.56,20.5,26.0,0.3764,0.094094,0.194409,0.094094,0.054592,0.0,0.0,0.45921,0.094094,0.3,low,0.028228,0.0,0.028228,0
2026-07-26T13:50:43.199015,04/19 11:23,15.15,52.0,24.7,23.3,25.5,20.5,25.5,0.3804,0.0951,0.203534,0.0951,0.061881,0.0,0.0,0.507419,0.0951,0.3,low,0.02853,0.0,0.02853,0
2026-07-26T13:50:43.218015,04/19 12:15,14.9,41.6,24.86,23.49,25.5,20.5,25.5,0.3774,0.094348,0.206037,0.094348,0.069981,0.0,0.0,0.514148,0.094348,0.3,low,0.028304,0.0,0.028304,0
2026-07-26T13:50:59.117564,04/19 13:15,13.08,20.8,24.33,23.08,24.9,20.5,25.0,0.3764,0.094094,0.163611,0.094094,0.060065,0.0,0.0,0.283172,0.094094,0.3,low,0.028228,0.0,0.028228,0
2026-07-26T13:50:59.135567,04/19 14:15,13.75,41.6,24.62,23.86,25.0,20.5,25.0,0.3839,0.095974,0.206178,0.095974,0.054945,0.0,0.0,0.540237,0.095974,0.3,low,0.028792,0.0,0.028792,0
2026-07-26T13:50:59.153565,04/19 15:15,13.03,52.0,24.78,24.23,25.0,20.5,25.0,0.3893,0.097329,0.220031,0.097329,0.052333,0.0,0.0,0.61267,0.097329,0.3,low,0.029199,0.0,0.029199,0
2026-07-26T13:50:59.171566,04/19 16:15,11.92,52.0,24.72,23.77,25.0,20.5,25.0,0.3844,0.096099,0.187942,0.096099,0.051512,0.0,0.0,0.428825,0.096099,0.55,high,0.052854,0.0,0.052854,0
2026-07-26T13:50:59.188564,04/19 17:15,10.82,52.0,24.26,23.08,25.0,20.5,25.0,0.3788,0.094697,0.150724,0.094697,0.052728,0.0,0.0,0.216892,0.094697,0.55,high,0.052083,0.0,0.052083,0
2026-07-26T13:50:59.205566,04/19 18:15,9.72,52.0,23.87,22.52,25.0,20.5,25.0,0.3771,0.094274,0.128235,0.094274,0.053337,0.0,0.0,0.084175,0.094274,0.55,high,0.051851,0.0,0.051851,0
2026-07-26T13:51:16.112175,04/19 19:23,8.75,26.0,22.05,21.03,23.57,20.0,26.0,0.3764,0.094094,0.0,0.094094,6e-05,0.047655,0.041755,0.0,0.141749,0.55,high,0.051752,0.008626,0.060377,0
2026-07-26T13:51:16.133173,04/19 20:23,8.18,0.0,,,,20.0,26.0,0.3764,0.094094,0.0,0.094094,0.000238,0.101859,0.145413,0.0,0.195953,0.55,high,0.051752,0.018436,0.070188,0
2026-07-26T13:51:16.151174,04/19 21:15,7.8,0.0,,,,20.0,26.0,0.0,0.0,0.0,0.0,0.0,0.0,0.0,0.0,0.0,0.4,moderate,0.0,0.0,0.0,0
2026-07-26T13:51:16.167172,04/19 22:15,7.65,0.0,,,,20.0,26.0,0.0,0.0,0.0,0.0,0.0,0.0,0.0,0.0,0.0,0.4,moderate,0.0,0.0,0.0,0
2026-07-26T13:51:16.183173,04/19 23:15,7.08,0.0,,,,20.0,26.0,0.0,0.0,0.0,0.0,0.0,0.0,0.0,0.0,0.0,0.4,moderate,0.0,0.0,0.0,0
2026-07-26T13:51:16.199173,04/20 00:15,6.7,0.0,,,,20.0,26.0,0.0,0.0,0.0,0.0,0.0,0.0,0.0,0.0,0.0,0.34,low,0.0,0.0,0.0,0
2026-07-26T13:51:33.034599,04/20 01:15,6.43,0.0,,,,18.0,28.0,0.0,0.0,0.0,0.0,0.0,0.0,0.0,0.0,0.0,0.34,low,0.0,0.0,0.0,0
2026-07-26T13:51:33.055622,04/20 02:15,5.6,0.0,,,,18.0,28.0,0.0,0.0,0.0,0.0,0.0,0.0,0.0,0.0,0.0,0.34,low,0.0,0.0,0.0,0
2026-07-26T13:51:33.074619,04/20 03:15,5.6,0.0,,,,18.0,28.0,0.0,0.0,0.0,0.0,0.0,0.0,0.0,0.0,0.0,0.34,low,0.0,0.0,0.0,0
2026-07-26T13:51:33.093266,04/20 04:15,5.45,0.0,,,,18.0,28.0,0.0,0.0,0.0,0.0,0.0,0.0,0.0,0.0,0.0,0.34,low,0.0,0.0,0.0,0
2026-07-26T13:51:33.113595,04/20 05:15,5.0,0.0,,,,18.0,28.0,0.0,0.0,0.0,0.0,0.0,0.0,0.0,0.0,0.0,0.34,low,0.0,0.0,0.0,0
2026-07-26T13:51:33.135591,04/20 06:15,5.15,0.0,,,,18.0,28.0,0.0,0.0,0.0,0.0,0.0,0.0,0.0,0.0,0.0,0.43,moderate,0.0,0.0,0.0,0
2026-07-26T13:51:49.102843,04/20 07:15,5.87,0.0,,,,18.0,29.0,0.0,0.0,0.0,0.0,0.0,0.0,0.0,0.0,0.0,0.43,moderate,0.0,0.0,0.0,0
2026-07-26T13:51:49.122841,04/20 08:23,6.83,0.0,,,,18.0,29.0,0.0,0.0,0.0,0.0,0.0,0.0,0.0,0.0,0.0,0.43,moderate,0.0,0.0,0.0,0
2026-07-26T13:51:49.140841,04/20 09:20,7.35,0.0,,,,18.0,29.0,0.0,0.0,0.0,0.0,0.0,0.0,0.0,0.0,0.0,0.43,moderate,0.0,0.0,0.0,0
2026-07-26T13:51:49.157840,04/20 10:15,7.92,0.0,,,,18.0,29.0,0.0,0.0,0.0,0.0,0.0,0.0,0.0,0.0,0.0,0.3,low,0.0,0.0,0.0,0
2026-07-26T13:51:49.173841,04/20 11:15,8.18,0.0,,,,18.0,29.0,0.0,0.0,0.0,0.0,0.0,0.0,0.0,0.0,0.0,0.3,low,0.0,0.0,0.0,0
2026-07-26T13:51:49.188841,04/20 12:23,7.8,0.0,,,,18.0,29.0,0.0,0.0,0.0,0.0,0.0,0.0,0.0,0.0,0.0,0.3,low,0.0,0.0,0.0,0
2026-07-26T13:52:04.060484,04/20 13:23,7.8,0.0,,,,18.0,29.0,0.0,0.0,0.0,0.0,0.0,0.0,0.0,0.0,0.0,0.3,low,0.0,0.0,0.0,0
2026-07-26T13:52:04.079593,04/20 14:15,7.65,0.0,,,,18.0,29.0,0.0,0.0,0.0,0.0,0.0,0.0,0.0,0.0,0.0,0.3,low,0.0,0.0,0.0,0
2026-07-26T13:52:04.097115,04/20 15:15,7.2,0.0,,,,18.0,29.0,0.0,0.0,0.0,0.0,0.0,0.0,0.0,0.0,0.0,0.3,low,0.0,0.0,0.0,0
2026-07-26T13:52:04.113123,04/20 16:15,6.93,0.0,,,,18.0,29.0,0.0,0.0,0.0,0.0,0.0,0.0,0.0,0.0,0.0,0.55,high,0.0,0.0,0.0,0
2026-07-26T13:52:04.130338,04/20 17:15,5.97,0.0,,,,18.0,29.0,0.0,0.0,0.0,0.0,0.0,0.0,0.0,0.0,0.0,0.55,high,0.0,0.0,0.0,0
2026-07-26T13:52:04.145865,04/20 18:15,5.6,0.0,,,,18.0,29.0,0.0,0.0,0.0,0.0,0.0,0.0,0.0,0.0,0.0,0.55,high,0.0,0.0,0.0,0
2026-07-26T13:52:20.076799,04/20 19:15,5.6,0.0,,,,18.0,29.0,0.0,0.0,0.0,0.0,0.0,0.0,0.0,0.0,0.0,0.55,high,0.0,0.0,0.0,0
2026-07-26T13:52:20.095796,04/20 20:15,5.6,0.0,,,,18.0,29.0,0.0,0.0,0.0,0.0,0.0,0.0,0.0,0.0,0.0,0.55,high,0.0,0.0,0.0,0
2026-07-26T13:52:20.112794,04/20 21:15,5.72,0.0,,,,18.0,29.0,0.0,0.0,0.0,0.0,0.0,0.0,0.0,0.0,0.0,0.4,moderate,0.0,0.0,0.0,0
2026-07-26T13:52:20.127793,04/20 22:15,6.1,0.0,,,,18.0,29.0,0.0,0.0,0.0,0.0,0.0,0.0,0.0,0.0,0.0,0.4,moderate,0.0,0.0,0.0,0
2026-07-26T13:52:20.144796,04/20 23:15,5.82,0.0,,,,18.0,29.0,0.0,0.0,0.0,0.0,0.0,0.0,0.0,0.0,0.0,0.4,moderate,0.0,0.0,0.0,0
2026-07-26T13:52:20.161793,04/21 00:15,5.0,0.0,,,,18.0,29.0,0.0,0.0,0.0,0.0,0.0,0.0,0.0,0.0,0.0,0.34,low,0.0,0.0,0.0,0
2026-07-26T13:52:35.934904,04/21 01:15,5.0,0.0,,,,18.0,29.0,0.0,0.0,0.0,0.0,0.0,0.0,0.0,0.0,0.0,0.34,low,0.0,0.0,0.0,0
2026-07-26T13:52:35.953906,04/21 02:15,4.72,0.0,,,,18.0,29.0,0.0,0.0,0.0,0.0,0.0,0.0,0.0,0.0,0.0,0.34,low,0.0,0.0,0.0,0
2026-07-26T13:52:35.969904,04/21 03:15,3.9,0.0,,,,18.0,29.0,0.0,0.0,0.0,0.0,0.0,0.0,0.0,0.0,0.0,0.34,low,0.0,0.0,0.0,0
2026-07-26T13:52:35.984903,04/21 04:15,3.9,0.0,,,,18.0,29.0,0.0,0.0,0.0,0.0,0.0,0.0,0.0,0.0,0.0,0.34,low,0.0,0.0,0.0,0
2026-07-26T13:52:35.999906,04/21 05:15,3.9,0.0,,,,18.0,29.0,0.0,0.0,0.0,0.0,0.0,0.0,0.0,0.0,0.0,0.34,low,0.0,0.0,0.0,0
2026-07-26T13:52:36.014905,04/21 06:15,4.03,0.0,,,,18.0,29.0,0.0,0.0,0.0,0.0,0.0,0.0,0.0,0.0,0.0,0.43,moderate,0.0,0.0,0.0,0
2026-07-26T13:52:52.390733,04/21 07:15,4.4,0.0,,,,18.0,29.0,0.0,0.0,0.0,0.0,0.0,0.0,0.0,0.0,0.0,0.43,moderate,0.0,0.0,0.0,0
2026-07-26T13:52:52.410737,04/21 08:15,4.28,0.0,,,,18.0,29.0,0.0,0.0,0.0,0.0,0.0,0.0,0.0,0.0,0.0,0.43,moderate,0.0,0.0,0.0,0
2026-07-26T13:52:52.429606,04/21 09:15,4.17,0.0,,,,18.0,29.0,0.0,0.0,0.0,0.0,0.0,0.0,0.0,0.0,0.0,0.43,moderate,0.0,0.0,0.0,0
2026-07-26T13:52:52.446807,04/21 10:15,5.0,0.0,,,,18.0,29.0,0.0,0.0,0.0,0.0,0.0,0.0,0.0,0.0,0.0,0.3,low,0.0,0.0,0.0,0
2026-07-26T13:52:52.462331,04/21 11:15,5.15,0.0,,,,18.0,29.0,0.0,0.0,0.0,0.0,0.0,0.0,0.0,0.0,0.0,0.3,low,0.0,0.0,0.0,0
2026-07-26T13:52:52.477332,04/21 12:15,5.45,0.0,,,,18.0,29.0,0.0,0.0,0.0,0.0,0.0,0.0,0.0,0.0,0.0,0.3,low,0.0,0.0,0.0,0
2026-07-26T13:53:09.306396,04/21 13:15,5.0,0.0,,,,18.0,29.0,0.0,0.0,0.0,0.0,0.0,0.0,0.0,0.0,0.0,0.3,low,0.0,0.0,0.0,0
2026-07-26T13:53:09.324396,04/21 14:15,4.85,0.0,,,,18.0,29.0,0.0,0.0,0.0,0.0,0.0,0.0,0.0,0.0,0.0,0.3,low,0.0,0.0,0.0,0
2026-07-26T13:53:09.343396,04/21 15:15,4.55,0.0,,,,18.0,29.0,0.0,0.0,0.0,0.0,0.0,0.0,0.0,0.0,0.0,0.3,low,0.0,0.0,0.0,0
2026-07-26T13:53:09.358396,04/21 16:15,4.85,0.0,,,,18.0,29.0,0.0,0.0,0.0,0.0,0.0,0.0,0.0,0.0,0.0,0.55,high,0.0,0.0,0.0,0
2026-07-26T13:53:09.374396,04/21 17:15,4.4,0.0,,,,18.0,29.0,0.0,0.0,0.0,0.0,0.0,0.0,0.0,0.0,0.0,0.55,high,0.0,0.0,0.0,0
2026-07-26T13:53:09.389396,04/21 18:15,4.28,0.0,,,,18.0,29.0,0.0,0.0,0.0,0.0,0.0,0.0,0.0,0.0,0.0,0.55,high,0.0,0.0,0.0,0
2026-07-26T13:53:25.435169,04/21 19:15,3.9,0.0,,,,18.0,29.0,0.0,0.0,0.0,0.0,0.0,0.0,0.0,0.0,0.0,0.55,high,0.0,0.0,0.0,0
2026-07-26T13:53:25.454168,04/21 20:15,3.9,0.0,,,,18.0,29.0,0.0,0.0,0.0,0.0,0.0,0.0,0.0,0.0,0.0,0.55,high,0.0,0.0,0.0,0
2026-07-26T13:53:25.471169,04/21 21:15,3.9,0.0,,,,18.0,29.0,0.0,0.0,0.0,0.0,0.0,0.0,0.0,0.0,0.0,0.4,moderate,0.0,0.0,0.0,0
2026-07-26T13:53:25.486167,04/21 22:15,3.9,0.0,,,,18.0,29.0,0.0,0.0,0.0,0.0,0.0,0.0,0.0,0.0,0.0,0.4,moderate,0.0,0.0,0.0,0
2026-07-26T13:53:25.501167,04/21 23:15,3.9,0.0,,,,18.0,29.0,0.0,0.0,0.0,0.0,0.0,0.0,0.0,0.0,0.0,0.4,moderate,0.0,0.0,0.0,0
2026-07-26T13:53:25.517169,04/22 00:15,3.9,0.0,,,,18.0,29.0,0.0,0.0,0.0,0.0,0.0,0.0,0.0,0.0,0.0,0.34,low,0.0,0.0,0.0,0
2026-07-26T13:53:41.506313,04/22 01:15,3.9,0.0,,,,18.0,29.0,0.0,0.0,0.0,0.0,0.0,0.0,0.0,0.0,0.0,0.34,low,0.0,0.0,0.0,0
2026-07-26T13:53:41.526309,04/22 02:15,3.75,0.0,,,,18.0,29.0,0.0,0.0,0.0,0.0,0.0,0.0,0.0,0.0,0.0,0.34,low,0.0,0.0,0.0,0
2026-07-26T13:53:41.546308,04/22 03:15,3.17,0.0,,,,18.0,29.0,0.0,0.0,0.0,0.0,0.0,0.0,0.0,0.0,0.0,0.34,low,0.0,0.0,0.0,0
2026-07-26T13:53:41.562308,04/22 04:15,2.65,0.0,,,,18.0,29.0,0.0,0.0,0.0,0.0,0.0,0.0,0.0,0.0,0.0,0.34,low,0.0,0.0,0.0,0
2026-07-26T13:53:41.578308,04/22 05:15,2.2,0.0,,,,18.0,29.0,0.0,0.0,0.0,0.0,0.0,0.0,0.0,0.0,0.0,0.34,low,0.0,0.0,0.0,0
2026-07-26T13:53:41.593311,04/22 06:15,2.35,0.0,,,,18.0,29.0,0.0,0.0,0.0,0.0,0.0,0.0,0.0,0.0,0.0,0.43,moderate,0.0,0.0,0.0,0
2026-07-26T13:53:56.756324,04/22 07:15,2.92,0.0,,,,18.0,29.0,0.3764,0.094094,0.0,0.094094,0.001953,0.905563,0.726494,0.0,0.999657,0.43,moderate,0.04046,0.163907,0.204367,0
2026-07-26T13:53:56.774325,04/22 08:15,3.45,0.0,,,,18.0,29.0,0.3764,0.094094,0.0,0.094094,0.00217,0.606545,0.647734,0.0,0.700639,0.43,moderate,0.04046,0.109785,0.150245,0
2026-07-26T13:53:56.797327,04/22 09:23,3.9,52.0,21.55,21.5,21.74,21.5,26.0,0.3764,0.094094,0.0,0.094094,0.00264,1.522438,1.296448,0.0,1.616532,0.43,moderate,0.04046,0.275561,0.316022,0
2026-07-26T13:53:56.816327,04/22 10:15,4.03,52.0,21.92,21.5,23.25,21.5,26.0,0.3764,0.094094,0.0,0.094094,0.001608,0.496944,0.604125,0.0,0.591038,0.3,low,0.028228,0.089947,0.118175,0
2026-07-26T13:53:56.831323,04/22 11:15,4.4,52.0,22.25,21.5,23.84,21.5,26.0,0.3764,0.094094,0.0,0.094094,0.002789,0.114204,0.486733,0.0,0.208298,0.3,low,0.028228,0.020671,0.048899,0
2026-07-26T13:53:56.847324,04/22 12:15,4.83,41.6,22.26,21.5,23.92,21.5,26.0,0.3764,0.094094,0.0,0.094094,0.005007,0.198514,0.472431,0.0,0.292608,0.3,low,0.028228,0.035931,0.064159,0
2026-07-26T13:54:12.388308,04/22 13:15,5.97,20.8,22.14,21.5,23.53,21.5,25.0,0.3764,0.094094,0.0,0.094094,0.002234,0.249451,0.352694,0.0,0.343545,0.3,low,0.028228,0.045151,0.073379,0
2026-07-26T13:54:12.406303,04/22 14:15,5.6,41.6,23.07,22.26,24.18,21.5,25.0,0.3764,0.094094,0.0,0.094094,0.000963,0.65366,0.352618,0.0,0.747754,0.3,low,0.028228,0.118312,0.146541,0
2026-07-26T13:54:12.422302,04/22 15:23,5.45,52.0,23.68,22.5,24.65,21.5,25.0,0.3764,0.094094,0.0,0.094094,0.000769,0.461047,0.332003,0.0,0.555141,0.3,low,0.028228,0.08345,0.111678,0
2026-07-26T13:54:12.439301,04/22 16:15,4.85,52.0,24.02,22.43,24.98,21.5,25.0,0.3773,0.094334,0.0,0.094334,0.000783,0.444162,0.34382,0.0,0.538496,0.55,high,0.051884,0.080393,0.132277,0
2026-07-26T13:54:12.454301,04/22 17:15,4.28,52.0,23.85,22.07,25.0,21.5,25.0,0.3793,0.094832,0.0,0.094832,0.00075,0.023221,0.342232,0.0,0.118053,0.55,high,0.052158,0.004203,0.056361,0
2026-07-26T13:54:12.469301,04/22 18:15,3.75,52.0,23.6,21.73,24.93,21.5,25.0,0.3764,0.094094,0.0,0.094094,0.001918,0.250489,0.435623,0.0,0.344583,0.55,high,0.051752,0.045339,0.09709,0
2026-07-26T13:54:27.783274,04/22 19:23,3.45,26.0,21.8,20.46,23.35,20.0,26.0,0.3764,0.094094,0.0,0.094094,0.002582,0.66607,0.496841,0.0,0.760164,0.55,high,0.051752,0.120559,0.17231,0
2026-07-26T13:54:27.804274,04/22 20:23,3.75,0.0,,,,20.5,26.0,0.3764,0.094094,0.0,0.094094,0.001873,1.25765,0.875371,0.0,1.351744,0.55,high,0.051752,0.227635,0.279386,0
2026-07-26T13:54:27.820280,04/22 21:15,3.45,0.0,,,,20.5,26.0,0.0,0.0,0.0,0.0,0.0,0.0,0.0,0.0,0.0,0.4,moderate,0.0,0.0,0.0,0
2026-07-26T13:54:27.836281,04/22 22:15,3.47,0.0,,,,20.5,26.0,0.0,0.0,0.0,0.0,0.0,0.0,0.0,0.0,0.0,0.4,moderate,0.0,0.0,0.0,0
2026-07-26T13:54:27.851281,04/22 23:15,2.48,0.0,,,,20.5,26.0,0.0,0.0,0.0,0.0,0.0,0.0,0.0,0.0,0.0,0.4,moderate,0.0,0.0,0.0,0
2026-07-26T13:54:27.867275,04/23 00:15,3.17,0.0,,,,20.5,26.0,0.0,0.0,0.0,0.0,0.0,0.0,0.0,0.0,0.0,0.34,low,0.0,0.0,0.0,0
2026-07-26T13:54:42.309968,04/23 01:15,2.25,0.0,,,,18.5,28.0,0.0,0.0,0.0,0.0,0.0,0.0,0.0,0.0,0.0,0.34,low,0.0,0.0,0.0,0
2026-07-26T13:54:42.329000,04/23 02:15,0.72,0.0,,,,18.5,28.0,0.0,0.0,0.0,0.0,0.0,0.0,0.0,0.0,0.0,0.34,low,0.0,0.0,0.0,0
2026-07-26T13:54:42.342966,04/23 03:15,0.98,0.0,,,,18.5,28.0,0.0,0.0,0.0,0.0,0.0,0.0,0.0,0.0,0.0,0.34,low,0.0,0.0,0.0,0
2026-07-26T13:54:42.357668,04/23 04:15,0.6,0.0,,,,18.5,28.0,0.0,0.0,0.0,0.0,0.0,0.0,0.0,0.0,0.0,0.34,low,0.0,0.0,0.0,0
2026-07-26T13:54:42.371704,04/23 05:15,0.88,0.0,,,,18.5,28.0,0.0,0.0,0.0,0.0,0.0,0.0,0.0,0.0,0.0,0.34,low,0.0,0.0,0.0,0
2026-07-26T13:54:42.385665,04/23 06:23,2.25,0.0,,,,18.5,28.0,0.0,0.0,0.0,0.0,0.0,0.0,0.0,0.0,0.0,0.43,moderate,0.0,0.0,0.0,0
2026-07-26T13:54:56.857445,04/23 07:23,4.45,0.0,,,,18.0,29.0,0.3764,0.094094,0.0,0.094094,0.002171,0.343051,0.591973,0.0,0.437145,0.43,moderate,0.04046,0.062092,0.102553,0
2026-07-26T13:54:56.876443,04/23 08:23,6.52,0.0,,,,18.0,29.0,0.3764,0.094094,0.0,0.094094,0.001352,0.926558,0.384024,0.0,1.020652,0.43,moderate,0.04046,0.167707,0.208167,0
2026-07-26T13:54:56.895443,04/23 09:23,7.92,52.0,22.48,21.5,25.2,21.5,26.0,0.3764,0.094094,0.0,0.094094,0.000643,0.359574,0.375766,0.0,0.453668,0.43,moderate,0.04046,0.065083,0.105543,0
2026-07-26T13:54:56.912450,04/23 10:23,8.58,52.0,23.46,21.73,25.5,21.5,25.5,0.3826,0.095658,0.0,0.095658,0.000116,0.073201,0.070284,0.0,0.168859,0.3,low,0.028697,0.013249,0.041947,0
2026-07-26T13:54:56.928445,04/23 11:23,9.83,52.0,24.05,22.38,25.5,21.5,25.5,0.3815,0.095364,0.114577,0.095364,0.027862,0.0,0.0,0.041861,0.095364,0.3,low,0.028609,0.0,0.028609,0
2026-07-26T13:54:56.944444,04/23 12:23,11.52,41.6,24.29,22.67,25.5,21.5,25.5,0.377,0.094243,0.131005,0.094243,0.034873,0.0,0.0,0.129142,0.094243,0.3,low,0.028273,0.0,0.028273,0
2026-07-26T13:55:12.349753,04/23 13:15,13.08,20.8,23.94,22.53,24.6,21.5,25.0,0.3764,0.094094,0.154913,0.094094,0.040081,0.0,0.0,0.265652,0.094094,0.3,low,0.028228,0.0,0.028228,0
2026-07-26T13:55:12.366754,04/23 14:15,14.03,41.6,24.43,23.51,25.0,21.5,25.0,0.3796,0.094907,0.186563,0.094907,0.044425,0.0,0.0,0.434301,0.094907,0.3,low,0.028472,0.0,0.028472,0
2026-07-26T13:55:12.385754,04/23 15:23,14.7,52.0,24.79,24.1,25.0,21.5,25.0,0.3883,0.09707,0.232227,0.09707,0.065912,0.0,0.0,0.674142,0.09707,0.3,low,0.029121,0.0,0.029121,0
2026-07-26T13:55:12.401757,04/23 16:15,15.3,52.0,24.76,23.84,25.0,21.5,25.0,0.3954,0.098852,0.278286,0.098852,0.06749,0.0,0.0,0.922665,0.098852,0.55,high,0.054369,0.0,0.054369,0
2026-07-26T13:55:12.416756,04/23 17:15,14.0,52.0,24.54,23.3,25.0,21.5,25.0,0.387,0.096745,0.232727,0.096745,0.063503,0.0,0.0,0.665778,0.096745,0.55,high,0.05321,0.0,0.05321,0
2026-07-26T13:55:12.432754,04/23 18:15,12.53,52.0,24.29,22.8,25.0,21.5,25.0,0.3799,0.094979,0.181572,0.094979,0.060031,0.0,0.0,0.380439,0.094979,0.55,high,0.052238,0.0,0.052238,0
2026-07-26T13:55:29.346068,04/23 19:23,11.12,26.0,22.53,21.3,23.74,20.0,26.0,0.3764,0.094094,0.14694,0.094094,0.058626,0.0,0.0,0.191443,0.094094,0.55,high,0.051752,0.0,0.051752,0
2026-07-26T13:55:29.366067,04/23 20:23,9.0,0.0,,,,20.0,26.0,0.3764,0.094094,0.0,0.094094,2.6e-05,0.008947,0.018658,0.0,0.103041,0.55,high,0.051752,0.001619,0.053371,0
2026-07-26T13:55:29.382067,04/23 21:15,7.92,0.0,,,,20.0,26.0,0.0,0.0,0.0,0.0,0.0,0.0,0.0,0.0,0.0,0.4,moderate,0.0,0.0,0.0,0
2026-07-26T13:55:29.398069,04/23 22:15,8.45,0.0,,,,20.0,26.0,0.0,0.0,0.0,0.0,0.0,0.0,0.0,0.0,0.0,0.4,moderate,0.0,0.0,0.0,0
2026-07-26T13:55:29.414067,04/23 23:15,9.03,0.0,,,,20.0,26.0,0.0,0.0,0.0,0.0,0.0,0.0,0.0,0.0,0.0,0.4,moderate,0.0,0.0,0.0,0
2026-07-26T13:55:29.428068,04/24 00:15,9.28,0.0,,,,20.0,26.0,0.0,0.0,0.0,0.0,0.0,0.0,0.0,0.0,0.0,0.34,low,0.0,0.0,0.0,0
2026-07-26T13:55:45.020966,04/24 01:15,8.62,0.0,,,,18.0,28.0,0.0,0.0,0.0,0.0,0.0,0.0,0.0,0.0,0.0,0.34,low,0.0,0.0,0.0,0
2026-07-26T13:55:45.040961,04/24 02:15,8.2,0.0,,,,18.0,28.0,0.0,0.0,0.0,0.0,0.0,0.0,0.0,0.0,0.0,0.34,low,0.0,0.0,0.0,0
2026-07-26T13:55:45.061966,04/24 03:15,9.4,0.0,,,,18.0,28.0,0.0,0.0,0.0,0.0,0.0,0.0,0.0,0.0,0.0,0.34,low,0.0,0.0,0.0,0
2026-07-26T13:55:45.081961,04/24 04:15,9.4,0.0,,,,18.0,28.0,0.0,0.0,0.0,0.0,0.0,0.0,0.0,0.0,0.0,0.34,low,0.0,0.0,0.0,0
2026-07-26T13:55:45.099961,04/24 05:15,9.83,0.0,,,,18.0,28.0,0.0,0.0,0.0,0.0,0.0,0.0,0.0,0.0,0.0,0.34,low,0.0,0.0,0.0,0
2026-07-26T13:55:45.116961,04/24 06:23,11.65,0.0,,,,18.0,28.0,0.0,0.0,0.0,0.0,0.0,0.0,0.0,0.0,0.0,0.43,moderate,0.0,0.0,0.0,0
2026-07-26T13:56:00.793975,04/24 07:23,13.88,0.0,,,,18.0,29.0,0.3764,0.094094,0.132808,0.094094,0.020416,0.0,0.0,0.200645,0.094094,0.43,moderate,0.04046,0.0,0.04046,0
2026-07-26T13:56:00.814978,04/24 08:23,16.15,0.0,,,,18.0,29.0,0.3764,0.094094,0.174088,0.094094,0.025893,0.0,0.0,0.390102,0.094094,0.43,moderate,0.04046,0.0,0.04046,0
2026-07-26T13:56:00.836974,04/24 09:23,18.2,52.0,22.88,21.12,25.63,21.0,26.0,0.3764,0.094094,0.232114,0.094094,0.061723,0.0,0.0,0.594237,0.094094,0.43,moderate,0.04046,0.0,0.04046,0
2026-07-26T13:56:00.856977,04/24 10:23,19.97,52.0,24.17,22.57,25.5,21.0,25.5,0.3854,0.096341,0.2727,0.096341,0.059164,0.0,0.0,0.886454,0.096341,0.3,low,0.028902,0.0,0.028902,0
2026-07-26T13:56:00.875973,04/24 11:23,21.97,52.0,24.88,23.44,25.5,21.0,25.5,0.3845,0.09612,0.318346,0.09612,0.067902,0.0,0.0,1.103547,0.09612,0.3,low,0.028836,0.0,0.028836,0
2026-07-26T13:56:00.894973,04/24 12:23,22.53,41.6,25.14,23.92,25.5,21.0,25.5,0.3842,0.096051,0.347847,0.096051,0.077194,0.0,0.0,1.22423,0.096051,0.3,low,0.028815,0.0,0.028815,0
2026-07-26T13:56:17.508794,04/24 13:15,21.55,20.8,24.75,23.74,25.0,20.5,25.0,0.3812,0.095298,0.322436,0.095298,0.080257,0.0,0.0,1.092452,0.095298,0.3,low,0.028589,0.0,0.028589,0
2026-07-26T13:56:17.528791,04/24 14:15,20.68,41.6,24.69,23.78,25.0,20.5,25.0,0.3871,0.096779,0.338293,0.096779,0.078938,0.0,0.0,1.183792,0.096779,0.3,low,0.029034,0.0,0.029034,0
2026-07-26T13:56:17.545789,04/24 15:15,18.57,52.0,24.48,23.52,25.0,20.5,25.0,0.385,0.09626,0.361243,0.09626,0.082217,0.0,0.0,1.316367,0.09626,0.3,low,0.028878,0.0,0.028878,0
2026-07-26T13:56:17.563787,04/24 16:15,16.25,52.0,23.91,22.9,25.0,20.5,25.0,0.3813,0.095333,0.3508,0.095333,0.083246,0.0,0.0,1.280034,0.095333,0.55,high,0.052433,0.0,0.052433,0
2026-07-26T13:56:17.579789,04/24 17:15,15.3,52.0,23.43,22.35,24.93,20.5,25.0,0.3764,0.094094,0.329207,0.094094,0.084266,0.0,0.0,1.164618,0.094094,0.55,high,0.051752,0.0,0.051752,0
2026-07-26T13:56:17.595788,04/24 18:15,10.82,52.0,23.0,21.88,24.76,20.5,25.0,0.3764,0.094094,0.141519,0.094094,0.06107,0.0,0.0,0.139642,0.094094,0.55,high,0.051752,0.0,0.051752,0
2026-07-26T13:56:34.276138,04/24 19:15,10.0,26.0,21.6,20.68,23.29,20.0,26.0,0.3764,0.094094,0.119039,0.094094,0.05565,0.0,0.0,0.032449,0.094094,0.55,high,0.051752,0.0,0.051752,0
2026-07-26T13:56:34.298137,04/24 20:15,9.72,0.0,,,,20.0,26.0,0.3764,0.094094,0.110971,0.094094,0.034153,0.088779,0.08691,0.007979,0.182873,0.55,high,0.051752,0.016069,0.067821,0
2026-07-26T13:56:34.316138,04/24 21:15,8.62,0.0,,,,20.0,26.0,0.0,0.0,0.0,0.0,0.0,0.0,0.0,0.0,0.0,0.4,moderate,0.0,0.0,0.0,0
2026-07-26T13:56:34.335138,04/24 22:15,7.52,0.0,,,,20.0,26.0,0.0,0.0,0.0,0.0,0.0,0.0,0.0,0.0,0.0,0.4,moderate,0.0,0.0,0.0,0
2026-07-26T13:56:34.354139,04/24 23:15,6.55,0.0,,,,20.0,26.0,0.0,0.0,0.0,0.0,0.0,0.0,0.0,0.0,0.0,0.4,moderate,0.0,0.0,0.0,0
2026-07-26T13:56:34.375138,04/25 00:15,5.82,0.0,,,,20.0,26.0,0.0,0.0,0.0,0.0,0.0,0.0,0.0,0.0,0.0,0.34,low,0.0,0.0,0.0,0
2026-07-26T13:56:50.412931,04/25 01:15,4.85,0.0,,,,18.0,28.0,0.0,0.0,0.0,0.0,0.0,0.0,0.0,0.0,0.0,0.34,low,0.0,0.0,0.0,0
2026-07-26T13:56:50.430929,04/25 02:15,4.12,0.0,,,,18.0,28.0,0.0,0.0,0.0,0.0,0.0,0.0,0.0,0.0,0.0,0.34,low,0.0,0.0,0.0,0
2026-07-26T13:56:50.448932,04/25 03:15,3.3,0.0,,,,18.0,28.0,0.0,0.0,0.0,0.0,0.0,0.0,0.0,0.0,0.0,0.34,low,0.0,0.0,0.0,0
2026-07-26T13:56:50.463926,04/25 04:15,3.17,0.0,,,,18.0,28.0,0.0,0.0,0.0,0.0,0.0,0.0,0.0,0.0,0.0,0.34,low,0.0,0.0,0.0,0
2026-07-26T13:56:50.478926,04/25 05:15,3.07,0.0,,,,18.0,28.0,0.0,0.0,0.0,0.0,0.0,0.0,0.0,0.0,0.0,0.34,low,0.0,0.0,0.0,0
2026-07-26T13:56:50.492928,04/25 06:23,4.32,0.0,,,,18.0,28.0,0.0,0.0,0.0,0.0,0.0,0.0,0.0,0.0,0.0,0.43,moderate,0.0,0.0,0.0,0
2026-07-26T13:57:04.649512,04/25 07:23,6.15,0.0,,,,18.0,29.0,0.3764,0.094094,0.0,0.094094,0.003148,0.04974,0.425814,0.0,0.143834,0.43,moderate,0.04046,0.009003,0.049463,0
2026-07-26T13:57:04.669512,04/25 08:23,8.07,0.0,,,,18.0,29.0,0.3764,0.094094,0.0,0.094094,0.00058,0.410937,0.242409,0.0,0.505031,0.43,moderate,0.04046,0.07438,0.11484,0
2026-07-26T13:57:04.690514,04/25 09:23,9.03,52.0,22.22,21.0,24.74,21.0,26.0,0.3764,0.094094,0.0,0.094094,0.000302,0.180683,0.181493,0.0,0.274777,0.43,moderate,0.04046,0.032704,0.073164,0
2026-07-26T13:57:04.709511,04/25 10:23,9.7,52.0,23.44,21.71,25.5,21.0,25.5,0.3809,0.095213,0.0,0.095213,5e-06,0.00309,0.004097,0.0,0.098303,0.3,low,0.028564,0.000559,0.029123,0
2026-07-26T13:57:04.729516,04/25 11:23,10.72,52.0,24.03,22.37,25.5,21.0,25.5,0.3798,0.09496,0.125871,0.09496,0.028623,0.0,0.0,0.107252,0.09496,0.3,low,0.028488,0.0,0.028488,0
2026-07-26T13:57:04.747512,04/25 12:15,11.25,41.6,24.19,22.62,25.39,21.0,25.5,0.3764,0.094094,0.127281,0.094094,0.032282,0.0,0.0,0.108206,0.094094,0.3,low,0.028228,0.0,0.028228,0
2026-07-26T13:57:19.934215,04/25 13:15,11.82,20.8,23.71,22.39,24.46,21.0,25.0,0.3764,0.094094,0.137702,0.094094,0.035803,0.0,0.0,0.166758,0.094094,0.3,low,0.028228,0.0,0.028228,0
2026-07-26T13:57:19.951214,04/25 14:15,12.2,41.6,24.17,23.29,25.0,21.0,25.0,0.377,0.094246,0.148703,0.094246,0.038732,0.0,0.0,0.229368,0.094246,0.3,low,0.028274,0.0,0.028274,0
2026-07-26T13:57:19.968214,04/25 15:23,12.2,52.0,24.53,23.71,25.0,21.0,25.0,0.3818,0.095458,0.168451,0.095458,0.040743,0.0,0.0,0.338058,0.095458,0.3,low,0.028637,0.0,0.028637,0
2026-07-26T13:57:19.984214,04/25 16:15,12.07,52.0,24.58,23.43,25.0,21.0,25.0,0.3858,0.09646,0.182954,0.09646,0.041726,0.0,0.0,0.428784,0.09646,0.55,high,0.053053,0.0,0.053053,0
2026-07-26T13:57:19.999215,04/25 17:15,11.42,52.0,24.35,22.89,25.0,21.0,25.0,0.381,0.095252,0.16228,0.095252,0.042147,0.0,0.0,0.295526,0.095252,0.55,high,0.052389,0.0,0.052389,0
2026-07-26T13:57:20.013220,04/25 18:15,10.45,52.0,24.05,22.44,25.0,21.0,25.0,0.3767,0.094169,0.132496,0.094169,0.041252,0.0,0.0,0.114329,0.094169,0.55,high,0.051793,0.0,0.051793,0
2026-07-26T13:57:35.283450,04/25 19:23,9.57,26.0,22.25,21.02,23.59,20.0,26.0,0.3764,0.094094,0.118082,0.094094,0.036725,0.0,0.0,0.043668,0.094094,0.55,high,0.051752,0.0,0.051752,0
2026-07-26T13:57:35.302452,04/25 20:23,8.18,0.0,,,,20.0,26.0,0.3764,0.094094,0.0,0.094094,0.000241,0.107878,0.146014,0.0,0.201972,0.55,high,0.051752,0.019526,0.071278,0
2026-07-26T13:57:35.317452,04/25 21:15,7.38,0.0,,,,20.0,26.0,0.0,0.0,0.0,0.0,0.0,0.0,0.0,0.0,0.0,0.4,moderate,0.0,0.0,0.0,0
2026-07-26T13:57:35.332450,04/25 22:15,5.97,0.0,,,,20.0,26.0,0.0,0.0,0.0,0.0,0.0,0.0,0.0,0.0,0.0,0.4,moderate,0.0,0.0,0.0,0
2026-07-26T13:57:35.346450,04/25 23:15,5.6,0.0,,,,20.0,26.0,0.0,0.0,0.0,0.0,0.0,0.0,0.0,0.0,0.0,0.4,moderate,0.0,0.0,0.0,0
2026-07-26T13:57:35.360450,04/26 00:15,5.45,0.0,,,,20.0,26.0,0.0,0.0,0.0,0.0,0.0,0.0,0.0,0.0,0.0,0.34,low,0.0,0.0,0.0,0
2026-07-26T13:57:50.067709,04/26 01:15,5.0,0.0,,,,18.0,28.0,0.0,0.0,0.0,0.0,0.0,0.0,0.0,0.0,0.0,0.34,low,0.0,0.0,0.0,0
2026-07-26T13:57:50.085236,04/26 02:15,4.72,0.0,,,,18.0,28.0,0.0,0.0,0.0,0.0,0.0,0.0,0.0,0.0,0.0,0.34,low,0.0,0.0,0.0,0
2026-07-26T13:57:50.101231,04/26 03:15,3.62,0.0,,,,18.0,28.0,0.0,0.0,0.0,0.0,0.0,0.0,0.0,0.0,0.0,0.34,low,0.0,0.0,0.0,0
2026-07-26T13:57:50.115231,04/26 04:15,2.65,0.0,,,,18.0,28.0,0.0,0.0,0.0,0.0,0.0,0.0,0.0,0.0,0.0,0.34,low,0.0,0.0,0.0,0
2026-07-26T13:57:50.131228,04/26 05:15,2.35,0.0,,,,18.0,28.0,0.0,0.0,0.0,0.0,0.0,0.0,0.0,0.0,0.0,0.34,low,0.0,0.0,0.0,0
2026-07-26T13:57:50.146372,04/26 06:23,3.07,0.0,,,,18.0,28.0,0.0,0.0,0.0,0.0,0.0,0.0,0.0,0.0,0.0,0.43,moderate,0.0,0.0,0.0,0
2026-07-26T13:58:05.231008,04/26 07:23,4.32,0.0,,,,18.0,29.0,0.3764,0.094094,0.0,0.094094,0.002951,0.328019,0.565379,0.0,0.422113,0.43,moderate,0.04046,0.059371,0.099832,0
2026-07-26T13:58:05.252008,04/26 08:23,5.72,0.0,,,,18.0,29.0,0.3764,0.094094,0.0,0.094094,0.001207,0.743628,0.414969,0.0,0.837722,0.43,moderate,0.04046,0.134597,0.175057,0
2026-07-26T13:58:05.274008,04/26 09:23,6.37,52.0,22.2,21.0,24.76,21.0,26.0,0.3764,0.094094,0.0,0.094094,0.00098,0.264141,0.409744,0.0,0.358235,0.43,moderate,0.04046,0.04781,0.08827,0
2026-07-26T13:58:05.293017,04/26 10:23,7.48,52.0,23.46,21.71,25.5,21.0,25.5,0.3818,0.095451,0.0,0.095451,0.000306,0.185254,0.161755,0.0,0.280705,0.3,low,0.028635,0.033531,0.062166,0
2026-07-26T13:58:05.311015,04/26 11:23,8.45,52.0,24.09,22.42,25.5,21.0,25.5,0.3817,0.09542,0.0,0.09542,5.1e-05,0.032574,0.034745,0.0,0.127994,0.3,low,0.028626,0.005896,0.034522,0
2026-07-26T13:58:05.328008,04/26 12:23,9.18,41.6,24.3,22.66,25.5,21.0,25.5,0.3773,0.094331,0.0,0.094331,4.4e-05,0.028983,0.030617,0.0,0.123314,0.3,low,0.028299,0.005246,0.033545,0
2026-07-26T13:58:21.193499,04/26 13:15,10.15,20.8,23.94,22.49,24.69,21.0,25.0,0.3764,0.094094,0.118274,0.094094,0.037802,0.0,0.0,0.054044,0.094094,0.3,low,0.028228,0.0,0.028228,0
2026-07-26T13:58:21.213496,04/26 14:15,10.45,41.6,24.4,23.48,25.0,21.0,25.0,0.3813,0.095337,0.148621,0.095337,0.04134,0.0,0.0,0.225636,0.095337,0.3,low,0.028601,0.0,0.028601,0
2026-07-26T13:58:21.231497,04/26 15:23,10.0,52.0,24.71,24.02,25.0,21.0,25.0,0.3869,0.09672,0.165004,0.09672,0.043365,0.0,0.0,0.316205,0.09672,0.3,low,0.029016,0.0,0.029016,0
2026-07-26T13:58:21.248496,04/26 16:15,9.72,52.0,24.64,23.62,25.0,21.0,25.0,0.3916,0.097907,0.182997,0.097907,0.043775,0.0,0.0,0.42155,0.097907,0.55,high,0.053849,0.0,0.053849,0
2026-07-26T13:58:21.264496,04/26 17:15,8.62,52.0,24.39,22.99,25.0,21.0,25.0,0.3832,0.095806,0.139147,0.095806,0.043496,0.0,0.0,0.155869,0.095806,0.55,high,0.052693,0.0,0.052693,0
2026-07-26T13:58:21.281496,04/26 18:15,7.52,52.0,24.04,22.45,25.0,21.0,25.0,0.3785,0.094626,0.0,0.094626,7e-05,0.046947,0.046712,0.0,0.141573,0.55,high,0.052044,0.008497,0.060542,0
2026-07-26T13:58:37.311662,04/26 19:23,6.55,26.0,22.18,20.96,23.66,20.0,26.0,0.3764,0.094094,0.0,0.094094,0.000403,0.275588,0.206716,0.0,0.369682,0.55,high,0.051752,0.049881,0.101633,0
2026-07-26T13:58:37.331655,04/26 20:23,6.1,0.0,,,,20.0,26.0,0.3764,0.094094,0.0,0.094094,0.000782,0.163417,0.324219,0.0,0.257511,0.55,high,0.051752,0.029578,0.08133,0
2026-07-26T13:58:37.348656,04/26 21:23,5.97,0.0,,,,20.0,26.0,0.0,0.0,0.0,0.0,0.0,0.0,0.0,0.0,0.0,0.4,moderate,0.0,0.0,0.0,0
2026-07-26T13:58:37.363653,04/26 22:15,5.6,0.0,,,,20.0,26.0,0.0,0.0,0.0,0.0,0.0,0.0,0.0,0.0,0.0,0.4,moderate,0.0,0.0,0.0,0
2026-07-26T13:58:37.378655,04/26 23:15,5.6,0.0,,,,20.0,26.0,0.0,0.0,0.0,0.0,0.0,0.0,0.0,0.0,0.0,0.4,moderate,0.0,0.0,0.0,0
2026-07-26T13:58:37.392653,04/27 00:15,5.6,0.0,,,,20.0,26.0,0.0,0.0,0.0,0.0,0.0,0.0,0.0,0.0,0.0,0.34,low,0.0,0.0,0.0,0
2026-07-26T13:58:53.011859,04/27 01:15,5.72,0.0,,,,18.0,28.0,0.0,0.0,0.0,0.0,0.0,0.0,0.0,0.0,0.0,0.34,low,0.0,0.0,0.0,0
2026-07-26T13:58:53.029856,04/27 02:15,6.1,0.0,,,,18.0,28.0,0.0,0.0,0.0,0.0,0.0,0.0,0.0,0.0,0.0,0.34,low,0.0,0.0,0.0,0
2026-07-26T13:58:53.046855,04/27 03:15,6.25,0.0,,,,18.0,28.0,0.0,0.0,0.0,0.0,0.0,0.0,0.0,0.0,0.0,0.34,low,0.0,0.0,0.0,0
2026-07-26T13:58:53.064854,04/27 04:15,6.7,0.0,,,,18.0,28.0,0.0,0.0,0.0,0.0,0.0,0.0,0.0,0.0,0.0,0.34,low,0.0,0.0,0.0,0
2026-07-26T13:58:53.081856,04/27 05:15,6.55,0.0,,,,18.0,28.0,0.0,0.0,0.0,0.0,0.0,0.0,0.0,0.0,0.0,0.34,low,0.0,0.0,0.0,0
2026-07-26T13:58:53.098856,04/27 06:15,6.25,0.0,,,,18.0,28.0,0.0,0.0,0.0,0.0,0.0,0.0,0.0,0.0,0.0,0.43,moderate,0.0,0.0,0.0,0
2026-07-26T13:59:08.223456,04/27 07:15,6.7,0.0,,,,18.0,29.0,0.0,0.0,0.0,0.0,0.0,0.0,0.0,0.0,0.0,0.43,moderate,0.0,0.0,0.0,0
2026-07-26T13:59:08.241446,04/27 08:15,6.98,0.0,,,,18.0,29.0,0.0,0.0,0.0,0.0,0.0,0.0,0.0,0.0,0.0,0.43,moderate,0.0,0.0,0.0,0
2026-07-26T13:59:08.258446,04/27 09:15,7.8,0.0,,,,18.0,29.0,0.0,0.0,0.0,0.0,0.0,0.0,0.0,0.0,0.0,0.43,moderate,0.0,0.0,0.0,0
2026-07-26T13:59:08.274447,04/27 10:15,7.8,0.0,,,,18.0,29.0,0.0,0.0,0.0,0.0,0.0,0.0,0.0,0.0,0.0,0.3,low,0.0,0.0,0.0,0
2026-07-26T13:59:08.290445,04/27 11:15,7.8,0.0,,,,18.0,29.0,0.0,0.0,0.0,0.0,0.0,0.0,0.0,0.0,0.0,0.3,low,0.0,0.0,0.0,0
2026-07-26T13:59:08.305444,04/27 12:15,7.65,0.0,,,,18.0,29.0,0.0,0.0,0.0,0.0,0.0,0.0,0.0,0.0,0.0,0.3,low,0.0,0.0,0.0,0
2026-07-26T13:59:24.312183,04/27 13:15,7.2,0.0,,,,18.0,29.0,0.0,0.0,0.0,0.0,0.0,0.0,0.0,0.0,0.0,0.3,low,0.0,0.0,0.0,0
2026-07-26T13:59:24.331417,04/27 14:15,7.2,0.0,,,,18.0,29.0,0.0,0.0,0.0,0.0,0.0,0.0,0.0,0.0,0.0,0.3,low,0.0,0.0,0.0,0
2026-07-26T13:59:24.348447,04/27 15:15,7.2,0.0,,,,18.0,29.0,0.0,0.0,0.0,0.0,0.0,0.0,0.0,0.0,0.0,0.3,low,0.0,0.0,0.0,0
2026-07-26T13:59:24.364415,04/27 16:15,7.35,0.0,,,,18.0,29.0,0.0,0.0,0.0,0.0,0.0,0.0,0.0,0.0,0.0,0.55,high,0.0,0.0,0.0,0
2026-07-26T13:59:24.379457,04/27 17:15,7.92,0.0,,,,18.0,29.0,0.0,0.0,0.0,0.0,0.0,0.0,0.0,0.0,0.0,0.55,high,0.0,0.0,0.0,0
2026-07-26T13:59:24.393416,04/27 18:15,8.3,0.0,,,,18.0,29.0,0.0,0.0,0.0,0.0,0.0,0.0,0.0,0.0,0.0,0.55,high,0.0,0.0,0.0,0
2026-07-26T13:59:39.315148,04/27 19:15,8.45,0.0,,,,18.0,29.0,0.0,0.0,0.0,0.0,0.0,0.0,0.0,0.0,0.0,0.55,high,0.0,0.0,0.0,0
2026-07-26T13:59:39.331148,04/27 20:15,8.9,0.0,,,,18.0,29.0,0.0,0.0,0.0,0.0,0.0,0.0,0.0,0.0,0.0,0.55,high,0.0,0.0,0.0,0
2026-07-26T13:59:39.347150,04/27 21:15,9.03,0.0,,,,18.0,29.0,0.0,0.0,0.0,0.0,0.0,0.0,0.0,0.0,0.0,0.4,moderate,0.0,0.0,0.0,0
2026-07-26T13:59:39.361146,04/27 22:15,9.7,0.0,,,,18.0,29.0,0.0,0.0,0.0,0.0,0.0,0.0,0.0,0.0,0.0,0.4,moderate,0.0,0.0,0.0,0
2026-07-26T13:59:39.375146,04/27 23:15,10.88,0.0,,,,18.0,29.0,0.0,0.0,0.0,0.0,0.0,0.0,0.0,0.0,0.0,0.4,moderate,0.0,0.0,0.0,0
2026-07-26T13:59:39.390146,04/28 00:15,11.82,0.0,,,,18.0,29.0,0.0,0.0,0.0,0.0,0.0,0.0,0.0,0.0,0.0,0.34,low,0.0,0.0,0.0,0
2026-07-26T13:59:53.972252,04/28 01:15,12.62,0.0,,,,18.0,29.0,0.0,0.0,0.0,0.0,0.0,0.0,0.0,0.0,0.0,0.34,low,0.0,0.0,0.0,0
2026-07-26T13:59:53.990253,04/28 02:15,14.18,0.0,,,,18.0,29.0,0.0,0.0,0.0,0.0,0.0,0.0,0.0,0.0,0.0,0.34,low,0.0,0.0,0.0,0
2026-07-26T13:59:54.005250,04/28 03:15,14.45,0.0,,,,18.0,29.0,0.0,0.0,0.0,0.0,0.0,0.0,0.0,0.0,0.0,0.34,low,0.0,0.0,0.0,0
2026-07-26T13:59:54.018249,04/28 04:15,12.53,0.0,,,,18.0,29.0,0.0,0.0,0.0,0.0,0.0,0.0,0.0,0.0,0.0,0.34,low,0.0,0.0,0.0,0
2026-07-26T13:59:54.031250,04/28 05:15,11.27,0.0,,,,18.0,29.0,0.0,0.0,0.0,0.0,0.0,0.0,0.0,0.0,0.0,0.34,low,0.0,0.0,0.0,0
2026-07-26T13:59:54.045252,04/28 06:15,9.57,0.0,,,,18.0,29.0,0.0,0.0,0.0,0.0,0.0,0.0,0.0,0.0,0.0,0.43,moderate,0.0,0.0,0.0,0
2026-07-26T14:00:07.989111,04/28 07:15,8.3,0.0,,,,18.0,29.0,0.0,0.0,0.0,0.0,0.0,0.0,0.0,0.0,0.0,0.43,moderate,0.0,0.0,0.0,0
2026-07-26T14:00:08.006110,04/28 08:15,7.9,0.0,,,,18.0,29.0,0.0,0.0,0.0,0.0,0.0,0.0,0.0,0.0,0.0,0.43,moderate,0.0,0.0,0.0,0
2026-07-26T14:00:08.021110,04/28 09:15,6.7,0.0,,,,18.0,29.0,0.0,0.0,0.0,0.0,0.0,0.0,0.0,0.0,0.0,0.43,moderate,0.0,0.0,0.0,0
2026-07-26T14:00:08.036110,04/28 10:15,6.55,0.0,,,,18.0,29.0,0.0,0.0,0.0,0.0,0.0,0.0,0.0,0.0,0.0,0.3,low,0.0,0.0,0.0,0
2026-07-26T14:00:08.048111,04/28 11:15,5.97,0.0,,,,18.0,29.0,0.0,0.0,0.0,0.0,0.0,0.0,0.0,0.0,0.0,0.3,low,0.0,0.0,0.0,0
2026-07-26T14:00:08.061109,04/28 12:15,5.6,0.0,,,,18.0,29.0,0.0,0.0,0.0,0.0,0.0,0.0,0.0,0.0,0.0,0.3,low,0.0,0.0,0.0,0
2026-07-26T14:00:22.581326,04/28 13:15,5.6,0.0,,,,18.0,29.0,0.0,0.0,0.0,0.0,0.0,0.0,0.0,0.0,0.0,0.3,low,0.0,0.0,0.0,0
2026-07-26T14:00:22.598324,04/28 14:15,5.6,0.0,,,,18.0,29.0,0.0,0.0,0.0,0.0,0.0,0.0,0.0,0.0,0.0,0.3,low,0.0,0.0,0.0,0
2026-07-26T14:00:22.612323,04/28 15:15,5.72,0.0,,,,18.0,29.0,0.0,0.0,0.0,0.0,0.0,0.0,0.0,0.0,0.0,0.3,low,0.0,0.0,0.0,0
2026-07-26T14:00:22.627327,04/28 16:15,6.1,0.0,,,,18.0,29.0,0.0,0.0,0.0,0.0,0.0,0.0,0.0,0.0,0.0,0.55,high,0.0,0.0,0.0,0
2026-07-26T14:00:22.640322,04/28 17:15,6.1,0.0,,,,18.0,29.0,0.0,0.0,0.0,0.0,0.0,0.0,0.0,0.0,0.0,0.55,high,0.0,0.0,0.0,0
2026-07-26T14:00:22.653323,04/28 18:15,6.1,0.0,,,,18.0,29.0,0.0,0.0,0.0,0.0,0.0,0.0,0.0,0.0,0.0,0.55,high,0.0,0.0,0.0,0
2026-07-26T14:00:37.349734,04/28 19:15,6.1,0.0,,,,18.0,29.0,0.0,0.0,0.0,0.0,0.0,0.0,0.0,0.0,0.0,0.55,high,0.0,0.0,0.0,0
2026-07-26T14:00:37.367736,04/28 20:15,6.1,0.0,,,,18.0,29.0,0.0,0.0,0.0,0.0,0.0,0.0,0.0,0.0,0.0,0.55,high,0.0,0.0,0.0,0
2026-07-26T14:00:37.382736,04/28 21:15,5.97,0.0,,,,18.0,29.0,0.0,0.0,0.0,0.0,0.0,0.0,0.0,0.0,0.0,0.4,moderate,0.0,0.0,0.0,0
2026-07-26T14:00:37.398735,04/28 22:15,5.6,0.0,,,,18.0,29.0,0.0,0.0,0.0,0.0,0.0,0.0,0.0,0.0,0.0,0.4,moderate,0.0,0.0,0.0,0
2026-07-26T14:00:37.412735,04/28 23:15,5.45,0.0,,,,18.0,29.0,0.0,0.0,0.0,0.0,0.0,0.0,0.0,0.0,0.0,0.4,moderate,0.0,0.0,0.0,0
2026-07-26T14:00:37.426737,04/29 00:15,4.85,0.0,,,,18.0,29.0,0.0,0.0,0.0,0.0,0.0,0.0,0.0,0.0,0.0,0.34,low,0.0,0.0,0.0,0
2026-07-26T14:00:52.422703,04/29 01:15,4.55,0.0,,,,18.0,29.0,0.0,0.0,0.0,0.0,0.0,0.0,0.0,0.0,0.0,0.34,low,0.0,0.0,0.0,0
2026-07-26T14:00:52.439697,04/29 02:15,5.15,0.0,,,,18.0,29.0,0.0,0.0,0.0,0.0,0.0,0.0,0.0,0.0,0.0,0.34,low,0.0,0.0,0.0,0
2026-07-26T14:00:52.455699,04/29 03:15,5.6,0.0,,,,18.0,29.0,0.0,0.0,0.0,0.0,0.0,0.0,0.0,0.0,0.0,0.34,low,0.0,0.0,0.0,0
2026-07-26T14:00:52.470698,04/29 04:15,5.6,0.0,,,,18.0,29.0,0.0,0.0,0.0,0.0,0.0,0.0,0.0,0.0,0.0,0.34,low,0.0,0.0,0.0,0
2026-07-26T14:00:52.484698,04/29 05:15,5.72,0.0,,,,18.0,29.0,0.0,0.0,0.0,0.0,0.0,0.0,0.0,0.0,0.0,0.34,low,0.0,0.0,0.0,0
2026-07-26T14:00:52.499698,04/29 06:15,6.25,0.0,,,,18.0,29.0,0.0,0.0,0.0,0.0,0.0,0.0,0.0,0.0,0.0,0.43,moderate,0.0,0.0,0.0,0
2026-07-26T14:01:07.437195,04/29 07:15,6.83,0.0,,,,18.0,29.0,0.3764,0.094094,0.0,0.094094,0.001453,0.022369,0.346211,0.0,0.116463,0.43,moderate,0.04046,0.004049,0.044509,0
2026-07-26T14:01:07.456190,04/29 08:15,7.48,0.0,,,,18.0,29.0,0.3764,0.094094,0.0,0.094094,0.000824,0.582795,0.301567,0.0,0.676889,0.43,moderate,0.04046,0.105486,0.145946,0
2026-07-26T14:01:07.477188,04/29 09:23,8.58,52.0,21.26,21.0,21.8,21.0,26.0,0.3764,0.094094,0.0,0.094094,0.000464,0.278927,0.263289,0.0,0.373021,0.43,moderate,0.04046,0.050486,0.090946,0
2026-07-26T14:01:07.496195,04/29 10:23,9.55,52.0,22.88,21.83,23.53,21.0,26.0,0.3764,0.094094,0.0,0.094094,0.000126,0.08201,0.079122,0.0,0.176104,0.3,low,0.028228,0.014844,0.043072,0
2026-07-26T14:01:07.514188,04/29 11:23,10.0,52.0,23.68,22.58,24.31,21.0,26.0,0.3764,0.094094,0.0,0.094094,1e-05,0.006711,0.00809,0.0,0.100805,0.3,low,0.028228,0.001215,0.029443,0
2026-07-26T14:01:07.531188,04/29 12:15,10.28,41.6,23.82,22.71,24.56,21.0,26.0,0.3764,0.094094,0.114083,0.094094,0.054589,0.0,0.0,0.008723,0.094094,0.3,low,0.028228,0.0,0.028228,0
2026-07-26T14:01:24.066864,04/29 13:15,11.8,20.8,23.2,22.16,24.21,21.0,25.0,0.3764,0.094094,0.130034,0.094094,0.055227,0.0,0.0,0.10529,0.094094,0.3,low,0.028228,0.0,0.028228,0
2026-07-26T14:01:24.084864,04/29 14:15,14.18,41.6,24.08,23.41,24.79,21.0,25.0,0.3764,0.094094,0.171226,0.094094,0.065007,0.0,0.0,0.336366,0.094094,0.3,low,0.028228,0.0,0.028228,0
2026-07-26T14:01:24.102862,04/29 15:23,15.15,52.0,24.6,23.62,25.0,21.0,25.0,0.38,0.095012,0.202723,0.095012,0.065898,0.0,0.0,0.510072,0.095012,0.3,low,0.028504,0.0,0.028504,0
2026-07-26T14:01:24.118863,04/29 16:15,15.72,52.0,24.66,23.52,25.0,21.0,25.0,0.3888,0.097197,0.244527,0.097197,0.0646,0.0,0.0,0.742178,0.097197,0.55,high,0.053458,0.0,0.053458,0
2026-07-26T14:01:24.135870,04/29 17:15,15.98,52.0,24.51,23.16,25.0,21.0,25.0,0.3845,0.096125,0.241701,0.096125,0.067201,0.0,0.0,0.713881,0.096125,0.55,high,0.052869,0.0,0.052869,0
2026-07-26T14:01:24.151876,04/29 18:15,15.3,52.0,24.34,22.84,25.0,21.0,25.0,0.3787,0.094675,0.214197,0.094675,0.067779,0.0,0.0,0.556621,0.094675,0.55,high,0.052071,0.0,0.052071,0
2026-07-26T14:01:40.758216,04/29 19:23,14.12,26.0,22.63,21.4,23.7,20.0,26.0,0.3764,0.094094,0.184511,0.094094,0.065892,0.0,0.0,0.39849,0.094094,0.55,high,0.051752,0.0,0.051752,0
2026-07-26T14:01:40.780216,04/29 20:23,13.03,0.0,,,,20.0,26.0,0.3764,0.094094,0.155161,0.094094,0.038003,0.0,0.0,0.286478,0.094094,0.55,high,0.051752,0.0,0.051752,0
2026-07-26T14:01:40.797214,04/29 21:15,12.07,0.0,,,,20.0,26.0,0.0,0.0,0.0,0.0,0.0,0.0,0.0,0.0,0.0,0.4,moderate,0.0,0.0,0.0,0
2026-07-26T14:01:40.813218,04/29 22:15,11.7,0.0,,,,20.0,26.0,0.0,0.0,0.0,0.0,0.0,0.0,0.0,0.0,0.0,0.4,moderate,0.0,0.0,0.0,0
2026-07-26T14:01:40.828216,04/29 23:15,11.7,0.0,,,,20.0,26.0,0.0,0.0,0.0,0.0,0.0,0.0,0.0,0.0,0.0,0.4,moderate,0.0,0.0,0.0,0
2026-07-26T14:01:40.843216,04/30 00:15,11.7,0.0,,,,20.0,26.0,0.0,0.0,0.0,0.0,0.0,0.0,0.0,0.0,0.0,0.34,low,0.0,0.0,0.0,0
2026-07-26T14:01:57.659928,04/30 01:15,11.55,0.0,,,,18.0,28.0,0.0,0.0,0.0,0.0,0.0,0.0,0.0,0.0,0.0,0.34,low,0.0,0.0,0.0,0
2026-07-26T14:01:57.678930,04/30 02:15,11.1,0.0,,,,18.0,28.0,0.0,0.0,0.0,0.0,0.0,0.0,0.0,0.0,0.0,0.34,low,0.0,0.0,0.0,0
2026-07-26T14:01:57.695928,04/30 03:15,11.1,0.0,,,,18.0,28.0,0.0,0.0,0.0,0.0,0.0,0.0,0.0,0.0,0.0,0.34,low,0.0,0.0,0.0,0
2026-07-26T14:01:57.711932,04/30 04:15,11.1,0.0,,,,18.0,28.0,0.0,0.0,0.0,0.0,0.0,0.0,0.0,0.0,0.0,0.34,low,0.0,0.0,0.0,0
2026-07-26T14:01:57.727928,04/30 05:15,10.97,0.0,,,,18.0,28.0,0.0,0.0,0.0,0.0,0.0,0.0,0.0,0.0,0.0,0.34,low,0.0,0.0,0.0,0
2026-07-26T14:01:57.744928,04/30 06:23,10.72,0.0,,,,18.0,28.0,0.0,0.0,0.0,0.0,0.0,0.0,0.0,0.0,0.0,0.43,moderate,0.0,0.0,0.0,0
2026-07-26T14:02:13.092387,04/30 07:15,11.25,0.0,,,,18.0,29.0,0.3764,0.094094,0.112304,0.094094,0.018922,0.0,0.0,0.036003,0.094094,0.43,moderate,0.04046,0.0,0.04046,0
2026-07-26T14:02:13.111803,04/30 08:15,11.82,0.0,,,,18.0,29.0,0.3764,0.094094,0.120851,0.094094,0.020021,0.0,0.0,0.085881,0.094094,0.43,moderate,0.04046,0.0,0.04046,0
2026-07-26T14:02:13.131794,04/30 09:23,12.2,52.0,21.83,21.0,22.36,21.0,26.0,0.3764,0.094094,0.132661,0.094094,0.024939,0.012176,0.01065,0.147713,0.10627,0.43,moderate,0.04046,0.002204,0.042664,0
2026-07-26T14:02:13.150575,04/30 10:15,12.35,52.0,22.98,21.95,23.91,21.0,26.0,0.3764,0.094094,0.136875,0.094094,0.028297,0.0,0.0,0.164986,0.094094,0.3,low,0.028228,0.0,0.028228,0
2026-07-26T14:02:13.168609,04/30 11:15,12.93,52.0,23.61,22.61,24.53,21.0,26.0,0.3764,0.094094,0.147596,0.094094,0.031808,0.0,0.0,0.226821,0.094094,0.3,low,0.028228,0.0,0.028228,0
2026-07-26T14:02:13.185576,04/30 12:15,13.3,41.6,23.77,22.81,24.67,21.0,26.0,0.3764,0.094094,0.15726,0.094094,0.03528,0.0,0.0,0.278093,0.094094,0.3,low,0.028228,0.0,0.028228,0
2026-07-26T14:02:30.402540,04/30 13:15,13.58,20.8,23.63,22.75,24.36,21.0,25.0,0.3764,0.094094,0.159336,0.094094,0.037147,0.0,0.0,0.286141,0.094094,0.3,low,0.028228,0.0,0.028228,0
2026-07-26T14:02:30.423539,04/30 14:15,14.4,41.6,24.2,23.36,24.94,21.0,25.0,0.3764,0.094094,0.176589,0.094094,0.041129,0.0,0.0,0.383367,0.094094,0.3,low,0.028228,0.0,0.028228,0
2026-07-26T14:02:30.445545,04/30 15:15,14.55,52.0,24.33,23.59,25.0,21.0,25.0,0.3814,0.095341,0.196724,0.095341,0.042928,0.0,0.0,0.492886,0.095341,0.3,low,0.028602,0.0,0.028602,0
2026-07-26T14:02:30.464539,04/30 16:15,15.0,52.0,24.34,23.55,25.0,21.0,25.0,0.3799,0.09498,0.202169,0.09498,0.045725,0.0,0.0,0.520686,0.09498,0.55,high,0.052239,0.0,0.052239,0
2026-07-26T14:02:30.482540,04/30 17:15,14.45,52.0,24.4,23.21,25.0,21.0,25.0,0.3768,0.094198,0.192111,0.094198,0.047498,0.0,0.0,0.461802,0.094198,0.55,high,0.051809,0.0,0.051809,0
2026-07-26T14:02:30.499539,04/30 18:15,12.53,52.0,23.96,22.74,25.0,21.0,25.0,0.3764,0.094094,0.161275,0.094094,0.044395,0.0,0.0,0.281645,0.094094,0.55,high,0.051752,0.0,0.051752,0
2026-07-26T14:02:46.353561,04/30 19:23,11.55,26.0,22.27,21.24,23.58,20.0,26.0,0.3764,0.094094,0.141827,0.094094,0.039412,0.0,0.0,0.17928,0.094094,0.55,high,0.051752,0.0,0.051752,0
2026-07-26T14:02:46.372563,04/30 20:23,10.97,0.0,,,,20.0,26.0,0.3764,0.094094,0.128179,0.094094,0.033287,0.0,0.0,0.106558,0.094094,0.55,high,0.051752,0.0,0.051752,0
2026-07-26T14:02:46.388559,04/30 21:15,10.4,0.0,,,,20.0,26.0,0.0,0.0,0.0,0.0,0.0,0.0,0.0,0.0,0.0,0.4,moderate,0.0,0.0,0.0,0
2026-07-26T14:02:46.402559,04/30 22:15,9.6,0.0,,,,20.0,26.0,0.0,0.0,0.0,0.0,0.0,0.0,0.0,0.0,0.0,0.4,moderate,0.0,0.0,0.0,0
2026-07-26T14:02:46.417559,04/30 23:15,8.8,0.0,,,,20.0,26.0,0.0,0.0,0.0,0.0,0.0,0.0,0.0,0.0,0.0,0.4,moderate,0.0,0.0,0.0,0
2026-07-26T14:02:46.432561,05/01 00:15,8.0,0.0,,,,20.0,26.0,0.0,0.0,0.0,0.0,0.0,0.0,0.0,0.0,0.0,0.34,low,0.0,0.0,0.0,0
2026-07-26T14:03:01.362777,05/01 01:15,7.2,0.0,,,,18.0,28.0,0.0,0.0,0.0,0.0,0.0,0.0,0.0,0.0,0.0,0.34,low,0.0,0.0,0.0,0
2026-07-26T14:03:01.379774,05/01 02:15,6.4,0.0,,,,18.0,28.0,0.0,0.0,0.0,0.0,0.0,0.0,0.0,0.0,0.0,0.34,low,0.0,0.0,0.0,0
2026-07-26T14:03:01.394775,05/01 03:15,5.6,0.0,,,,18.0,28.0,0.0,0.0,0.0,0.0,0.0,0.0,0.0,0.0,0.0,0.34,low,0.0,0.0,0.0,0
2026-07-26T14:03:01.409774,05/01 04:15,5.42,0.0,,,,18.0,28.0,0.0,0.0,0.0,0.0,0.0,0.0,0.0,0.0,0.0,0.34,low,0.0,0.0,0.0,0
2026-07-26T14:03:01.423775,05/01 05:15,6.98,0.0,,,,18.0,28.0,0.0,0.0,0.0,0.0,0.0,0.0,0.0,0.0,0.0,0.34,low,0.0,0.0,0.0,0
2026-07-26T14:03:01.437774,05/01 06:23,8.9,0.0,,,,18.0,28.0,0.0,0.0,0.0,0.0,0.0,0.0,0.0,0.0,0.0,0.43,moderate,0.0,0.0,0.0,0
2026-07-26T14:03:15.688769,05/01 07:15,12.47,0.0,,,,18.0,29.0,0.3764,0.094094,0.123469,0.094094,0.033793,0.0,0.0,0.107007,0.094094,0.43,moderate,0.04046,0.0,0.04046,0
2026-07-26T14:03:15.706767,05/01 08:15,13.58,0.0,,,,18.0,29.0,0.3764,0.094094,0.142511,0.094094,0.034685,0.0,0.0,0.199371,0.094094,0.43,moderate,0.04046,0.0,0.04046,0
2026-07-26T14:03:15.728916,05/01 09:23,14.55,52.0,21.82,21.0,22.46,21.0,26.0,0.3764,0.094094,0.163885,0.094094,0.040531,0.006453,0.00367,0.313289,0.100547,0.43,moderate,0.04046,0.001168,0.041628,0
2026-07-26T14:03:15.749912,05/01 10:23,15.15,52.0,23.31,22.31,24.03,21.0,26.0,0.3764,0.094094,0.176195,0.094094,0.038845,0.0,0.0,0.384419,0.094094,0.3,low,0.028228,0.0,0.028228,0
2026-07-26T14:03:15.767915,05/01 11:23,15.72,52.0,24.12,23.15,24.91,21.0,26.0,0.3764,0.094094,0.192353,0.094094,0.052136,0.0,0.0,0.453888,0.094094,0.3,low,0.028228,0.0,0.028228,0
2026-07-26T14:03:15.782912,05/01 12:15,15.98,41.6,24.49,23.59,25.37,21.0,26.0,0.3764,0.094094,0.203283,0.094094,0.059846,0.0,0.0,0.509346,0.094094,0.3,low,0.028228,0.0,0.028228,0
2026-07-26T14:03:30.806852,05/01 13:15,15.45,20.8,24.21,23.4,25.0,20.5,25.0,0.3773,0.094332,0.202211,0.094332,0.062835,0.0,0.0,0.500433,0.094332,0.3,low,0.0283,0.0,0.0283,0
2026-07-26T14:03:30.824852,05/01 14:15,15.28,41.6,24.43,23.7,25.0,20.5,25.0,0.3825,0.095637,0.214016,0.095637,0.059994,0.0,0.0,0.567729,0.095637,0.3,low,0.028691,0.0,0.028691,0
2026-07-26T14:03:30.840852,05/01 15:15,16.1,52.0,24.47,23.79,25.0,20.5,25.0,0.386,0.096505,0.24591,0.096505,0.068514,0.0,0.0,0.735501,0.096505,0.3,low,0.028951,0.0,0.028951,0
2026-07-26T14:03:30.855851,05/01 16:15,16.25,52.0,24.4,23.74,25.0,20.5,25.0,0.3817,0.095434,0.232154,0.095434,0.071432,0.0,0.0,0.656379,0.095434,0.55,high,0.052489,0.0,0.052489,0
2026-07-26T14:03:30.872851,05/01 17:15,16.55,52.0,24.19,23.28,25.0,20.5,25.0,0.3774,0.094355,0.224686,0.094355,0.072563,0.0,0.0,0.615785,0.094355,0.55,high,0.051895,0.0,0.051895,0
2026-07-26T14:03:30.888851,05/01 18:15,15.55,52.0,23.87,22.87,25.0,20.5,25.0,0.3766,0.094161,0.212905,0.094161,0.071443,0.0,0.0,0.550373,0.094161,0.55,high,0.051789,0.0,0.051789,0
2026-07-26T14:03:47.026704,05/01 19:15,13.48,26.0,22.32,21.44,23.62,20.0,26.0,0.3764,0.094094,0.177197,0.094094,0.066583,0.0,0.0,0.354978,0.094094,0.55,high,0.051752,0.0,0.051752,0
2026-07-26T14:03:47.045706,05/01 20:15,11.92,0.0,,,,20.0,26.0,0.3764,0.094094,0.146193,0.094094,0.048897,0.0,0.0,0.197351,0.094094,0.55,high,0.051752,0.0,0.051752,0
2026-07-26T14:03:47.062709,05/01 21:15,10.82,0.0,,,,20.0,26.0,0.0,0.0,0.0,0.0,0.0,0.0,0.0,0.0,0.0,0.4,moderate,0.0,0.0,0.0,0
2026-07-26T14:03:47.080704,05/01 22:15,9.57,0.0,,,,20.0,26.0,0.0,0.0,0.0,0.0,0.0,0.0,0.0,0.0,0.0,0.4,moderate,0.0,0.0,0.0,0
2026-07-26T14:03:47.096791,05/01 23:15,8.18,0.0,,,,20.0,26.0,0.0,0.0,0.0,0.0,0.0,0.0,0.0,0.0,0.0,0.4,moderate,0.0,0.0,0.0,0
2026-07-26T14:03:47.113704,05/02 00:15,7.8,0.0,,,,20.0,26.0,0.0,0.0,0.0,0.0,0.0,0.0,0.0,0.0,0.0,0.34,low,0.0,0.0,0.0,0
2026-07-26T14:04:02.366563,05/02 01:15,7.65,0.0,,,,18.0,28.0,0.0,0.0,0.0,0.0,0.0,0.0,0.0,0.0,0.0,0.34,low,0.0,0.0,0.0,0
2026-07-26T14:04:02.384563,05/02 02:15,7.08,0.0,,,,18.0,28.0,0.0,0.0,0.0,0.0,0.0,0.0,0.0,0.0,0.0,0.34,low,0.0,0.0,0.0,0
2026-07-26T14:04:02.401562,05/02 03:15,6.83,0.0,,,,18.0,28.0,0.0,0.0,0.0,0.0,0.0,0.0,0.0,0.0,0.0,0.34,low,0.0,0.0,0.0,0
2026-07-26T14:04:02.416564,05/02 04:15,7.08,0.0,,,,18.0,28.0,0.0,0.0,0.0,0.0,0.0,0.0,0.0,0.0,0.0,0.34,low,0.0,0.0,0.0,0
2026-07-26T14:04:02.431564,05/02 05:15,6.83,0.0,,,,18.0,28.0,0.0,0.0,0.0,0.0,0.0,0.0,0.0,0.0,0.0,0.34,low,0.0,0.0,0.0,0
2026-07-26T14:04:02.446563,05/02 06:15,7.48,0.0,,,,18.0,28.0,0.0,0.0,0.0,0.0,0.0,0.0,0.0,0.0,0.0,0.43,moderate,0.0,0.0,0.0,0
2026-07-26T14:04:18.219466,05/02 07:15,9.15,0.0,,,,18.0,29.0,0.3764,0.094094,0.0,0.094094,0.000398,0.248245,0.200583,0.0,0.342339,0.43,moderate,0.04046,0.044932,0.085393,0
2026-07-26T14:04:18.239465,05/02 08:23,12.67,0.0,,,,18.0,29.0,0.3764,0.094094,0.115714,0.094094,0.023619,0.0,0.0,0.068948,0.094094,0.43,moderate,0.04046,0.0,0.04046,0
2026-07-26T14:04:18.261467,05/02 09:20,16.42,52.0,22.07,21.0,23.21,21.0,26.0,0.3764,0.094094,0.176551,0.094094,0.034428,0.00666,0.004747,0.404842,0.100754,0.43,moderate,0.04046,0.001205,0.041666,0
2026-07-26T14:04:18.280474,05/02 10:23,19.32,52.0,24.0,22.43,25.76,21.0,26.0,0.3764,0.094094,0.237168,0.094094,0.050514,0.0,0.0,0.695217,0.094094,0.3,low,0.028228,0.0,0.028228,0
2026-07-26T14:04:18.299465,05/02 11:23,21.0,52.0,24.73,23.33,25.5,21.0,25.5,0.3809,0.095217,0.289176,0.095217,0.073946,0.0,0.0,0.937723,0.095217,0.3,low,0.028565,0.0,0.028565,0
2026-07-26T14:04:18.320465,05/02 12:23,22.35,41.6,25.09,23.88,25.5,21.0,25.5,0.3817,0.095435,0.326985,0.095435,0.085433,0.0,0.0,1.121199,0.095435,0.3,low,0.02863,0.0,0.02863,0
2026-07-26T14:04:34.833872,05/02 13:15,23.08,20.8,24.78,23.92,25.0,21.0,25.0,0.3878,0.096947,0.36628,0.096947,0.086169,0.0,0.0,1.314821,0.096947,0.3,low,0.029084,0.0,0.029084,0
2026-07-26T14:04:34.853869,05/02 14:15,23.75,41.6,24.99,24.96,25.0,21.0,25.0,0.4106,0.102655,0.458607,0.102655,0.070253,0.0,0.0,1.831323,0.102655,0.3,low,0.030796,0.0,0.030796,0
2026-07-26T14:04:34.871868,05/02 15:15,23.18,52.0,25.0,24.99,25.0,21.0,25.0,0.4206,0.105141,0.501538,0.105141,0.082713,0.0,0.0,1.971788,0.105141,0.3,low,0.031542,0.0,0.031542,0
2026-07-26T14:04:34.887868,05/02 16:15,22.38,52.0,24.92,24.6,25.0,21.0,25.0,0.4099,0.102483,0.465031,0.102483,0.09007,0.0,0.0,1.790745,0.102483,0.55,high,0.056366,0.0,0.056366,0
2026-07-26T14:04:34.905870,05/02 17:15,20.55,52.0,24.8,24.01,25.0,21.0,25.0,0.3923,0.098079,0.371751,0.098079,0.094611,0.0,0.0,1.334005,0.098079,0.55,high,0.053943,0.0,0.053943,0
2026-07-26T14:04:34.920868,05/02 18:15,18.35,52.0,24.61,23.49,25.0,21.0,25.0,0.382,0.095507,0.286728,0.095507,0.07286,0.0,0.0,0.930372,0.095507,0.55,high,0.052529,0.0,0.052529,0
2026-07-26T14:04:51.571720,05/02 19:23,16.27,26.0,23.05,21.98,23.98,20.0,26.0,0.3764,0.094094,0.221312,0.094094,0.065115,0.0,0.0,0.601702,0.094094,0.55,high,0.051752,0.0,0.051752,0
2026-07-26T14:04:51.591718,05/02 20:23,14.3,0.0,,,,20.0,26.0,0.3764,0.094094,0.191815,0.094094,0.05817,0.0,0.0,0.439927,0.094094,0.55,high,0.051752,0.0,0.051752,0
2026-07-26T14:04:51.608717,05/02 21:15,11.65,0.0,,,,20.0,26.0,0.0,0.0,0.0,0.0,0.0,0.0,0.0,0.0,0.0,0.4,moderate,0.0,0.0,0.0,0
2026-07-26T14:04:51.623717,05/02 22:15,10.0,0.0,,,,20.0,26.0,0.0,0.0,0.0,0.0,0.0,0.0,0.0,0.0,0.0,0.4,moderate,0.0,0.0,0.0,0
2026-07-26T14:04:51.638719,05/02 23:15,9.72,0.0,,,,20.0,26.0,0.0,0.0,0.0,0.0,0.0,0.0,0.0,0.0,0.0,0.4,moderate,0.0,0.0,0.0,0
2026-07-26T14:04:51.653717,05/03 00:15,8.62,0.0,,,,20.0,26.0,0.0,0.0,0.0,0.0,0.0,0.0,0.0,0.0,0.0,0.34,low,0.0,0.0,0.0,0
2026-07-26T14:05:07.328698,05/03 01:15,8.07,0.0,,,,18.0,28.0,0.0,0.0,0.0,0.0,0.0,0.0,0.0,0.0,0.0,0.34,low,0.0,0.0,0.0,0
2026-07-26T14:05:07.346692,05/03 02:15,8.48,0.0,,,,18.0,28.0,0.0,0.0,0.0,0.0,0.0,0.0,0.0,0.0,0.0,0.34,low,0.0,0.0,0.0,0
2026-07-26T14:05:07.362689,05/03 03:15,7.35,0.0,,,,18.0,28.0,0.0,0.0,0.0,0.0,0.0,0.0,0.0,0.0,0.0,0.34,low,0.0,0.0,0.0,0
2026-07-26T14:05:07.377689,05/03 04:15,7.38,0.0,,,,18.0,28.0,0.0,0.0,0.0,0.0,0.0,0.0,0.0,0.0,0.0,0.34,low,0.0,0.0,0.0,0
2026-07-26T14:05:07.391686,05/03 05:15,6.92,0.0,,,,18.0,28.0,0.0,0.0,0.0,0.0,0.0,0.0,0.0,0.0,0.0,0.34,low,0.0,0.0,0.0,0
2026-07-26T14:05:07.406686,05/03 06:23,10.38,0.0,,,,18.0,28.0,0.0,0.0,0.0,0.0,0.0,0.0,0.0,0.0,0.0,0.43,moderate,0.0,0.0,0.0,0
2026-07-26T14:05:21.848819,05/03 07:23,14.28,0.0,,,,18.0,29.0,0.3764,0.094094,0.140683,0.094094,0.031076,0.0,0.0,0.207342,0.094094,0.43,moderate,0.04046,0.0,0.04046,0
2026-07-26T14:05:21.866820,05/03 08:23,17.75,0.0,,,,18.0,29.0,0.3764,0.094094,0.198414,0.094094,0.043356,0.0,0.0,0.524914,0.094094,0.43,moderate,0.04046,0.0,0.04046,0
2026-07-26T14:05:21.886819,05/03 09:23,19.82,52.0,23.15,21.15,25.52,21.0,25.5,0.3817,0.095431,0.255972,0.095431,0.057429,0.0,0.0,0.801414,0.095431,0.43,moderate,0.041035,0.0,0.041035,0
2026-07-26T14:05:21.905818,05/03 10:23,21.8,52.0,24.42,22.71,25.5,21.0,25.5,0.3868,0.096708,0.321158,0.096708,0.078696,0.0,0.0,1.067748,0.096708,0.3,low,0.029012,0.0,0.029012,0
2026-07-26T14:05:21.923820,05/03 11:23,24.02,52.0,25.01,23.58,25.5,21.0,25.5,0.3886,0.097144,0.379728,0.097144,0.081698,0.0,0.0,1.378771,0.097144,0.3,low,0.029143,0.0,0.029143,0
2026-07-26T14:05:21.941818,05/03 12:23,24.27,41.6,25.18,23.93,25.5,21.0,25.5,0.3878,0.096954,0.398067,0.096954,0.089952,0.0,0.0,1.452859,0.096954,0.3,low,0.029086,0.0,0.029086,0
2026-07-26T14:05:36.506191,05/03 13:15,24.02,20.8,24.75,23.77,25.0,21.0,25.0,0.39,0.097491,0.390918,0.097491,0.075621,0.0,0.0,1.475207,0.097491,0.3,low,0.029247,0.0,0.029247,0
2026-07-26T14:05:36.525191,05/03 14:15,24.4,41.6,24.95,24.75,25.0,21.0,25.0,0.4079,0.101986,0.479937,0.101986,0.070968,0.0,0.0,1.869515,0.101986,0.3,low,0.030596,0.0,0.030596,0
2026-07-26T14:05:36.541189,05/03 15:15,24.27,52.0,24.99,24.96,25.0,21.0,25.0,0.426,0.106501,0.544365,0.106501,0.071467,0.0,0.0,2.174319,0.106501,0.3,low,0.03195,0.0,0.03195,0
2026-07-26T14:05:36.555188,05/03 16:15,23.62,52.0,24.92,24.63,25.0,21.0,25.0,0.4279,0.106979,0.544221,0.106979,0.074218,0.0,0.0,2.174823,0.106979,0.55,high,0.058838,0.0,0.058838,0
2026-07-26T14:05:36.572188,05/03 17:15,22.38,52.0,24.82,24.09,25.0,21.0,25.0,0.4103,0.102568,0.468446,0.102568,0.072927,0.0,0.0,1.821231,0.102568,0.55,high,0.056412,0.0,0.056412,0
2026-07-26T14:05:36.589190,05/03 18:15,20.4,52.0,24.7,23.64,25.0,21.0,25.0,0.3956,0.098908,0.384062,0.098908,0.07299,0.0,0.0,1.408424,0.098908,0.55,high,0.054399,0.0,0.054399,0
2026-07-26T14:05:51.844160,05/03 19:20,17.62,26.0,23.5,22.19,24.21,20.0,26.0,0.3764,0.094094,0.249381,0.094094,0.071913,0.0,0.0,0.737835,0.094094,0.55,high,0.051752,0.0,0.051752,0
2026-07-26T14:05:51.862161,05/03 20:23,15.02,0.0,,,,20.0,26.0,0.3764,0.094094,0.203598,0.094094,0.067786,0.0,0.0,0.497923,0.094094,0.55,high,0.051752,0.0,0.051752,0
2026-07-26T14:05:51.877195,05/03 21:15,13.03,0.0,,,,20.0,26.0,0.0,0.0,0.0,0.0,0.0,0.0,0.0,0.0,0.0,0.4,moderate,0.0,0.0,0.0,0
2026-07-26T14:05:51.891193,05/03 22:15,11.92,0.0,,,,20.0,26.0,0.0,0.0,0.0,0.0,0.0,0.0,0.0,0.0,0.0,0.4,moderate,0.0,0.0,0.0,0
2026-07-26T14:05:51.905160,05/03 23:15,10.97,0.0,,,,20.0,26.0,0.0,0.0,0.0,0.0,0.0,0.0,0.0,0.0,0.0,0.4,moderate,0.0,0.0,0.0,0
2026-07-26T14:05:51.919159,05/04 00:15,11.0,0.0,,,,20.0,26.0,0.0,0.0,0.0,0.0,0.0,0.0,0.0,0.0,0.0,0.34,low,0.0,0.0,0.0,0
2026-07-26T14:06:06.556251,05/04 01:15,12.35,0.0,,,,18.0,28.0,0.0,0.0,0.0,0.0,0.0,0.0,0.0,0.0,0.0,0.34,low,0.0,0.0,0.0,0
2026-07-26T14:06:06.572251,05/04 02:15,12.8,0.0,,,,18.0,28.0,0.0,0.0,0.0,0.0,0.0,0.0,0.0,0.0,0.0,0.34,low,0.0,0.0,0.0,0
2026-07-26T14:06:06.587250,05/04 03:15,12.1,0.0,,,,18.0,28.0,0.0,0.0,0.0,0.0,0.0,0.0,0.0,0.0,0.0,0.34,low,0.0,0.0,0.0,0
2026-07-26T14:06:06.602250,05/04 04:15,9.85,0.0,,,,18.0,28.0,0.0,0.0,0.0,0.0,0.0,0.0,0.0,0.0,0.0,0.34,low,0.0,0.0,0.0,0
2026-07-26T14:06:06.617251,05/04 05:15,9.7,0.0,,,,18.0,28.0,0.0,0.0,0.0,0.0,0.0,0.0,0.0,0.0,0.0,0.34,low,0.0,0.0,0.0,0
2026-07-26T14:06:06.631250,05/04 06:23,12.12,0.0,,,,18.0,28.0,0.0,0.0,0.0,0.0,0.0,0.0,0.0,0.0,0.0,0.43,moderate,0.0,0.0,0.0,0
2026-07-26T14:06:20.584649,05/04 07:20,17.52,0.0,,,,18.0,29.0,0.0,0.0,0.0,0.0,0.0,0.0,0.0,0.0,0.0,0.43,moderate,0.0,0.0,0.0,0
2026-07-26T14:06:20.602647,05/04 08:20,21.1,0.0,,,,18.0,29.0,0.0,0.0,0.0,0.0,0.0,0.0,0.0,0.0,0.0,0.43,moderate,0.0,0.0,0.0,0
2026-07-26T14:06:20.618648,05/04 09:23,25.1,0.0,,,,18.0,29.0,0.0,0.0,0.0,0.0,0.0,0.0,0.0,0.0,0.0,0.43,moderate,0.0,0.0,0.0,0
2026-07-26T14:06:20.634647,05/04 10:23,27.35,0.0,,,,18.0,29.0,0.0,0.0,0.0,0.0,0.0,0.0,0.0,0.0,0.0,0.3,low,0.0,0.0,0.0,0
2026-07-26T14:06:20.650647,05/04 11:23,28.08,0.0,,,,18.0,29.0,0.0,0.0,0.0,0.0,0.0,0.0,0.0,0.0,0.0,0.3,low,0.0,0.0,0.0,0
2026-07-26T14:06:20.666648,05/04 12:23,29.02,0.0,,,,18.0,29.0,0.0,0.0,0.0,0.0,0.0,0.0,0.0,0.0,0.0,0.3,low,0.0,0.0,0.0,0
2026-07-26T14:06:35.694372,05/04 13:23,29.27,0.0,,,,18.0,29.0,0.0,0.0,0.0,0.0,0.0,0.0,0.0,0.0,0.0,0.3,low,0.0,0.0,0.0,0
2026-07-26T14:06:35.713372,05/04 14:23,29.17,0.0,,,,18.0,29.0,0.0,0.0,0.0,0.0,0.0,0.0,0.0,0.0,0.0,0.3,low,0.0,0.0,0.0,0
2026-07-26T14:06:35.732372,05/04 15:23,30.0,0.0,,,,18.0,29.0,0.0,0.0,0.0,0.0,0.0,0.0,0.0,0.0,0.0,0.3,low,0.0,0.0,0.0,0
2026-07-26T14:06:35.750373,05/04 16:15,29.85,0.0,,,,18.0,29.0,0.0,0.0,0.0,0.0,0.0,0.0,0.0,0.0,0.0,0.55,high,0.0,0.0,0.0,0
2026-07-26T14:06:35.769373,05/04 17:15,28.72,0.0,,,,18.0,29.0,0.0,0.0,0.0,0.0,0.0,0.0,0.0,0.0,0.0,0.55,high,0.0,0.0,0.0,0
2026-07-26T14:06:35.786371,05/04 18:23,26.27,0.0,,,,18.0,29.0,0.0,0.0,0.0,0.0,0.0,0.0,0.0,0.0,0.0,0.55,high,0.0,0.0,0.0,0
2026-07-26T14:06:51.051105,05/04 19:20,24.3,0.0,,,,18.0,29.0,0.0,0.0,0.0,0.0,0.0,0.0,0.0,0.0,0.0,0.55,high,0.0,0.0,0.0,0
2026-07-26T14:06:51.070104,05/04 20:23,21.5,0.0,,,,18.0,29.0,0.0,0.0,0.0,0.0,0.0,0.0,0.0,0.0,0.0,0.55,high,0.0,0.0,0.0,0
2026-07-26T14:06:51.087102,05/04 21:15,19.27,0.0,,,,18.0,29.0,0.0,0.0,0.0,0.0,0.0,0.0,0.0,0.0,0.0,0.4,moderate,0.0,0.0,0.0,0
2026-07-26T14:06:51.102102,05/04 22:15,18.35,0.0,,,,18.0,29.0,0.0,0.0,0.0,0.0,0.0,0.0,0.0,0.0,0.0,0.4,moderate,0.0,0.0,0.0,0
2026-07-26T14:06:51.116102,05/04 23:15,16.27,0.0,,,,18.0,29.0,0.0,0.0,0.0,0.0,0.0,0.0,0.0,0.0,0.0,0.4,moderate,0.0,0.0,0.0,0
2026-07-26T14:06:51.131103,05/05 00:15,15.43,0.0,,,,18.0,29.0,0.0,0.0,0.0,0.0,0.0,0.0,0.0,0.0,0.0,0.34,low,0.0,0.0,0.0,0
2026-07-26T14:07:06.731732,05/05 01:15,16.55,0.0,,,,18.0,29.0,0.0,0.0,0.0,0.0,0.0,0.0,0.0,0.0,0.0,0.34,low,0.0,0.0,0.0,0
2026-07-26T14:07:06.750727,05/05 02:15,15.83,0.0,,,,18.0,29.0,0.0,0.0,0.0,0.0,0.0,0.0,0.0,0.0,0.0,0.34,low,0.0,0.0,0.0,0
2026-07-26T14:07:06.767729,05/05 03:15,14.57,0.0,,,,18.0,29.0,0.0,0.0,0.0,0.0,0.0,0.0,0.0,0.0,0.0,0.34,low,0.0,0.0,0.0,0
2026-07-26T14:07:06.784724,05/05 04:15,13.3,0.0,,,,18.0,29.0,0.0,0.0,0.0,0.0,0.0,0.0,0.0,0.0,0.0,0.34,low,0.0,0.0,0.0,0
2026-07-26T14:07:06.801724,05/05 05:15,14.15,0.0,,,,18.0,29.0,0.0,0.0,0.0,0.0,0.0,0.0,0.0,0.0,0.0,0.34,low,0.0,0.0,0.0,0
2026-07-26T14:07:06.818725,05/05 06:23,17.25,0.0,,,,18.0,29.0,0.0,0.0,0.0,0.0,0.0,0.0,0.0,0.0,0.0,0.43,moderate,0.0,0.0,0.0,0
2026-07-26T14:07:23.054050,05/05 07:20,19.45,0.0,,,,18.0,29.0,0.0,0.0,0.0,0.0,0.0,0.0,0.0,0.0,0.0,0.43,moderate,0.0,0.0,0.0,0
2026-07-26T14:07:23.075043,05/05 08:23,21.8,0.0,,,,18.0,29.0,0.0,0.0,0.0,0.0,0.0,0.0,0.0,0.0,0.0,0.43,moderate,0.0,0.0,0.0,0
2026-07-26T14:07:23.093041,05/05 09:23,24.17,0.0,,,,18.0,29.0,0.0,0.0,0.0,0.0,0.0,0.0,0.0,0.0,0.0,0.43,moderate,0.0,0.0,0.0,0
2026-07-26T14:07:23.109041,05/05 10:15,25.7,0.0,,,,18.0,29.0,0.0,0.0,0.0,0.0,0.0,0.0,0.0,0.0,0.0,0.3,low,0.0,0.0,0.0,0
2026-07-26T14:07:23.127045,05/05 11:23,28.08,0.0,,,,18.0,29.0,0.0,0.0,0.0,0.0,0.0,0.0,0.0,0.0,0.0,0.3,low,0.0,0.0,0.0,0
2026-07-26T14:07:23.144041,05/05 12:23,29.32,0.0,,,,18.0,29.0,0.0,0.0,0.0,0.0,0.0,0.0,0.0,0.0,0.0,0.3,low,0.0,0.0,0.0,0
2026-07-26T14:07:39.349946,05/05 13:23,30.6,0.0,,,,18.0,29.0,0.0,0.0,0.0,0.0,0.0,0.0,0.0,0.0,0.0,0.3,low,0.0,0.0,0.0,0
2026-07-26T14:07:39.371992,05/05 14:23,29.9,0.0,,,,18.0,29.0,0.0,0.0,0.0,0.0,0.0,0.0,0.0,0.0,0.0,0.3,low,0.0,0.0,0.0,0
2026-07-26T14:07:39.389616,05/05 15:15,27.65,0.0,,,,18.0,29.0,0.0,0.0,0.0,0.0,0.0,0.0,0.0,0.0,0.0,0.3,low,0.0,0.0,0.0,0
2026-07-26T14:07:39.405847,05/05 16:15,27.2,0.0,,,,18.0,29.0,0.0,0.0,0.0,0.0,0.0,0.0,0.0,0.0,0.0,0.55,high,0.0,0.0,0.0,0
2026-07-26T14:07:39.421842,05/05 17:15,27.07,0.0,,,,18.0,29.0,0.0,0.0,0.0,0.0,0.0,0.0,0.0,0.0,0.0,0.55,high,0.0,0.0,0.0,0
2026-07-26T14:07:39.437845,05/05 18:15,23.92,0.0,,,,18.0,29.0,0.0,0.0,0.0,0.0,0.0,0.0,0.0,0.0,0.0,0.55,high,0.0,0.0,0.0,0
2026-07-26T14:07:55.364242,05/05 19:20,14.9,0.0,,,,18.0,29.0,0.0,0.0,0.0,0.0,0.0,0.0,0.0,0.0,0.0,0.55,high,0.0,0.0,0.0,0
2026-07-26T14:07:55.383242,05/05 20:23,12.53,0.0,,,,18.0,29.0,0.0,0.0,0.0,0.0,0.0,0.0,0.0,0.0,0.0,0.55,high,0.0,0.0,0.0,0
2026-07-26T14:07:55.401242,05/05 21:23,11.97,0.0,,,,18.0,29.0,0.0,0.0,0.0,0.0,0.0,0.0,0.0,0.0,0.0,0.4,moderate,0.0,0.0,0.0,0
2026-07-26T14:07:55.417241,05/05 22:23,12.65,0.0,,,,18.0,29.0,0.0,0.0,0.0,0.0,0.0,0.0,0.0,0.0,0.0,0.4,moderate,0.0,0.0,0.0,0
2026-07-26T14:07:55.432241,05/05 23:15,11.92,0.0,,,,18.0,29.0,0.0,0.0,0.0,0.0,0.0,0.0,0.0,0.0,0.0,0.4,moderate,0.0,0.0,0.0,0
2026-07-26T14:07:55.450241,05/06 00:15,10.97,0.0,,,,18.0,29.0,0.0,0.0,0.0,0.0,0.0,0.0,0.0,0.0,0.0,0.34,low,0.0,0.0,0.0,0
2026-07-26T14:08:10.716184,05/06 01:15,10.3,0.0,,,,18.0,29.0,0.0,0.0,0.0,0.0,0.0,0.0,0.0,0.0,0.0,0.34,low,0.0,0.0,0.0,0
2026-07-26T14:08:10.734184,05/06 02:15,9.12,0.0,,,,18.0,29.0,0.0,0.0,0.0,0.0,0.0,0.0,0.0,0.0,0.0,0.34,low,0.0,0.0,0.0,0
2026-07-26T14:08:10.750184,05/06 03:15,8.3,0.0,,,,18.0,29.0,0.0,0.0,0.0,0.0,0.0,0.0,0.0,0.0,0.0,0.34,low,0.0,0.0,0.0,0
2026-07-26T14:08:10.764184,05/06 04:15,8.18,0.0,,,,18.0,29.0,0.0,0.0,0.0,0.0,0.0,0.0,0.0,0.0,0.0,0.34,low,0.0,0.0,0.0,0
2026-07-26T14:08:10.779183,05/06 05:15,8.07,0.0,,,,18.0,29.0,0.0,0.0,0.0,0.0,0.0,0.0,0.0,0.0,0.0,0.34,low,0.0,0.0,0.0,0
2026-07-26T14:08:10.794186,05/06 06:23,9.88,0.0,,,,18.0,29.0,0.0,0.0,0.0,0.0,0.0,0.0,0.0,0.0,0.0,0.43,moderate,0.0,0.0,0.0,0
2026-07-26T14:08:25.192528,05/06 07:23,13.63,0.0,,,,18.0,29.0,0.3764,0.094094,0.131569,0.094094,0.0219,0.0,0.0,0.172519,0.094094,0.43,moderate,0.04046,0.0,0.04046,0
2026-07-26T14:08:25.211534,05/06 08:23,16.38,0.0,,,,18.0,29.0,0.3764,0.094094,0.182778,0.094094,0.028695,0.0,0.0,0.439896,0.094094,0.43,moderate,0.04046,0.0,0.04046,0
2026-07-26T14:08:25.230529,05/06 09:23,17.62,52.0,23.08,21.11,25.51,21.0,25.5,0.3803,0.095076,0.21521,0.095076,0.035259,0.0,0.0,0.60868,0.095076,0.43,moderate,0.040883,0.0,0.040883,0
2026-07-26T14:08:25.248529,05/06 10:23,19.32,52.0,24.31,22.6,25.5,21.0,25.5,0.3853,0.096332,0.266881,0.096332,0.043032,0.0,0.0,0.863072,0.096332,0.3,low,0.0289,0.0,0.0289,0
2026-07-26T14:08:25.265529,05/06 11:23,21.0,52.0,24.91,23.4,25.5,21.0,25.5,0.3844,0.0961,0.300654,0.0961,0.050956,0.0,0.0,1.02712,0.0961,0.3,low,0.02883,0.0,0.02883,0
2026-07-26T14:08:25.283535,05/06 12:23,22.07,41.6,25.12,23.76,25.5,21.0,25.5,0.3817,0.09543,0.325527,0.09543,0.058204,0.0,0.0,1.135281,0.09543,0.3,low,0.028629,0.0,0.028629,0
2026-07-26T14:08:40.065764,05/06 13:15,21.97,20.8,24.73,23.68,25.0,21.0,25.0,0.3861,0.096536,0.338395,0.096536,0.059048,0.0,0.0,1.206089,0.096536,0.3,low,0.028961,0.0,0.028961,0
2026-07-26T14:08:40.082762,05/06 14:15,22.53,41.6,24.92,24.62,25.0,21.0,25.0,0.4035,0.100881,0.426109,0.100881,0.060578,0.0,0.0,1.632182,0.100881,0.3,low,0.030264,0.0,0.030264,0
2026-07-26T14:08:40.098762,05/06 15:15,21.55,52.0,24.97,24.86,25.0,21.0,25.0,0.4075,0.101873,0.424175,0.101873,0.060276,0.0,0.0,1.634029,0.101873,0.3,low,0.030562,0.0,0.030562,0
2026-07-26T14:08:40.117272,05/06 16:15,20.68,52.0,24.9,24.52,25.0,21.0,25.0,0.4014,0.100343,0.394231,0.100343,0.06027,0.0,0.0,1.485843,0.100343,0.55,high,0.055189,0.0,0.055189,0
2026-07-26T14:08:40.132272,05/06 17:15,19.4,52.0,24.77,23.88,25.0,21.0,25.0,0.3826,0.095639,0.29358,0.095639,0.06001,0.0,0.0,0.973097,0.095639,0.55,high,0.052601,0.0,0.052601,0
2026-07-26T14:08:40.146271,05/06 18:15,18.85,52.0,24.48,23.42,25.0,21.0,25.0,0.3803,0.095067,0.280769,0.095067,0.060188,0.0,0.0,0.916642,0.095067,0.55,high,0.052287,0.0,0.052287,0
2026-07-26T14:08:56.222450,05/06 19:23,16.8,26.0,22.94,21.93,23.89,20.0,26.0,0.3764,0.094094,0.225342,0.094094,0.052695,0.0,0.0,0.630801,0.094094,0.55,high,0.051752,0.0,0.051752,0
2026-07-26T14:08:56.241447,05/06 20:23,14.2,0.0,,,,20.0,26.0,0.3764,0.094094,0.195693,0.094094,0.044375,0.0,0.0,0.478881,0.094094,0.55,high,0.051752,0.0,0.051752,0
2026-07-26T14:08:56.256445,05/06 21:15,9.72,0.0,,,,20.0,26.0,0.0,0.0,0.0,0.0,0.0,0.0,0.0,0.0,0.0,0.4,moderate,0.0,0.0,0.0,0
2026-07-26T14:08:56.269446,05/06 22:15,8.62,0.0,,,,20.0,26.0,0.0,0.0,0.0,0.0,0.0,0.0,0.0,0.0,0.0,0.4,moderate,0.0,0.0,0.0,0
2026-07-26T14:08:56.286446,05/06 23:15,7.1,0.0,,,,20.0,26.0,0.0,0.0,0.0,0.0,0.0,0.0,0.0,0.0,0.0,0.4,moderate,0.0,0.0,0.0,0
2026-07-26T14:08:56.301447,05/07 00:15,5.15,0.0,,,,20.0,26.0,0.0,0.0,0.0,0.0,0.0,0.0,0.0,0.0,0.0,0.34,low,0.0,0.0,0.0,0
2026-07-26T14:09:10.466174,05/07 01:15,5.3,0.0,,,,18.0,28.0,0.0,0.0,0.0,0.0,0.0,0.0,0.0,0.0,0.0,0.34,low,0.0,0.0,0.0,0
2026-07-26T14:09:10.482176,05/07 02:15,4.12,0.0,,,,18.0,28.0,0.0,0.0,0.0,0.0,0.0,0.0,0.0,0.0,0.0,0.34,low,0.0,0.0,0.0,0
2026-07-26T14:09:10.497174,05/07 03:15,3.3,0.0,,,,18.0,28.0,0.0,0.0,0.0,0.0,0.0,0.0,0.0,0.0,0.0,0.34,low,0.0,0.0,0.0,0
2026-07-26T14:09:10.514180,05/07 04:15,3.3,0.0,,,,18.0,28.0,0.0,0.0,0.0,0.0,0.0,0.0,0.0,0.0,0.0,0.34,low,0.0,0.0,0.0,0
2026-07-26T14:09:10.528178,05/07 05:15,3.72,0.0,,,,18.0,28.0,0.0,0.0,0.0,0.0,0.0,0.0,0.0,0.0,0.0,0.34,low,0.0,0.0,0.0,0
2026-07-26T14:09:10.543185,05/07 06:23,5.55,0.0,,,,18.0,28.0,0.0,0.0,0.0,0.0,0.0,0.0,0.0,0.0,0.0,0.43,moderate,0.0,0.0,0.0,0
2026-07-26T14:09:24.079385,05/07 07:23,7.62,0.0,,,,18.0,29.0,0.3764,0.094094,0.0,0.094094,0.000608,0.34426,0.286002,0.0,0.438354,0.43,moderate,0.04046,0.062311,0.102771,0
2026-07-26T14:09:24.097374,05/07 08:15,9.18,0.0,,,,18.0,29.0,0.3764,0.094094,0.0,0.094094,0.000253,0.15376,0.145395,0.0,0.247854,0.43,moderate,0.04046,0.027831,0.068291,0
2026-07-26T14:09:24.115374,05/07 09:23,10.15,52.0,22.53,21.0,24.77,21.0,26.0,0.3764,0.094094,0.0,0.094094,6.6e-05,0.036739,0.051262,0.0,0.130833,0.43,moderate,0.04046,0.00665,0.04711,0
2026-07-26T14:09:24.132377,05/07 10:23,10.45,52.0,23.76,22.08,25.43,21.0,25.5,0.3764,0.094094,0.114799,0.094094,0.026838,0.0,0.0,0.04256,0.094094,0.3,low,0.028228,0.0,0.028228,0
2026-07-26T14:09:24.148377,05/07 11:15,10.15,52.0,23.95,22.58,24.77,21.0,25.5,0.3764,0.094094,0.1117,0.094094,0.029534,0.0,0.0,0.01376,0.094094,0.3,low,0.028228,0.0,0.028228,0
2026-07-26T14:09:24.163376,05/07 12:15,11.0,41.6,24.02,22.82,24.87,21.0,25.5,0.3764,0.094094,0.12099,0.094094,0.032802,0.0,0.0,0.072358,0.094094,0.3,low,0.028228,0.0,0.028228,0
2026-07-26T14:09:38.521524,05/07 13:15,12.47,20.8,23.78,22.75,24.54,21.0,25.0,0.3764,0.094094,0.143407,0.094094,0.036305,0.0,0.0,0.203698,0.094094,0.3,low,0.028228,0.0,0.028228,0
2026-07-26T14:09:38.538524,05/07 14:15,13.03,41.6,24.28,23.56,25.0,21.0,25.0,0.3786,0.094648,0.167865,0.094648,0.039773,0.0,0.0,0.344248,0.094648,0.3,low,0.028394,0.0,0.028394,0
2026-07-26T14:09:38.554526,05/07 15:15,12.07,52.0,24.37,23.69,25.0,21.0,25.0,0.3822,0.095541,0.169271,0.095541,0.039521,0.0,0.0,0.338146,0.095541,0.3,low,0.028662,0.0,0.028662,0
2026-07-26T14:09:38.571527,05/07 16:15,11.55,52.0,24.33,23.4,25.0,21.0,25.0,0.3809,0.095236,0.159453,0.095236,0.040272,0.0,0.0,0.282615,0.095236,0.55,high,0.05238,0.0,0.05238,0
2026-07-26T14:09:38.587524,05/07 17:15,10.82,52.0,24.0,22.9,25.0,21.0,25.0,0.3766,0.094155,0.136668,0.094155,0.040865,0.0,0.0,0.148815,0.094155,0.55,high,0.051785,0.0,0.051785,0
2026-07-26T14:09:38.602528,05/07 18:15,9.57,52.0,23.53,22.4,24.94,21.0,25.0,0.3764,0.094094,0.120689,0.094094,0.039269,0.0,0.0,0.054887,0.094094,0.55,high,0.051752,0.0,0.051752,0
2026-07-26T14:09:54.228171,05/07 19:23,8.18,26.0,21.95,21.01,23.49,20.0,26.0,0.3764,0.094094,0.0,0.094094,0.000156,0.090749,0.097061,0.0,0.184843,0.55,high,0.051752,0.016426,0.068177,0
2026-07-26T14:09:54.247172,05/07 20:23,7.8,0.0,,,,20.0,26.0,0.3764,0.094094,0.0,0.094094,0.000339,0.113335,0.193944,0.0,0.207429,0.55,high,0.051752,0.020514,0.072265,0
2026-07-26T14:09:54.262170,05/07 21:15,7.38,0.0,,,,20.0,26.0,0.0,0.0,0.0,0.0,0.0,0.0,0.0,0.0,0.0,0.4,moderate,0.0,0.0,0.0,0
2026-07-26T14:09:54.276170,05/07 22:15,6.1,0.0,,,,20.0,26.0,0.0,0.0,0.0,0.0,0.0,0.0,0.0,0.0,0.0,0.4,moderate,0.0,0.0,0.0,0
2026-07-26T14:09:54.290170,05/07 23:15,6.25,0.0,,,,20.0,26.0,0.0,0.0,0.0,0.0,0.0,0.0,0.0,0.0,0.0,0.4,moderate,0.0,0.0,0.0,0
2026-07-26T14:09:54.304170,05/08 00:15,6.7,0.0,,,,20.0,26.0,0.0,0.0,0.0,0.0,0.0,0.0,0.0,0.0,0.0,0.34,low,0.0,0.0,0.0,0
2026-07-26T14:10:09.650113,05/08 01:15,6.7,0.0,,,,18.0,28.0,0.0,0.0,0.0,0.0,0.0,0.0,0.0,0.0,0.0,0.34,low,0.0,0.0,0.0,0
2026-07-26T14:10:09.669110,05/08 02:15,6.7,0.0,,,,18.0,28.0,0.0,0.0,0.0,0.0,0.0,0.0,0.0,0.0,0.0,0.34,low,0.0,0.0,0.0,0
2026-07-26T14:10:09.686110,05/08 03:15,6.7,0.0,,,,18.0,28.0,0.0,0.0,0.0,0.0,0.0,0.0,0.0,0.0,0.0,0.34,low,0.0,0.0,0.0,0
2026-07-26T14:10:09.703111,05/08 04:15,6.55,0.0,,,,18.0,28.0,0.0,0.0,0.0,0.0,0.0,0.0,0.0,0.0,0.0,0.34,low,0.0,0.0,0.0,0
2026-07-26T14:10:09.719109,05/08 05:15,5.97,0.0,,,,18.0,28.0,0.0,0.0,0.0,0.0,0.0,0.0,0.0,0.0,0.0,0.34,low,0.0,0.0,0.0,0
2026-07-26T14:10:09.735109,05/08 06:15,5.87,0.0,,,,18.0,28.0,0.0,0.0,0.0,0.0,0.0,0.0,0.0,0.0,0.0,0.43,moderate,0.0,0.0,0.0,0
2026-07-26T14:10:24.614629,05/08 07:15,7.25,0.0,,,,18.0,29.0,0.3764,0.094094,0.0,0.094094,0.000747,0.429144,0.328841,0.0,0.523238,0.43,moderate,0.04046,0.077675,0.118135,0
2026-07-26T14:10:24.633629,05/08 08:15,9.33,0.0,,,,18.0,29.0,0.3764,0.094094,0.0,0.094094,0.000271,0.163819,0.153341,0.0,0.257913,0.43,moderate,0.04046,0.029651,0.070112,0
2026-07-26T14:10:24.654629,05/08 09:23,10.45,52.0,21.9,21.0,22.83,21.0,26.0,0.3764,0.094094,0.108433,0.094094,0.019929,0.021842,0.026134,0.006033,0.115936,0.43,moderate,0.04046,0.003953,0.044414,0
2026-07-26T14:10:24.672627,05/08 10:23,10.15,52.0,23.4,21.97,24.57,21.0,26.0,0.3764,0.094094,0.0,0.094094,2e-05,0.011016,0.015169,0.0,0.10511,0.3,low,0.028228,0.001994,0.030222,0
2026-07-26T14:10:24.689629,05/08 11:23,10.45,52.0,23.79,22.56,24.61,21.0,26.0,0.3764,0.094094,0.117188,0.094094,0.02936,0.0,0.0,0.05454,0.094094,0.3,low,0.028228,0.0,0.028228,0
2026-07-26T14:10:24.704628,05/08 12:15,10.28,41.6,23.86,22.78,24.77,21.0,26.0,0.3764,0.094094,0.113057,0.094094,0.031018,0.0,0.0,0.020204,0.094094,0.3,low,0.028228,0.0,0.028228,0
2026-07-26T14:10:41.037974,05/08 13:15,10.97,20.8,23.58,22.64,24.44,21.0,25.0,0.3764,0.094094,0.127716,0.094094,0.033931,0.0,0.0,0.113175,0.094094,0.3,low,0.028228,0.0,0.028228,0
2026-07-26T14:10:41.057973,05/08 14:15,11.0,41.6,24.05,23.24,24.96,21.0,25.0,0.3764,0.094094,0.123958,0.094094,0.034815,0.0,0.0,0.081522,0.094094,0.3,low,0.028228,0.0,0.028228,0
2026-07-26T14:10:41.079974,05/08 15:15,12.07,52.0,24.38,23.63,25.0,21.0,25.0,0.3808,0.095201,0.160287,0.095201,0.038121,0.0,0.0,0.301402,0.095201,0.3,low,0.02856,0.0,0.02856,0
2026-07-26T14:10:41.096975,05/08 16:15,11.7,52.0,24.33,23.42,25.0,21.0,25.0,0.3803,0.095081,0.155922,0.095081,0.039201,0.0,0.0,0.263964,0.095081,0.55,high,0.052295,0.0,0.052295,0
2026-07-26T14:10:41.113973,05/08 17:15,11.55,52.0,23.94,22.93,24.99,21.0,25.0,0.3764,0.094094,0.142946,0.094094,0.041084,0.0,0.0,0.188708,0.094094,0.55,high,0.051752,0.0,0.051752,0
2026-07-26T14:10:41.129974,05/08 18:15,10.97,52.0,23.57,22.51,24.92,21.0,25.0,0.3764,0.094094,0.134924,0.094094,0.040257,0.0,0.0,0.140167,0.094094,0.55,high,0.051752,0.0,0.051752,0
2026-07-26T14:10:57.796826,05/08 19:15,10.17,26.0,22.03,21.15,23.5,20.0,26.0,0.3764,0.094094,0.124785,0.094094,0.036348,0.0,0.0,0.084721,0.094094,0.55,high,0.051752,0.0,0.051752,0
2026-07-26T14:10:57.816826,05/08 20:15,8.9,0.0,,,,20.0,26.0,0.3764,0.094094,0.0,0.094094,0.00013,0.046458,0.083882,0.0,0.140552,0.55,high,0.051752,0.008409,0.060161,0
2026-07-26T14:10:57.834826,05/08 21:15,8.48,0.0,,,,20.0,26.0,0.0,0.0,0.0,0.0,0.0,0.0,0.0,0.0,0.0,0.4,moderate,0.0,0.0,0.0,0
2026-07-26T14:10:57.849825,05/08 22:15,7.35,0.0,,,,20.0,26.0,0.0,0.0,0.0,0.0,0.0,0.0,0.0,0.0,0.0,0.4,moderate,0.0,0.0,0.0,0
2026-07-26T14:10:57.865825,05/08 23:15,7.52,0.0,,,,20.0,26.0,0.0,0.0,0.0,0.0,0.0,0.0,0.0,0.0,0.0,0.4,moderate,0.0,0.0,0.0,0
2026-07-26T14:10:57.881826,05/09 00:15,6.12,0.0,,,,20.0,26.0,0.0,0.0,0.0,0.0,0.0,0.0,0.0,0.0,0.0,0.34,low,0.0,0.0,0.0,0
2026-07-26T14:11:13.737281,05/09 01:15,3.85,0.0,,,,18.0,28.0,0.0,0.0,0.0,0.0,0.0,0.0,0.0,0.0,0.0,0.34,low,0.0,0.0,0.0,0
2026-07-26T14:11:13.755233,05/09 02:15,2.35,0.0,,,,18.0,28.0,0.0,0.0,0.0,0.0,0.0,0.0,0.0,0.0,0.0,0.34,low,0.0,0.0,0.0,0
2026-07-26T14:11:13.772273,05/09 03:15,2.8,0.0,,,,18.0,28.0,0.0,0.0,0.0,0.0,0.0,0.0,0.0,0.0,0.0,0.34,low,0.0,0.0,0.0,0
2026-07-26T14:11:13.788281,05/09 04:15,2.52,0.0,,,,18.0,28.0,0.0,0.0,0.0,0.0,0.0,0.0,0.0,0.0,0.0,0.34,low,0.0,0.0,0.0,0
2026-07-26T14:11:13.804280,05/09 05:23,2.25,0.0,,,,18.0,28.0,0.0,0.0,0.0,0.0,0.0,0.0,0.0,0.0,0.0,0.34,low,0.0,0.0,0.0,0
2026-07-26T14:11:13.820323,05/09 06:23,5.0,0.0,,,,18.0,28.0,0.0,0.0,0.0,0.0,0.0,0.0,0.0,0.0,0.0,0.43,moderate,0.0,0.0,0.0,0
2026-07-26T14:11:29.652018,05/09 07:23,8.88,0.0,,,,18.0,29.0,0.3764,0.094094,0.0,0.094094,0.00039,0.207034,0.203708,0.0,0.301128,0.43,moderate,0.04046,0.037473,0.077934,0
2026-07-26T14:11:29.673017,05/09 08:23,10.88,0.0,,,,18.0,29.0,0.3764,0.094094,0.0,0.094094,1.5e-05,0.0088,0.012002,0.0,0.102894,0.43,moderate,0.04046,0.001593,0.042053,0
2026-07-26T14:11:29.693017,05/09 09:23,12.1,52.0,22.75,21.0,25.56,21.0,26.0,0.3764,0.094094,0.124231,0.094094,0.023635,0.022773,0.030123,0.106457,0.116867,0.43,moderate,0.04046,0.004122,0.044582,0
2026-07-26T14:11:29.712022,05/09 10:23,13.58,52.0,23.95,22.18,25.5,21.0,25.5,0.3822,0.095551,0.168211,0.095551,0.031299,0.0,0.0,0.348479,0.095551,0.3,low,0.028665,0.0,0.028665,0
2026-07-26T14:11:29.731017,05/09 11:23,14.7,52.0,24.63,23.15,25.5,21.0,25.5,0.379,0.09474,0.184008,0.09474,0.039101,0.0,0.0,0.420652,0.09474,0.3,low,0.028422,0.0,0.028422,0
2026-07-26T14:11:29.749025,05/09 12:15,15.88,41.6,24.67,23.3,25.24,21.0,25.5,0.3764,0.094094,0.195479,0.094094,0.044452,0.0,0.0,0.484509,0.094094,0.3,low,0.028228,0.0,0.028228,0
2026-07-26T14:11:44.968100,05/09 13:15,16.7,20.8,24.38,23.22,25.0,21.0,25.0,0.3764,0.094094,0.213852,0.094094,0.048483,0.0,0.0,0.580102,0.094094,0.3,low,0.028228,0.0,0.028228,0
2026-07-26T14:11:44.986101,05/09 14:15,16.97,41.6,24.71,24.15,25.0,21.0,25.0,0.3868,0.096704,0.254918,0.096704,0.048988,0.0,0.0,0.804889,0.096704,0.3,low,0.029011,0.0,0.029011,0
2026-07-26T14:11:45.004099,05/09 15:15,17.8,52.0,24.86,24.3,25.0,21.0,25.0,0.3992,0.099811,0.31837,0.099811,0.052207,0.0,0.0,1.146821,0.099811,0.3,low,0.029943,0.0,0.029943,0
2026-07-26T14:11:45.020109,05/09 16:15,17.65,52.0,24.8,24.0,25.0,21.0,25.0,0.4013,0.100328,0.331734,0.100328,0.053641,0.0,0.0,1.203534,0.100328,0.55,high,0.05518,0.0,0.05518,0
2026-07-26T14:11:45.036102,05/09 17:15,16.92,52.0,24.63,23.47,25.0,21.0,25.0,0.3951,0.098769,0.30361,0.098769,0.054119,0.0,0.0,1.052365,0.098769,0.55,high,0.054323,0.0,0.054323,0
2026-07-26T14:11:45.052098,05/09 18:15,15.68,52.0,24.44,23.07,25.0,21.0,25.0,0.3896,0.097411,0.267355,0.097411,0.052704,0.0,0.0,0.85494,0.097411,0.55,high,0.053576,0.0,0.053576,0
2026-07-26T14:12:00.520970,05/09 19:20,14.0,26.0,23.11,21.66,24.1,20.0,26.0,0.3764,0.094094,0.18442,0.094094,0.048806,0.0,0.0,0.412973,0.094094,0.55,high,0.051752,0.0,0.051752,0
2026-07-26T14:12:00.541969,05/09 20:23,12.38,0.0,,,,20.0,26.0,0.3764,0.094094,0.156251,0.094094,0.039995,0.0,0.0,0.260475,0.094094,0.55,high,0.051752,0.0,0.051752,0
2026-07-26T14:12:00.557967,05/09 21:15,10.55,0.0,,,,20.0,26.0,0.0,0.0,0.0,0.0,0.0,0.0,0.0,0.0,0.0,0.4,moderate,0.0,0.0,0.0,0
2026-07-26T14:12:00.571968,05/09 22:15,9.03,0.0,,,,20.0,26.0,0.0,0.0,0.0,0.0,0.0,0.0,0.0,0.0,0.0,0.4,moderate,0.0,0.0,0.0,0
2026-07-26T14:12:00.586969,05/09 23:15,9.12,0.0,,,,20.0,26.0,0.0,0.0,0.0,0.0,0.0,0.0,0.0,0.0,0.0,0.4,moderate,0.0,0.0,0.0,0
2026-07-26T14:12:00.600969,05/10 00:15,8.45,0.0,,,,20.0,26.0,0.0,0.0,0.0,0.0,0.0,0.0,0.0,0.0,0.0,0.34,low,0.0,0.0,0.0,0
2026-07-26T14:12:14.927556,05/10 01:15,8.9,0.0,,,,18.0,28.0,0.0,0.0,0.0,0.0,0.0,0.0,0.0,0.0,0.0,0.34,low,0.0,0.0,0.0,0
2026-07-26T14:12:14.943555,05/10 02:15,9.33,0.0,,,,18.0,28.0,0.0,0.0,0.0,0.0,0.0,0.0,0.0,0.0,0.0,0.34,low,0.0,0.0,0.0,0
2026-07-26T14:12:14.957555,05/10 03:15,10.6,0.0,,,,18.0,28.0,0.0,0.0,0.0,0.0,0.0,0.0,0.0,0.0,0.0,0.34,low,0.0,0.0,0.0,0
2026-07-26T14:12:14.970557,05/10 04:15,10.72,0.0,,,,18.0,28.0,0.0,0.0,0.0,0.0,0.0,0.0,0.0,0.0,0.0,0.34,low,0.0,0.0,0.0,0
2026-07-26T14:12:14.984556,05/10 05:15,11.25,0.0,,,,18.0,28.0,0.0,0.0,0.0,0.0,0.0,0.0,0.0,0.0,0.0,0.34,low,0.0,0.0,0.0,0
2026-07-26T14:12:14.997557,05/10 06:15,11.7,0.0,,,,18.0,28.0,0.0,0.0,0.0,0.0,0.0,0.0,0.0,0.0,0.0,0.43,moderate,0.0,0.0,0.0,0
2026-07-26T14:12:28.884221,05/10 07:15,12.1,0.0,,,,18.0,29.0,0.3764,0.094094,0.120157,0.094094,0.018515,0.0,0.0,0.077571,0.094094,0.43,moderate,0.04046,0.0,0.04046,0
2026-07-26T14:12:28.902213,05/10 08:15,13.58,0.0,,,,18.0,29.0,0.3764,0.094094,0.140379,0.094094,0.021274,0.0,0.0,0.204847,0.094094,0.43,moderate,0.04046,0.0,0.04046,0
2026-07-26T14:12:28.939218,05/10 09:23,14.7,52.0,21.72,21.02,22.28,21.0,26.0,0.3764,0.094094,0.162185,0.094094,0.027494,0.001929,0.000689,0.314774,0.096023,0.43,moderate,0.04046,0.000349,0.04081,0
2026-07-26T14:12:28.958213,05/10 10:23,16.42,52.0,23.48,22.47,24.04,21.0,26.0,0.3764,0.094094,0.184442,0.094094,0.033789,0.0,0.0,0.432333,0.094094,0.3,low,0.028228,0.0,0.028228,0
2026-07-26T14:12:28.974212,05/10 11:23,19.32,52.0,24.32,23.27,24.95,21.0,26.0,0.3764,0.094094,0.241519,0.094094,0.066759,0.0,0.0,0.713886,0.094094,0.3,low,0.028228,0.0,0.028228,0
2026-07-26T14:12:28.989214,05/10 12:15,21.0,41.6,24.63,23.54,25.28,21.0,26.0,0.3764,0.094094,0.271989,0.094094,0.067623,0.0,0.0,0.863501,0.094094,0.3,low,0.028228,0.0,0.028228,0
2026-07-26T14:12:43.792709,05/10 13:15,21.92,20.8,24.39,23.42,25.0,21.0,25.0,0.3775,0.094369,0.306463,0.094369,0.075133,0.0,0.0,1.023531,0.094369,0.3,low,0.028311,0.0,0.028311,0
2026-07-26T14:12:43.809704,05/10 14:15,20.68,41.6,24.63,23.86,25.0,21.0,25.0,0.3858,0.09644,0.32378,0.09644,0.076145,0.0,0.0,1.116182,0.09644,0.3,low,0.028932,0.0,0.028932,0
2026-07-26T14:12:43.824703,05/10 15:15,19.27,52.0,24.61,23.89,25.0,21.0,25.0,0.3884,0.097102,0.308943,0.097102,0.07361,0.0,0.0,1.050116,0.097102,0.3,low,0.029131,0.0,0.029131,0
2026-07-26T14:12:43.839703,05/10 16:15,18.9,52.0,24.45,23.69,25.0,21.0,25.0,0.3834,0.095859,0.281507,0.095859,0.067064,0.0,0.0,0.917747,0.095859,0.55,high,0.052722,0.0,0.052722,0
2026-07-26T14:12:43.854706,05/10 17:15,17.65,52.0,24.04,23.15,25.0,21.0,25.0,0.3776,0.094404,0.257578,0.094404,0.063133,0.0,0.0,0.794898,0.094404,0.55,high,0.051922,0.0,0.051922,0
2026-07-26T14:12:43.867704,05/10 18:15,13.75,52.0,23.54,22.51,24.99,21.0,25.0,0.3764,0.094094,0.180339,0.094094,0.060264,0.0,0.0,0.369808,0.094094,0.55,high,0.051752,0.0,0.051752,0
2026-07-26T14:12:59.118796,05/10 19:15,13.45,26.0,22.11,21.19,23.55,20.0,26.0,0.3764,0.094094,0.166322,0.094094,0.060369,0.0,0.0,0.303917,0.094094,0.55,high,0.051752,0.0,0.051752,0
2026-07-26T14:12:59.137791,05/10 20:15,13.62,0.0,,,,20.0,26.0,0.3764,0.094094,0.168458,0.094094,0.052492,0.0,0.0,0.327773,0.094094,0.55,high,0.051752,0.0,0.051752,0
2026-07-26T14:12:59.154792,05/10 21:15,12.8,0.0,,,,20.0,26.0,0.0,0.0,0.0,0.0,0.0,0.0,0.0,0.0,0.0,0.4,moderate,0.0,0.0,0.0,0
2026-07-26T14:12:59.169790,05/10 22:15,12.38,0.0,,,,20.0,26.0,0.0,0.0,0.0,0.0,0.0,0.0,0.0,0.0,0.0,0.4,moderate,0.0,0.0,0.0,0
2026-07-26T14:12:59.183791,05/10 23:15,10.82,0.0,,,,20.0,26.0,0.0,0.0,0.0,0.0,0.0,0.0,0.0,0.0,0.0,0.4,moderate,0.0,0.0,0.0,0
2026-07-26T14:12:59.197793,05/11 00:15,9.72,0.0,,,,20.0,26.0,0.0,0.0,0.0,0.0,0.0,0.0,0.0,0.0,0.0,0.34,low,0.0,0.0,0.0,0
2026-07-26T14:13:13.985692,05/11 01:15,9.33,0.0,,,,18.0,28.0,0.0,0.0,0.0,0.0,0.0,0.0,0.0,0.0,0.0,0.34,low,0.0,0.0,0.0,0
2026-07-26T14:13:14.003695,05/11 02:15,11.0,0.0,,,,18.0,28.0,0.0,0.0,0.0,0.0,0.0,0.0,0.0,0.0,0.0,0.34,low,0.0,0.0,0.0,0
2026-07-26T14:13:14.020691,05/11 03:15,12.2,0.0,,,,18.0,28.0,0.0,0.0,0.0,0.0,0.0,0.0,0.0,0.0,0.0,0.34,low,0.0,0.0,0.0,0
2026-07-26T14:13:14.035691,05/11 04:15,11.8,0.0,,,,18.0,28.0,0.0,0.0,0.0,0.0,0.0,0.0,0.0,0.0,0.0,0.34,low,0.0,0.0,0.0,0
2026-07-26T14:13:14.050697,05/11 05:15,10.17,0.0,,,,18.0,28.0,0.0,0.0,0.0,0.0,0.0,0.0,0.0,0.0,0.0,0.34,low,0.0,0.0,0.0,0
2026-07-26T14:13:14.066693,05/11 06:23,9.33,0.0,,,,18.0,28.0,0.0,0.0,0.0,0.0,0.0,0.0,0.0,0.0,0.0,0.43,moderate,0.0,0.0,0.0,0
2026-07-26T14:13:28.748372,05/11 07:20,10.88,0.0,,,,18.0,29.0,0.0,0.0,0.0,0.0,0.0,0.0,0.0,0.0,0.0,0.43,moderate,0.0,0.0,0.0,0
2026-07-26T14:13:28.768373,05/11 08:23,11.97,0.0,,,,18.0,29.0,0.0,0.0,0.0,0.0,0.0,0.0,0.0,0.0,0.0,0.43,moderate,0.0,0.0,0.0,0
2026-07-26T14:13:28.785372,05/11 09:15,13.08,0.0,,,,18.0,29.0,0.0,0.0,0.0,0.0,0.0,0.0,0.0,0.0,0.0,0.43,moderate,0.0,0.0,0.0,0
2026-07-26T14:13:28.801372,05/11 10:15,14.03,0.0,,,,18.0,29.0,0.0,0.0,0.0,0.0,0.0,0.0,0.0,0.0,0.0,0.3,low,0.0,0.0,0.0,0
2026-07-26T14:13:28.817373,05/11 11:15,14.7,0.0,,,,18.0,29.0,0.0,0.0,0.0,0.0,0.0,0.0,0.0,0.0,0.0,0.3,low,0.0,0.0,0.0,0
2026-07-26T14:13:28.833373,05/11 12:15,16.0,0.0,,,,18.0,29.0,0.0,0.0,0.0,0.0,0.0,0.0,0.0,0.0,0.0,0.3,low,0.0,0.0,0.0,0
2026-07-26T14:13:44.184885,05/11 13:23,17.47,0.0,,,,18.0,29.0,0.0,0.0,0.0,0.0,0.0,0.0,0.0,0.0,0.0,0.3,low,0.0,0.0,0.0,0
2026-07-26T14:13:44.204885,05/11 14:23,17.9,0.0,,,,18.0,29.0,0.0,0.0,0.0,0.0,0.0,0.0,0.0,0.0,0.0,0.3,low,0.0,0.0,0.0,0
2026-07-26T14:13:44.222884,05/11 15:15,16.55,0.0,,,,18.0,29.0,0.0,0.0,0.0,0.0,0.0,0.0,0.0,0.0,0.0,0.3,low,0.0,0.0,0.0,0
2026-07-26T14:13:44.239890,05/11 16:15,15.98,0.0,,,,18.0,29.0,0.0,0.0,0.0,0.0,0.0,0.0,0.0,0.0,0.0,0.55,high,0.0,0.0,0.0,0
2026-07-26T14:13:44.255887,05/11 17:15,15.3,0.0,,,,18.0,29.0,0.0,0.0,0.0,0.0,0.0,0.0,0.0,0.0,0.0,0.55,high,0.0,0.0,0.0,0
2026-07-26T14:13:44.271887,05/11 18:23,14.0,0.0,,,,18.0,29.0,0.0,0.0,0.0,0.0,0.0,0.0,0.0,0.0,0.0,0.55,high,0.0,0.0,0.0,0
2026-07-26T14:13:59.897662,05/11 19:23,12.65,0.0,,,,18.0,29.0,0.0,0.0,0.0,0.0,0.0,0.0,0.0,0.0,0.0,0.55,high,0.0,0.0,0.0,0
2026-07-26T14:13:59.915657,05/11 20:15,11.92,0.0,,,,18.0,29.0,0.0,0.0,0.0,0.0,0.0,0.0,0.0,0.0,0.0,0.55,high,0.0,0.0,0.0,0
2026-07-26T14:13:59.932657,05/11 21:15,11.1,0.0,,,,18.0,29.0,0.0,0.0,0.0,0.0,0.0,0.0,0.0,0.0,0.0,0.4,moderate,0.0,0.0,0.0,0
2026-07-26T14:13:59.948658,05/11 22:15,11.25,0.0,,,,18.0,29.0,0.0,0.0,0.0,0.0,0.0,0.0,0.0,0.0,0.0,0.4,moderate,0.0,0.0,0.0,0
2026-07-26T14:13:59.962657,05/11 23:15,11.55,0.0,,,,18.0,29.0,0.0,0.0,0.0,0.0,0.0,0.0,0.0,0.0,0.0,0.4,moderate,0.0,0.0,0.0,0
2026-07-26T14:13:59.979657,05/12 00:15,11.25,0.0,,,,18.0,29.0,0.0,0.0,0.0,0.0,0.0,0.0,0.0,0.0,0.0,0.34,low,0.0,0.0,0.0,0
2026-07-26T14:14:14.789521,05/12 01:15,11.55,0.0,,,,18.0,29.0,0.0,0.0,0.0,0.0,0.0,0.0,0.0,0.0,0.0,0.34,low,0.0,0.0,0.0,0
2026-07-26T14:14:14.807525,05/12 02:15,10.97,0.0,,,,18.0,29.0,0.0,0.0,0.0,0.0,0.0,0.0,0.0,0.0,0.0,0.34,low,0.0,0.0,0.0,0
2026-07-26T14:14:14.822520,05/12 03:15,10.6,0.0,,,,18.0,29.0,0.0,0.0,0.0,0.0,0.0,0.0,0.0,0.0,0.0,0.34,low,0.0,0.0,0.0,0
2026-07-26T14:14:14.837519,05/12 04:15,10.45,0.0,,,,18.0,29.0,0.0,0.0,0.0,0.0,0.0,0.0,0.0,0.0,0.0,0.34,low,0.0,0.0,0.0,0
2026-07-26T14:14:14.852520,05/12 05:15,10.28,0.0,,,,18.0,29.0,0.0,0.0,0.0,0.0,0.0,0.0,0.0,0.0,0.0,0.34,low,0.0,0.0,0.0,0
2026-07-26T14:14:14.867519,05/12 06:15,11.25,0.0,,,,18.0,29.0,0.0,0.0,0.0,0.0,0.0,0.0,0.0,0.0,0.0,0.43,moderate,0.0,0.0,0.0,0
2026-07-26T14:14:30.115787,05/12 07:15,11.97,0.0,,,,18.0,29.0,0.0,0.0,0.0,0.0,0.0,0.0,0.0,0.0,0.0,0.43,moderate,0.0,0.0,0.0,0
2026-07-26T14:14:30.134269,05/12 08:15,13.2,0.0,,,,18.0,29.0,0.0,0.0,0.0,0.0,0.0,0.0,0.0,0.0,0.0,0.43,moderate,0.0,0.0,0.0,0
2026-07-26T14:14:30.149269,05/12 09:15,14.55,0.0,,,,18.0,29.0,0.0,0.0,0.0,0.0,0.0,0.0,0.0,0.0,0.0,0.43,moderate,0.0,0.0,0.0,0
2026-07-26T14:14:30.164274,05/12 10:15,15.15,0.0,,,,18.0,29.0,0.0,0.0,0.0,0.0,0.0,0.0,0.0,0.0,0.0,0.3,low,0.0,0.0,0.0,0
2026-07-26T14:14:30.179770,05/12 11:15,15.6,0.0,,,,18.0,29.0,0.0,0.0,0.0,0.0,0.0,0.0,0.0,0.0,0.0,0.3,low,0.0,0.0,0.0,0
2026-07-26T14:14:30.193771,05/12 12:15,15.72,0.0,,,,18.0,29.0,0.0,0.0,0.0,0.0,0.0,0.0,0.0,0.0,0.0,0.3,low,0.0,0.0,0.0,0
2026-07-26T14:14:44.749714,05/12 13:15,16.38,0.0,,,,18.0,29.0,0.0,0.0,0.0,0.0,0.0,0.0,0.0,0.0,0.0,0.3,low,0.0,0.0,0.0,0
2026-07-26T14:14:44.765713,05/12 14:15,16.8,0.0,,,,18.0,29.0,0.0,0.0,0.0,0.0,0.0,0.0,0.0,0.0,0.0,0.3,low,0.0,0.0,0.0,0
2026-07-26T14:14:44.781713,05/12 15:15,15.6,0.0,,,,18.0,29.0,0.0,0.0,0.0,0.0,0.0,0.0,0.0,0.0,0.0,0.3,low,0.0,0.0,0.0,0
2026-07-26T14:14:44.796712,05/12 16:15,15.72,0.0,,,,18.0,29.0,0.0,0.0,0.0,0.0,0.0,0.0,0.0,0.0,0.0,0.55,high,0.0,0.0,0.0,0
2026-07-26T14:14:44.810714,05/12 17:15,15.68,0.0,,,,18.0,29.0,0.0,0.0,0.0,0.0,0.0,0.0,0.0,0.0,0.0,0.55,high,0.0,0.0,0.0,0
2026-07-26T14:14:44.825712,05/12 18:23,14.28,0.0,,,,18.0,29.0,0.0,0.0,0.0,0.0,0.0,0.0,0.0,0.0,0.0,0.55,high,0.0,0.0,0.0,0
2026-07-26T14:14:59.506372,05/12 19:23,13.62,0.0,,,,18.0,29.0,0.0,0.0,0.0,0.0,0.0,0.0,0.0,0.0,0.0,0.55,high,0.0,0.0,0.0,0
2026-07-26T14:14:59.523369,05/12 20:15,12.38,0.0,,,,18.0,29.0,0.0,0.0,0.0,0.0,0.0,0.0,0.0,0.0,0.0,0.55,high,0.0,0.0,0.0,0
2026-07-26T14:14:59.539367,05/12 21:15,10.67,0.0,,,,18.0,29.0,0.0,0.0,0.0,0.0,0.0,0.0,0.0,0.0,0.0,0.4,moderate,0.0,0.0,0.0,0
2026-07-26T14:14:59.555374,05/12 22:15,9.12,0.0,,,,18.0,29.0,0.0,0.0,0.0,0.0,0.0,0.0,0.0,0.0,0.0,0.4,moderate,0.0,0.0,0.0,0
2026-07-26T14:14:59.571375,05/12 23:15,8.18,0.0,,,,18.0,29.0,0.0,0.0,0.0,0.0,0.0,0.0,0.0,0.0,0.0,0.4,moderate,0.0,0.0,0.0,0
2026-07-26T14:14:59.587376,05/13 00:15,7.8,0.0,,,,18.0,29.0,0.0,0.0,0.0,0.0,0.0,0.0,0.0,0.0,0.0,0.34,low,0.0,0.0,0.0,0
2026-07-26T14:15:14.845697,05/13 01:15,7.8,0.0,,,,18.0,29.0,0.0,0.0,0.0,0.0,0.0,0.0,0.0,0.0,0.0,0.34,low,0.0,0.0,0.0,0
2026-07-26T14:15:14.863699,05/13 02:15,7.92,0.0,,,,18.0,29.0,0.0,0.0,0.0,0.0,0.0,0.0,0.0,0.0,0.0,0.34,low,0.0,0.0,0.0,0
2026-07-26T14:15:14.879699,05/13 03:15,8.3,0.0,,,,18.0,29.0,0.0,0.0,0.0,0.0,0.0,0.0,0.0,0.0,0.0,0.34,low,0.0,0.0,0.0,0
2026-07-26T14:15:14.894698,05/13 04:15,8.18,0.0,,,,18.0,29.0,0.0,0.0,0.0,0.0,0.0,0.0,0.0,0.0,0.0,0.34,low,0.0,0.0,0.0,0
2026-07-26T14:15:14.909697,05/13 05:15,7.8,0.0,,,,18.0,29.0,0.0,0.0,0.0,0.0,0.0,0.0,0.0,0.0,0.0,0.34,low,0.0,0.0,0.0,0
2026-07-26T14:15:14.924699,05/13 06:15,8.07,0.0,,,,18.0,29.0,0.0,0.0,0.0,0.0,0.0,0.0,0.0,0.0,0.0,0.43,moderate,0.0,0.0,0.0,0
2026-07-26T14:15:29.092798,05/13 07:15,9.18,0.0,,,,18.0,29.0,0.3764,0.094094,0.0,0.094094,0.000273,0.156334,0.151408,0.0,0.250428,0.43,moderate,0.04046,0.028296,0.068757,0
2026-07-26T14:15:29.109802,05/13 08:15,10.43,0.0,,,,18.0,29.0,0.3764,0.094094,0.0,0.094094,9.7e-05,0.060341,0.063666,0.0,0.154435,0.43,moderate,0.04046,0.010922,0.051382,0
2026-07-26T14:15:29.128800,05/13 09:15,11.7,52.0,21.39,21.0,22.11,21.0,26.0,0.3764,0.094094,0.123885,0.094094,0.036023,0.051622,0.046072,0.092586,0.145716,0.43,moderate,0.04046,0.009344,0.049804,0
2026-07-26T14:15:29.145800,05/13 10:23,12.8,52.0,22.94,22.06,23.76,21.0,26.0,0.3764,0.094094,0.12844,0.094094,0.033512,0.0,0.0,0.114128,0.094094,0.3,low,0.028228,0.0,0.028228,0
2026-07-26T14:15:29.163799,05/13 11:23,16.38,52.0,23.85,22.85,24.51,21.0,26.0,0.3764,0.094094,0.212638,0.094094,0.049777,0.0,0.0,0.593045,0.094094,0.3,low,0.028228,0.0,0.028228,0
2026-07-26T14:15:29.177797,05/13 12:15,17.9,41.6,24.02,23.04,24.72,21.0,26.0,0.3764,0.094094,0.276993,0.094094,0.068585,0.0,0.0,0.901028,0.094094,0.3,low,0.028228,0.0,0.028228,0
2026-07-26T14:15:44.075509,05/13 13:15,19.3,20.8,24.08,23.23,24.9,21.0,25.0,0.3764,0.094094,0.264919,0.094094,0.074225,0.0,0.0,0.819926,0.094094,0.3,low,0.028228,0.0,0.028228,0
2026-07-26T14:15:44.093912,05/13 14:15,16.8,41.6,24.53,23.94,25.0,21.0,25.0,0.382,0.095493,0.243453,0.095493,0.068136,0.0,0.0,0.719691,0.095493,0.3,low,0.028648,0.0,0.028648,0
2026-07-26T14:15:44.109693,05/13 15:15,14.47,52.0,24.6,24.05,25.0,21.0,25.0,0.386,0.096499,0.237503,0.096499,0.069677,0.0,0.0,0.684988,0.096499,0.3,low,0.02895,0.0,0.02895,0
2026-07-26T14:15:44.124709,05/13 16:15,10.82,52.0,24.34,23.64,25.0,21.0,25.0,0.3816,0.09541,0.159829,0.09541,0.06107,0.0,0.0,0.255415,0.09541,0.55,high,0.052476,0.0,0.052476,0
2026-07-26T14:15:44.139706,05/13 17:15,9.57,52.0,23.74,22.94,25.0,21.0,25.0,0.3764,0.094094,0.123884,0.094094,0.056853,0.0,0.0,0.05793,0.094094,0.55,high,0.051752,0.0,0.051752,0
2026-07-26T14:15:44.154702,05/13 18:15,8.3,52.0,23.15,22.26,24.87,21.0,25.0,0.3764,0.094094,0.0,0.094094,0.000168,0.098146,0.081933,0.0,0.19224,0.55,high,0.051752,0.017764,0.069516,0
2026-07-26T14:15:59.342417,05/13 19:15,8.03,26.0,21.7,20.91,23.39,20.0,26.0,0.3764,0.094094,0.0,0.094094,0.000204,0.131044,0.102362,0.0,0.225138,0.55,high,0.051752,0.023719,0.075471,0
2026-07-26T14:15:59.363417,05/13 20:15,7.2,0.0,,,,20.0,26.0,0.3764,0.094094,0.0,0.094094,0.000627,0.360059,0.300759,0.0,0.454153,0.55,high,0.051752,0.065171,0.116922,0
2026-07-26T14:15:59.379422,05/13 21:15,7.2,0.0,,,,20.0,26.0,0.0,0.0,0.0,0.0,0.0,0.0,0.0,0.0,0.0,0.4,moderate,0.0,0.0,0.0,0
2026-07-26T14:15:59.392412,05/13 22:15,7.08,0.0,,,,20.0,26.0,0.0,0.0,0.0,0.0,0.0,0.0,0.0,0.0,0.0,0.4,moderate,0.0,0.0,0.0,0
2026-07-26T14:15:59.406414,05/13 23:15,6.83,0.0,,,,20.0,26.0,0.0,0.0,0.0,0.0,0.0,0.0,0.0,0.0,0.0,0.4,moderate,0.0,0.0,0.0,0
2026-07-26T14:15:59.419412,05/14 00:15,7.35,0.0,,,,20.0,26.0,0.0,0.0,0.0,0.0,0.0,0.0,0.0,0.0,0.0,0.34,low,0.0,0.0,0.0,0
2026-07-26T14:16:14.299873,05/14 01:15,7.8,0.0,,,,18.0,28.0,0.0,0.0,0.0,0.0,0.0,0.0,0.0,0.0,0.0,0.34,low,0.0,0.0,0.0,0
2026-07-26T14:16:14.317876,05/14 02:15,7.65,0.0,,,,18.0,28.0,0.0,0.0,0.0,0.0,0.0,0.0,0.0,0.0,0.0,0.34,low,0.0,0.0,0.0,0
2026-07-26T14:16:14.333872,05/14 03:15,6.93,0.0,,,,18.0,28.0,0.0,0.0,0.0,0.0,0.0,0.0,0.0,0.0,0.0,0.34,low,0.0,0.0,0.0,0
2026-07-26T14:16:14.348874,05/14 04:15,5.97,0.0,,,,18.0,28.0,0.0,0.0,0.0,0.0,0.0,0.0,0.0,0.0,0.0,0.34,low,0.0,0.0,0.0,0
2026-07-26T14:16:14.365874,05/14 05:23,6.0,0.0,,,,18.0,28.0,0.0,0.0,0.0,0.0,0.0,0.0,0.0,0.0,0.0,0.34,low,0.0,0.0,0.0,0
2026-07-26T14:16:14.381872,05/14 06:23,7.62,0.0,,,,18.0,28.0,0.0,0.0,0.0,0.0,0.0,0.0,0.0,0.0,0.0,0.43,moderate,0.0,0.0,0.0,0
2026-07-26T14:16:29.653577,05/14 07:23,9.6,0.0,,,,18.0,29.0,0.3764,0.094094,0.0,0.094094,0.000284,0.197235,0.148716,0.0,0.291329,0.43,moderate,0.04046,0.0357,0.07616,0
2026-07-26T14:16:29.674579,05/14 08:23,11.97,0.0,,,,18.0,29.0,0.3764,0.094094,0.116568,0.094094,0.019303,0.0,0.0,0.081974,0.094094,0.43,moderate,0.04046,0.0,0.04046,0
2026-07-26T14:16:29.694578,05/14 09:23,13.2,52.0,22.92,21.0,25.5,21.0,25.5,0.3789,0.094732,0.145354,0.094732,0.02643,0.00441,0.003187,0.232033,0.099142,0.43,moderate,0.040735,0.000798,0.041533,0
2026-07-26T14:16:29.712581,05/14 10:23,14.55,52.0,24.11,22.37,25.5,21.0,25.5,0.383,0.095756,0.204936,0.095756,0.065904,0.0,0.0,0.458957,0.095756,0.3,low,0.028727,0.0,0.028727,0
2026-07-26T14:16:29.730578,05/14 11:23,14.72,52.0,24.69,23.12,25.5,21.0,25.5,0.3807,0.095187,0.20415,0.095187,0.066845,0.0,0.0,0.509703,0.095187,0.3,low,0.028556,0.0,0.028556,0
2026-07-26T14:16:29.746578,05/14 12:15,14.03,41.6,24.77,23.32,25.44,21.0,25.5,0.3764,0.094094,0.177261,0.094094,0.065004,0.0,0.0,0.359603,0.094094,0.3,low,0.028228,0.0,0.028228,0
2026-07-26T14:16:45.856580,05/14 13:15,14.55,20.8,24.38,23.2,24.96,21.0,25.0,0.3764,0.094094,0.185388,0.094094,0.065914,0.0,0.0,0.408396,0.094094,0.3,low,0.028228,0.0,0.028228,0
2026-07-26T14:16:45.876583,05/14 14:15,14.85,41.6,24.71,24.19,25.0,21.0,25.0,0.3864,0.096597,0.233098,0.096597,0.066853,0.0,0.0,0.673361,0.096597,0.3,low,0.028979,0.0,0.028979,0
2026-07-26T14:16:45.895582,05/14 15:15,14.4,52.0,24.84,24.22,25.0,21.0,25.0,0.3939,0.098474,0.254306,0.098474,0.065903,0.0,0.0,0.792176,0.098474,0.3,low,0.029542,0.0,0.029542,0
2026-07-26T14:16:45.912581,05/14 16:15,14.28,52.0,24.77,23.86,25.0,21.0,25.0,0.3901,0.097536,0.244126,0.097536,0.065903,0.0,0.0,0.734714,0.097536,0.55,high,0.053645,0.0,0.053645,0
2026-07-26T14:16:45.928580,05/14 17:15,13.62,52.0,24.55,23.39,25.0,21.0,25.0,0.386,0.096498,0.22175,0.096498,0.065001,0.0,0.0,0.611237,0.096498,0.55,high,0.053074,0.0,0.053074,0
2026-07-26T14:16:45.944579,05/14 18:15,12.38,52.0,24.28,22.88,25.0,21.0,25.0,0.386,0.096491,0.205108,0.096491,0.063116,0.0,0.0,0.513383,0.096491,0.55,high,0.05307,0.0,0.05307,0
2026-07-26T14:17:03.019562,05/14 19:20,10.55,26.0,22.85,21.42,23.85,20.0,26.0,0.3764,0.094094,0.140077,0.094094,0.06107,0.0,0.0,0.147614,0.094094,0.55,high,0.051752,0.0,0.051752,0
2026-07-26T14:17:03.039003,05/14 20:23,8.9,0.0,,,,20.0,26.0,0.3764,0.094094,0.0,0.094094,9.2e-05,0.058504,0.053993,0.0,0.152598,0.55,high,0.051752,0.010589,0.062341,0
2026-07-26T14:17:03.056137,05/14 21:23,8.9,0.0,,,,20.0,26.0,0.0,0.0,0.0,0.0,0.0,0.0,0.0,0.0,0.0,0.4,moderate,0.0,0.0,0.0,0
2026-07-26T14:17:03.071102,05/14 22:15,9.18,0.0,,,,20.0,26.0,0.0,0.0,0.0,0.0,0.0,0.0,0.0,0.0,0.0,0.4,moderate,0.0,0.0,0.0,0
2026-07-26T14:17:03.087098,05/14 23:15,10.15,0.0,,,,20.0,26.0,0.0,0.0,0.0,0.0,0.0,0.0,0.0,0.0,0.0,0.4,moderate,0.0,0.0,0.0,0
2026-07-26T14:17:03.102148,05/15 00:15,10.45,0.0,,,,20.0,26.0,0.0,0.0,0.0,0.0,0.0,0.0,0.0,0.0,0.0,0.34,low,0.0,0.0,0.0,0
2026-07-26T14:17:18.014885,05/15 01:15,10.0,0.0,,,,18.0,28.0,0.0,0.0,0.0,0.0,0.0,0.0,0.0,0.0,0.0,0.34,low,0.0,0.0,0.0,0
2026-07-26T14:17:18.032887,05/15 02:15,9.57,0.0,,,,18.0,28.0,0.0,0.0,0.0,0.0,0.0,0.0,0.0,0.0,0.0,0.34,low,0.0,0.0,0.0,0
2026-07-26T14:17:18.049887,05/15 03:15,8.3,0.0,,,,18.0,28.0,0.0,0.0,0.0,0.0,0.0,0.0,0.0,0.0,0.0,0.34,low,0.0,0.0,0.0,0
2026-07-26T14:17:18.065884,05/15 04:15,8.18,0.0,,,,18.0,28.0,0.0,0.0,0.0,0.0,0.0,0.0,0.0,0.0,0.0,0.34,low,0.0,0.0,0.0,0
2026-07-26T14:17:18.081885,05/15 05:15,7.92,0.0,,,,18.0,28.0,0.0,0.0,0.0,0.0,0.0,0.0,0.0,0.0,0.0,0.34,low,0.0,0.0,0.0,0
2026-07-26T14:17:18.096885,05/15 06:15,8.45,0.0,,,,18.0,28.0,0.0,0.0,0.0,0.0,0.0,0.0,0.0,0.0,0.0,0.43,moderate,0.0,0.0,0.0,0
2026-07-26T14:17:32.386060,05/15 07:15,9.45,0.0,,,,18.0,29.0,0.3764,0.094094,0.0,0.094094,0.000281,0.189194,0.146666,0.0,0.283288,0.43,moderate,0.04046,0.034244,0.074705,0
2026-07-26T14:17:32.413061,05/15 08:23,11.52,0.0,,,,18.0,29.0,0.3764,0.094094,0.11145,0.094094,0.018108,0.0,0.0,0.031953,0.094094,0.43,moderate,0.04046,0.0,0.04046,0
2026-07-26T14:17:32.432060,05/15 09:23,13.08,52.0,22.45,21.0,24.5,21.0,26.0,0.3764,0.094094,0.143779,0.094094,0.049318,0.017636,0.016314,0.193738,0.11173,0.43,moderate,0.04046,0.003192,0.043653,0
2026-07-26T14:17:32.449060,05/15 10:23,14.33,52.0,23.82,22.1,25.5,21.0,25.5,0.3803,0.095069,0.17382,0.095069,0.050481,0.0,0.0,0.367015,0.095069,0.3,low,0.028521,0.0,0.028521,0
2026-07-26T14:17:32.467061,05/15 11:23,15.72,52.0,24.42,22.8,25.5,21.0,25.5,0.3798,0.094952,0.208182,0.094952,0.059407,0.0,0.0,0.530326,0.094952,0.3,low,0.028486,0.0,0.028486,0
2026-07-26T14:17:32.486066,05/15 12:23,16.1,41.6,24.6,23.04,25.43,21.0,25.5,0.3764,0.094094,0.205909,0.094094,0.05335,0.0,0.0,0.530182,0.094094,0.3,low,0.028228,0.0,0.028228,0
2026-07-26T14:17:47.413988,05/15 13:15,15.98,20.8,24.22,22.88,24.87,21.0,25.0,0.3764,0.094094,0.208864,0.094094,0.056412,0.0,0.0,0.542136,0.094094,0.3,low,0.028228,0.0,0.028228,0
2026-07-26T14:17:47.434991,05/15 14:15,15.6,41.6,24.61,23.86,25.0,21.0,25.0,0.3834,0.095854,0.233063,0.095854,0.06291,0.0,0.0,0.671547,0.095854,0.3,low,0.028756,0.0,0.028756,0
2026-07-26T14:17:47.454984,05/15 15:15,15.45,52.0,24.82,24.13,25.0,21.0,25.0,0.3946,0.098648,0.276416,0.098648,0.061729,0.0,0.0,0.921846,0.098648,0.3,low,0.029594,0.0,0.029594,0
2026-07-26T14:17:47.471984,05/15 16:15,14.85,52.0,24.75,23.81,25.0,21.0,25.0,0.398,0.099496,0.282168,0.099496,0.060886,0.0,0.0,0.947358,0.099496,0.55,high,0.054723,0.0,0.054723,0
2026-07-26T14:17:47.489984,05/15 17:15,14.0,52.0,24.54,23.28,25.0,21.0,25.0,0.3927,0.098178,0.256077,0.098178,0.0621,0.0,0.0,0.798347,0.098178,0.55,high,0.053998,0.0,0.053998,0
2026-07-26T14:17:47.505984,05/15 18:15,12.38,52.0,24.29,22.85,25.0,21.0,25.0,0.3888,0.097197,0.217607,0.097197,0.060888,0.0,0.0,0.581604,0.097197,0.55,high,0.053458,0.0,0.053458,0
2026-07-26T14:18:02.048360,05/15 19:20,10.67,26.0,22.92,21.43,24.05,20.0,26.0,0.3764,0.094094,0.140938,0.094094,0.06107,0.0,0.0,0.151846,0.094094,0.55,high,0.051752,0.0,0.051752,0
2026-07-26T14:18:02.067360,05/15 20:23,9.12,0.0,,,,20.0,26.0,0.3764,0.094094,0.0,0.094094,1.5e-05,0.009623,0.011118,0.0,0.103717,0.55,high,0.051752,0.001742,0.053493,0
2026-07-26T14:18:02.082359,05/15 21:23,8.18,0.0,,,,20.0,26.0,0.0,0.0,0.0,0.0,0.0,0.0,0.0,0.0,0.0,0.4,moderate,0.0,0.0,0.0,0
2026-07-26T14:18:02.095361,05/15 22:23,7.52,0.0,,,,20.0,26.0,0.0,0.0,0.0,0.0,0.0,0.0,0.0,0.0,0.0,0.4,moderate,0.0,0.0,0.0,0
2026-07-26T14:18:02.107358,05/15 23:15,6.55,0.0,,,,20.0,26.0,0.0,0.0,0.0,0.0,0.0,0.0,0.0,0.0,0.0,0.4,moderate,0.0,0.0,0.0,0
2026-07-26T14:18:02.121357,05/16 00:15,6.1,0.0,,,,20.0,26.0,0.0,0.0,0.0,0.0,0.0,0.0,0.0,0.0,0.0,0.34,low,0.0,0.0,0.0,0
2026-07-26T14:18:16.548485,05/16 01:15,5.97,0.0,,,,18.0,28.0,0.0,0.0,0.0,0.0,0.0,0.0,0.0,0.0,0.0,0.34,low,0.0,0.0,0.0,0
2026-07-26T14:18:16.566487,05/16 02:15,5.72,0.0,,,,18.0,28.0,0.0,0.0,0.0,0.0,0.0,0.0,0.0,0.0,0.0,0.34,low,0.0,0.0,0.0,0
2026-07-26T14:18:16.582484,05/16 03:15,6.1,0.0,,,,18.0,28.0,0.0,0.0,0.0,0.0,0.0,0.0,0.0,0.0,0.0,0.34,low,0.0,0.0,0.0,0
2026-07-26T14:18:16.598484,05/16 04:15,6.25,0.0,,,,18.0,28.0,0.0,0.0,0.0,0.0,0.0,0.0,0.0,0.0,0.0,0.34,low,0.0,0.0,0.0,0
2026-07-26T14:18:16.614494,05/16 05:15,7.25,0.0,,,,18.0,28.0,0.0,0.0,0.0,0.0,0.0,0.0,0.0,0.0,0.0,0.34,low,0.0,0.0,0.0,0
2026-07-26T14:18:16.629487,05/16 06:23,9.6,0.0,,,,18.0,28.0,0.0,0.0,0.0,0.0,0.0,0.0,0.0,0.0,0.0,0.43,moderate,0.0,0.0,0.0,0
2026-07-26T14:18:31.046930,05/16 07:23,12.25,0.0,,,,18.0,29.0,0.3764,0.094094,0.11428,0.094094,0.017226,0.0,0.0,0.071784,0.094094,0.43,moderate,0.04046,0.0,0.04046,0
2026-07-26T14:18:31.065923,05/16 08:15,14.18,0.0,,,,18.0,29.0,0.3764,0.094094,0.148913,0.094094,0.022735,0.0,0.0,0.254187,0.094094,0.43,moderate,0.04046,0.0,0.04046,0
2026-07-26T14:18:31.083921,05/16 09:23,15.15,52.0,22.81,21.21,24.69,21.0,26.0,0.3764,0.094094,0.176754,0.094094,0.054739,0.0,0.0,0.372794,0.094094,0.43,moderate,0.04046,0.0,0.04046,0
2026-07-26T14:18:31.099922,05/16 10:23,15.88,52.0,24.25,22.74,25.5,21.0,25.5,0.3804,0.095109,0.200464,0.095109,0.051651,0.0,0.0,0.512416,0.095109,0.3,low,0.028533,0.0,0.028533,0
2026-07-26T14:18:31.117922,05/16 11:23,16.55,52.0,24.84,23.51,25.5,21.0,25.5,0.3794,0.094842,0.220592,0.094842,0.052737,0.0,0.0,0.615857,0.094842,0.3,low,0.028453,0.0,0.028453,0
2026-07-26T14:18:31.132922,05/16 12:15,16.1,41.6,24.92,23.8,25.5,21.0,25.5,0.3783,0.094579,0.213002,0.094579,0.053349,0.0,0.0,0.568892,0.094579,0.3,low,0.028374,0.0,0.028374,0
2026-07-26T14:18:47.846182,05/16 13:15,15.98,20.8,24.5,23.62,25.0,21.0,25.0,0.3794,0.094855,0.219943,0.094855,0.056971,0.0,0.0,0.599135,0.094855,0.3,low,0.028456,0.0,0.028456,0
2026-07-26T14:18:47.863181,05/16 14:15,15.45,41.6,24.65,24.01,25.0,21.0,25.0,0.388,0.097009,0.246599,0.097009,0.065827,0.0,0.0,0.737514,0.097009,0.3,low,0.029103,0.0,0.029103,0
2026-07-26T14:18:47.881178,05/16 15:15,15.0,52.0,24.55,23.9,25.0,21.0,25.0,0.3879,0.096983,0.237934,0.096983,0.064354,0.0,0.0,0.696288,0.096983,0.3,low,0.029095,0.0,0.029095,0
2026-07-26T14:18:47.900177,05/16 16:15,14.72,52.0,24.33,23.58,25.0,21.0,25.0,0.3826,0.095638,0.21794,0.095638,0.06204,0.0,0.0,0.590728,0.095638,0.55,high,0.052601,0.0,0.052601,0
2026-07-26T14:18:47.918178,05/16 17:15,13.62,52.0,23.73,22.8,25.0,21.0,25.0,0.3768,0.094203,0.179651,0.094203,0.057062,0.0,0.0,0.378745,0.094203,0.55,high,0.051812,0.0,0.051812,0
2026-07-26T14:18:47.935177,05/16 18:15,12.38,52.0,23.33,22.28,24.92,21.0,25.0,0.3764,0.094094,0.160262,0.094094,0.051687,0.0,0.0,0.277064,0.094094,0.55,high,0.051752,0.0,0.051752,0
2026-07-26T14:19:03.900826,05/16 19:15,11.1,26.0,21.92,21.02,23.47,20.0,26.0,0.3764,0.094094,0.133916,0.094094,0.04799,0.0,0.0,0.12365,0.094094,0.55,high,0.051752,0.0,0.051752,0
2026-07-26T14:19:03.919825,05/16 20:15,11.25,0.0,,,,20.0,26.0,0.3764,0.094094,0.127322,0.094094,0.039703,0.023188,0.02177,0.100108,0.117282,0.55,high,0.051752,0.004197,0.055949,0
2026-07-26T14:19:03.935825,05/16 21:15,11.55,0.0,,,,20.0,26.0,0.0,0.0,0.0,0.0,0.0,0.0,0.0,0.0,0.0,0.4,moderate,0.0,0.0,0.0,0
2026-07-26T14:19:03.950824,05/16 22:15,10.82,0.0,,,,20.0,26.0,0.0,0.0,0.0,0.0,0.0,0.0,0.0,0.0,0.0,0.4,moderate,0.0,0.0,0.0,0
2026-07-26T14:19:03.964825,05/16 23:15,10.15,0.0,,,,20.0,26.0,0.0,0.0,0.0,0.0,0.0,0.0,0.0,0.0,0.0,0.4,moderate,0.0,0.0,0.0,0
2026-07-26T14:19:03.977824,05/17 00:15,10.45,0.0,,,,20.0,26.0,0.0,0.0,0.0,0.0,0.0,0.0,0.0,0.0,0.0,0.34,low,0.0,0.0,0.0,0
2026-07-26T14:19:20.457044,05/17 01:15,9.85,0.0,,,,18.0,28.0,0.0,0.0,0.0,0.0,0.0,0.0,0.0,0.0,0.0,0.34,low,0.0,0.0,0.0,0
2026-07-26T14:19:20.474378,05/17 02:15,9.4,0.0,,,,18.0,28.0,0.0,0.0,0.0,0.0,0.0,0.0,0.0,0.0,0.0,0.34,low,0.0,0.0,0.0,0
2026-07-26T14:19:20.491694,05/17 03:15,9.4,0.0,,,,18.0,28.0,0.0,0.0,0.0,0.0,0.0,0.0,0.0,0.0,0.0,0.34,low,0.0,0.0,0.0,0
2026-07-26T14:19:20.507691,05/17 04:15,9.7,0.0,,,,18.0,28.0,0.0,0.0,0.0,0.0,0.0,0.0,0.0,0.0,0.0,0.34,low,0.0,0.0,0.0,0
2026-07-26T14:19:20.523702,05/17 05:15,10.45,0.0,,,,18.0,28.0,0.0,0.0,0.0,0.0,0.0,0.0,0.0,0.0,0.0,0.34,low,0.0,0.0,0.0,0
2026-07-26T14:19:20.538741,05/17 06:15,10.15,0.0,,,,18.0,28.0,0.0,0.0,0.0,0.0,0.0,0.0,0.0,0.0,0.0,0.43,moderate,0.0,0.0,0.0,0
2026-07-26T14:19:35.975315,05/17 07:15,10.88,0.0,,,,18.0,29.0,0.3764,0.094094,0.0,0.094094,1.5e-05,0.010492,0.011645,0.0,0.104586,0.43,moderate,0.04046,0.001899,0.042359,0
2026-07-26T14:19:35.994313,05/17 08:15,11.82,0.0,,,,18.0,29.0,0.3764,0.094094,0.119167,0.094094,0.022286,0.0,0.0,0.077719,0.094094,0.43,moderate,0.04046,0.0,0.04046,0
2026-07-26T14:19:36.013313,05/17 09:23,12.35,52.0,21.73,21.03,22.3,21.0,26.0,0.3764,0.094094,0.131632,0.094094,0.026686,0.0,0.0,0.141435,0.094094,0.43,moderate,0.04046,0.0,0.04046,0
2026-07-26T14:19:36.031316,05/17 10:23,12.8,52.0,23.27,22.4,23.96,21.0,26.0,0.3764,0.094094,0.150964,0.094094,0.042031,0.0,0.0,0.238896,0.094094,0.3,low,0.028228,0.0,0.028228,0
2026-07-26T14:19:36.048316,05/17 11:23,12.8,52.0,24.04,23.15,24.8,21.0,26.0,0.3764,0.094094,0.167229,0.094094,0.056995,0.0,0.0,0.313356,0.094094,0.3,low,0.028228,0.0,0.028228,0
2026-07-26T14:19:36.063320,05/17 12:15,12.93,41.6,24.29,23.43,25.11,21.0,26.0,0.3764,0.094094,0.171028,0.094094,0.063822,0.0,0.0,0.327698,0.094094,0.3,low,0.028228,0.0,0.028228,0
2026-07-26T14:19:52.720391,05/17 13:15,13.3,20.8,24.06,23.27,24.91,21.0,25.0,0.3764,0.094094,0.190331,0.094094,0.067526,0.0,0.0,0.437351,0.094094,0.3,low,0.028228,0.0,0.028228,0
2026-07-26T14:19:52.740391,05/17 14:15,13.18,41.6,24.37,23.67,25.0,21.0,25.0,0.3807,0.095173,0.215958,0.095173,0.067526,0.0,0.0,0.571713,0.095173,0.3,low,0.028552,0.0,0.028552,0
2026-07-26T14:19:52.756390,05/17 15:15,12.8,52.0,24.22,23.41,25.0,21.0,25.0,0.382,0.095497,0.222726,0.095497,0.066862,0.0,0.0,0.616881,0.095497,0.3,low,0.028649,0.0,0.028649,0
2026-07-26T14:19:52.771390,05/17 16:15,12.65,52.0,23.92,23.02,25.0,21.0,25.0,0.3797,0.094917,0.201077,0.094917,0.065116,0.0,0.0,0.494125,0.094917,0.55,high,0.052204,0.0,0.052204,0
2026-07-26T14:19:52.784390,05/17 17:15,12.07,52.0,23.43,22.45,24.88,21.0,25.0,0.3764,0.094094,0.163046,0.094094,0.062453,0.0,0.0,0.280439,0.094094,0.55,high,0.051752,0.0,0.051752,0
2026-07-26T14:19:52.798390,05/17 18:15,11.7,52.0,23.1,22.04,24.76,21.0,25.0,0.3764,0.094094,0.157255,0.094094,0.061826,0.0,0.0,0.25099,0.094094,0.55,high,0.051752,0.0,0.051752,0
2026-07-26T14:20:07.919705,05/17 19:15,11.7,26.0,21.78,20.88,23.34,20.0,26.0,0.3764,0.094094,0.141914,0.094094,0.061376,0.0,0.0,0.164169,0.094094,0.55,high,0.051752,0.0,0.051752,0
2026-07-26T14:20:07.938021,05/17 20:15,11.55,0.0,,,,20.0,26.0,0.3764,0.094094,0.136222,0.094094,0.051431,0.037058,0.042223,0.141785,0.131152,0.55,high,0.051752,0.006707,0.058459,0
2026-07-26T14:20:07.954020,05/17 21:15,10.97,0.0,,,,20.0,26.0,0.0,0.0,0.0,0.0,0.0,0.0,0.0,0.0,0.0,0.4,moderate,0.0,0.0,0.0,0
2026-07-26T14:20:07.968019,05/17 22:15,10.72,0.0,,,,20.0,26.0,0.0,0.0,0.0,0.0,0.0,0.0,0.0,0.0,0.0,0.4,moderate,0.0,0.0,0.0,0
2026-07-26T14:20:07.980019,05/17 23:15,11.1,0.0,,,,20.0,26.0,0.0,0.0,0.0,0.0,0.0,0.0,0.0,0.0,0.0,0.4,moderate,0.0,0.0,0.0,0
2026-07-26T14:20:07.994020,05/18 00:15,10.97,0.0,,,,20.0,26.0,0.0,0.0,0.0,0.0,0.0,0.0,0.0,0.0,0.0,0.34,low,0.0,0.0,0.0,0
2026-07-26T14:20:22.469156,05/18 01:15,10.88,0.0,,,,18.0,28.0,0.0,0.0,0.0,0.0,0.0,0.0,0.0,0.0,0.0,0.34,low,0.0,0.0,0.0,0
2026-07-26T14:20:22.486156,05/18 02:15,11.82,0.0,,,,18.0,28.0,0.0,0.0,0.0,0.0,0.0,0.0,0.0,0.0,0.0,0.34,low,0.0,0.0,0.0,0
2026-07-26T14:20:22.501156,05/18 03:15,12.2,0.0,,,,18.0,28.0,0.0,0.0,0.0,0.0,0.0,0.0,0.0,0.0,0.0,0.34,low,0.0,0.0,0.0,0
2026-07-26T14:20:22.515158,05/18 04:15,12.2,0.0,,,,18.0,28.0,0.0,0.0,0.0,0.0,0.0,0.0,0.0,0.0,0.0,0.34,low,0.0,0.0,0.0,0
2026-07-26T14:20:22.531156,05/18 05:15,12.2,0.0,,,,18.0,28.0,0.0,0.0,0.0,0.0,0.0,0.0,0.0,0.0,0.0,0.34,low,0.0,0.0,0.0,0
2026-07-26T14:20:22.545156,05/18 06:15,12.2,0.0,,,,18.0,28.0,0.0,0.0,0.0,0.0,0.0,0.0,0.0,0.0,0.0,0.43,moderate,0.0,0.0,0.0,0
2026-07-26T14:20:36.285094,05/18 07:15,12.47,0.0,,,,18.0,29.0,0.0,0.0,0.0,0.0,0.0,0.0,0.0,0.0,0.0,0.43,moderate,0.0,0.0,0.0,0
2026-07-26T14:20:36.301093,05/18 08:15,13.73,0.0,,,,18.0,29.0,0.0,0.0,0.0,0.0,0.0,0.0,0.0,0.0,0.0,0.43,moderate,0.0,0.0,0.0,0
2026-07-26T14:20:36.318093,05/18 09:15,14.72,0.0,,,,18.0,29.0,0.0,0.0,0.0,0.0,0.0,0.0,0.0,0.0,0.0,0.43,moderate,0.0,0.0,0.0,0
2026-07-26T14:20:36.331094,05/18 10:15,14.33,0.0,,,,18.0,29.0,0.0,0.0,0.0,0.0,0.0,0.0,0.0,0.0,0.0,0.3,low,0.0,0.0,0.0,0
2026-07-26T14:20:36.344092,05/18 11:15,15.72,0.0,,,,18.0,29.0,0.0,0.0,0.0,0.0,0.0,0.0,0.0,0.0,0.0,0.3,low,0.0,0.0,0.0,0
2026-07-26T14:20:36.358092,05/18 12:15,16.1,0.0,,,,18.0,29.0,0.0,0.0,0.0,0.0,0.0,0.0,0.0,0.0,0.0,0.3,low,0.0,0.0,0.0,0
2026-07-26T14:20:50.504742,05/18 13:15,16.1,0.0,,,,18.0,29.0,0.0,0.0,0.0,0.0,0.0,0.0,0.0,0.0,0.0,0.3,low,0.0,0.0,0.0,0
2026-07-26T14:20:50.521742,05/18 14:15,15.98,0.0,,,,18.0,29.0,0.0,0.0,0.0,0.0,0.0,0.0,0.0,0.0,0.0,0.3,low,0.0,0.0,0.0,0
2026-07-26T14:20:50.536742,05/18 15:15,15.6,0.0,,,,18.0,29.0,0.0,0.0,0.0,0.0,0.0,0.0,0.0,0.0,0.0,0.3,low,0.0,0.0,0.0,0
2026-07-26T14:20:50.550742,05/18 16:15,15.6,0.0,,,,18.0,29.0,0.0,0.0,0.0,0.0,0.0,0.0,0.0,0.0,0.0,0.55,high,0.0,0.0,0.0,0
2026-07-26T14:20:50.563744,05/18 17:15,15.45,0.0,,,,18.0,29.0,0.0,0.0,0.0,0.0,0.0,0.0,0.0,0.0,0.0,0.55,high,0.0,0.0,0.0,0
2026-07-26T14:20:50.577741,05/18 18:15,14.57,0.0,,,,18.0,29.0,0.0,0.0,0.0,0.0,0.0,0.0,0.0,0.0,0.0,0.55,high,0.0,0.0,0.0,0
2026-07-26T14:21:05.307254,05/18 19:15,13.18,0.0,,,,18.0,29.0,0.0,0.0,0.0,0.0,0.0,0.0,0.0,0.0,0.0,0.55,high,0.0,0.0,0.0,0
2026-07-26T14:21:05.324252,05/18 20:15,12.65,0.0,,,,18.0,29.0,0.0,0.0,0.0,0.0,0.0,0.0,0.0,0.0,0.0,0.55,high,0.0,0.0,0.0,0
2026-07-26T14:21:05.339251,05/18 21:15,12.2,0.0,,,,18.0,29.0,0.0,0.0,0.0,0.0,0.0,0.0,0.0,0.0,0.0,0.4,moderate,0.0,0.0,0.0,0
2026-07-26T14:21:05.356251,05/18 22:15,12.07,0.0,,,,18.0,29.0,0.0,0.0,0.0,0.0,0.0,0.0,0.0,0.0,0.0,0.4,moderate,0.0,0.0,0.0,0
2026-07-26T14:21:05.371252,05/18 23:15,11.55,0.0,,,,18.0,29.0,0.0,0.0,0.0,0.0,0.0,0.0,0.0,0.0,0.0,0.4,moderate,0.0,0.0,0.0,0
2026-07-26T14:21:05.385250,05/19 00:15,10.67,0.0,,,,18.0,29.0,0.0,0.0,0.0,0.0,0.0,0.0,0.0,0.0,0.0,0.34,low,0.0,0.0,0.0,0
2026-07-26T14:21:20.290796,05/19 01:15,9.4,0.0,,,,18.0,29.0,0.0,0.0,0.0,0.0,0.0,0.0,0.0,0.0,0.0,0.34,low,0.0,0.0,0.0,0
2026-07-26T14:21:20.306786,05/19 02:15,9.4,0.0,,,,18.0,29.0,0.0,0.0,0.0,0.0,0.0,0.0,0.0,0.0,0.0,0.34,low,0.0,0.0,0.0,0
2026-07-26T14:21:20.322792,05/19 03:15,9.7,0.0,,,,18.0,29.0,0.0,0.0,0.0,0.0,0.0,0.0,0.0,0.0,0.0,0.34,low,0.0,0.0,0.0,0
2026-07-26T14:21:20.337785,05/19 04:15,10.72,0.0,,,,18.0,29.0,0.0,0.0,0.0,0.0,0.0,0.0,0.0,0.0,0.0,0.34,low,0.0,0.0,0.0,0
2026-07-26T14:21:20.351787,05/19 05:15,11.1,0.0,,,,18.0,29.0,0.0,0.0,0.0,0.0,0.0,0.0,0.0,0.0,0.0,0.34,low,0.0,0.0,0.0,0
2026-07-26T14:21:20.365785,05/19 06:15,11.1,0.0,,,,18.0,29.0,0.0,0.0,0.0,0.0,0.0,0.0,0.0,0.0,0.0,0.43,moderate,0.0,0.0,0.0,0
2026-07-26T14:21:35.799991,05/19 07:15,11.1,0.0,,,,18.0,29.0,0.0,0.0,0.0,0.0,0.0,0.0,0.0,0.0,0.0,0.43,moderate,0.0,0.0,0.0,0
2026-07-26T14:21:35.818990,05/19 08:15,11.52,0.0,,,,18.0,29.0,0.0,0.0,0.0,0.0,0.0,0.0,0.0,0.0,0.0,0.43,moderate,0.0,0.0,0.0,0
2026-07-26T14:21:35.835991,05/19 09:15,13.08,0.0,,,,18.0,29.0,0.0,0.0,0.0,0.0,0.0,0.0,0.0,0.0,0.0,0.43,moderate,0.0,0.0,0.0,0
2026-07-26T14:21:35.850993,05/19 10:23,14.33,0.0,,,,18.0,29.0,0.0,0.0,0.0,0.0,0.0,0.0,0.0,0.0,0.0,0.3,low,0.0,0.0,0.0,0
2026-07-26T14:21:35.867665,05/19 11:15,16.15,0.0,,,,18.0,29.0,0.0,0.0,0.0,0.0,0.0,0.0,0.0,0.0,0.0,0.3,low,0.0,0.0,0.0,0
2026-07-26T14:21:35.881703,05/19 12:15,18.08,0.0,,,,18.0,29.0,0.0,0.0,0.0,0.0,0.0,0.0,0.0,0.0,0.0,0.3,low,0.0,0.0,0.0,0
2026-07-26T14:21:51.011937,05/19 13:15,18.75,0.0,,,,18.0,29.0,0.0,0.0,0.0,0.0,0.0,0.0,0.0,0.0,0.0,0.3,low,0.0,0.0,0.0,0
2026-07-26T14:21:51.028934,05/19 14:15,18.3,0.0,,,,18.0,29.0,0.0,0.0,0.0,0.0,0.0,0.0,0.0,0.0,0.0,0.3,low,0.0,0.0,0.0,0
2026-07-26T14:21:51.045936,05/19 15:23,18.3,0.0,,,,18.0,29.0,0.0,0.0,0.0,0.0,0.0,0.0,0.0,0.0,0.0,0.3,low,0.0,0.0,0.0,0
2026-07-26T14:21:51.060930,05/19 16:15,18.18,0.0,,,,18.0,29.0,0.0,0.0,0.0,0.0,0.0,0.0,0.0,0.0,0.0,0.55,high,0.0,0.0,0.0,0
2026-07-26T14:21:51.076934,05/19 17:15,17.38,0.0,,,,18.0,29.0,0.0,0.0,0.0,0.0,0.0,0.0,0.0,0.0,0.0,0.55,high,0.0,0.0,0.0,0
2026-07-26T14:21:51.089929,05/19 18:23,15.83,0.0,,,,18.0,29.0,0.0,0.0,0.0,0.0,0.0,0.0,0.0,0.0,0.0,0.55,high,0.0,0.0,0.0,0
2026-07-26T14:22:05.820003,05/19 19:23,14.57,0.0,,,,18.0,29.0,0.0,0.0,0.0,0.0,0.0,0.0,0.0,0.0,0.0,0.55,high,0.0,0.0,0.0,0
2026-07-26T14:22:05.839008,05/19 20:23,13.03,0.0,,,,18.0,29.0,0.0,0.0,0.0,0.0,0.0,0.0,0.0,0.0,0.0,0.55,high,0.0,0.0,0.0,0
2026-07-26T14:22:05.855995,05/19 21:15,11.92,0.0,,,,18.0,29.0,0.0,0.0,0.0,0.0,0.0,0.0,0.0,0.0,0.0,0.4,moderate,0.0,0.0,0.0,0
2026-07-26T14:22:05.871116,05/19 22:15,10.82,0.0,,,,18.0,29.0,0.0,0.0,0.0,0.0,0.0,0.0,0.0,0.0,0.0,0.4,moderate,0.0,0.0,0.0,0
2026-07-26T14:22:05.888122,05/19 23:15,9.72,0.0,,,,18.0,29.0,0.0,0.0,0.0,0.0,0.0,0.0,0.0,0.0,0.0,0.4,moderate,0.0,0.0,0.0,0
2026-07-26T14:22:05.905113,05/20 00:15,8.62,0.0,,,,18.0,29.0,0.0,0.0,0.0,0.0,0.0,0.0,0.0,0.0,0.0,0.34,low,0.0,0.0,0.0,0
2026-07-26T14:22:20.554404,05/20 01:15,7.65,0.0,,,,18.0,29.0,0.0,0.0,0.0,0.0,0.0,0.0,0.0,0.0,0.0,0.34,low,0.0,0.0,0.0,0
2026-07-26T14:22:20.571449,05/20 02:15,7.08,0.0,,,,18.0,29.0,0.0,0.0,0.0,0.0,0.0,0.0,0.0,0.0,0.0,0.34,low,0.0,0.0,0.0,0
2026-07-26T14:22:20.586457,05/20 03:15,6.83,0.0,,,,18.0,29.0,0.0,0.0,0.0,0.0,0.0,0.0,0.0,0.0,0.0,0.34,low,0.0,0.0,0.0,0
2026-07-26T14:22:20.600397,05/20 04:15,7.35,0.0,,,,18.0,29.0,0.0,0.0,0.0,0.0,0.0,0.0,0.0,0.0,0.0,0.34,low,0.0,0.0,0.0,0
2026-07-26T14:22:20.614895,05/20 05:15,8.62,0.0,,,,18.0,29.0,0.0,0.0,0.0,0.0,0.0,0.0,0.0,0.0,0.0,0.34,low,0.0,0.0,0.0,0
2026-07-26T14:22:20.630941,05/20 06:23,11.65,0.0,,,,18.0,29.0,0.0,0.0,0.0,0.0,0.0,0.0,0.0,0.0,0.0,0.43,moderate,0.0,0.0,0.0,0
2026-07-26T14:22:35.288607,05/20 07:23,13.88,0.0,,,,18.0,29.0,0.3764,0.094094,0.140388,0.094094,0.026106,0.0,0.0,0.206134,0.094094,0.43,moderate,0.04046,0.0,0.04046,0
2026-07-26T14:22:35.307078,05/20 08:23,16.15,0.0,,,,18.0,29.0,0.3764,0.094094,0.180037,0.094094,0.041962,0.0,0.0,0.397836,0.094094,0.43,moderate,0.04046,0.0,0.04046,0
2026-07-26T14:22:35.326069,05/20 09:23,18.35,52.0,23.14,21.21,25.64,21.0,26.0,0.3764,0.094094,0.218697,0.094094,0.05377,0.0,0.0,0.602497,0.094094,0.43,moderate,0.04046,0.0,0.04046,0
2026-07-26T14:22:35.344068,05/20 10:23,20.15,52.0,24.39,22.77,25.5,21.0,25.5,0.3833,0.09583,0.279144,0.09583,0.054459,0.0,0.0,0.918705,0.09583,0.3,low,0.028749,0.0,0.028749,0
2026-07-26T14:22:35.362061,05/20 11:23,21.0,52.0,24.97,23.58,25.5,21.0,25.5,0.3856,0.096401,0.310548,0.096401,0.07163,0.0,0.0,1.053244,0.096401,0.3,low,0.02892,0.0,0.02892,0
2026-07-26T14:22:35.378058,05/20 12:23,22.35,41.6,25.18,23.93,25.5,21.0,25.5,0.3839,0.095963,0.339489,0.095963,0.084021,0.0,0.0,1.188212,0.095963,0.3,low,0.028789,0.0,0.028789,0
2026-07-26T14:22:51.619408,05/20 13:15,22.93,20.8,24.77,23.85,25.0,21.0,25.0,0.3903,0.097578,0.381846,0.097578,0.086933,0.0,0.0,1.387896,0.097578,0.3,low,0.029273,0.0,0.029273,0
2026-07-26T14:22:51.639408,05/20 14:15,23.3,41.6,24.99,24.96,25.0,21.0,25.0,0.4113,0.102827,0.483188,0.102827,0.084017,0.0,0.0,1.893703,0.102827,0.3,low,0.030848,0.0,0.030848,0
2026-07-26T14:22:51.656417,05/20 15:15,22.9,52.0,25.0,25.0,25.0,21.0,25.0,0.429,0.107242,0.535342,0.107242,0.090852,0.0,0.0,2.117358,0.107242,0.3,low,0.032173,0.0,0.032173,0
2026-07-26T14:22:51.671408,05/20 16:15,21.55,52.0,24.94,24.72,25.0,21.0,25.0,0.4213,0.105319,0.509651,0.105319,0.082465,0.0,0.0,2.033503,0.105319,0.55,high,0.057925,0.0,0.057925,0
2026-07-26T14:22:51.685407,05/20 17:15,20.83,52.0,24.83,24.15,25.0,21.0,25.0,0.3977,0.099425,0.394124,0.099425,0.084037,0.0,0.0,1.455993,0.099425,0.55,high,0.054684,0.0,0.054684,0
2026-07-26T14:22:51.699407,05/20 18:15,19.3,52.0,24.69,23.64,25.0,21.0,25.0,0.3818,0.095439,0.306275,0.095439,0.082879,0.0,0.0,1.020638,0.095439,0.55,high,0.052491,0.0,0.052491,0
2026-07-26T14:23:08.577671,05/20 19:23,16.65,26.0,23.16,22.14,24.02,20.0,26.0,0.3764,0.094094,0.232503,0.094094,0.076243,0.0,0.0,0.646867,0.094094,0.55,high,0.051752,0.0,0.051752,0
2026-07-26T14:23:08.599622,05/20 20:23,14.57,0.0,,,,20.0,26.0,0.3764,0.094094,0.191975,0.094094,0.061975,0.0,0.0,0.445174,0.094094,0.55,high,0.051752,0.0,0.051752,0
2026-07-26T14:23:08.618626,05/20 21:15,12.48,0.0,,,,20.0,26.0,0.0,0.0,0.0,0.0,0.0,0.0,0.0,0.0,0.0,0.4,moderate,0.0,0.0,0.0,0
2026-07-26T14:23:08.637771,05/20 22:15,9.72,0.0,,,,20.0,26.0,0.0,0.0,0.0,0.0,0.0,0.0,0.0,0.0,0.0,0.4,moderate,0.0,0.0,0.0,0
2026-07-26T14:23:08.657956,05/20 23:15,8.75,0.0,,,,20.0,26.0,0.0,0.0,0.0,0.0,0.0,0.0,0.0,0.0,0.0,0.4,moderate,0.0,0.0,0.0,0
2026-07-26T14:23:08.724292,05/21 00:15,8.18,0.0,,,,20.0,26.0,0.0,0.0,0.0,0.0,0.0,0.0,0.0,0.0,0.0,0.34,low,0.0,0.0,0.0,0
2026-07-26T14:23:30.997974,05/21 01:15,7.65,0.0,,,,18.0,28.0,0.0,0.0,0.0,0.0,0.0,0.0,0.0,0.0,0.0,0.34,low,0.0,0.0,0.0,0
2026-07-26T14:23:31.018287,05/21 02:15,7.35,0.0,,,,18.0,28.0,0.0,0.0,0.0,0.0,0.0,0.0,0.0,0.0,0.0,0.34,low,0.0,0.0,0.0,0
2026-07-26T14:23:31.037825,05/21 03:15,8.07,0.0,,,,18.0,28.0,0.0,0.0,0.0,0.0,0.0,0.0,0.0,0.0,0.0,0.34,low,0.0,0.0,0.0,0
2026-07-26T14:23:31.055022,05/21 04:15,8.9,0.0,,,,18.0,28.0,0.0,0.0,0.0,0.0,0.0,0.0,0.0,0.0,0.0,0.34,low,0.0,0.0,0.0,0
2026-07-26T14:23:31.072969,05/21 05:15,9.45,0.0,,,,18.0,28.0,0.0,0.0,0.0,0.0,0.0,0.0,0.0,0.0,0.0,0.34,low,0.0,0.0,0.0,0
2026-07-26T14:23:31.092474,05/21 06:23,11.92,0.0,,,,18.0,28.0,0.0,0.0,0.0,0.0,0.0,0.0,0.0,0.0,0.0,0.43,moderate,0.0,0.0,0.0,0
2026-07-26T14:23:49.769735,05/21 07:23,15.1,0.0,,,,18.0,29.0,0.3764,0.094094,0.156916,0.094094,0.027665,0.0,0.0,0.296428,0.094094,0.43,moderate,0.04046,0.0,0.04046,0
2026-07-26T14:23:49.790734,05/21 08:23,17.9,0.0,,,,18.0,29.0,0.3764,0.094094,0.203485,0.094094,0.041424,0.0,0.0,0.527844,0.094094,0.43,moderate,0.04046,0.0,0.04046,0
2026-07-26T14:23:49.810732,05/21 09:23,21.1,52.0,23.32,21.31,25.77,20.5,26.0,0.3764,0.094094,0.254968,0.094094,0.058582,0.0,0.0,0.781772,0.094094,0.43,moderate,0.04046,0.0,0.04046,0
2026-07-26T14:23:49.831733,05/21 10:23,24.82,52.0,24.59,22.97,25.5,20.5,25.5,0.3874,0.096842,0.371872,0.096842,0.072184,0.0,0.0,1.344936,0.096842,0.3,low,0.029053,0.0,0.029053,0
2026-07-26T14:23:49.850735,05/21 11:23,26.25,52.0,25.14,23.87,25.5,20.5,25.5,0.3924,0.098099,0.423293,0.098099,0.070333,0.0,0.0,1.632306,0.098099,0.3,low,0.02943,0.0,0.02943,0
2026-07-26T14:23:49.867731,05/21 12:23,26.82,41.6,25.25,24.23,25.5,20.5,25.5,0.3965,0.099117,0.481537,0.099117,0.094967,0.0,0.0,1.821028,0.099117,0.3,low,0.029735,0.0,0.029735,0
2026-07-26T14:24:06.225729,05/21 13:15,27.2,20.8,24.83,24.15,25.0,20.5,25.0,0.4,0.100002,0.516328,0.100002,0.105492,0.0,0.0,1.948862,0.100002,0.3,low,0.030001,0.0,0.030001,0
2026-07-26T14:24:06.245725,05/21 14:15,27.07,41.6,25.0,24.99,25.0,20.5,25.0,0.424,0.106,0.599293,0.106,0.077138,0.0,0.0,2.370244,0.106,0.3,low,0.0318,0.0,0.0318,0
2026-07-26T14:24:06.263728,05/21 15:15,26.55,52.0,25.0,25.0,25.0,20.5,25.0,0.4417,0.110424,0.672494,0.110424,0.100221,0.0,0.0,2.599643,0.110424,0.3,low,0.033127,0.0,0.033127,0
2026-07-26T14:24:06.283726,05/21 16:15,25.98,52.0,24.98,24.93,25.0,20.5,25.0,0.4403,0.110076,0.61868,0.110076,0.079842,0.0,0.0,2.549817,0.110076,0.55,high,0.060542,0.0,0.060542,0
2026-07-26T14:24:06.302727,05/21 17:15,25.18,52.0,24.9,24.49,25.0,20.5,25.0,0.4194,0.104847,0.568834,0.104847,0.10999,0.0,0.0,2.218684,0.104847,0.55,high,0.057666,0.0,0.057666,0
2026-07-26T14:24:06.318725,05/21 18:15,23.07,52.0,24.81,24.04,25.0,20.5,25.0,0.4,0.100002,0.457593,0.100002,0.080355,0.0,0.0,1.737788,0.100002,0.55,high,0.055001,0.0,0.055001,0
2026-07-26T14:24:23.652153,05/21 19:23,19.9,26.0,23.81,22.56,24.77,20.0,26.0,0.3764,0.094094,0.288439,0.094094,0.075419,0.0,0.0,0.931186,0.094094,0.55,high,0.051752,0.0,0.051752,0
2026-07-26T14:24:23.675154,05/21 20:23,17.8,0.0,,,,20.0,26.0,0.3764,0.094094,0.243581,0.094094,0.078543,0.0,0.0,0.682755,0.094094,0.55,high,0.051752,0.0,0.051752,0
2026-07-26T14:24:23.694153,05/21 21:15,16.83,0.0,,,,20.0,26.0,0.0,0.0,0.0,0.0,0.0,0.0,0.0,0.0,0.0,0.4,moderate,0.0,0.0,0.0,0
2026-07-26T14:24:23.711155,05/21 22:15,13.35,0.0,,,,20.0,26.0,0.0,0.0,0.0,0.0,0.0,0.0,0.0,0.0,0.0,0.4,moderate,0.0,0.0,0.0,0
2026-07-26T14:24:23.728153,05/21 23:15,11.42,0.0,,,,20.0,26.0,0.0,0.0,0.0,0.0,0.0,0.0,0.0,0.0,0.0,0.4,moderate,0.0,0.0,0.0,0
2026-07-26T14:24:23.747152,05/22 00:15,10.6,0.0,,,,20.0,26.0,0.0,0.0,0.0,0.0,0.0,0.0,0.0,0.0,0.0,0.34,low,0.0,0.0,0.0,0
2026-07-26T14:24:40.936978,05/22 01:15,10.3,0.0,,,,18.0,28.0,0.0,0.0,0.0,0.0,0.0,0.0,0.0,0.0,0.0,0.34,low,0.0,0.0,0.0,0
2026-07-26T14:24:40.956978,05/22 02:15,9.28,0.0,,,,18.0,28.0,0.0,0.0,0.0,0.0,0.0,0.0,0.0,0.0,0.0,0.34,low,0.0,0.0,0.0,0
2026-07-26T14:24:40.975980,05/22 03:15,8.62,0.0,,,,18.0,28.0,0.0,0.0,0.0,0.0,0.0,0.0,0.0,0.0,0.0,0.34,low,0.0,0.0,0.0,0
2026-07-26T14:24:40.993979,05/22 04:15,8.2,0.0,,,,18.0,28.0,0.0,0.0,0.0,0.0,0.0,0.0,0.0,0.0,0.0,0.34,low,0.0,0.0,0.0,0
2026-07-26T14:24:41.011980,05/22 05:23,10.38,0.0,,,,18.0,28.0,0.0,0.0,0.0,0.0,0.0,0.0,0.0,0.0,0.0,0.34,low,0.0,0.0,0.0,0
2026-07-26T14:24:41.031979,05/22 06:23,14.55,0.0,,,,18.0,28.0,0.0,0.0,0.0,0.0,0.0,0.0,0.0,0.0,0.0,0.43,moderate,0.0,0.0,0.0,0
2026-07-26T14:24:57.906905,05/22 07:23,19.15,0.0,,,,18.0,29.0,0.3764,0.094094,0.223964,0.094094,0.040075,0.0,0.0,0.659317,0.094094,0.43,moderate,0.04046,0.0,0.04046,0
2026-07-26T14:24:57.927902,05/22 08:23,22.25,0.0,,,,18.0,29.0,0.3764,0.094094,0.276911,0.094094,0.048979,0.0,0.0,0.896961,0.094094,0.43,moderate,0.04046,0.0,0.04046,0
2026-07-26T14:24:57.950913,05/22 09:23,24.32,52.0,23.65,21.7,25.5,20.5,25.5,0.3819,0.095465,0.339228,0.095465,0.063926,0.0,0.0,1.189238,0.095465,0.43,moderate,0.04105,0.0,0.04105,0
2026-07-26T14:24:57.970901,05/22 10:23,25.6,52.0,24.78,23.3,25.5,20.5,25.5,0.3942,0.098538,0.426148,0.098538,0.079888,0.0,0.0,1.575975,0.098538,0.3,low,0.029561,0.0,0.029561,0
2026-07-26T14:24:57.989902,05/22 11:23,25.88,52.0,25.21,24.06,25.5,20.5,25.5,0.3995,0.099886,0.463536,0.099886,0.100617,0.0,0.0,1.739979,0.099886,0.3,low,0.029966,0.0,0.029966,0
2026-07-26T14:24:58.008902,05/22 12:15,26.97,41.6,25.27,24.36,25.5,20.5,25.5,0.4007,0.100169,0.498183,0.100169,0.080168,0.0,0.0,1.90801,0.100169,0.3,low,0.030051,0.0,0.030051,0
2026-07-26T14:25:16.132706,05/22 13:15,27.65,20.8,24.85,24.25,25.0,20.5,25.0,0.4026,0.100638,0.533791,0.100638,0.081496,0.0,0.0,2.048165,0.100638,0.3,low,0.030191,0.0,0.030191,0
2026-07-26T14:25:16.153699,05/22 14:15,27.2,41.6,25.0,25.0,25.0,20.5,25.0,0.4253,0.106321,0.608258,0.106321,0.093185,0.0,0.0,2.397236,0.106321,0.3,low,0.031896,0.0,0.031896,0
2026-07-26T14:25:16.174707,05/22 15:15,27.07,52.0,25.0,25.0,25.0,20.5,25.0,0.4445,0.111117,0.675949,0.111117,0.103555,0.0,0.0,2.673833,0.111117,0.3,low,0.033335,0.0,0.033335,0
2026-07-26T14:25:16.194699,05/22 16:15,26.55,52.0,24.99,24.95,25.0,20.5,25.0,0.4426,0.110644,0.660673,0.110644,0.104425,0.0,0.0,2.621999,0.110644,0.55,high,0.060854,0.0,0.060854,0
2026-07-26T14:25:16.214704,05/22 17:15,25.55,52.0,24.89,24.47,25.0,20.5,25.0,0.4206,0.105142,0.57985,0.105142,0.096962,0.0,0.0,2.274651,0.105142,0.55,high,0.057828,0.0,0.057828,0
2026-07-26T14:25:16.235699,05/22 18:15,23.47,52.0,24.8,24.03,25.0,20.5,25.0,0.4006,0.100156,0.46289,0.100156,0.095889,0.0,0.0,1.747626,0.100156,0.55,high,0.055086,0.0,0.055086,0
2026-07-26T14:25:35.538790,05/22 19:23,21.8,26.0,23.85,22.61,24.8,20.0,25.5,0.3764,0.094094,0.31725,0.094094,0.093607,0.0,0.0,1.057601,0.094094,0.55,high,0.051752,0.0,0.051752,0
2026-07-26T14:25:35.562247,05/22 20:23,20.18,0.0,,,,20.0,25.5,0.3764,0.094094,0.279259,0.094094,0.065407,0.0,0.0,0.903573,0.094094,0.55,high,0.051752,0.0,0.051752,0
2026-07-26T14:25:35.583688,05/22 21:15,18.47,0.0,,,,20.0,25.5,0.0,0.0,0.0,0.0,0.0,0.0,0.0,0.0,0.0,0.4,moderate,0.0,0.0,0.0,0
2026-07-26T14:25:35.603356,05/22 22:15,16.92,0.0,,,,20.0,25.5,0.0,0.0,0.0,0.0,0.0,0.0,0.0,0.0,0.0,0.4,moderate,0.0,0.0,0.0,0
2026-07-26T14:25:35.624376,05/22 23:15,15.83,0.0,,,,20.0,25.5,0.0,0.0,0.0,0.0,0.0,0.0,0.0,0.0,0.0,0.4,moderate,0.0,0.0,0.0,0
2026-07-26T14:25:35.642371,05/23 00:15,14.57,0.0,,,,20.0,25.5,0.0,0.0,0.0,0.0,0.0,0.0,0.0,0.0,0.0,0.34,low,0.0,0.0,0.0,0
2026-07-26T14:25:53.087040,05/23 01:15,13.3,0.0,,,,18.0,27.5,0.0,0.0,0.0,0.0,0.0,0.0,0.0,0.0,0.0,0.34,low,0.0,0.0,0.0,0
2026-07-26T14:25:53.106072,05/23 02:15,13.3,0.0,,,,18.0,27.5,0.0,0.0,0.0,0.0,0.0,0.0,0.0,0.0,0.0,0.34,low,0.0,0.0,0.0,0
2026-07-26T14:25:53.123086,05/23 03:15,13.45,0.0,,,,18.0,27.5,0.0,0.0,0.0,0.0,0.0,0.0,0.0,0.0,0.0,0.34,low,0.0,0.0,0.0,0
2026-07-26T14:25:53.138035,05/23 04:15,13.62,0.0,,,,18.0,27.5,0.0,0.0,0.0,0.0,0.0,0.0,0.0,0.0,0.0,0.34,low,0.0,0.0,0.0,0
2026-07-26T14:25:53.154079,05/23 05:15,13.08,0.0,,,,18.0,27.5,0.0,0.0,0.0,0.0,0.0,0.0,0.0,0.0,0.0,0.34,low,0.0,0.0,0.0,0
2026-07-26T14:25:53.169237,05/23 06:15,14.88,0.0,,,,18.0,27.5,0.0,0.0,0.0,0.0,0.0,0.0,0.0,0.0,0.0,0.43,moderate,0.0,0.0,0.0,0
2026-07-26T14:26:09.124818,05/23 07:15,18.35,0.0,,,,18.0,29.0,0.3764,0.094094,0.212747,0.094094,0.046192,0.0,0.0,0.582046,0.094094,0.43,moderate,0.04046,0.0,0.04046,0
2026-07-26T14:26:09.145818,05/23 08:23,20.43,0.0,,,,18.0,29.0,0.3764,0.094094,0.249327,0.094094,0.051953,0.0,0.0,0.760605,0.094094,0.43,moderate,0.04046,0.0,0.04046,0
2026-07-26T14:26:09.167818,05/23 09:23,22.25,52.0,23.14,21.8,24.28,20.0,26.0,0.3764,0.094094,0.282809,0.094094,0.059119,0.0,0.0,0.922728,0.094094,0.43,moderate,0.04046,0.0,0.04046,0
2026-07-26T14:26:09.190819,05/23 10:23,23.47,52.0,24.67,23.29,25.51,20.0,25.5,0.3783,0.094581,0.334594,0.094581,0.068191,0.0,0.0,1.1584,0.094581,0.3,low,0.028374,0.0,0.028374,0
2026-07-26T14:26:09.212818,05/23 11:23,21.65,52.0,25.05,23.86,25.5,20.0,25.5,0.3808,0.095189,0.323566,0.095189,0.079968,0.0,0.0,1.100549,0.095189,0.3,low,0.028557,0.0,0.028557,0
2026-07-26T14:26:09.232817,05/23 12:15,19.85,41.6,25.08,24.02,25.5,20.0,25.5,0.3793,0.09482,0.284943,0.09482,0.079309,0.0,0.0,0.914866,0.09482,0.3,low,0.028446,0.0,0.028446,0
2026-07-26T14:26:27.037153,05/23 13:15,19.4,20.8,24.46,23.48,25.0,20.5,25.0,0.3787,0.094675,0.27406,0.094675,0.078096,0.0,0.0,0.859574,0.094675,0.3,low,0.028402,0.0,0.028402,0
2026-07-26T14:26:27.057307,05/23 14:15,19.55,41.6,24.72,24.06,25.0,20.5,25.0,0.3911,0.097777,0.327843,0.097777,0.075865,0.0,0.0,1.156653,0.097777,0.3,low,0.029333,0.0,0.029333,0
2026-07-26T14:26:27.074765,05/23 15:15,20.15,52.0,24.75,24.24,25.0,20.5,25.0,0.3947,0.098666,0.346615,0.098666,0.079314,0.0,0.0,1.238917,0.098666,0.3,low,0.0296,0.0,0.0296,0
2026-07-26T14:26:27.092627,05/23 16:15,21.0,52.0,24.66,24.1,25.0,20.5,25.0,0.3881,0.097017,0.376786,0.097017,0.081431,0.0,0.0,1.390471,0.097017,0.55,high,0.053359,0.0,0.053359,0
2026-07-26T14:26:27.108628,05/23 17:15,21.5,52.0,24.39,23.62,25.0,20.5,25.0,0.3791,0.094774,0.415025,0.094774,0.092044,0.0,0.0,1.559455,0.094774,0.55,high,0.052126,0.0,0.052126,0
2026-07-26T14:26:27.124634,05/23 18:15,18.85,52.0,24.05,23.15,25.0,20.5,25.0,0.3782,0.09455,0.302985,0.09455,0.078686,0.0,0.0,1.006031,0.09455,0.55,high,0.052003,0.0,0.052003,0
2026-07-26T14:26:44.364541,05/23 19:15,16.8,26.0,22.62,21.74,23.73,20.0,26.0,0.3764,0.094094,0.253175,0.094094,0.074746,0.0,0.0,0.760921,0.094094,0.55,high,0.051752,0.0,0.051752,0
2026-07-26T14:26:44.386969,05/23 20:15,15.6,0.0,,,,20.0,26.0,0.3764,0.094094,0.198794,0.094094,0.066384,0.0,0.0,0.475968,0.094094,0.55,high,0.051752,0.0,0.051752,0
2026-07-26T14:26:44.407027,05/23 21:15,15.3,0.0,,,,20.0,26.0,0.0,0.0,0.0,0.0,0.0,0.0,0.0,0.0,0.0,0.4,moderate,0.0,0.0,0.0,0
2026-07-26T14:26:44.426027,05/23 22:15,14.4,0.0,,,,20.0,26.0,0.0,0.0,0.0,0.0,0.0,0.0,0.0,0.0,0.0,0.4,moderate,0.0,0.0,0.0,0
2026-07-26T14:26:44.442028,05/23 23:15,14.4,0.0,,,,20.0,26.0,0.0,0.0,0.0,0.0,0.0,0.0,0.0,0.0,0.0,0.4,moderate,0.0,0.0,0.0,0
2026-07-26T14:26:44.458444,05/24 00:15,14.4,0.0,,,,20.0,26.0,0.0,0.0,0.0,0.0,0.0,0.0,0.0,0.0,0.0,0.34,low,0.0,0.0,0.0,0
2026-07-26T14:27:00.157197,05/24 01:15,14.4,0.0,,,,18.0,28.0,0.0,0.0,0.0,0.0,0.0,0.0,0.0,0.0,0.0,0.34,low,0.0,0.0,0.0,0
2026-07-26T14:27:00.175198,05/24 02:15,14.28,0.0,,,,18.0,28.0,0.0,0.0,0.0,0.0,0.0,0.0,0.0,0.0,0.0,0.34,low,0.0,0.0,0.0,0
2026-07-26T14:27:00.194197,05/24 03:15,14.03,0.0,,,,18.0,28.0,0.0,0.0,0.0,0.0,0.0,0.0,0.0,0.0,0.0,0.34,low,0.0,0.0,0.0,0
2026-07-26T14:27:00.212196,05/24 04:15,14.4,0.0,,,,18.0,28.0,0.0,0.0,0.0,0.0,0.0,0.0,0.0,0.0,0.0,0.34,low,0.0,0.0,0.0,0
2026-07-26T14:27:00.229198,05/24 05:15,14.4,0.0,,,,18.0,28.0,0.0,0.0,0.0,0.0,0.0,0.0,0.0,0.0,0.0,0.34,low,0.0,0.0,0.0,0
2026-07-26T14:27:00.244196,05/24 06:15,14.7,0.0,,,,18.0,28.0,0.0,0.0,0.0,0.0,0.0,0.0,0.0,0.0,0.0,0.43,moderate,0.0,0.0,0.0,0
2026-07-26T14:27:14.968622,05/24 07:15,15.88,0.0,,,,18.0,29.0,0.3764,0.094094,0.236762,0.094094,0.047004,0.0,0.0,0.714587,0.094094,0.43,moderate,0.04046,0.0,0.04046,0
2026-07-26T14:27:14.986618,05/24 08:15,16.97,0.0,,,,18.0,29.0,0.3764,0.094094,0.268829,0.094094,0.048461,0.0,0.0,0.881976,0.094094,0.43,moderate,0.04046,0.0,0.04046,0
2026-07-26T14:27:15.006619,05/24 09:23,18.2,52.0,22.39,21.61,23.17,20.5,26.0,0.3764,0.094094,0.308732,0.094094,0.05917,0.0,0.0,1.070492,0.094094,0.43,moderate,0.04046,0.0,0.04046,0
2026-07-26T14:27:15.024618,05/24 10:23,19.97,52.0,24.09,23.05,24.82,20.5,26.0,0.3764,0.094094,0.344132,0.094094,0.076127,0.0,0.0,1.22917,0.094094,0.3,low,0.028228,0.0,0.028228,0
2026-07-26T14:27:15.041621,05/24 11:23,22.25,52.0,24.98,23.68,25.64,20.5,26.0,0.3764,0.094094,0.405878,0.094094,0.094584,0.0,0.0,1.512163,0.094094,0.3,low,0.028228,0.0,0.028228,0
2026-07-26T14:27:15.058620,05/24 12:23,24.17,41.6,25.14,23.91,25.5,20.5,25.5,0.379,0.094758,0.492261,0.094758,0.101766,0.0,0.0,1.905322,0.094758,0.3,low,0.028427,0.0,0.028427,0
2026-07-26T14:27:30.785920,05/24 13:15,24.85,20.8,24.72,23.83,25.0,20.5,25.0,0.3881,0.097032,0.571447,0.097032,0.104042,0.0,0.0,2.256051,0.097032,0.3,low,0.02911,0.0,0.02911,0
2026-07-26T14:27:30.803920,05/24 14:15,24.27,41.6,24.96,24.87,25.0,20.5,25.0,0.4069,0.101735,0.651062,0.101735,0.10266,0.0,0.0,2.631335,0.101735,0.3,low,0.03052,0.0,0.03052,0
2026-07-26T14:27:30.819919,05/24 15:15,23.47,52.0,24.99,24.96,25.0,20.5,25.0,0.4212,0.105288,0.716935,0.105288,0.101816,0.0,0.0,2.943003,0.105288,0.3,low,0.031586,0.0,0.031586,0
2026-07-26T14:27:30.836919,05/24 16:15,22.2,52.0,24.94,24.69,25.0,20.5,25.0,0.4172,0.104299,0.662939,0.104299,0.097559,0.0,0.0,2.730349,0.104299,0.55,high,0.057364,0.0,0.057364,0
2026-07-26T14:27:30.849920,05/24 17:15,21.5,52.0,24.84,24.2,25.0,20.5,25.0,0.3988,0.099694,0.577349,0.099694,0.097558,0.0,0.0,2.324725,0.099694,0.55,high,0.054832,0.0,0.054832,0
2026-07-26T14:27:30.863919,05/24 18:15,18.85,52.0,24.7,23.7,25.0,20.5,25.0,0.3827,0.095686,0.436967,0.095686,0.0918,0.0,0.0,1.683117,0.095686,0.55,high,0.052627,0.0,0.052627,0
2026-07-26T14:27:45.924335,05/24 19:23,16.65,26.0,23.25,22.2,24.02,20.0,26.0,0.3764,0.094094,0.310176,0.094094,0.081431,0.0,0.0,1.05483,0.094094,0.55,high,0.051752,0.0,0.051752,0
2026-07-26T14:27:45.943335,05/24 20:23,15.0,0.0,,,,20.0,26.0,0.3764,0.094094,0.249276,0.094094,0.074985,0.0,0.0,0.743371,0.094094,0.55,high,0.051752,0.0,0.051752,0
2026-07-26T14:27:45.959335,05/24 21:15,15.0,0.0,,,,20.0,26.0,0.0,0.0,0.0,0.0,0.0,0.0,0.0,0.0,0.0,0.4,moderate,0.0,0.0,0.0,0
2026-07-26T14:27:45.972335,05/24 22:15,14.85,0.0,,,,20.0,26.0,0.0,0.0,0.0,0.0,0.0,0.0,0.0,0.0,0.0,0.4,moderate,0.0,0.0,0.0,0
2026-07-26T14:27:45.985335,05/24 23:15,14.4,0.0,,,,20.0,26.0,0.0,0.0,0.0,0.0,0.0,0.0,0.0,0.0,0.0,0.4,moderate,0.0,0.0,0.0,0
2026-07-26T14:27:45.999336,05/25 00:15,14.28,0.0,,,,20.0,26.0,0.0,0.0,0.0,0.0,0.0,0.0,0.0,0.0,0.0,0.34,low,0.0,0.0,0.0,0
2026-07-26T14:28:01.421023,05/25 01:15,13.62,0.0,,,,18.0,28.0,0.0,0.0,0.0,0.0,0.0,0.0,0.0,0.0,0.0,0.34,low,0.0,0.0,0.0,0
2026-07-26T14:28:01.437024,05/25 02:15,12.8,0.0,,,,18.0,28.0,0.0,0.0,0.0,0.0,0.0,0.0,0.0,0.0,0.0,0.34,low,0.0,0.0,0.0,0
2026-07-26T14:28:01.453022,05/25 03:15,13.35,0.0,,,,18.0,28.0,0.0,0.0,0.0,0.0,0.0,0.0,0.0,0.0,0.0,0.34,low,0.0,0.0,0.0,0
2026-07-26T14:28:01.468022,05/25 04:15,14.85,0.0,,,,18.0,28.0,0.0,0.0,0.0,0.0,0.0,0.0,0.0,0.0,0.0,0.34,low,0.0,0.0,0.0,0
2026-07-26T14:28:01.482023,05/25 05:15,14.7,0.0,,,,18.0,28.0,0.0,0.0,0.0,0.0,0.0,0.0,0.0,0.0,0.0,0.34,low,0.0,0.0,0.0,0
2026-07-26T14:28:01.496022,05/25 06:23,16.27,0.0,,,,18.0,28.0,0.0,0.0,0.0,0.0,0.0,0.0,0.0,0.0,0.0,0.43,moderate,0.0,0.0,0.0,0
2026-07-26T14:28:16.203544,05/25 07:20,18.88,0.0,,,,18.0,29.0,0.0,0.0,0.0,0.0,0.0,0.0,0.0,0.0,0.0,0.43,moderate,0.0,0.0,0.0,0
2026-07-26T14:28:16.222543,05/25 08:20,21.28,0.0,,,,18.0,29.0,0.0,0.0,0.0,0.0,0.0,0.0,0.0,0.0,0.0,0.43,moderate,0.0,0.0,0.0,0
2026-07-26T14:28:16.240544,05/25 09:23,23.88,0.0,,,,18.0,29.0,0.0,0.0,0.0,0.0,0.0,0.0,0.0,0.0,0.0,0.43,moderate,0.0,0.0,0.0,0
2026-07-26T14:28:16.257542,05/25 10:23,25.88,0.0,,,,18.0,29.0,0.0,0.0,0.0,0.0,0.0,0.0,0.0,0.0,0.0,0.3,low,0.0,0.0,0.0,0
2026-07-26T14:28:16.274544,05/25 11:23,26.82,0.0,,,,18.0,29.0,0.0,0.0,0.0,0.0,0.0,0.0,0.0,0.0,0.0,0.3,low,0.0,0.0,0.0,0
2026-07-26T14:28:16.290544,05/25 12:23,27.2,0.0,,,,18.0,29.0,0.0,0.0,0.0,0.0,0.0,0.0,0.0,0.0,0.0,0.3,low,0.0,0.0,0.0,0
2026-07-26T14:28:31.617168,05/25 13:23,26.38,0.0,,,,18.0,29.0,0.0,0.0,0.0,0.0,0.0,0.0,0.0,0.0,0.0,0.3,low,0.0,0.0,0.0,0
2026-07-26T14:28:31.635169,05/25 14:15,23.75,0.0,,,,18.0,29.0,0.0,0.0,0.0,0.0,0.0,0.0,0.0,0.0,0.0,0.3,low,0.0,0.0,0.0,0
2026-07-26T14:28:31.653177,05/25 15:23,23.18,0.0,,,,18.0,29.0,0.0,0.0,0.0,0.0,0.0,0.0,0.0,0.0,0.0,0.3,low,0.0,0.0,0.0,0
2026-07-26T14:28:31.670171,05/25 16:15,22.38,0.0,,,,18.0,29.0,0.0,0.0,0.0,0.0,0.0,0.0,0.0,0.0,0.0,0.55,high,0.0,0.0,0.0,0
2026-07-26T14:28:31.685174,05/25 17:15,20.68,0.0,,,,18.0,29.0,0.0,0.0,0.0,0.0,0.0,0.0,0.0,0.0,0.0,0.55,high,0.0,0.0,0.0,0
2026-07-26T14:28:31.700169,05/25 18:15,18.57,0.0,,,,18.0,29.0,0.0,0.0,0.0,0.0,0.0,0.0,0.0,0.0,0.0,0.55,high,0.0,0.0,0.0,0
2026-07-26T14:28:47.732255,05/25 19:20,15.55,0.0,,,,18.0,29.0,0.0,0.0,0.0,0.0,0.0,0.0,0.0,0.0,0.0,0.55,high,0.0,0.0,0.0,0
2026-07-26T14:28:47.753250,05/25 20:23,13.48,0.0,,,,18.0,29.0,0.0,0.0,0.0,0.0,0.0,0.0,0.0,0.0,0.0,0.55,high,0.0,0.0,0.0,0
2026-07-26T14:28:47.773247,05/25 21:23,12.2,0.0,,,,18.0,29.0,0.0,0.0,0.0,0.0,0.0,0.0,0.0,0.0,0.0,0.4,moderate,0.0,0.0,0.0,0
2026-07-26T14:28:47.793247,05/25 22:15,12.07,0.0,,,,18.0,29.0,0.0,0.0,0.0,0.0,0.0,0.0,0.0,0.0,0.0,0.4,moderate,0.0,0.0,0.0,0
2026-07-26T14:28:47.811246,05/25 23:15,11.7,0.0,,,,18.0,29.0,0.0,0.0,0.0,0.0,0.0,0.0,0.0,0.0,0.0,0.4,moderate,0.0,0.0,0.0,0
2026-07-26T14:28:47.830246,05/26 00:15,11.42,0.0,,,,18.0,29.0,0.0,0.0,0.0,0.0,0.0,0.0,0.0,0.0,0.0,0.34,low,0.0,0.0,0.0,0
2026-07-26T14:29:03.568225,05/26 01:15,10.6,0.0,,,,18.0,29.0,0.0,0.0,0.0,0.0,0.0,0.0,0.0,0.0,0.0,0.34,low,0.0,0.0,0.0,0
2026-07-26T14:29:03.586225,05/26 02:15,10.88,0.0,,,,18.0,29.0,0.0,0.0,0.0,0.0,0.0,0.0,0.0,0.0,0.0,0.34,low,0.0,0.0,0.0,0
2026-07-26T14:29:03.603225,05/26 03:15,11.27,0.0,,,,18.0,29.0,0.0,0.0,0.0,0.0,0.0,0.0,0.0,0.0,0.0,0.34,low,0.0,0.0,0.0,0
2026-07-26T14:29:03.619225,05/26 04:15,9.72,0.0,,,,18.0,29.0,0.0,0.0,0.0,0.0,0.0,0.0,0.0,0.0,0.0,0.34,low,0.0,0.0,0.0,0
2026-07-26T14:29:03.636225,05/26 05:15,9.6,0.0,,,,18.0,29.0,0.0,0.0,0.0,0.0,0.0,0.0,0.0,0.0,0.0,0.34,low,0.0,0.0,0.0,0
2026-07-26T14:29:03.653226,05/26 06:23,12.37,0.0,,,,18.0,29.0,0.0,0.0,0.0,0.0,0.0,0.0,0.0,0.0,0.0,0.43,moderate,0.0,0.0,0.0,0
2026-07-26T14:29:19.337239,05/26 07:23,14.98,0.0,,,,18.0,29.0,0.0,0.0,0.0,0.0,0.0,0.0,0.0,0.0,0.0,0.43,moderate,0.0,0.0,0.0,0
2026-07-26T14:29:19.358238,05/26 08:23,17.25,0.0,,,,18.0,29.0,0.0,0.0,0.0,0.0,0.0,0.0,0.0,0.0,0.0,0.43,moderate,0.0,0.0,0.0,0
2026-07-26T14:29:19.378238,05/26 09:23,19.17,0.0,,,,18.0,29.0,0.0,0.0,0.0,0.0,0.0,0.0,0.0,0.0,0.0,0.43,moderate,0.0,0.0,0.0,0
2026-07-26T14:29:19.396241,05/26 10:15,20.0,0.0,,,,18.0,29.0,0.0,0.0,0.0,0.0,0.0,0.0,0.0,0.0,0.0,0.3,low,0.0,0.0,0.0,0
2026-07-26T14:29:19.417238,05/26 11:23,20.27,0.0,,,,18.0,29.0,0.0,0.0,0.0,0.0,0.0,0.0,0.0,0.0,0.0,0.3,low,0.0,0.0,0.0,0
2026-07-26T14:29:19.437242,05/26 12:23,21.25,0.0,,,,18.0,29.0,0.0,0.0,0.0,0.0,0.0,0.0,0.0,0.0,0.0,0.3,low,0.0,0.0,0.0,0
2026-07-26T14:29:34.671963,05/26 13:15,21.97,0.0,,,,18.0,29.0,0.0,0.0,0.0,0.0,0.0,0.0,0.0,0.0,0.0,0.3,low,0.0,0.0,0.0,0
2026-07-26T14:29:34.690960,05/26 14:23,22.65,0.0,,,,18.0,29.0,0.0,0.0,0.0,0.0,0.0,0.0,0.0,0.0,0.0,0.3,low,0.0,0.0,0.0,0
2026-07-26T14:29:34.709960,05/26 15:23,21.92,0.0,,,,18.0,29.0,0.0,0.0,0.0,0.0,0.0,0.0,0.0,0.0,0.0,0.3,low,0.0,0.0,0.0,0
2026-07-26T14:29:34.725961,05/26 16:15,20.83,0.0,,,,18.0,29.0,0.0,0.0,0.0,0.0,0.0,0.0,0.0,0.0,0.0,0.55,high,0.0,0.0,0.0,0
2026-07-26T14:29:34.740962,05/26 17:15,19.57,0.0,,,,18.0,29.0,0.0,0.0,0.0,0.0,0.0,0.0,0.0,0.0,0.0,0.55,high,0.0,0.0,0.0,0
2026-07-26T14:29:34.755960,05/26 18:23,17.62,0.0,,,,18.0,29.0,0.0,0.0,0.0,0.0,0.0,0.0,0.0,0.0,0.0,0.55,high,0.0,0.0,0.0,0
2026-07-26T14:29:50.420777,05/26 19:23,15.17,0.0,,,,18.0,29.0,0.0,0.0,0.0,0.0,0.0,0.0,0.0,0.0,0.0,0.55,high,0.0,0.0,0.0,0
2026-07-26T14:29:50.439771,05/26 20:23,13.35,0.0,,,,18.0,29.0,0.0,0.0,0.0,0.0,0.0,0.0,0.0,0.0,0.0,0.55,high,0.0,0.0,0.0,0
2026-07-26T14:29:50.455773,05/26 21:23,11.7,0.0,,,,18.0,29.0,0.0,0.0,0.0,0.0,0.0,0.0,0.0,0.0,0.0,0.4,moderate,0.0,0.0,0.0,0
2026-07-26T14:29:50.470771,05/26 22:15,11.27,0.0,,,,18.0,29.0,0.0,0.0,0.0,0.0,0.0,0.0,0.0,0.0,0.0,0.4,moderate,0.0,0.0,0.0,0
2026-07-26T14:29:50.491774,05/26 23:15,9.85,0.0,,,,18.0,29.0,0.0,0.0,0.0,0.0,0.0,0.0,0.0,0.0,0.0,0.4,moderate,0.0,0.0,0.0,0
2026-07-26T14:29:50.504771,05/27 00:15,9.4,0.0,,,,18.0,29.0,0.0,0.0,0.0,0.0,0.0,0.0,0.0,0.0,0.0,0.34,low,0.0,0.0,0.0,0
2026-07-26T14:30:06.697520,05/27 01:15,8.73,0.0,,,,18.0,29.0,0.0,0.0,0.0,0.0,0.0,0.0,0.0,0.0,0.0,0.34,low,0.0,0.0,0.0,0
2026-07-26T14:30:06.716521,05/27 02:15,6.83,0.0,,,,18.0,29.0,0.0,0.0,0.0,0.0,0.0,0.0,0.0,0.0,0.0,0.34,low,0.0,0.0,0.0,0
2026-07-26T14:30:06.732521,05/27 03:15,6.8,0.0,,,,18.0,29.0,0.0,0.0,0.0,0.0,0.0,0.0,0.0,0.0,0.0,0.34,low,0.0,0.0,0.0,0
2026-07-26T14:30:06.750519,05/27 04:15,5.72,0.0,,,,18.0,29.0,0.0,0.0,0.0,0.0,0.0,0.0,0.0,0.0,0.0,0.34,low,0.0,0.0,0.0,0
2026-07-26T14:30:06.767519,05/27 05:23,7.22,0.0,,,,18.0,29.0,0.0,0.0,0.0,0.0,0.0,0.0,0.0,0.0,0.0,0.34,low,0.0,0.0,0.0,0
2026-07-26T14:30:06.783519,05/27 06:23,12.12,0.0,,,,18.0,29.0,0.0,0.0,0.0,0.0,0.0,0.0,0.0,0.0,0.0,0.43,moderate,0.0,0.0,0.0,0
2026-07-26T14:30:23.081596,05/27 07:15,17.25,0.0,,,,18.0,29.0,0.3764,0.094094,0.189974,0.094094,0.040102,0.0,0.0,0.475992,0.094094,0.43,moderate,0.04046,0.0,0.04046,0
2026-07-26T14:30:23.100594,05/27 08:15,19.32,0.0,,,,18.0,29.0,0.3764,0.094094,0.230859,0.094094,0.052058,0.0,0.0,0.657762,0.094094,0.43,moderate,0.04046,0.0,0.04046,0
2026-07-26T14:30:23.122590,05/27 09:23,21.28,52.0,23.13,21.53,24.69,20.5,26.0,0.3764,0.094094,0.265962,0.094094,0.071485,0.0,0.0,0.82432,0.094094,0.43,moderate,0.04046,0.0,0.04046,0
2026-07-26T14:30:23.143590,05/27 10:23,23.73,52.0,24.62,23.16,25.5,20.5,25.5,0.3835,0.095882,0.338818,0.095882,0.080597,0.0,0.0,1.18621,0.095882,0.3,low,0.028765,0.0,0.028765,0
2026-07-26T14:30:23.161590,05/27 11:23,25.43,52.0,25.13,23.93,25.5,20.5,25.5,0.3886,0.097151,0.399887,0.097151,0.081308,0.0,0.0,1.45904,0.097151,0.3,low,0.029145,0.0,0.029145,0
2026-07-26T14:30:23.179589,05/27 12:23,26.97,41.6,25.24,24.2,25.5,20.5,25.5,0.3908,0.097711,0.454074,0.097711,0.097741,0.0,0.0,1.685825,0.097711,0.3,low,0.029313,0.0,0.029313,0
2026-07-26T14:30:38.909378,05/27 13:15,27.93,20.8,24.82,24.12,25.0,20.5,25.0,0.3971,0.099269,0.490329,0.099269,0.080626,0.0,0.0,1.914839,0.099269,0.3,low,0.029781,0.0,0.029781,0
2026-07-26T14:30:38.928569,05/27 14:15,28.45,41.6,25.0,24.99,25.0,20.5,25.0,0.4262,0.106545,0.621023,0.106545,0.075904,0.0,0.0,2.45225,0.106545,0.3,low,0.031963,0.0,0.031963,0
2026-07-26T14:30:38.946524,05/27 15:15,29.02,52.0,25.0,25.0,25.0,20.5,25.0,0.4542,0.113557,0.734702,0.113557,0.110381,0.0,0.0,2.882606,0.113557,0.3,low,0.034067,0.0,0.034067,0
2026-07-26T14:30:38.961587,05/27 16:15,29.27,52.0,25.0,25.0,25.0,20.5,25.0,0.4531,0.113273,0.744427,0.113273,0.083623,0.0,0.0,2.934282,0.113273,0.55,high,0.0623,0.0,0.0623,0
2026-07-26T14:30:38.976537,05/27 17:15,28.47,52.0,24.94,24.71,25.0,20.5,25.0,0.4289,0.10722,0.672041,0.10722,0.116419,0.0,0.0,2.606613,0.10722,0.55,high,0.058971,0.0,0.058971,0
2026-07-26T14:30:38.993543,05/27 18:15,26.38,52.0,24.86,24.31,25.0,20.5,25.0,0.4074,0.101853,0.558332,0.101853,0.111111,0.0,0.0,2.134893,0.101853,0.55,high,0.056019,0.0,0.056019,0
2026-07-26T14:30:56.405936,05/27 19:23,23.2,26.0,24.01,22.86,24.77,20.0,26.0,0.3764,0.094094,0.345142,0.094094,0.080325,0.0,0.0,1.194857,0.094094,0.55,high,0.051752,0.0,0.051752,0
2026-07-26T14:30:56.424936,05/27 20:23,20.55,0.0,,,,20.0,26.0,0.3764,0.094094,0.292238,0.094094,0.072469,0.0,0.0,0.948329,0.094094,0.55,high,0.051752,0.0,0.051752,0
2026-07-26T14:30:56.439936,05/27 21:15,18.75,0.0,,,,20.0,26.0,0.0,0.0,0.0,0.0,0.0,0.0,0.0,0.0,0.0,0.4,moderate,0.0,0.0,0.0,0
2026-07-26T14:30:56.454935,05/27 22:15,17.62,0.0,,,,20.0,26.0,0.0,0.0,0.0,0.0,0.0,0.0,0.0,0.0,0.0,0.4,moderate,0.0,0.0,0.0,0
2026-07-26T14:30:56.469936,05/27 23:15,15.72,0.0,,,,20.0,26.0,0.0,0.0,0.0,0.0,0.0,0.0,0.0,0.0,0.0,0.4,moderate,0.0,0.0,0.0,0
2026-07-26T14:30:56.483936,05/28 00:15,16.1,0.0,,,,20.0,26.0,0.0,0.0,0.0,0.0,0.0,0.0,0.0,0.0,0.0,0.34,low,0.0,0.0,0.0,0
2026-07-26T14:31:11.199820,05/28 01:15,16.1,0.0,,,,18.0,28.0,0.0,0.0,0.0,0.0,0.0,0.0,0.0,0.0,0.0,0.34,low,0.0,0.0,0.0,0
2026-07-26T14:31:11.216287,05/28 02:15,16.1,0.0,,,,18.0,28.0,0.0,0.0,0.0,0.0,0.0,0.0,0.0,0.0,0.0,0.34,low,0.0,0.0,0.0,0
2026-07-26T14:31:11.229850,05/28 03:15,16.1,0.0,,,,18.0,28.0,0.0,0.0,0.0,0.0,0.0,0.0,0.0,0.0,0.0,0.34,low,0.0,0.0,0.0,0
2026-07-26T14:31:11.243823,05/28 04:15,16.1,0.0,,,,18.0,28.0,0.0,0.0,0.0,0.0,0.0,0.0,0.0,0.0,0.0,0.34,low,0.0,0.0,0.0,0
2026-07-26T14:31:11.257812,05/28 05:23,16.8,0.0,,,,18.0,28.0,0.0,0.0,0.0,0.0,0.0,0.0,0.0,0.0,0.0,0.34,low,0.0,0.0,0.0,0
2026-07-26T14:31:11.272814,05/28 06:23,19.6,0.0,,,,18.0,28.0,0.0,0.0,0.0,0.0,0.0,0.0,0.0,0.0,0.0,0.43,moderate,0.0,0.0,0.0,0
2026-07-26T14:31:25.540685,05/28 07:23,21.97,0.0,,,,18.0,29.0,0.3764,0.094094,0.31578,0.094094,0.055376,0.0,0.0,1.100502,0.094094,0.43,moderate,0.04046,0.0,0.04046,0
2026-07-26T14:31:25.559681,05/28 08:23,23.2,0.0,,,,18.0,29.0,0.3764,0.094094,0.336528,0.094094,0.05671,0.0,0.0,1.189807,0.094094,0.43,moderate,0.04046,0.0,0.04046,0
2026-07-26T14:31:25.579679,05/28 09:23,25.1,52.0,23.81,21.99,25.51,20.0,25.5,0.3804,0.095108,0.400591,0.095108,0.070884,0.0,0.0,1.488148,0.095108,0.43,moderate,0.040896,0.0,0.040896,0
2026-07-26T14:31:25.599683,05/28 10:23,27.47,52.0,24.9,23.54,25.5,20.0,25.5,0.3925,0.098116,0.562044,0.098116,0.094847,0.0,0.0,2.176767,0.098116,0.3,low,0.029435,0.0,0.029435,0
2026-07-26T14:31:25.619680,05/28 11:23,28.58,52.0,25.28,24.4,25.5,20.0,25.5,0.4058,0.101454,0.683646,0.101454,0.105463,0.0,0.0,2.693815,0.101454,0.3,low,0.030436,0.0,0.030436,0
2026-07-26T14:31:25.635679,05/28 12:15,27.6,41.6,25.36,24.81,25.5,20.0,25.5,0.4042,0.101057,0.745703,0.101057,0.110221,0.0,0.0,2.916977,0.101057,0.3,low,0.030317,0.0,0.030317,0
2026-07-26T14:31:41.250475,05/28 13:15,23.17,20.8,24.86,24.3,25.0,20.5,25.0,0.3921,0.098029,0.611674,0.098029,0.107822,0.0,0.0,2.463327,0.098029,0.3,low,0.029409,0.0,0.029409,0
2026-07-26T14:31:41.268474,05/28 14:15,25.98,41.6,25.0,24.98,25.0,20.5,25.0,0.4163,0.104063,0.764016,0.104063,0.110758,0.0,0.0,3.088467,0.104063,0.3,low,0.031219,0.0,0.031219,0
2026-07-26T14:31:41.285476,05/28 15:15,23.93,52.0,25.0,25.0,25.0,20.5,25.0,0.4215,0.10538,0.729248,0.10538,0.10287,0.0,0.0,2.943358,0.10538,0.3,low,0.031614,0.0,0.031614,0
2026-07-26T14:31:41.306473,05/28 16:15,19.17,52.0,24.79,24.39,25.0,20.5,25.0,0.3915,0.097875,0.510292,0.097875,0.095332,0.0,0.0,2.042201,0.097875,0.55,high,0.053831,0.0,0.053831,0
2026-07-26T14:31:41.322477,05/28 17:15,20.0,52.0,24.37,23.68,25.0,20.5,25.0,0.3805,0.095121,0.486364,0.095121,0.100083,0.0,0.0,1.923332,0.095121,0.55,high,0.052317,0.0,0.052317,0
2026-07-26T14:31:41.337474,05/28 18:15,20.15,52.0,24.06,23.19,25.0,20.5,25.0,0.379,0.094757,0.477499,0.094757,0.100104,0.0,0.0,1.877335,0.094757,0.55,high,0.052116,0.0,0.052116,0
2026-07-26T14:31:58.025446,05/28 19:15,20.03,26.0,22.83,22.04,23.8,20.0,26.0,0.3764,0.094094,0.446474,0.094094,0.09906,0.0,0.0,1.718608,0.094094,0.55,high,0.051752,0.0,0.051752,0
2026-07-26T14:31:58.045447,05/28 20:15,18.45,0.0,,,,20.0,26.0,0.3764,0.094094,0.411656,0.094094,0.096585,0.0,0.0,1.56659,0.094094,0.55,high,0.051752,0.0,0.051752,0
2026-07-26T14:31:58.062448,05/28 21:15,18.75,0.0,,,,20.0,26.0,0.0,0.0,0.0,0.0,0.0,0.0,0.0,0.0,0.0,0.4,moderate,0.0,0.0,0.0,0
2026-07-26T14:31:58.077446,05/28 22:15,18.3,0.0,,,,20.0,26.0,0.0,0.0,0.0,0.0,0.0,0.0,0.0,0.0,0.0,0.4,moderate,0.0,0.0,0.0,0
2026-07-26T14:31:58.091446,05/28 23:15,18.58,0.0,,,,20.0,26.0,0.0,0.0,0.0,0.0,0.0,0.0,0.0,0.0,0.0,0.4,moderate,0.0,0.0,0.0,0
2026-07-26T14:31:58.106446,05/29 00:15,19.12,0.0,,,,20.0,26.0,0.0,0.0,0.0,0.0,0.0,0.0,0.0,0.0,0.0,0.34,low,0.0,0.0,0.0,0
2026-07-26T14:32:13.646549,05/29 01:15,18.03,0.0,,,,18.0,28.0,0.0,0.0,0.0,0.0,0.0,0.0,0.0,0.0,0.0,0.34,low,0.0,0.0,0.0,0
2026-07-26T14:32:13.666779,05/29 02:15,17.2,0.0,,,,18.0,28.0,0.0,0.0,0.0,0.0,0.0,0.0,0.0,0.0,0.0,0.34,low,0.0,0.0,0.0,0
2026-07-26T14:32:13.683051,05/29 03:15,17.2,0.0,,,,18.0,28.0,0.0,0.0,0.0,0.0,0.0,0.0,0.0,0.0,0.0,0.34,low,0.0,0.0,0.0,0
2026-07-26T14:32:13.699085,05/29 04:15,17.35,0.0,,,,18.0,28.0,0.0,0.0,0.0,0.0,0.0,0.0,0.0,0.0,0.0,0.34,low,0.0,0.0,0.0,0
2026-07-26T14:32:13.713793,05/29 05:15,17.8,0.0,,,,18.0,28.0,0.0,0.0,0.0,0.0,0.0,0.0,0.0,0.0,0.0,0.34,low,0.0,0.0,0.0,0
2026-07-26T14:32:13.729757,05/29 06:15,18.2,0.0,,,,18.0,28.0,0.0,0.0,0.0,0.0,0.0,0.0,0.0,0.0,0.0,0.43,moderate,0.0,0.0,0.0,0
2026-07-26T14:32:30.178023,05/29 07:15,19.55,0.0,,,,18.0,29.0,0.3764,0.094094,0.392769,0.094094,0.070248,0.0,0.0,1.493446,0.094094,0.43,moderate,0.04046,0.0,0.04046,0
2026-07-26T14:32:30.198015,05/29 08:15,20.55,0.0,,,,18.0,29.0,0.3764,0.094094,0.423043,0.094094,0.071297,0.0,0.0,1.637843,0.094094,0.43,moderate,0.04046,0.0,0.04046,0
2026-07-26T14:32:30.218016,05/29 09:20,22.62,52.0,22.71,21.85,23.49,20.0,26.0,0.3764,0.094094,0.44029,0.094094,0.078805,0.0,0.0,1.682259,0.094094,0.43,moderate,0.04046,0.0,0.04046,0
2026-07-26T14:32:30.236015,05/29 10:23,24.32,52.0,24.64,23.38,25.46,20.0,26.0,0.3764,0.094094,0.536641,0.094094,0.103738,0.0,0.0,2.106351,0.094094,0.3,low,0.028228,0.0,0.028228,0
2026-07-26T14:32:30.256017,05/29 11:23,25.88,52.0,25.17,24.07,25.5,20.0,25.5,0.3876,0.096903,0.645027,0.096903,0.115024,0.0,0.0,2.575426,0.096903,0.3,low,0.029071,0.0,0.029071,0
2026-07-26T14:32:30.275014,05/29 12:23,26.82,41.6,25.28,24.42,25.5,20.0,25.5,0.3937,0.098431,0.77491,0.098431,0.124324,0.0,0.0,3.110416,0.098431,0.3,low,0.029529,0.0,0.029529,0
2026-07-26T14:32:47.915851,05/29 13:15,25.4,20.8,24.88,24.39,25.0,20.5,25.0,0.3989,0.099722,0.815835,0.099722,0.125326,0.0,0.0,3.250522,0.099722,0.3,low,0.029917,0.0,0.029917,0
2026-07-26T14:32:47.939849,05/29 14:15,19.85,41.6,24.83,24.31,25.0,20.5,25.0,0.3967,0.099164,0.528394,0.099164,0.095346,0.0,0.0,2.113017,0.099164,0.3,low,0.029749,0.0,0.029749,0
2026-07-26T14:32:47.962849,05/29 15:15,19.7,52.0,24.78,24.39,25.0,20.5,25.0,0.3968,0.099205,0.523803,0.099205,0.094048,0.0,0.0,2.121741,0.099205,0.3,low,0.029761,0.0,0.029761,0
2026-07-26T14:32:47.985849,05/29 16:15,20.6,52.0,24.89,24.44,25.0,20.5,25.0,0.3964,0.099098,0.556815,0.099098,0.09749,0.0,0.0,2.258328,0.099098,0.55,high,0.054504,0.0,0.054504,0
2026-07-26T14:32:48.004850,05/29 17:15,20.88,52.0,24.77,23.94,25.0,20.5,25.0,0.3825,0.095637,0.460052,0.095637,0.095007,0.0,0.0,1.789782,0.095637,0.55,high,0.0526,0.0,0.0526,0
2026-07-26T14:32:48.025853,05/29 18:15,21.55,52.0,24.65,23.6,25.0,20.5,25.0,0.3813,0.095319,0.488179,0.095319,0.099131,0.0,0.0,1.910851,0.095319,0.55,high,0.052425,0.0,0.052425,0
2026-07-26T14:33:05.348523,05/29 19:23,20.55,26.0,23.3,22.24,23.93,20.0,26.0,0.3764,0.094094,0.408525,0.094094,0.093754,0.0,0.0,1.526782,0.094094,0.55,high,0.051752,0.0,0.051752,0
2026-07-26T14:33:05.368551,05/29 20:23,19.02,0.0,,,,20.0,26.0,0.3764,0.094094,0.390064,0.094094,0.093272,0.0,0.0,1.455459,0.094094,0.55,high,0.051752,0.0,0.051752,0
2026-07-26T14:33:05.384517,05/29 21:15,19.27,0.0,,,,20.0,26.0,0.0,0.0,0.0,0.0,0.0,0.0,0.0,0.0,0.0,0.4,moderate,0.0,0.0,0.0,0
2026-07-26T14:33:05.399521,05/29 22:15,18.75,0.0,,,,20.0,26.0,0.0,0.0,0.0,0.0,0.0,0.0,0.0,0.0,0.0,0.4,moderate,0.0,0.0,0.0,0
2026-07-26T14:33:05.415519,05/29 23:15,18.73,0.0,,,,20.0,26.0,0.0,0.0,0.0,0.0,0.0,0.0,0.0,0.0,0.0,0.4,moderate,0.0,0.0,0.0,0
2026-07-26T14:33:05.429513,05/30 00:15,20.0,0.0,,,,20.0,26.0,0.0,0.0,0.0,0.0,0.0,0.0,0.0,0.0,0.0,0.34,low,0.0,0.0,0.0,0
2026-07-26T14:33:21.844620,05/30 01:15,19.85,0.0,,,,18.0,28.0,0.0,0.0,0.0,0.0,0.0,0.0,0.0,0.0,0.0,0.34,low,0.0,0.0,0.0,0
2026-07-26T14:33:21.863619,05/30 02:15,19.27,0.0,,,,18.0,28.0,0.0,0.0,0.0,0.0,0.0,0.0,0.0,0.0,0.0,0.34,low,0.0,0.0,0.0,0
2026-07-26T14:33:21.881617,05/30 03:15,18.9,0.0,,,,18.0,28.0,0.0,0.0,0.0,0.0,0.0,0.0,0.0,0.0,0.0,0.34,low,0.0,0.0,0.0,0
2026-07-26T14:33:21.898617,05/30 04:15,19.02,0.0,,,,18.0,28.0,0.0,0.0,0.0,0.0,0.0,0.0,0.0,0.0,0.0,0.34,low,0.0,0.0,0.0,0
2026-07-26T14:33:21.915616,05/30 05:15,19.7,0.0,,,,18.0,28.0,0.0,0.0,0.0,0.0,0.0,0.0,0.0,0.0,0.0,0.34,low,0.0,0.0,0.0,0
2026-07-26T14:33:21.929614,05/30 06:15,20.73,0.0,,,,18.0,28.0,0.0,0.0,0.0,0.0,0.0,0.0,0.0,0.0,0.0,0.43,moderate,0.0,0.0,0.0,0
2026-07-26T14:33:36.952638,05/30 07:15,21.1,0.0,,,,18.0,29.0,0.3764,0.094094,0.484447,0.094094,0.084212,0.0,0.0,1.917933,0.094094,0.43,moderate,0.04046,0.0,0.04046,0
2026-07-26T14:33:36.972647,05/30 08:15,21.65,0.0,,,,18.0,29.0,0.3764,0.094094,0.504281,0.094094,0.083686,0.0,0.0,2.01406,0.094094,0.43,moderate,0.04046,0.0,0.04046,0
2026-07-26T14:33:36.995646,05/30 09:23,23.18,52.0,22.83,21.96,23.65,20.0,26.0,0.3764,0.094094,0.600127,0.094094,0.102739,0.0,0.0,2.41577,0.094094,0.43,moderate,0.04046,0.0,0.04046,0
2026-07-26T14:33:37.016174,05/30 10:23,22.53,52.0,24.41,23.4,25.26,20.0,26.0,0.3764,0.094094,0.600788,0.094094,0.114362,0.0,0.0,2.410525,0.094094,0.3,low,0.028228,0.0,0.028228,0
2026-07-26T14:33:37.036173,05/30 11:15,21.97,52.0,24.92,23.74,25.57,20.0,26.0,0.3764,0.094094,0.483783,0.094094,0.104755,0.0,0.0,1.87956,0.094094,0.3,low,0.028228,0.0,0.028228,0
2026-07-26T14:33:37.057469,05/30 12:15,23.5,41.6,25.13,24.0,25.5,20.0,25.5,0.3796,0.094901,0.49762,0.094901,0.102242,0.0,0.0,1.940482,0.094901,0.3,low,0.02847,0.0,0.02847,0
2026-07-26T14:33:53.102211,05/30 13:15,26.15,20.8,24.74,23.97,25.0,20.5,25.0,0.3894,0.097359,0.718349,0.097359,0.121613,0.0,0.0,2.892692,0.097359,0.3,low,0.029208,0.0,0.029208,0
2026-07-26T14:33:53.120207,05/30 14:15,27.8,41.6,24.99,24.97,25.0,20.5,25.0,0.4115,0.102875,0.830087,0.102875,0.119767,0.0,0.0,3.311875,0.102875,0.3,low,0.030862,0.0,0.030862,0
2026-07-26T14:33:53.136207,05/30 15:15,28.2,52.0,25.0,25.0,25.0,20.5,25.0,0.425,0.10625,0.90275,0.10625,0.119767,0.0,0.0,3.613878,0.10625,0.3,low,0.031875,0.0,0.031875,0
2026-07-26T14:33:53.151206,05/30 16:15,29.12,52.0,25.0,25.0,25.0,20.5,25.0,0.4198,0.104941,0.96153,0.104941,0.126515,0.0,0.0,3.787137,0.104941,0.55,high,0.057718,0.0,0.057718,0
2026-07-26T14:33:53.166207,05/30 17:15,27.9,52.0,24.92,24.58,25.0,20.5,25.0,0.4015,0.100382,0.872531,0.100382,0.128081,0.0,0.0,3.459309,0.100382,0.55,high,0.05521,0.0,0.05521,0
2026-07-26T14:33:53.181208,05/30 18:15,26.0,52.0,24.83,24.15,25.0,20.5,25.0,0.3931,0.098269,0.646719,0.098269,0.107155,0.0,0.0,2.54375,0.098269,0.55,high,0.054048,0.0,0.054048,0
2026-07-26T14:34:10.120399,05/30 19:23,23.62,26.0,23.78,22.71,24.4,20.0,26.0,0.3764,0.094094,0.417485,0.094094,0.093605,0.0,0.0,1.538453,0.094094,0.55,high,0.051752,0.0,0.051752,0
2026-07-26T14:34:10.139400,05/30 20:23,22.53,0.0,,,,20.0,26.0,0.3764,0.094094,0.357349,0.094094,0.087066,0.0,0.0,1.260514,0.094094,0.55,high,0.051752,0.0,0.051752,0
2026-07-26T14:34:10.153400,05/30 21:15,21.55,0.0,,,,20.0,26.0,0.0,0.0,0.0,0.0,0.0,0.0,0.0,0.0,0.0,0.4,moderate,0.0,0.0,0.0,0
2026-07-26T14:34:10.166398,05/30 22:15,20.98,0.0,,,,20.0,26.0,0.0,0.0,0.0,0.0,0.0,0.0,0.0,0.0,0.0,0.4,moderate,0.0,0.0,0.0,0
2026-07-26T14:34:10.179398,05/30 23:15,20.45,0.0,,,,20.0,26.0,0.0,0.0,0.0,0.0,0.0,0.0,0.0,0.0,0.0,0.4,moderate,0.0,0.0,0.0,0
2026-07-26T14:34:10.192400,05/31 00:15,19.85,0.0,,,,20.0,26.0,0.0,0.0,0.0,0.0,0.0,0.0,0.0,0.0,0.0,0.34,low,0.0,0.0,0.0,0
2026-07-26T14:34:24.830891,05/31 01:15,19.27,0.0,,,,18.0,28.0,0.0,0.0,0.0,0.0,0.0,0.0,0.0,0.0,0.0,0.34,low,0.0,0.0,0.0,0
2026-07-26T14:34:24.846362,05/31 02:15,18.62,0.0,,,,18.0,28.0,0.0,0.0,0.0,0.0,0.0,0.0,0.0,0.0,0.0,0.34,low,0.0,0.0,0.0,0
2026-07-26T14:34:24.860358,05/31 03:15,17.8,0.0,,,,18.0,28.0,0.0,0.0,0.0,0.0,0.0,0.0,0.0,0.0,0.0,0.34,low,0.0,0.0,0.0,0
2026-07-26T14:34:24.874437,05/31 04:15,17.38,0.0,,,,18.0,28.0,0.0,0.0,0.0,0.0,0.0,0.0,0.0,0.0,0.0,0.34,low,0.0,0.0,0.0,0
2026-07-26T14:34:24.888431,05/31 05:15,16.25,0.0,,,,18.0,28.0,0.0,0.0,0.0,0.0,0.0,0.0,0.0,0.0,0.0,0.34,low,0.0,0.0,0.0,0
2026-07-26T14:34:24.902436,05/31 06:23,17.25,0.0,,,,18.0,28.0,0.0,0.0,0.0,0.0,0.0,0.0,0.0,0.0,0.0,0.43,moderate,0.0,0.0,0.0,0
2026-07-26T14:34:39.195878,05/31 07:23,19.17,0.0,,,,18.0,29.0,0.3764,0.094094,0.296339,0.094094,0.059434,0.0,0.0,1.012652,0.094094,0.43,moderate,0.04046,0.0,0.04046,0
2026-07-26T14:34:39.215872,05/31 08:23,20.27,0.0,,,,18.0,29.0,0.3764,0.094094,0.316606,0.094094,0.059604,0.0,0.0,1.105316,0.094094,0.43,moderate,0.04046,0.0,0.04046,0
2026-07-26T14:34:39.235876,05/31 09:23,21.53,52.0,23.72,21.9,25.5,20.0,25.5,0.3799,0.094977,0.337875,0.094977,0.068454,0.0,0.0,1.203105,0.094977,0.43,moderate,0.04084,0.0,0.04084,0
2026-07-26T14:34:39.252872,05/31 10:23,22.93,52.0,24.81,23.36,25.5,20.0,25.5,0.3898,0.097447,0.414564,0.097447,0.082415,0.0,0.0,1.55315,0.097447,0.3,low,0.029234,0.0,0.029234,0
2026-07-26T14:34:39.270872,05/31 11:23,23.45,52.0,25.21,24.05,25.5,20.0,25.5,0.3965,0.099115,0.44153,0.099115,0.084826,0.0,0.0,1.691721,0.099115,0.3,low,0.029734,0.0,0.029734,0
2026-07-26T14:34:39.285871,05/31 12:15,24.02,41.6,25.25,24.27,25.5,20.0,25.5,0.3952,0.098792,0.460782,0.098792,0.085703,0.0,0.0,1.767652,0.098792,0.3,low,0.029638,0.0,0.029638,0
2026-07-26T14:34:54.503564,05/31 13:15,24.55,20.8,24.83,24.14,25.0,20.5,25.0,0.3966,0.099141,0.495364,0.099141,0.088983,0.0,0.0,1.905608,0.099141,0.3,low,0.029742,0.0,0.029742,0
2026-07-26T14:34:54.523562,05/31 14:15,25.0,41.6,25.0,24.99,25.0,20.5,25.0,0.4218,0.105451,0.582905,0.105451,0.086725,0.0,0.0,2.32938,0.105451,0.3,low,0.031635,0.0,0.031635,0
2026-07-26T14:34:54.539564,05/31 15:15,25.0,52.0,25.0,25.0,25.0,20.5,25.0,0.441,0.110253,0.651316,0.110253,0.087914,0.0,0.0,2.634077,0.110253,0.3,low,0.033076,0.0,0.033076,0
2026-07-26T14:34:54.554561,05/31 16:15,24.85,52.0,25.0,25.0,25.0,20.5,25.0,0.4356,0.108892,0.638383,0.108892,0.087914,0.0,0.0,2.569566,0.108892,0.55,high,0.059891,0.0,0.059891,0
2026-07-26T14:34:54.571562,05/31 17:15,24.0,52.0,24.91,24.55,25.0,20.5,25.0,0.4062,0.101548,0.519664,0.101548,0.085023,0.0,0.0,2.026682,0.101548,0.55,high,0.055851,0.0,0.055851,0
2026-07-26T14:34:54.588563,05/31 18:15,22.38,52.0,24.79,24.0,25.0,20.5,25.0,0.3845,0.096115,0.417574,0.096115,0.086982,0.0,0.0,1.5542,0.096115,0.55,high,0.052863,0.0,0.052863,0
2026-07-26T14:35:13.252690,05/31 19:23,20.83,26.0,23.44,22.56,24.12,20.0,26.0,0.3764,0.094094,0.296618,0.094094,0.081983,0.0,0.0,0.965985,0.094094,0.55,high,0.051752,0.0,0.051752,0
2026-07-26T14:35:13.275690,05/31 20:23,19.45,0.0,,,,20.0,26.0,0.3764,0.094094,0.27333,0.094094,0.082419,0.0,0.0,0.852218,0.094094,0.55,high,0.051752,0.0,0.051752,0
2026-07-26T14:35:13.298691,05/31 21:15,17.83,0.0,,,,20.0,26.0,0.0,0.0,0.0,0.0,0.0,0.0,0.0,0.0,0.0,0.4,moderate,0.0,0.0,0.0,0
2026-07-26T14:35:13.317691,05/31 22:15,17.9,0.0,,,,20.0,26.0,0.0,0.0,0.0,0.0,0.0,0.0,0.0,0.0,0.0,0.4,moderate,0.0,0.0,0.0,0
2026-07-26T14:35:13.335689,05/31 23:15,17.92,0.0,,,,20.0,26.0,0.0,0.0,0.0,0.0,0.0,0.0,0.0,0.0,0.0,0.4,moderate,0.0,0.0,0.0,0
2026-07-26T14:35:13.353689,06/01 00:15,18.02,0.0,,,,20.0,26.0,0.0,0.0,0.0,0.0,0.0,0.0,0.0,0.0,0.0,0.34,low,0.0,0.0,0.0,0
2026-07-26T14:35:33.254684,06/01 01:15,18.12,0.0,,,,18.0,28.0,0.0,0.0,0.0,0.0,0.0,0.0,0.0,0.0,0.0,0.34,low,0.0,0.0,0.0,0
2026-07-26T14:35:33.273687,06/01 02:15,18.2,0.0,,,,18.0,28.0,0.0,0.0,0.0,0.0,0.0,0.0,0.0,0.0,0.0,0.34,low,0.0,0.0,0.0,0
2026-07-26T14:35:33.290684,06/01 03:15,18.22,0.0,,,,18.0,28.0,0.0,0.0,0.0,0.0,0.0,0.0,0.0,0.0,0.0,0.34,low,0.0,0.0,0.0,0
2026-07-26T14:35:33.306685,06/01 04:15,18.18,0.0,,,,18.0,28.0,0.0,0.0,0.0,0.0,0.0,0.0,0.0,0.0,0.0,0.34,low,0.0,0.0,0.0,0
2026-07-26T14:35:33.322684,06/01 05:15,17.38,0.0,,,,18.0,28.0,0.0,0.0,0.0,0.0,0.0,0.0,0.0,0.0,0.0,0.34,low,0.0,0.0,0.0,0
2026-07-26T14:35:33.337683,06/01 06:15,15.98,0.0,,,,18.0,28.0,0.0,0.0,0.0,0.0,0.0,0.0,0.0,0.0,0.0,0.43,moderate,0.0,0.0,0.0,0
2026-07-26T14:35:51.466998,06/01 07:15,15.88,0.0,,,,18.0,29.0,0.0,0.0,0.0,0.0,0.0,0.0,0.0,0.0,0.0,0.43,moderate,0.0,0.0,0.0,0
2026-07-26T14:35:51.567857,06/01 08:20,17.25,0.0,,,,18.0,29.0,0.0,0.0,0.0,0.0,0.0,0.0,0.0,0.0,0.0,0.43,moderate,0.0,0.0,0.0,0
2026-07-26T14:35:51.697478,06/01 09:23,19.17,0.0,,,,18.0,29.0,0.0,0.0,0.0,0.0,0.0,0.0,0.0,0.0,0.0,0.43,moderate,0.0,0.0,0.0,0
2026-07-26T14:35:51.781738,06/01 10:15,20.27,0.0,,,,18.0,29.0,0.0,0.0,0.0,0.0,0.0,0.0,0.0,0.0,0.0,0.3,low,0.0,0.0,0.0,0
2026-07-26T14:35:51.912940,06/01 11:15,21.38,0.0,,,,18.0,29.0,0.0,0.0,0.0,0.0,0.0,0.0,0.0,0.0,0.0,0.3,low,0.0,0.0,0.0,0
2026-07-26T14:35:51.999409,06/01 12:15,22.47,0.0,,,,18.0,29.0,0.0,0.0,0.0,0.0,0.0,0.0,0.0,0.0,0.0,0.3,low,0.0,0.0,0.0,0
2026-07-26T14:36:09.877935,06/01 13:15,23.3,0.0,,,,18.0,29.0,0.0,0.0,0.0,0.0,0.0,0.0,0.0,0.0,0.0,0.3,low,0.0,0.0,0.0,0
2026-07-26T14:36:09.898936,06/01 14:23,23.45,0.0,,,,18.0,29.0,0.0,0.0,0.0,0.0,0.0,0.0,0.0,0.0,0.0,0.3,low,0.0,0.0,0.0,0
2026-07-26T14:36:09.917934,06/01 15:23,24.17,0.0,,,,18.0,29.0,0.0,0.0,0.0,0.0,0.0,0.0,0.0,0.0,0.0,0.3,low,0.0,0.0,0.0,0
2026-07-26T14:36:09.935934,06/01 16:23,24.73,0.0,,,,18.0,29.0,0.0,0.0,0.0,0.0,0.0,0.0,0.0,0.0,0.0,0.55,high,0.0,0.0,0.0,0
2026-07-26T14:36:09.952935,06/01 17:15,23.62,0.0,,,,18.0,29.0,0.0,0.0,0.0,0.0,0.0,0.0,0.0,0.0,0.0,0.55,high,0.0,0.0,0.0,0
2026-07-26T14:36:09.968933,06/01 18:15,22.25,0.0,,,,18.0,29.0,0.0,0.0,0.0,0.0,0.0,0.0,0.0,0.0,0.0,0.55,high,0.0,0.0,0.0,0
2026-07-26T14:36:25.342409,06/01 19:23,19.75,0.0,,,,18.0,29.0,0.0,0.0,0.0,0.0,0.0,0.0,0.0,0.0,0.0,0.55,high,0.0,0.0,0.0,0
2026-07-26T14:36:25.361408,06/01 20:20,16.38,0.0,,,,18.0,29.0,0.0,0.0,0.0,0.0,0.0,0.0,0.0,0.0,0.0,0.55,high,0.0,0.0,0.0,0
2026-07-26T14:36:25.379409,06/01 21:23,13.48,0.0,,,,18.0,29.0,0.0,0.0,0.0,0.0,0.0,0.0,0.0,0.0,0.0,0.4,moderate,0.0,0.0,0.0,0
2026-07-26T14:36:25.396408,06/01 22:23,12.35,0.0,,,,18.0,29.0,0.0,0.0,0.0,0.0,0.0,0.0,0.0,0.0,0.0,0.4,moderate,0.0,0.0,0.0,0
2026-07-26T14:36:25.412413,06/01 23:15,12.93,0.0,,,,18.0,29.0,0.0,0.0,0.0,0.0,0.0,0.0,0.0,0.0,0.0,0.4,moderate,0.0,0.0,0.0,0
2026-07-26T14:36:25.446409,06/02 00:15,13.3,0.0,,,,18.0,29.0,0.0,0.0,0.0,0.0,0.0,0.0,0.0,0.0,0.0,0.34,low,0.0,0.0,0.0,0
2026-07-26T14:36:41.109297,06/02 01:15,13.3,0.0,,,,18.0,29.0,0.0,0.0,0.0,0.0,0.0,0.0,0.0,0.0,0.0,0.34,low,0.0,0.0,0.0,0
2026-07-26T14:36:41.141297,06/02 02:15,13.3,0.0,,,,18.0,29.0,0.0,0.0,0.0,0.0,0.0,0.0,0.0,0.0,0.0,0.34,low,0.0,0.0,0.0,0
2026-07-26T14:36:41.158300,06/02 03:15,13.18,0.0,,,,18.0,29.0,0.0,0.0,0.0,0.0,0.0,0.0,0.0,0.0,0.0,0.34,low,0.0,0.0,0.0,0
2026-07-26T14:36:41.173295,06/02 04:15,12.65,0.0,,,,18.0,29.0,0.0,0.0,0.0,0.0,0.0,0.0,0.0,0.0,0.0,0.34,low,0.0,0.0,0.0,0
2026-07-26T14:36:41.187295,06/02 05:15,12.62,0.0,,,,18.0,29.0,0.0,0.0,0.0,0.0,0.0,0.0,0.0,0.0,0.0,0.34,low,0.0,0.0,0.0,0
2026-07-26T14:36:41.202295,06/02 06:23,14.88,0.0,,,,18.0,29.0,0.0,0.0,0.0,0.0,0.0,0.0,0.0,0.0,0.0,0.43,moderate,0.0,0.0,0.0,0
2026-07-26T14:36:56.697743,06/02 07:23,18.35,0.0,,,,18.0,29.0,0.0,0.0,0.0,0.0,0.0,0.0,0.0,0.0,0.0,0.43,moderate,0.0,0.0,0.0,0
2026-07-26T14:36:56.716740,06/02 08:20,20.43,0.0,,,,18.0,29.0,0.0,0.0,0.0,0.0,0.0,0.0,0.0,0.0,0.0,0.43,moderate,0.0,0.0,0.0,0
2026-07-26T14:36:56.733740,06/02 09:23,21.97,0.0,,,,18.0,29.0,0.0,0.0,0.0,0.0,0.0,0.0,0.0,0.0,0.0,0.43,moderate,0.0,0.0,0.0,0
2026-07-26T14:36:56.748741,06/02 10:23,23.2,0.0,,,,18.0,29.0,0.0,0.0,0.0,0.0,0.0,0.0,0.0,0.0,0.0,0.3,low,0.0,0.0,0.0,0
2026-07-26T14:36:56.763739,06/02 11:23,24.4,0.0,,,,18.0,29.0,0.0,0.0,0.0,0.0,0.0,0.0,0.0,0.0,0.0,0.3,low,0.0,0.0,0.0,0
2026-07-26T14:36:56.789739,06/02 12:23,24.55,0.0,,,,18.0,29.0,0.0,0.0,0.0,0.0,0.0,0.0,0.0,0.0,0.0,0.3,low,0.0,0.0,0.0,0
2026-07-26T14:37:11.538628,06/02 13:15,25.0,0.0,,,,18.0,29.0,0.0,0.0,0.0,0.0,0.0,0.0,0.0,0.0,0.0,0.3,low,0.0,0.0,0.0,0
2026-07-26T14:37:11.558664,06/02 14:15,25.0,0.0,,,,18.0,29.0,0.0,0.0,0.0,0.0,0.0,0.0,0.0,0.0,0.0,0.3,low,0.0,0.0,0.0,0
2026-07-26T14:37:11.574628,06/02 15:15,25.0,0.0,,,,18.0,29.0,0.0,0.0,0.0,0.0,0.0,0.0,0.0,0.0,0.0,0.3,low,0.0,0.0,0.0,0
2026-07-26T14:37:11.590820,06/02 16:15,24.85,0.0,,,,18.0,29.0,0.0,0.0,0.0,0.0,0.0,0.0,0.0,0.0,0.0,0.55,high,0.0,0.0,0.0,0
2026-07-26T14:37:11.605774,06/02 17:15,24.27,0.0,,,,18.0,29.0,0.0,0.0,0.0,0.0,0.0,0.0,0.0,0.0,0.0,0.55,high,0.0,0.0,0.0,0
2026-07-26T14:37:11.633818,06/02 18:15,23.35,0.0,,,,18.0,29.0,0.0,0.0,0.0,0.0,0.0,0.0,0.0,0.0,0.0,0.55,high,0.0,0.0,0.0,0
2026-07-26T14:37:26.847419,06/02 19:15,21.12,0.0,,,,18.0,29.0,0.0,0.0,0.0,0.0,0.0,0.0,0.0,0.0,0.0,0.55,high,0.0,0.0,0.0,0
2026-07-26T14:37:26.865421,06/02 20:23,18.85,0.0,,,,18.0,29.0,0.0,0.0,0.0,0.0,0.0,0.0,0.0,0.0,0.0,0.55,high,0.0,0.0,0.0,0
2026-07-26T14:37:26.881420,06/02 21:15,17.47,0.0,,,,18.0,29.0,0.0,0.0,0.0,0.0,0.0,0.0,0.0,0.0,0.0,0.4,moderate,0.0,0.0,0.0,0
2026-07-26T14:37:26.913419,06/02 22:15,17.75,0.0,,,,18.0,29.0,0.0,0.0,0.0,0.0,0.0,0.0,0.0,0.0,0.0,0.4,moderate,0.0,0.0,0.0,0
2026-07-26T14:37:26.930418,06/02 23:15,16.25,0.0,,,,18.0,29.0,0.0,0.0,0.0,0.0,0.0,0.0,0.0,0.0,0.0,0.4,moderate,0.0,0.0,0.0,0
2026-07-26T14:37:26.946419,06/03 00:15,16.7,0.0,,,,18.0,29.0,0.0,0.0,0.0,0.0,0.0,0.0,0.0,0.0,0.0,0.34,low,0.0,0.0,0.0,0
2026-07-26T14:37:41.873343,06/03 01:15,16.7,0.0,,,,18.0,29.0,0.0,0.0,0.0,0.0,0.0,0.0,0.0,0.0,0.0,0.34,low,0.0,0.0,0.0,0
2026-07-26T14:37:41.891340,06/03 02:15,16.42,0.0,,,,18.0,29.0,0.0,0.0,0.0,0.0,0.0,0.0,0.0,0.0,0.0,0.34,low,0.0,0.0,0.0,0
2026-07-26T14:37:41.908340,06/03 03:15,15.3,0.0,,,,18.0,29.0,0.0,0.0,0.0,0.0,0.0,0.0,0.0,0.0,0.0,0.34,low,0.0,0.0,0.0,0
2026-07-26T14:37:41.924339,06/03 04:15,14.28,0.0,,,,18.0,29.0,0.0,0.0,0.0,0.0,0.0,0.0,0.0,0.0,0.0,0.34,low,0.0,0.0,0.0,0
2026-07-26T14:37:41.941340,06/03 05:23,14.33,0.0,,,,18.0,29.0,0.0,0.0,0.0,0.0,0.0,0.0,0.0,0.0,0.0,0.34,low,0.0,0.0,0.0,0
2026-07-26T14:37:41.958339,06/03 06:23,16.15,0.0,,,,18.0,29.0,0.0,0.0,0.0,0.0,0.0,0.0,0.0,0.0,0.0,0.43,moderate,0.0,0.0,0.0,0
2026-07-26T14:37:57.624316,06/03 07:23,18.35,0.0,,,,18.0,29.0,0.3764,0.094094,0.214291,0.094094,0.041548,0.0,0.0,0.594691,0.094094,0.43,moderate,0.04046,0.0,0.04046,0
2026-07-26T14:37:57.644318,06/03 08:15,20.55,0.0,,,,18.0,29.0,0.3764,0.094094,0.274338,0.094094,0.049409,0.0,0.0,0.89826,0.094094,0.43,moderate,0.04046,0.0,0.04046,0
2026-07-26T14:37:57.666315,06/03 09:23,22.75,52.0,23.66,21.71,25.52,20.0,25.5,0.3816,0.095411,0.33291,0.095411,0.061893,0.0,0.0,1.181705,0.095411,0.43,moderate,0.041027,0.0,0.041027,0
2026-07-26T14:37:57.702316,06/03 10:23,24.7,52.0,24.77,23.23,25.5,20.0,25.5,0.3913,0.097815,0.410409,0.097815,0.077349,0.0,0.0,1.51805,0.097815,0.3,low,0.029344,0.0,0.029344,0
2026-07-26T14:37:57.722315,06/03 11:23,26.0,52.0,25.19,23.98,25.5,20.0,25.5,0.3977,0.099425,0.452688,0.099425,0.089941,0.0,0.0,1.707801,0.099425,0.3,low,0.029827,0.0,0.029827,0
2026-07-26T14:37:57.740315,06/03 12:15,27.62,41.6,25.26,24.29,25.5,20.0,25.5,0.399,0.099762,0.512994,0.099762,0.094128,0.0,0.0,1.957865,0.099762,0.3,low,0.029929,0.0,0.029929,0
2026-07-26T14:38:14.039466,06/03 13:15,28.75,20.8,24.85,24.28,25.0,20.5,25.0,0.4042,0.10106,0.572884,0.10106,0.118166,0.0,0.0,2.152513,0.10106,0.3,low,0.030318,0.0,0.030318,0
2026-07-26T14:38:14.058509,06/03 14:15,27.62,41.6,25.0,25.0,25.0,20.5,25.0,0.4296,0.107393,0.638935,0.107393,0.082401,0.0,0.0,2.515131,0.107393,0.3,low,0.032218,0.0,0.032218,0
2026-07-26T14:38:14.076472,06/03 15:15,25.18,52.0,25.0,25.0,25.0,20.5,25.0,0.4362,0.109044,0.628197,0.109044,0.106803,0.0,0.0,2.414641,0.109044,0.3,low,0.032713,0.0,0.032713,0
2026-07-26T14:38:14.092507,06/03 16:15,23.75,52.0,24.97,24.86,25.0,20.5,25.0,0.4281,0.107027,0.547507,0.107027,0.077806,0.0,0.0,2.18043,0.107027,0.55,high,0.058865,0.0,0.058865,0
2026-07-26T14:38:14.123464,06/03 17:15,23.45,52.0,24.86,24.33,25.0,20.5,25.0,0.4117,0.102931,0.486782,0.102931,0.100429,0.0,0.0,1.882233,0.102931,0.55,high,0.056612,0.0,0.056612,0
2026-07-26T14:38:14.139469,06/03 18:15,23.2,52.0,24.79,23.97,25.0,20.5,25.0,0.3994,0.09985,0.450908,0.09985,0.095957,0.0,0.0,1.702205,0.09985,0.55,high,0.054918,0.0,0.054918,0
2026-07-26T14:38:32.335878,06/03 19:23,20.68,26.0,23.86,22.55,25.03,20.0,25.5,0.3764,0.094094,0.29776,0.094094,0.092195,0.0,0.0,0.963529,0.094094,0.55,high,0.051752,0.0,0.051752,0
2026-07-26T14:38:32.355874,06/03 20:23,19.0,0.0,,,,20.0,25.5,0.3764,0.094094,0.261014,0.094094,0.074344,0.0,0.0,0.803511,0.094094,0.55,high,0.051752,0.0,0.051752,0
2026-07-26T14:38:32.389873,06/03 21:15,17.93,0.0,,,,20.0,25.5,0.0,0.0,0.0,0.0,0.0,0.0,0.0,0.0,0.0,0.4,moderate,0.0,0.0,0.0,0
2026-07-26T14:38:32.405873,06/03 22:15,17.9,0.0,,,,20.0,25.5,0.0,0.0,0.0,0.0,0.0,0.0,0.0,0.0,0.0,0.4,moderate,0.0,0.0,0.0,0
2026-07-26T14:38:32.419873,06/03 23:15,16.97,0.0,,,,20.0,25.5,0.0,0.0,0.0,0.0,0.0,0.0,0.0,0.0,0.0,0.4,moderate,0.0,0.0,0.0,0
2026-07-26T14:38:32.433873,06/04 00:15,17.65,0.0,,,,20.0,25.5,0.0,0.0,0.0,0.0,0.0,0.0,0.0,0.0,0.0,0.34,low,0.0,0.0,0.0,0
2026-07-26T14:38:47.786452,06/04 01:15,17.47,0.0,,,,18.0,27.5,0.0,0.0,0.0,0.0,0.0,0.0,0.0,0.0,0.0,0.34,low,0.0,0.0,0.0,0
2026-07-26T14:38:47.805450,06/04 02:15,18.58,0.0,,,,18.0,27.5,0.0,0.0,0.0,0.0,0.0,0.0,0.0,0.0,0.0,0.34,low,0.0,0.0,0.0,0
2026-07-26T14:38:47.823453,06/04 03:15,19.4,0.0,,,,18.0,27.5,0.0,0.0,0.0,0.0,0.0,0.0,0.0,0.0,0.0,0.34,low,0.0,0.0,0.0,0
2026-07-26T14:38:47.859450,06/04 04:15,19.27,0.0,,,,18.0,27.5,0.0,0.0,0.0,0.0,0.0,0.0,0.0,0.0,0.0,0.34,low,0.0,0.0,0.0,0
2026-07-26T14:38:47.877450,06/04 05:15,18.9,0.0,,,,18.0,27.5,0.0,0.0,0.0,0.0,0.0,0.0,0.0,0.0,0.0,0.34,low,0.0,0.0,0.0,0
2026-07-26T14:38:47.894449,06/04 06:23,19.6,0.0,,,,18.0,27.5,0.0,0.0,0.0,0.0,0.0,0.0,0.0,0.0,0.0,0.43,moderate,0.0,0.0,0.0,0
2026-07-26T14:39:02.587845,06/04 07:23,22.1,0.0,,,,18.0,29.0,0.3764,0.094094,0.278828,0.094094,0.052452,0.0,0.0,0.910971,0.094094,0.43,moderate,0.04046,0.0,0.04046,0
2026-07-26T14:39:02.606844,06/04 08:23,24.15,0.0,,,,18.0,29.0,0.3764,0.094094,0.307785,0.094094,0.054376,0.0,0.0,1.04559,0.094094,0.43,moderate,0.04046,0.0,0.04046,0
2026-07-26T14:39:02.747844,06/04 09:23,27.25,52.0,24.02,22.28,25.53,20.0,25.5,0.3822,0.095545,0.428709,0.095545,0.072253,0.0,0.0,1.599296,0.095545,0.43,moderate,0.041084,0.0,0.041084,0
2026-07-26T14:39:02.763536,06/04 10:23,29.17,52.0,25.06,23.84,25.5,20.0,25.5,0.397,0.099238,0.513072,0.099238,0.085006,0.0,0.0,1.926249,0.099238,0.3,low,0.029771,0.0,0.029771,0
2026-07-26T14:39:02.777832,06/04 11:15,30.15,52.0,25.32,24.63,25.5,20.0,25.5,0.4177,0.104426,0.634942,0.104426,0.101902,0.0,0.0,2.430046,0.104426,0.3,low,0.031328,0.0,0.031328,0
2026-07-26T14:39:02.790840,06/04 12:15,30.18,41.6,25.38,24.93,25.5,20.0,25.5,0.4156,0.103912,0.645547,0.103912,0.107927,0.0,0.0,2.456567,0.103912,0.3,low,0.031174,0.0,0.031174,0
2026-07-26T14:39:18.119189,06/04 13:15,29.17,20.8,24.94,24.71,25.0,20.5,25.0,0.4106,0.102656,0.593034,0.102656,0.106855,0.0,0.0,2.258012,0.102656,0.3,low,0.030797,0.0,0.030797,0
2026-07-26T14:39:18.138188,06/04 14:15,29.85,41.6,25.0,25.0,25.0,20.5,25.0,0.4371,0.109266,0.705511,0.109266,0.107868,0.0,0.0,2.731962,0.109266,0.3,low,0.03278,0.0,0.03278,0
2026-07-26T14:39:18.156187,06/04 15:15,29.4,52.0,25.0,25.0,25.0,20.5,25.0,0.4503,0.112571,0.728208,0.112571,0.103175,0.0,0.0,2.847065,0.112571,0.3,low,0.033771,0.0,0.033771,0
2026-07-26T14:39:18.174189,06/04 16:15,29.12,52.0,25.0,25.0,25.0,20.5,25.0,0.4319,0.107966,0.682999,0.107966,0.114643,0.0,0.0,2.631472,0.107966,0.55,high,0.059381,0.0,0.059381,0
2026-07-26T14:39:18.189187,06/04 17:15,27.9,52.0,24.93,24.67,25.0,20.5,25.0,0.3982,0.099547,0.532929,0.099547,0.086793,0.0,0.0,2.022661,0.099547,0.55,high,0.054751,0.0,0.054751,0
2026-07-26T14:39:18.205187,06/04 18:15,26.55,52.0,24.8,24.24,25.0,20.5,25.0,0.3882,0.097045,0.454902,0.097045,0.084476,0.0,0.0,1.689773,0.097045,0.55,high,0.053375,0.0,0.053375,0
2026-07-26T14:39:37.613829,06/04 19:15,25.68,26.0,23.66,22.91,24.12,20.0,26.0,0.3764,0.094094,0.385411,0.094094,0.107764,0.0,0.0,1.353574,0.094094,0.55,high,0.051752,0.0,0.051752,0
2026-07-26T14:39:37.634103,06/04 20:15,23.72,0.0,,,,20.0,26.0,0.3764,0.094094,0.345382,0.094094,0.08475,0.0,0.0,1.198348,0.094094,0.55,high,0.051752,0.0,0.051752,0
2026-07-26T14:39:37.652546,06/04 21:15,21.0,0.0,,,,20.0,26.0,0.0,0.0,0.0,0.0,0.0,0.0,0.0,0.0,0.0,0.4,moderate,0.0,0.0,0.0,0
2026-07-26T14:39:37.668542,06/04 22:15,18.47,0.0,,,,20.0,26.0,0.0,0.0,0.0,0.0,0.0,0.0,0.0,0.0,0.0,0.4,moderate,0.0,0.0,0.0,0
2026-07-26T14:39:37.684552,06/04 23:15,17.2,0.0,,,,20.0,26.0,0.0,0.0,0.0,0.0,0.0,0.0,0.0,0.0,0.0,0.4,moderate,0.0,0.0,0.0,0
2026-07-26T14:39:37.699545,06/05 00:15,17.47,0.0,,,,20.0,26.0,0.0,0.0,0.0,0.0,0.0,0.0,0.0,0.0,0.0,0.34,low,0.0,0.0,0.0,0
2026-07-26T14:39:54.760683,06/05 01:15,18.18,0.0,,,,18.0,28.0,0.0,0.0,0.0,0.0,0.0,0.0,0.0,0.0,0.0,0.34,low,0.0,0.0,0.0,0
2026-07-26T14:39:54.779681,06/05 02:15,17.93,0.0,,,,18.0,28.0,0.0,0.0,0.0,0.0,0.0,0.0,0.0,0.0,0.0,0.34,low,0.0,0.0,0.0,0
2026-07-26T14:39:54.800684,06/05 03:15,18.3,0.0,,,,18.0,28.0,0.0,0.0,0.0,0.0,0.0,0.0,0.0,0.0,0.0,0.34,low,0.0,0.0,0.0,0
2026-07-26T14:39:54.818682,06/05 04:15,18.18,0.0,,,,18.0,28.0,0.0,0.0,0.0,0.0,0.0,0.0,0.0,0.0,0.0,0.34,low,0.0,0.0,0.0,0
2026-07-26T14:39:54.836681,06/05 05:23,17.65,0.0,,,,18.0,28.0,0.0,0.0,0.0,0.0,0.0,0.0,0.0,0.0,0.0,0.34,low,0.0,0.0,0.0,0
2026-07-26T14:39:54.855681,06/05 06:23,17.2,0.0,,,,18.0,28.0,0.0,0.0,0.0,0.0,0.0,0.0,0.0,0.0,0.0,0.43,moderate,0.0,0.0,0.0,0
2026-07-26T14:40:12.078388,06/05 07:15,17.07,0.0,,,,18.0,29.0,0.3764,0.094094,0.241882,0.094094,0.045703,0.0,0.0,0.724301,0.094094,0.43,moderate,0.04046,0.0,0.04046,0
2026-07-26T14:40:12.100388,06/05 08:15,16.7,0.0,,,,18.0,29.0,0.3764,0.094094,0.235781,0.094094,0.044441,0.0,0.0,0.700299,0.094094,0.43,moderate,0.04046,0.0,0.04046,0
2026-07-26T14:40:12.124386,06/05 09:23,16.82,52.0,23.49,21.63,25.4,20.0,26.0,0.3764,0.094094,0.242543,0.094094,0.05536,0.0,0.0,0.723801,0.094094,0.43,moderate,0.04046,0.0,0.04046,0
2026-07-26T14:40:12.148389,06/05 10:23,17.75,52.0,24.55,22.88,25.5,20.0,25.5,0.3811,0.095278,0.270447,0.095278,0.06927,0.0,0.0,0.85925,0.095278,0.3,low,0.028583,0.0,0.028583,0
2026-07-26T14:40:12.170389,06/05 11:15,19.82,52.0,24.98,23.5,25.5,20.0,25.5,0.3826,0.095661,0.34057,0.095661,0.082204,0.0,0.0,1.215688,0.095661,0.3,low,0.028698,0.0,0.028698,0
2026-07-26T14:40:12.190388,06/05 12:15,20.83,41.6,25.11,23.76,25.5,20.0,25.5,0.3821,0.095532,0.395321,0.095532,0.087876,0.0,0.0,1.479719,0.095532,0.3,low,0.02866,0.0,0.02866,0
2026-07-26T14:40:30.060384,06/05 13:15,20.15,20.8,24.71,23.69,25.0,20.5,25.0,0.3837,0.095925,0.384285,0.095925,0.085273,0.0,0.0,1.41698,0.095925,0.3,low,0.028777,0.0,0.028777,0
2026-07-26T14:40:30.080386,06/05 14:15,20.6,41.6,24.83,24.41,25.0,20.5,25.0,0.3966,0.099139,0.439198,0.099139,0.084522,0.0,0.0,1.697874,0.099139,0.3,low,0.029742,0.0,0.029742,0
2026-07-26T14:40:30.099464,06/05 15:15,20.73,52.0,24.91,24.57,25.0,20.5,25.0,0.4076,0.10191,0.496764,0.10191,0.084522,0.0,0.0,1.986967,0.10191,0.3,low,0.030573,0.0,0.030573,0
2026-07-26T14:40:30.122782,06/05 16:15,20.68,52.0,24.85,24.28,25.0,20.5,25.0,0.4115,0.102871,0.473695,0.102871,0.078938,0.0,0.0,1.872339,0.102871,0.55,high,0.056579,0.0,0.056579,0
2026-07-26T14:40:30.141814,06/05 17:15,19.0,52.0,24.74,23.76,25.0,20.5,25.0,0.3982,0.099556,0.360124,0.099556,0.083528,0.0,0.0,1.300518,0.099556,0.55,high,0.054756,0.0,0.054756,0
2026-07-26T14:40:30.158805,06/05 18:15,17.25,52.0,24.55,23.35,25.0,20.5,25.0,0.3939,0.098464,0.314397,0.098464,0.071187,0.0,0.0,1.085216,0.098464,0.55,high,0.054155,0.0,0.054155,0
2026-07-26T14:40:46.607702,06/05 19:23,15.3,26.0,23.46,21.93,25.1,20.0,25.5,0.3764,0.094094,0.204664,0.094094,0.063177,0.0,0.0,0.51421,0.094094,0.55,high,0.051752,0.0,0.051752,0
2026-07-26T14:40:46.629704,06/05 20:23,14.12,0.0,,,,20.0,25.5,0.3764,0.094094,0.183562,0.094094,0.063618,0.0,0.0,0.392257,0.094094,0.55,high,0.051752,0.0,0.051752,0
2026-07-26T14:40:46.646702,06/05 21:15,13.18,0.0,,,,20.0,25.5,0.0,0.0,0.0,0.0,0.0,0.0,0.0,0.0,0.0,0.4,moderate,0.0,0.0,0.0,0
2026-07-26T14:40:46.663701,06/05 22:15,12.8,0.0,,,,20.0,25.5,0.0,0.0,0.0,0.0,0.0,0.0,0.0,0.0,0.0,0.4,moderate,0.0,0.0,0.0,0
2026-07-26T14:40:46.680710,06/05 23:15,12.8,0.0,,,,20.0,25.5,0.0,0.0,0.0,0.0,0.0,0.0,0.0,0.0,0.0,0.4,moderate,0.0,0.0,0.0,0
2026-07-26T14:40:46.697704,06/06 00:15,12.8,0.0,,,,20.0,25.5,0.0,0.0,0.0,0.0,0.0,0.0,0.0,0.0,0.0,0.34,low,0.0,0.0,0.0,0
2026-07-26T14:41:02.925417,06/06 01:15,12.65,0.0,,,,18.0,27.5,0.0,0.0,0.0,0.0,0.0,0.0,0.0,0.0,0.0,0.34,low,0.0,0.0,0.0,0
2026-07-26T14:41:02.946418,06/06 02:15,11.92,0.0,,,,18.0,27.5,0.0,0.0,0.0,0.0,0.0,0.0,0.0,0.0,0.0,0.34,low,0.0,0.0,0.0,0
2026-07-26T14:41:02.964417,06/06 03:15,11.1,0.0,,,,18.0,27.5,0.0,0.0,0.0,0.0,0.0,0.0,0.0,0.0,0.0,0.34,low,0.0,0.0,0.0,0
2026-07-26T14:41:02.982417,06/06 04:15,11.1,0.0,,,,18.0,27.5,0.0,0.0,0.0,0.0,0.0,0.0,0.0,0.0,0.0,0.34,low,0.0,0.0,0.0,0
2026-07-26T14:41:02.999418,06/06 05:23,11.52,0.0,,,,18.0,27.5,0.0,0.0,0.0,0.0,0.0,0.0,0.0,0.0,0.0,0.34,low,0.0,0.0,0.0,0
2026-07-26T14:41:03.015418,06/06 06:23,13.5,0.0,,,,18.0,27.5,0.0,0.0,0.0,0.0,0.0,0.0,0.0,0.0,0.0,0.43,moderate,0.0,0.0,0.0,0
2026-07-26T14:41:19.259729,06/06 07:23,16.7,0.0,,,,18.0,29.0,0.3764,0.094094,0.178735,0.094094,0.039648,0.0,0.0,0.406163,0.094094,0.43,moderate,0.04046,0.0,0.04046,0
2026-07-26T14:41:19.282719,06/06 08:15,20.82,0.0,,,,18.0,29.0,0.3764,0.094094,0.298015,0.094094,0.051961,0.0,0.0,1.032093,0.094094,0.43,moderate,0.04046,0.0,0.04046,0
2026-07-26T14:41:19.308719,06/06 09:23,23.73,52.0,23.68,21.7,25.53,20.5,25.5,0.3818,0.095454,0.429177,0.095454,0.069959,0.0,0.0,1.63576,0.095454,0.43,moderate,0.041045,0.0,0.041045,0
2026-07-26T14:41:19.333720,06/06 10:23,25.7,52.0,24.77,23.27,25.5,20.5,25.5,0.3925,0.098127,0.532617,0.098127,0.091692,0.0,0.0,2.077455,0.098127,0.3,low,0.029438,0.0,0.029438,0
2026-07-26T14:41:19.357718,06/06 11:23,28.08,52.0,25.22,24.09,25.5,20.5,25.5,0.4026,0.100643,0.673268,0.100643,0.106906,0.0,0.0,2.664378,0.100643,0.3,low,0.030193,0.0,0.030193,0
2026-07-26T14:41:19.380719,06/06 12:23,29.32,41.6,25.31,24.53,25.5,20.5,25.5,0.4077,0.101929,0.751039,0.101929,0.109025,0.0,0.0,2.957008,0.101929,0.3,low,0.030579,0.0,0.030579,0
2026-07-26T14:41:38.582504,06/06 13:15,30.73,20.8,24.9,24.49,25.0,20.5,25.0,0.4109,0.102736,0.83633,0.102736,0.115941,0.0,0.0,3.236703,0.102736,0.3,low,0.030821,0.0,0.030821,0
2026-07-26T14:41:38.606499,06/06 14:15,31.25,41.6,25.0,25.0,25.0,20.5,25.0,0.441,0.110255,0.962766,0.110255,0.115579,0.0,0.0,3.738659,0.110255,0.3,low,0.033077,0.0,0.033077,0
2026-07-26T14:41:38.629497,06/06 15:15,31.82,52.0,25.0,25.0,25.0,20.5,25.0,0.4656,0.116396,1.077694,0.116396,0.11563,0.0,0.0,4.158134,0.116396,0.3,low,0.034919,0.0,0.034919,0
2026-07-26T14:41:38.649497,06/06 16:15,31.65,52.0,25.0,25.0,25.0,20.5,25.0,0.4671,0.116763,1.075058,0.116763,0.113079,0.0,0.0,4.125753,0.116763,0.55,high,0.06422,0.0,0.06422,0
2026-07-26T14:41:38.671504,06/06 17:15,29.73,52.0,24.97,24.85,25.0,20.5,25.0,0.4374,0.109362,0.932128,0.109362,0.112443,0.0,0.0,3.653414,0.109362,0.55,high,0.060149,0.0,0.060149,0
2026-07-26T14:41:38.692500,06/06 18:15,28.35,52.0,24.9,24.51,25.0,20.5,25.0,0.418,0.104508,0.762369,0.104508,0.103286,0.0,0.0,2.993421,0.104508,0.55,high,0.057479,0.0,0.057479,0
2026-07-26T14:41:56.129742,06/06 19:15,26.42,26.0,24.32,23.12,25.38,20.0,25.5,0.3764,0.094094,0.471311,0.094094,0.098359,0.0,0.0,1.759321,0.094094,0.55,high,0.051752,0.0,0.051752,0
2026-07-26T14:41:56.153047,06/06 20:23,25.88,0.0,,,,20.0,25.5,0.3764,0.094094,0.45134,0.094094,0.09727,0.0,0.0,1.683639,0.094094,0.55,high,0.051752,0.0,0.051752,0
2026-07-26T14:41:56.170047,06/06 21:15,26.82,0.0,,,,20.0,25.5,0.0,0.0,0.0,0.0,0.0,0.0,0.0,0.0,0.0,0.4,moderate,0.0,0.0,0.0,0
2026-07-26T14:41:56.188047,06/06 22:15,27.07,0.0,,,,20.0,25.5,0.0,0.0,0.0,0.0,0.0,0.0,0.0,0.0,0.0,0.4,moderate,0.0,0.0,0.0,0
2026-07-26T14:41:56.205049,06/06 23:15,26.42,0.0,,,,20.0,25.5,0.0,0.0,0.0,0.0,0.0,0.0,0.0,0.0,0.0,0.4,moderate,0.0,0.0,0.0,0
2026-07-26T14:41:56.221354,06/07 00:15,25.18,0.0,,,,20.0,25.5,0.0,0.0,0.0,0.0,0.0,0.0,0.0,0.0,0.0,0.34,low,0.0,0.0,0.0,0
2026-07-26T14:42:13.427541,06/07 01:15,23.9,0.0,,,,18.0,27.5,0.0,0.0,0.0,0.0,0.0,0.0,0.0,0.0,0.0,0.34,low,0.0,0.0,0.0,0
2026-07-26T14:42:13.446539,06/07 02:15,24.02,0.0,,,,18.0,27.5,0.0,0.0,0.0,0.0,0.0,0.0,0.0,0.0,0.0,0.34,low,0.0,0.0,0.0,0
2026-07-26T14:42:13.465547,06/07 03:15,24.12,0.0,,,,18.0,27.5,0.0,0.0,0.0,0.0,0.0,0.0,0.0,0.0,0.0,0.34,low,0.0,0.0,0.0,0
2026-07-26T14:42:13.484537,06/07 04:15,23.18,0.0,,,,18.0,27.5,0.0,0.0,0.0,0.0,0.0,0.0,0.0,0.0,0.0,0.34,low,0.0,0.0,0.0,0
2026-07-26T14:42:13.500538,06/07 05:15,22.93,0.0,,,,18.0,27.5,0.0,0.0,0.0,0.0,0.0,0.0,0.0,0.0,0.0,0.34,low,0.0,0.0,0.0,0
2026-07-26T14:42:13.518538,06/07 06:15,23.73,0.0,,,,18.0,27.5,0.0,0.0,0.0,0.0,0.0,0.0,0.0,0.0,0.0,0.43,moderate,0.0,0.0,0.0,0
2026-07-26T14:42:30.625466,06/07 07:15,25.15,0.0,,,,18.0,29.0,0.3764,0.094094,0.594805,0.094094,0.101052,0.0,0.0,2.36469,0.094094,0.43,moderate,0.04046,0.0,0.04046,0
2026-07-26T14:42:30.647465,06/07 08:15,25.3,0.0,,,,18.0,29.0,0.3764,0.094094,0.631044,0.094094,0.102064,0.0,0.0,2.516294,0.094094,0.43,moderate,0.04046,0.0,0.04046,0
2026-07-26T14:42:30.671470,06/07 09:23,24.27,52.0,22.93,22.1,23.74,20.0,26.0,0.3764,0.094094,0.607938,0.094094,0.105862,0.0,0.0,2.425707,0.094094,0.43,moderate,0.04046,0.0,0.04046,0
2026-07-26T14:42:30.692470,06/07 10:15,23.07,52.0,24.48,23.53,25.4,20.0,26.0,0.3764,0.094094,0.65851,0.094094,0.122823,0.0,0.0,2.650765,0.094094,0.3,low,0.028228,0.0,0.028228,0
2026-07-26T14:42:30.711465,06/07 11:15,20.6,52.0,24.73,23.75,25.5,20.0,25.5,0.3769,0.094218,0.487072,0.094218,0.104424,0.0,0.0,1.909054,0.094218,0.3,low,0.028265,0.0,0.028265,0
2026-07-26T14:42:30.729468,06/07 12:15,21.15,41.6,24.76,23.8,25.5,20.0,25.5,0.3779,0.094483,0.517534,0.094483,0.107085,0.0,0.0,2.066278,0.094483,0.3,low,0.028345,0.0,0.028345,0
2026-07-26T14:42:48.713682,06/07 13:15,23.08,20.8,24.52,23.76,25.0,20.5,25.0,0.3813,0.095328,0.622971,0.095328,0.117695,0.0,0.0,2.517226,0.095328,0.3,low,0.028598,0.0,0.028598,0
2026-07-26T14:42:48.738680,06/07 14:15,23.9,41.6,24.68,24.07,25.0,20.5,25.0,0.3928,0.098194,0.765029,0.098194,0.127784,0.0,0.0,3.130622,0.098194,0.3,low,0.029458,0.0,0.029458,0
2026-07-26T14:42:48.761680,06/07 15:15,24.32,52.0,24.82,24.5,25.0,20.5,25.0,0.4008,0.100208,0.78958,0.100208,0.124217,0.0,0.0,3.24231,0.100208,0.3,low,0.030062,0.0,0.030062,0
2026-07-26T14:42:48.785681,06/07 16:15,25.6,52.0,24.92,24.63,25.0,20.5,25.0,0.4066,0.101651,0.901243,0.101651,0.13214,0.0,0.0,3.668986,0.101651,0.55,high,0.055908,0.0,0.055908,0
2026-07-26T14:42:48.806680,06/07 17:15,25.88,52.0,24.87,24.35,25.0,20.5,25.0,0.3971,0.099278,0.82214,0.099278,0.128145,0.0,0.0,3.329805,0.099278,0.55,high,0.054603,0.0,0.054603,0
2026-07-26T14:42:48.828687,06/07 18:15,26.27,52.0,24.81,24.05,25.0,20.5,25.0,0.3905,0.097624,0.811102,0.097624,0.130163,0.0,0.0,3.247095,0.097624,0.55,high,0.053693,0.0,0.053693,0
2026-07-26T14:43:08.445922,06/07 19:23,24.73,26.0,23.73,22.73,24.06,20.0,26.0,0.3764,0.094094,0.642601,0.094094,0.123238,0.0,0.0,2.557005,0.094094,0.55,high,0.051752,0.0,0.051752,0
2026-07-26T14:43:08.466922,06/07 20:15,23.75,0.0,,,,20.0,26.0,0.3764,0.094094,0.612163,0.094094,0.120657,0.0,0.0,2.443065,0.094094,0.55,high,0.051752,0.0,0.051752,0
2026-07-26T14:43:08.482921,06/07 21:15,23.3,0.0,,,,20.0,26.0,0.0,0.0,0.0,0.0,0.0,0.0,0.0,0.0,0.0,0.4,moderate,0.0,0.0,0.0,0
2026-07-26T14:43:08.498927,06/07 22:15,23.3,0.0,,,,20.0,26.0,0.0,0.0,0.0,0.0,0.0,0.0,0.0,0.0,0.0,0.4,moderate,0.0,0.0,0.0,0
2026-07-26T14:43:08.513922,06/07 23:15,23.3,0.0,,,,20.0,26.0,0.0,0.0,0.0,0.0,0.0,0.0,0.0,0.0,0.0,0.4,moderate,0.0,0.0,0.0,0
2026-07-26T14:43:08.528922,06/08 00:15,23.03,0.0,,,,20.0,26.0,0.0,0.0,0.0,0.0,0.0,0.0,0.0,0.0,0.0,0.34,low,0.0,0.0,0.0,0
2026-07-26T14:43:25.939177,06/08 01:15,22.07,0.0,,,,18.0,28.0,0.0,0.0,0.0,0.0,0.0,0.0,0.0,0.0,0.0,0.34,low,0.0,0.0,0.0,0
2026-07-26T14:43:25.958176,06/08 02:15,21.82,0.0,,,,18.0,28.0,0.0,0.0,0.0,0.0,0.0,0.0,0.0,0.0,0.0,0.34,low,0.0,0.0,0.0,0
2026-07-26T14:43:25.973177,06/08 03:15,22.07,0.0,,,,18.0,28.0,0.0,0.0,0.0,0.0,0.0,0.0,0.0,0.0,0.0,0.34,low,0.0,0.0,0.0,0
2026-07-26T14:43:25.988175,06/08 04:15,21.55,0.0,,,,18.0,28.0,0.0,0.0,0.0,0.0,0.0,0.0,0.0,0.0,0.0,0.34,low,0.0,0.0,0.0,0
2026-07-26T14:43:26.004176,06/08 05:23,21.53,0.0,,,,18.0,28.0,0.0,0.0,0.0,0.0,0.0,0.0,0.0,0.0,0.0,0.34,low,0.0,0.0,0.0,0
2026-07-26T14:43:26.020176,06/08 06:23,23.35,0.0,,,,18.0,28.0,0.0,0.0,0.0,0.0,0.0,0.0,0.0,0.0,0.0,0.43,moderate,0.0,0.0,0.0,0
2026-07-26T14:43:41.757544,06/08 07:20,25.7,0.0,,,,18.0,29.0,0.0,0.0,0.0,0.0,0.0,0.0,0.0,0.0,0.0,0.43,moderate,0.0,0.0,0.0,0
2026-07-26T14:43:41.778540,06/08 08:23,28.08,0.0,,,,18.0,29.0,0.0,0.0,0.0,0.0,0.0,0.0,0.0,0.0,0.0,0.43,moderate,0.0,0.0,0.0,0
2026-07-26T14:43:41.797540,06/08 09:15,29.02,0.0,,,,18.0,29.0,0.0,0.0,0.0,0.0,0.0,0.0,0.0,0.0,0.0,0.43,moderate,0.0,0.0,0.0,0
2026-07-26T14:43:41.813539,06/08 10:15,29.7,0.0,,,,18.0,29.0,0.0,0.0,0.0,0.0,0.0,0.0,0.0,0.0,0.0,0.3,low,0.0,0.0,0.0,0
2026-07-26T14:43:41.830540,06/08 11:15,30.73,0.0,,,,18.0,29.0,0.0,0.0,0.0,0.0,0.0,0.0,0.0,0.0,0.0,0.3,low,0.0,0.0,0.0,0
2026-07-26T14:43:41.844539,06/08 12:15,31.65,0.0,,,,18.0,29.0,0.0,0.0,0.0,0.0,0.0,0.0,0.0,0.0,0.0,0.3,low,0.0,0.0,0.0,0
2026-07-26T14:43:56.866965,06/08 13:15,32.32,0.0,,,,18.0,29.0,0.0,0.0,0.0,0.0,0.0,0.0,0.0,0.0,0.0,0.3,low,0.0,0.0,0.0,0
2026-07-26T14:43:56.884964,06/08 14:15,28.15,0.0,,,,18.0,29.0,0.0,0.0,0.0,0.0,0.0,0.0,0.0,0.0,0.0,0.3,low,0.0,0.0,0.0,0
2026-07-26T14:43:56.902964,06/08 15:15,24.12,0.0,,,,18.0,29.0,0.0,0.0,0.0,0.0,0.0,0.0,0.0,0.0,0.0,0.3,low,0.0,0.0,0.0,0
2026-07-26T14:43:56.917966,06/08 16:15,23.58,0.0,,,,18.0,29.0,0.0,0.0,0.0,0.0,0.0,0.0,0.0,0.0,0.0,0.55,high,0.0,0.0,0.0,0
2026-07-26T14:43:56.931966,06/08 17:15,24.27,0.0,,,,18.0,29.0,0.0,0.0,0.0,0.0,0.0,0.0,0.0,0.0,0.0,0.55,high,0.0,0.0,0.0,0
2026-07-26T14:43:56.946964,06/08 18:15,22.92,0.0,,,,18.0,29.0,0.0,0.0,0.0,0.0,0.0,0.0,0.0,0.0,0.0,0.55,high,0.0,0.0,0.0,0
2026-07-26T14:44:11.738866,06/08 19:15,19.57,0.0,,,,18.0,29.0,0.0,0.0,0.0,0.0,0.0,0.0,0.0,0.0,0.0,0.55,high,0.0,0.0,0.0,0
2026-07-26T14:44:11.756866,06/08 20:15,18.18,0.0,,,,18.0,29.0,0.0,0.0,0.0,0.0,0.0,0.0,0.0,0.0,0.0,0.55,high,0.0,0.0,0.0,0
2026-07-26T14:44:11.772865,06/08 21:15,17.25,0.0,,,,18.0,29.0,0.0,0.0,0.0,0.0,0.0,0.0,0.0,0.0,0.0,0.4,moderate,0.0,0.0,0.0,0
2026-07-26T14:44:11.787864,06/08 22:15,15.6,0.0,,,,18.0,29.0,0.0,0.0,0.0,0.0,0.0,0.0,0.0,0.0,0.0,0.4,moderate,0.0,0.0,0.0,0
2026-07-26T14:44:11.803865,06/08 23:15,15.72,0.0,,,,18.0,29.0,0.0,0.0,0.0,0.0,0.0,0.0,0.0,0.0,0.0,0.4,moderate,0.0,0.0,0.0,0
2026-07-26T14:44:11.817865,06/09 00:15,16.25,0.0,,,,18.0,29.0,0.0,0.0,0.0,0.0,0.0,0.0,0.0,0.0,0.0,0.34,low,0.0,0.0,0.0,0
2026-07-26T14:44:26.833246,06/09 01:15,16.7,0.0,,,,18.0,29.0,0.0,0.0,0.0,0.0,0.0,0.0,0.0,0.0,0.0,0.34,low,0.0,0.0,0.0,0
2026-07-26T14:44:26.850250,06/09 02:15,16.82,0.0,,,,18.0,29.0,0.0,0.0,0.0,0.0,0.0,0.0,0.0,0.0,0.0,0.34,low,0.0,0.0,0.0,0
2026-07-26T14:44:26.865247,06/09 03:15,17.2,0.0,,,,18.0,29.0,0.0,0.0,0.0,0.0,0.0,0.0,0.0,0.0,0.0,0.34,low,0.0,0.0,0.0,0
2026-07-26T14:44:26.878245,06/09 04:15,17.47,0.0,,,,18.0,29.0,0.0,0.0,0.0,0.0,0.0,0.0,0.0,0.0,0.0,0.34,low,0.0,0.0,0.0,0
2026-07-26T14:44:26.891245,06/09 05:15,18.45,0.0,,,,18.0,29.0,0.0,0.0,0.0,0.0,0.0,0.0,0.0,0.0,0.0,0.34,low,0.0,0.0,0.0,0
2026-07-26T14:44:26.905245,06/09 06:15,19.02,0.0,,,,18.0,29.0,0.0,0.0,0.0,0.0,0.0,0.0,0.0,0.0,0.0,0.43,moderate,0.0,0.0,0.0,0
2026-07-26T14:44:40.877753,06/09 07:15,19.7,0.0,,,,18.0,29.0,0.0,0.0,0.0,0.0,0.0,0.0,0.0,0.0,0.0,0.43,moderate,0.0,0.0,0.0,0
2026-07-26T14:44:40.894754,06/09 08:15,20.6,0.0,,,,18.0,29.0,0.0,0.0,0.0,0.0,0.0,0.0,0.0,0.0,0.0,0.43,moderate,0.0,0.0,0.0,0
2026-07-26T14:44:40.910751,06/09 09:15,21.15,0.0,,,,18.0,29.0,0.0,0.0,0.0,0.0,0.0,0.0,0.0,0.0,0.0,0.43,moderate,0.0,0.0,0.0,0
2026-07-26T14:44:40.925754,06/09 10:15,23.62,0.0,,,,18.0,29.0,0.0,0.0,0.0,0.0,0.0,0.0,0.0,0.0,0.0,0.3,low,0.0,0.0,0.0,0
2026-07-26T14:44:40.939753,06/09 11:15,26.25,0.0,,,,18.0,29.0,0.0,0.0,0.0,0.0,0.0,0.0,0.0,0.0,0.0,0.3,low,0.0,0.0,0.0,0
2026-07-26T14:44:40.953752,06/09 12:15,26.42,0.0,,,,18.0,29.0,0.0,0.0,0.0,0.0,0.0,0.0,0.0,0.0,0.0,0.3,low,0.0,0.0,0.0,0
2026-07-26T14:44:55.533957,06/09 13:15,25.45,0.0,,,,18.0,29.0,0.0,0.0,0.0,0.0,0.0,0.0,0.0,0.0,0.0,0.3,low,0.0,0.0,0.0,0
2026-07-26T14:44:55.549963,06/09 14:15,24.85,0.0,,,,18.0,29.0,0.0,0.0,0.0,0.0,0.0,0.0,0.0,0.0,0.0,0.3,low,0.0,0.0,0.0,0
2026-07-26T14:44:55.565962,06/09 15:23,24.4,0.0,,,,18.0,29.0,0.0,0.0,0.0,0.0,0.0,0.0,0.0,0.0,0.0,0.3,low,0.0,0.0,0.0,0
2026-07-26T14:44:55.580956,06/09 16:15,24.12,0.0,,,,18.0,29.0,0.0,0.0,0.0,0.0,0.0,0.0,0.0,0.0,0.0,0.55,high,0.0,0.0,0.0,0
2026-07-26T14:44:55.598959,06/09 17:15,22.75,0.0,,,,18.0,29.0,0.0,0.0,0.0,0.0,0.0,0.0,0.0,0.0,0.0,0.55,high,0.0,0.0,0.0,0
2026-07-26T14:44:55.611956,06/09 18:23,20.98,0.0,,,,18.0,29.0,0.0,0.0,0.0,0.0,0.0,0.0,0.0,0.0,0.0,0.55,high,0.0,0.0,0.0,0
2026-07-26T14:45:09.965642,06/09 19:23,20.45,0.0,,,,18.0,29.0,0.0,0.0,0.0,0.0,0.0,0.0,0.0,0.0,0.0,0.55,high,0.0,0.0,0.0,0
2026-07-26T14:45:09.983641,06/09 20:15,20.15,0.0,,,,18.0,29.0,0.0,0.0,0.0,0.0,0.0,0.0,0.0,0.0,0.0,0.55,high,0.0,0.0,0.0,0
2026-07-26T14:45:09.998646,06/09 21:15,20.45,0.0,,,,18.0,29.0,0.0,0.0,0.0,0.0,0.0,0.0,0.0,0.0,0.0,0.4,moderate,0.0,0.0,0.0,0
2026-07-26T14:45:10.012639,06/09 22:15,20.0,0.0,,,,18.0,29.0,0.0,0.0,0.0,0.0,0.0,0.0,0.0,0.0,0.0,0.4,moderate,0.0,0.0,0.0,0
2026-07-26T14:45:10.027752,06/09 23:15,20.15,0.0,,,,18.0,29.0,0.0,0.0,0.0,0.0,0.0,0.0,0.0,0.0,0.0,0.4,moderate,0.0,0.0,0.0,0
2026-07-26T14:45:10.043792,06/10 00:15,20.73,0.0,,,,18.0,29.0,0.0,0.0,0.0,0.0,0.0,0.0,0.0,0.0,0.0,0.34,low,0.0,0.0,0.0,0
2026-07-26T14:45:24.933091,06/10 01:15,21.1,0.0,,,,18.0,29.0,0.0,0.0,0.0,0.0,0.0,0.0,0.0,0.0,0.0,0.34,low,0.0,0.0,0.0,0
2026-07-26T14:45:24.950095,06/10 02:15,21.53,0.0,,,,18.0,29.0,0.0,0.0,0.0,0.0,0.0,0.0,0.0,0.0,0.0,0.34,low,0.0,0.0,0.0,0
2026-07-26T14:45:24.966094,06/10 03:15,22.65,0.0,,,,18.0,29.0,0.0,0.0,0.0,0.0,0.0,0.0,0.0,0.0,0.0,0.34,low,0.0,0.0,0.0,0
2026-07-26T14:45:24.983092,06/10 04:15,22.2,0.0,,,,18.0,29.0,0.0,0.0,0.0,0.0,0.0,0.0,0.0,0.0,0.0,0.34,low,0.0,0.0,0.0,0
2026-07-26T14:45:25.000093,06/10 05:15,22.2,0.0,,,,18.0,29.0,0.0,0.0,0.0,0.0,0.0,0.0,0.0,0.0,0.0,0.34,low,0.0,0.0,0.0,0
2026-07-26T14:45:25.022089,06/10 06:15,22.47,0.0,,,,18.0,29.0,0.0,0.0,0.0,0.0,0.0,0.0,0.0,0.0,0.0,0.43,moderate,0.0,0.0,0.0,0
2026-07-26T14:45:39.878993,06/10 07:15,22.48,0.0,,,,18.0,29.0,0.3764,0.094094,0.644916,0.094094,0.10837,0.0,0.0,2.620676,0.094094,0.43,moderate,0.04046,0.0,0.04046,0
2026-07-26T14:45:39.897992,06/10 08:15,19.57,0.0,,,,18.0,29.0,0.3764,0.094094,0.412801,0.094094,0.074016,0.0,0.0,1.570154,0.094094,0.43,moderate,0.04046,0.0,0.04046,0
2026-07-26T14:45:39.919048,06/10 09:23,17.62,52.0,22.54,21.76,23.22,20.0,26.0,0.3764,0.094094,0.322651,0.094094,0.067652,0.0,0.0,1.12484,0.094094,0.43,moderate,0.04046,0.0,0.04046,0
2026-07-26T14:45:39.938038,06/10 10:15,15.72,52.0,23.89,22.97,24.63,20.0,26.0,0.3764,0.094094,0.220449,0.094094,0.063889,0.0,0.0,0.582918,0.094094,0.3,low,0.028228,0.0,0.028228,0
2026-07-26T14:45:39.954036,06/10 11:15,16.1,52.0,24.48,23.55,25.27,20.0,26.0,0.3764,0.094094,0.206698,0.094094,0.069595,0.0,0.0,0.519244,0.094094,0.3,low,0.028228,0.0,0.028228,0
2026-07-26T14:45:39.969994,06/10 12:15,16.1,41.6,24.63,23.72,25.45,20.0,26.0,0.3764,0.094094,0.208255,0.094094,0.069814,0.0,0.0,0.528629,0.094094,0.3,low,0.028228,0.0,0.028228,0
2026-07-26T14:45:56.461609,06/10 13:15,15.98,20.8,24.28,23.49,25.0,20.5,25.0,0.3778,0.094438,0.214263,0.094438,0.069814,0.0,0.0,0.560749,0.094438,0.3,low,0.028331,0.0,0.028331,0
2026-07-26T14:45:56.479609,06/10 14:15,15.72,41.6,24.53,23.91,25.0,20.5,25.0,0.3865,0.096633,0.247949,0.096633,0.068642,0.0,0.0,0.750955,0.096633,0.3,low,0.02899,0.0,0.02899,0
2026-07-26T14:45:56.496610,06/10 15:15,16.1,52.0,24.61,24.11,25.0,20.5,25.0,0.3895,0.097365,0.265567,0.097365,0.070387,0.0,0.0,0.837457,0.097365,0.3,low,0.029209,0.0,0.029209,0
2026-07-26T14:45:56.512609,06/10 16:15,16.1,52.0,24.35,23.62,25.0,20.5,25.0,0.3824,0.095604,0.234501,0.095604,0.071438,0.0,0.0,0.669809,0.095604,0.55,high,0.052582,0.0,0.052582,0
2026-07-26T14:45:56.529610,06/10 17:15,16.1,52.0,24.09,23.37,25.0,20.5,25.0,0.3777,0.094416,0.216364,0.094416,0.072198,0.0,0.0,0.570065,0.094416,0.55,high,0.051929,0.0,0.051929,0
2026-07-26T14:45:56.544609,06/10 18:15,16.1,52.0,23.83,23.02,25.0,20.5,25.0,0.3766,0.094148,0.211761,0.094148,0.072198,0.0,0.0,0.544477,0.094148,0.55,high,0.051781,0.0,0.051781,0
2026-07-26T14:46:12.799072,06/10 19:15,16.1,26.0,22.43,21.66,23.64,20.0,26.0,0.3764,0.094094,0.208182,0.094094,0.073077,0.0,0.0,0.525558,0.094094,0.55,high,0.051752,0.0,0.051752,0
2026-07-26T14:46:12.820247,06/10 20:15,15.55,0.0,,,,20.0,26.0,0.3764,0.094094,0.20106,0.094094,0.056863,0.0,0.0,0.504322,0.094094,0.55,high,0.051752,0.0,0.051752,0
2026-07-26T14:46:12.840271,06/10 21:15,13.35,0.0,,,,20.0,26.0,0.0,0.0,0.0,0.0,0.0,0.0,0.0,0.0,0.0,0.4,moderate,0.0,0.0,0.0,0
2026-07-26T14:46:12.856445,06/10 22:15,11.82,0.0,,,,20.0,26.0,0.0,0.0,0.0,0.0,0.0,0.0,0.0,0.0,0.0,0.4,moderate,0.0,0.0,0.0,0
2026-07-26T14:46:12.872474,06/10 23:15,12.47,0.0,,,,20.0,26.0,0.0,0.0,0.0,0.0,0.0,0.0,0.0,0.0,0.0,0.4,moderate,0.0,0.0,0.0,0
2026-07-26T14:46:12.889464,06/11 00:15,13.3,0.0,,,,20.0,26.0,0.0,0.0,0.0,0.0,0.0,0.0,0.0,0.0,0.0,0.34,low,0.0,0.0,0.0,0
2026-07-26T14:46:28.112476,06/11 01:15,13.3,0.0,,,,18.0,28.0,0.0,0.0,0.0,0.0,0.0,0.0,0.0,0.0,0.0,0.34,low,0.0,0.0,0.0,0
2026-07-26T14:46:28.130474,06/11 02:15,13.3,0.0,,,,18.0,28.0,0.0,0.0,0.0,0.0,0.0,0.0,0.0,0.0,0.0,0.34,low,0.0,0.0,0.0,0
2026-07-26T14:46:28.148473,06/11 03:15,13.3,0.0,,,,18.0,28.0,0.0,0.0,0.0,0.0,0.0,0.0,0.0,0.0,0.0,0.34,low,0.0,0.0,0.0,0
2026-07-26T14:46:28.163472,06/11 04:15,13.18,0.0,,,,18.0,28.0,0.0,0.0,0.0,0.0,0.0,0.0,0.0,0.0,0.0,0.34,low,0.0,0.0,0.0,0
2026-07-26T14:46:28.178475,06/11 05:15,13.5,0.0,,,,18.0,28.0,0.0,0.0,0.0,0.0,0.0,0.0,0.0,0.0,0.0,0.34,low,0.0,0.0,0.0,0
2026-07-26T14:46:28.192474,06/11 06:23,16.15,0.0,,,,18.0,28.0,0.0,0.0,0.0,0.0,0.0,0.0,0.0,0.0,0.0,0.43,moderate,0.0,0.0,0.0,0
2026-07-26T14:46:42.325967,06/11 07:23,18.2,0.0,,,,18.0,29.0,0.3764,0.094094,0.211269,0.094094,0.037207,0.0,0.0,0.578811,0.094094,0.43,moderate,0.04046,0.0,0.04046,0
2026-07-26T14:46:42.343969,06/11 08:23,19.82,0.0,,,,18.0,29.0,0.3764,0.094094,0.249454,0.094094,0.043519,0.0,0.0,0.7717,0.094094,0.43,moderate,0.04046,0.0,0.04046,0
2026-07-26T14:46:42.361965,06/11 09:23,21.53,52.0,23.63,21.83,25.55,20.0,26.0,0.3764,0.094094,0.312259,0.094094,0.061277,0.0,0.0,1.068472,0.094094,0.43,moderate,0.04046,0.0,0.04046,0
2026-07-26T14:46:42.380965,06/11 10:23,22.93,52.0,24.77,23.36,25.5,20.0,25.5,0.3889,0.097217,0.3784,0.097217,0.075586,0.0,0.0,1.378459,0.097217,0.3,low,0.029165,0.0,0.029165,0
2026-07-26T14:46:42.399964,06/11 11:23,23.58,52.0,25.21,24.09,25.5,20.0,25.5,0.3939,0.098466,0.439792,0.098466,0.086624,0.0,0.0,1.681203,0.098466,0.3,low,0.02954,0.0,0.02954,0
2026-07-26T14:46:42.416966,06/11 12:15,24.55,41.6,25.27,24.34,25.5,20.0,25.5,0.3955,0.098874,0.454507,0.098874,0.08501,0.0,0.0,1.731428,0.098874,0.3,low,0.029662,0.0,0.029662,0
2026-07-26T14:46:57.770855,06/11 13:15,25.15,20.8,24.85,24.26,25.0,20.5,25.0,0.3989,0.099715,0.461615,0.099715,0.092893,0.0,0.0,1.730807,0.099715,0.3,low,0.029914,0.0,0.029914,0
2026-07-26T14:46:57.786850,06/11 14:15,25.6,41.6,25.0,25.0,25.0,20.5,25.0,0.4276,0.106895,0.641917,0.106895,0.09156,0.0,0.0,2.583396,0.106895,0.3,low,0.032068,0.0,0.032068,0
2026-07-26T14:46:57.802849,06/11 15:15,25.6,52.0,25.0,25.0,25.0,20.5,25.0,0.4403,0.110079,0.683948,0.110079,0.089415,0.0,0.0,2.762838,0.110079,0.3,low,0.033024,0.0,0.033024,0
2026-07-26T14:46:57.820851,06/11 16:15,25.45,52.0,25.0,25.0,25.0,20.5,25.0,0.4229,0.105717,0.601421,0.105717,0.088438,0.0,0.0,2.382347,0.105717,0.55,high,0.058144,0.0,0.058144,0
2026-07-26T14:46:57.834851,06/11 17:15,24.85,52.0,24.91,24.56,25.0,20.5,25.0,0.3992,0.099795,0.482523,0.099795,0.08791,0.0,0.0,1.8409,0.099795,0.55,high,0.054887,0.0,0.054887,0
2026-07-26T14:46:57.849849,06/11 18:15,24.12,52.0,24.82,24.11,25.0,20.5,25.0,0.3861,0.09653,0.413067,0.09653,0.085016,0.0,0.0,1.517966,0.09653,0.55,high,0.053092,0.0,0.053092,0
2026-07-26T14:47:14.073847,06/11 19:23,22.48,26.0,23.55,22.69,24.1,20.0,26.0,0.3764,0.094094,0.331722,0.094094,0.084008,0.0,0.0,1.132718,0.094094,0.55,high,0.051752,0.0,0.051752,0
2026-07-26T14:47:14.091846,06/11 20:15,19.02,0.0,,,,20.0,26.0,0.3764,0.094094,0.265096,0.094094,0.069792,0.0,0.0,0.846225,0.094094,0.55,high,0.051752,0.0,0.051752,0
2026-07-26T14:47:14.107846,06/11 21:15,15.98,0.0,,,,20.0,26.0,0.0,0.0,0.0,0.0,0.0,0.0,0.0,0.0,0.0,0.4,moderate,0.0,0.0,0.0,0
2026-07-26T14:47:14.120845,06/11 22:15,15.3,0.0,,,,20.0,26.0,0.0,0.0,0.0,0.0,0.0,0.0,0.0,0.0,0.0,0.4,moderate,0.0,0.0,0.0,0
2026-07-26T14:47:14.133846,06/11 23:15,14.4,0.0,,,,20.0,26.0,0.0,0.0,0.0,0.0,0.0,0.0,0.0,0.0,0.0,0.4,moderate,0.0,0.0,0.0,0
2026-07-26T14:47:14.146845,06/12 00:15,14.55,0.0,,,,20.0,26.0,0.0,0.0,0.0,0.0,0.0,0.0,0.0,0.0,0.0,0.34,low,0.0,0.0,0.0,0
2026-07-26T14:47:28.298349,06/12 01:15,14.57,0.0,,,,18.0,28.0,0.0,0.0,0.0,0.0,0.0,0.0,0.0,0.0,0.0,0.34,low,0.0,0.0,0.0,0
2026-07-26T14:47:28.314347,06/12 02:15,13.58,0.0,,,,18.0,28.0,0.0,0.0,0.0,0.0,0.0,0.0,0.0,0.0,0.0,0.34,low,0.0,0.0,0.0,0
2026-07-26T14:47:28.330349,06/12 03:15,14.0,0.0,,,,18.0,28.0,0.0,0.0,0.0,0.0,0.0,0.0,0.0,0.0,0.0,0.34,low,0.0,0.0,0.0,0
2026-07-26T14:47:28.345348,06/12 04:15,12.8,0.0,,,,18.0,28.0,0.0,0.0,0.0,0.0,0.0,0.0,0.0,0.0,0.0,0.34,low,0.0,0.0,0.0,0
2026-07-26T14:47:28.360348,06/12 05:23,13.08,0.0,,,,18.0,28.0,0.0,0.0,0.0,0.0,0.0,0.0,0.0,0.0,0.0,0.34,low,0.0,0.0,0.0,0
2026-07-26T14:47:28.375348,06/12 06:23,14.6,0.0,,,,18.0,28.0,0.0,0.0,0.0,0.0,0.0,0.0,0.0,0.0,0.0,0.43,moderate,0.0,0.0,0.0,0
2026-07-26T14:47:42.572743,06/12 07:23,17.25,0.0,,,,18.0,29.0,0.3764,0.094094,0.197041,0.094094,0.038358,0.0,0.0,0.501774,0.094094,0.43,moderate,0.04046,0.0,0.04046,0
2026-07-26T14:47:42.591788,06/12 08:15,19.17,0.0,,,,18.0,29.0,0.3764,0.094094,0.233224,0.094094,0.045529,0.0,0.0,0.684019,0.094094,0.43,moderate,0.04046,0.0,0.04046,0
2026-07-26T14:47:42.610825,06/12 09:23,20.43,52.0,23.64,21.64,25.51,20.5,25.5,0.3797,0.09493,0.265584,0.09493,0.052663,0.0,0.0,0.852926,0.09493,0.43,moderate,0.04082,0.0,0.04082,0
2026-07-26T14:47:42.629785,06/12 10:23,21.27,52.0,24.72,23.22,25.5,20.5,25.5,0.3885,0.097137,0.335155,0.097137,0.066972,0.0,0.0,1.178247,0.097137,0.3,low,0.029141,0.0,0.029141,0
2026-07-26T14:47:42.647783,06/12 11:23,19.73,52.0,25.16,23.97,25.5,20.5,25.5,0.3899,0.097475,0.323838,0.097475,0.079609,0.0,0.0,1.117566,0.097475,0.3,low,0.029243,0.0,0.029243,0
2026-07-26T14:47:42.663192,06/12 12:15,18.9,41.6,25.18,24.08,25.5,20.5,25.5,0.3852,0.096288,0.294217,0.096288,0.083977,0.0,0.0,0.966846,0.096288,0.3,low,0.028886,0.0,0.028886,0
2026-07-26T14:47:57.809849,06/12 13:15,19.72,20.8,24.76,23.93,25.0,20.5,25.0,0.3878,0.09694,0.306218,0.09694,0.083977,0.0,0.0,1.028139,0.09694,0.3,low,0.029082,0.0,0.029082,0
2026-07-26T14:47:57.827849,06/12 14:15,22.2,41.6,24.99,24.97,25.0,20.5,25.0,0.4097,0.102423,0.439694,0.102423,0.081867,0.0,0.0,1.696515,0.102423,0.3,low,0.030727,0.0,0.030727,0
2026-07-26T14:47:57.845849,06/12 15:15,22.2,52.0,25.0,25.0,25.0,20.5,25.0,0.4255,0.106368,0.495278,0.106368,0.085868,0.0,0.0,1.952138,0.106368,0.3,low,0.03191,0.0,0.03191,0
2026-07-26T14:47:57.859848,06/12 16:15,21.8,52.0,24.95,24.78,25.0,20.5,25.0,0.4198,0.104959,0.470898,0.104959,0.077653,0.0,0.0,1.88732,0.104959,0.55,high,0.057727,0.0,0.057727,0
2026-07-26T14:47:57.876848,06/12 17:15,20.3,52.0,24.84,24.2,25.0,20.5,25.0,0.3907,0.097666,0.353105,0.097666,0.0754,0.0,0.0,1.25917,0.097666,0.55,high,0.053716,0.0,0.053716,0
2026-07-26T14:47:57.891848,06/12 18:15,19.12,52.0,24.64,23.73,25.0,20.5,25.0,0.3817,0.095418,0.292304,0.095418,0.073062,0.0,0.0,0.964195,0.095418,0.55,high,0.05248,0.0,0.05248,0
2026-07-26T14:48:13.396226,06/12 19:15,18.03,26.0,23.25,22.29,24.04,20.0,26.0,0.3764,0.094094,0.247035,0.094094,0.068655,0.0,0.0,0.72917,0.094094,0.55,high,0.051752,0.0,0.051752,0
2026-07-26T14:48:13.417227,06/12 20:23,16.92,0.0,,,,20.0,26.0,0.3764,0.094094,0.225232,0.094094,0.070246,0.0,0.0,0.615489,0.094094,0.55,high,0.051752,0.0,0.051752,0
2026-07-26T14:48:13.434225,06/12 21:15,15.98,0.0,,,,20.0,26.0,0.0,0.0,0.0,0.0,0.0,0.0,0.0,0.0,0.0,0.4,moderate,0.0,0.0,0.0,0
2026-07-26T14:48:13.449226,06/12 22:15,15.45,0.0,,,,20.0,26.0,0.0,0.0,0.0,0.0,0.0,0.0,0.0,0.0,0.0,0.4,moderate,0.0,0.0,0.0,0
2026-07-26T14:48:13.464226,06/12 23:15,15.0,0.0,,,,20.0,26.0,0.0,0.0,0.0,0.0,0.0,0.0,0.0,0.0,0.0,0.4,moderate,0.0,0.0,0.0,0
2026-07-26T14:48:13.479225,06/13 00:15,14.57,0.0,,,,20.0,26.0,0.0,0.0,0.0,0.0,0.0,0.0,0.0,0.0,0.0,0.34,low,0.0,0.0,0.0,0
2026-07-26T14:48:28.741054,06/13 01:15,13.3,0.0,,,,18.0,28.0,0.0,0.0,0.0,0.0,0.0,0.0,0.0,0.0,0.0,0.34,low,0.0,0.0,0.0,0
2026-07-26T14:48:28.758053,06/13 02:15,13.73,0.0,,,,18.0,28.0,0.0,0.0,0.0,0.0,0.0,0.0,0.0,0.0,0.0,0.34,low,0.0,0.0,0.0,0
2026-07-26T14:48:28.775055,06/13 03:15,15.15,0.0,,,,18.0,28.0,0.0,0.0,0.0,0.0,0.0,0.0,0.0,0.0,0.0,0.34,low,0.0,0.0,0.0,0
2026-07-26T14:48:28.789053,06/13 04:15,15.72,0.0,,,,18.0,28.0,0.0,0.0,0.0,0.0,0.0,0.0,0.0,0.0,0.0,0.34,low,0.0,0.0,0.0,0
2026-07-26T14:48:28.804056,06/13 05:15,16.1,0.0,,,,18.0,28.0,0.0,0.0,0.0,0.0,0.0,0.0,0.0,0.0,0.0,0.34,low,0.0,0.0,0.0,0
2026-07-26T14:48:28.818055,06/13 06:15,16.38,0.0,,,,18.0,28.0,0.0,0.0,0.0,0.0,0.0,0.0,0.0,0.0,0.0,0.43,moderate,0.0,0.0,0.0,0
2026-07-26T14:48:43.258308,06/13 07:23,17.75,0.0,,,,18.0,29.0,0.3764,0.094094,0.234757,0.094094,0.048594,0.0,0.0,0.703212,0.094094,0.43,moderate,0.04046,0.0,0.04046,0
2026-07-26T14:48:43.278622,06/13 08:23,19.82,0.0,,,,18.0,29.0,0.3764,0.094094,0.313264,0.094094,0.053553,0.0,0.0,1.104798,0.094094,0.43,moderate,0.04046,0.0,0.04046,0
2026-07-26T14:48:43.297622,06/13 09:23,21.38,52.0,23.5,21.84,25.06,20.0,26.0,0.3764,0.094094,0.386725,0.094094,0.068909,0.0,0.0,1.43768,0.094094,0.43,moderate,0.04046,0.0,0.04046,0
2026-07-26T14:48:43.315626,06/13 10:23,22.2,52.0,24.7,23.3,25.5,20.0,25.5,0.3805,0.095134,0.427584,0.095134,0.087601,0.0,0.0,1.617859,0.095134,0.3,low,0.02854,0.0,0.02854,0
2026-07-26T14:48:43.336627,06/13 11:15,22.35,52.0,25.13,24.0,25.5,20.0,25.5,0.3841,0.09603,0.460689,0.09603,0.095455,0.0,0.0,1.777484,0.09603,0.3,low,0.028809,0.0,0.028809,0
2026-07-26T14:48:43.353630,06/13 12:15,22.65,41.6,25.24,24.25,25.5,20.0,25.5,0.3847,0.096179,0.487009,0.096179,0.097065,0.0,0.0,1.900968,0.096179,0.3,low,0.028854,0.0,0.028854,0
2026-07-26T14:48:59.131178,06/13 13:15,21.65,20.8,24.77,24.03,25.0,20.5,25.0,0.3875,0.096883,0.524413,0.096883,0.100071,0.0,0.0,2.074518,0.096883,0.3,low,0.029065,0.0,0.029065,0
2026-07-26T14:48:59.148043,06/13 14:15,20.55,41.6,24.84,24.41,25.0,20.5,25.0,0.3981,0.099525,0.509446,0.099525,0.092778,0.0,0.0,2.03963,0.099525,0.3,low,0.029857,0.0,0.029857,0
2026-07-26T14:48:59.163647,06/13 15:15,22.35,52.0,24.97,24.86,25.0,20.5,25.0,0.41,0.102508,0.61509,0.102508,0.09729,0.0,0.0,2.516787,0.102508,0.3,low,0.030752,0.0,0.030752,0
2026-07-26T14:48:59.178779,06/13 16:15,22.8,52.0,24.94,24.72,25.0,20.5,25.0,0.4071,0.101764,0.625205,0.101764,0.098955,0.0,0.0,2.547133,0.101764,0.55,high,0.05597,0.0,0.05597,0
2026-07-26T14:48:59.192822,06/13 17:15,22.65,52.0,24.86,24.3,25.0,20.5,25.0,0.3942,0.098557,0.564107,0.098557,0.098955,0.0,0.0,2.256978,0.098557,0.55,high,0.054206,0.0,0.054206,0
2026-07-26T14:48:59.206784,06/13 18:15,22.07,52.0,24.77,23.87,25.0,20.5,25.0,0.3876,0.096912,0.51415,0.096912,0.097302,0.0,0.0,2.025661,0.096912,0.55,high,0.053302,0.0,0.053302,0
2026-07-26T14:49:14.902789,06/13 19:23,21.42,26.0,23.7,22.47,24.71,20.0,26.0,0.3764,0.094094,0.400536,0.094094,0.092654,0.0,0.0,1.483156,0.094094,0.55,high,0.051752,0.0,0.051752,0
2026-07-26T14:49:14.920788,06/13 20:23,20.45,0.0,,,,20.0,26.0,0.3764,0.094094,0.377365,0.094094,0.090697,0.0,0.0,1.379329,0.094094,0.55,high,0.051752,0.0,0.051752,0
2026-07-26T14:49:14.935789,06/13 21:15,19.73,0.0,,,,20.0,26.0,0.0,0.0,0.0,0.0,0.0,0.0,0.0,0.0,0.0,0.4,moderate,0.0,0.0,0.0,0
2026-07-26T14:49:14.948787,06/13 22:15,18.75,0.0,,,,20.0,26.0,0.0,0.0,0.0,0.0,0.0,0.0,0.0,0.0,0.0,0.4,moderate,0.0,0.0,0.0,0
2026-07-26T14:49:14.960789,06/13 23:15,18.3,0.0,,,,20.0,26.0,0.0,0.0,0.0,0.0,0.0,0.0,0.0,0.0,0.0,0.4,moderate,0.0,0.0,0.0,0
2026-07-26T14:49:14.976786,06/14 00:15,18.18,0.0,,,,20.0,26.0,0.0,0.0,0.0,0.0,0.0,0.0,0.0,0.0,0.0,0.34,low,0.0,0.0,0.0,0
2026-07-26T14:49:29.297786,06/14 01:15,17.8,0.0,,,,18.0,28.0,0.0,0.0,0.0,0.0,0.0,0.0,0.0,0.0,0.0,0.34,low,0.0,0.0,0.0,0
2026-07-26T14:49:29.314786,06/14 02:15,17.8,0.0,,,,18.0,28.0,0.0,0.0,0.0,0.0,0.0,0.0,0.0,0.0,0.0,0.34,low,0.0,0.0,0.0,0
2026-07-26T14:49:29.330785,06/14 03:15,17.65,0.0,,,,18.0,28.0,0.0,0.0,0.0,0.0,0.0,0.0,0.0,0.0,0.0,0.34,low,0.0,0.0,0.0,0
2026-07-26T14:49:29.344785,06/14 04:15,17.35,0.0,,,,18.0,28.0,0.0,0.0,0.0,0.0,0.0,0.0,0.0,0.0,0.0,0.34,low,0.0,0.0,0.0,0
2026-07-26T14:49:29.358785,06/14 05:15,17.93,0.0,,,,18.0,28.0,0.0,0.0,0.0,0.0,0.0,0.0,0.0,0.0,0.0,0.34,low,0.0,0.0,0.0,0
2026-07-26T14:49:29.372791,06/14 06:15,18.88,0.0,,,,18.0,28.0,0.0,0.0,0.0,0.0,0.0,0.0,0.0,0.0,0.0,0.43,moderate,0.0,0.0,0.0,0
2026-07-26T14:49:43.385822,06/14 07:15,21.0,0.0,,,,18.0,29.0,0.3764,0.094094,0.38671,0.094094,0.070506,0.0,0.0,1.453739,0.094094,0.43,moderate,0.04046,0.0,0.04046,0
2026-07-26T14:49:43.403820,06/14 08:15,22.62,0.0,,,,18.0,29.0,0.3764,0.094094,0.432562,0.094094,0.073485,0.0,0.0,1.661276,0.094094,0.43,moderate,0.04046,0.0,0.04046,0
2026-07-26T14:49:43.421819,06/14 09:23,24.32,52.0,23.62,22.27,24.81,20.0,26.0,0.3764,0.094094,0.514566,0.094094,0.091967,0.0,0.0,2.014471,0.094094,0.43,moderate,0.04046,0.0,0.04046,0
2026-07-26T14:49:43.438823,06/14 10:23,25.88,52.0,24.9,23.73,25.5,20.0,25.5,0.3832,0.095801,0.604028,0.095801,0.109446,0.0,0.0,2.387022,0.095801,0.3,low,0.02874,0.0,0.02874,0
2026-07-26T14:49:43.453824,06/14 11:15,26.82,52.0,25.29,24.45,25.5,20.0,25.5,0.3928,0.098206,0.702974,0.098206,0.117186,0.0,0.0,2.809657,0.098206,0.3,low,0.029462,0.0,0.029462,0
2026-07-26T14:49:43.469829,06/14 12:15,27.47,41.6,25.34,24.72,25.5,20.0,25.5,0.3975,0.099387,0.751223,0.099387,0.117914,0.0,0.0,2.994091,0.099387,0.3,low,0.029816,0.0,0.029816,0
2026-07-26T14:49:58.783833,06/14 13:15,28.73,20.8,24.91,24.56,25.0,20.5,25.0,0.4025,0.100634,0.832297,0.100634,0.124225,0.0,0.0,3.290685,0.100634,0.3,low,0.03019,0.0,0.03019,0
2026-07-26T14:49:58.801834,06/14 14:15,30.0,41.6,25.0,25.0,25.0,20.5,25.0,0.4412,0.110298,1.014449,0.110298,0.125151,0.0,0.0,3.979279,0.110298,0.3,low,0.033089,0.0,0.033089,0
2026-07-26T14:49:58.819832,06/14 15:15,29.85,52.0,25.0,25.0,25.0,20.5,25.0,0.4639,0.115981,1.051845,0.115981,0.118564,0.0,0.0,4.130731,0.115981,0.3,low,0.034794,0.0,0.034794,0
2026-07-26T14:49:58.835832,06/14 16:15,29.55,52.0,25.0,25.0,25.0,20.5,25.0,0.4524,0.1131,0.985691,0.1131,0.1148,0.0,0.0,3.891281,0.1131,0.55,high,0.062205,0.0,0.062205,0
2026-07-26T14:49:58.850832,06/14 17:15,29.85,52.0,24.98,24.89,25.0,20.5,25.0,0.4221,0.105531,0.872107,0.105531,0.11376,0.0,0.0,3.41054,0.105531,0.55,high,0.058042,0.0,0.058042,0
2026-07-26T14:49:58.864830,06/14 18:15,29.27,52.0,24.91,24.54,25.0,20.5,25.0,0.4045,0.101123,0.756994,0.101123,0.110239,0.0,0.0,2.95027,0.101123,0.55,high,0.055618,0.0,0.055618,0
2026-07-26T14:50:16.297285,06/14 19:23,28.35,26.0,24.09,23.19,24.43,20.0,26.0,0.3764,0.094094,0.532203,0.094094,0.104526,0.0,0.0,1.997043,0.094094,0.55,high,0.051752,0.0,0.051752,0
2026-07-26T14:50:16.317288,06/14 20:23,26.42,0.0,,,,20.0,26.0,0.3764,0.094094,0.482628,0.094094,0.10062,0.0,0.0,1.810646,0.094094,0.55,high,0.051752,0.0,0.051752,0
2026-07-26T14:50:16.332284,06/14 21:15,25.73,0.0,,,,20.0,26.0,0.0,0.0,0.0,0.0,0.0,0.0,0.0,0.0,0.0,0.4,moderate,0.0,0.0,0.0,0
2026-07-26T14:50:16.346283,06/14 22:15,26.1,0.0,,,,20.0,26.0,0.0,0.0,0.0,0.0,0.0,0.0,0.0,0.0,0.0,0.4,moderate,0.0,0.0,0.0,0
2026-07-26T14:50:16.360284,06/14 23:15,25.83,0.0,,,,20.0,26.0,0.0,0.0,0.0,0.0,0.0,0.0,0.0,0.0,0.0,0.4,moderate,0.0,0.0,0.0,0
2026-07-26T14:50:16.374284,06/15 00:15,25.0,0.0,,,,20.0,26.0,0.0,0.0,0.0,0.0,0.0,0.0,0.0,0.0,0.0,0.34,low,0.0,0.0,0.0,0
2026-07-26T14:50:31.818794,06/15 01:15,24.73,0.0,,,,18.0,28.0,0.0,0.0,0.0,0.0,0.0,0.0,0.0,0.0,0.0,0.34,low,0.0,0.0,0.0,0
2026-07-26T14:50:31.837792,06/15 02:15,23.75,0.0,,,,18.0,28.0,0.0,0.0,0.0,0.0,0.0,0.0,0.0,0.0,0.0,0.34,low,0.0,0.0,0.0,0
2026-07-26T14:50:31.853790,06/15 03:15,23.18,0.0,,,,18.0,28.0,0.0,0.0,0.0,0.0,0.0,0.0,0.0,0.0,0.0,0.34,low,0.0,0.0,0.0,0
2026-07-26T14:50:31.867802,06/15 04:15,22.65,0.0,,,,18.0,28.0,0.0,0.0,0.0,0.0,0.0,0.0,0.0,0.0,0.0,0.34,low,0.0,0.0,0.0,0
2026-07-26T14:50:31.883791,06/15 05:23,22.35,0.0,,,,18.0,28.0,0.0,0.0,0.0,0.0,0.0,0.0,0.0,0.0,0.0,0.34,low,0.0,0.0,0.0,0
2026-07-26T14:50:31.898790,06/15 06:23,23.2,0.0,,,,18.0,28.0,0.0,0.0,0.0,0.0,0.0,0.0,0.0,0.0,0.0,0.43,moderate,0.0,0.0,0.0,0
2026-07-26T14:50:47.144240,06/15 07:23,24.7,0.0,,,,18.0,29.0,0.0,0.0,0.0,0.0,0.0,0.0,0.0,0.0,0.0,0.43,moderate,0.0,0.0,0.0,0
2026-07-26T14:50:47.167248,06/15 08:23,25.88,0.0,,,,18.0,29.0,0.0,0.0,0.0,0.0,0.0,0.0,0.0,0.0,0.0,0.43,moderate,0.0,0.0,0.0,0
2026-07-26T14:50:47.187232,06/15 09:23,27.1,0.0,,,,18.0,29.0,0.0,0.0,0.0,0.0,0.0,0.0,0.0,0.0,0.0,0.43,moderate,0.0,0.0,0.0,0
2026-07-26T14:50:47.203798,06/15 10:15,28.58,0.0,,,,18.0,29.0,0.0,0.0,0.0,0.0,0.0,0.0,0.0,0.0,0.0,0.3,low,0.0,0.0,0.0,0
2026-07-26T14:50:47.220810,06/15 11:15,29.55,0.0,,,,18.0,29.0,0.0,0.0,0.0,0.0,0.0,0.0,0.0,0.0,0.0,0.3,low,0.0,0.0,0.0,0
2026-07-26T14:50:47.238811,06/15 12:23,30.27,0.0,,,,18.0,29.0,0.0,0.0,0.0,0.0,0.0,0.0,0.0,0.0,0.0,0.3,low,0.0,0.0,0.0,0
2026-07-26T14:51:02.373632,06/15 13:15,31.25,0.0,,,,18.0,29.0,0.0,0.0,0.0,0.0,0.0,0.0,0.0,0.0,0.0,0.3,low,0.0,0.0,0.0,0
2026-07-26T14:51:02.391629,06/15 14:23,31.7,0.0,,,,18.0,29.0,0.0,0.0,0.0,0.0,0.0,0.0,0.0,0.0,0.0,0.3,low,0.0,0.0,0.0,0
2026-07-26T14:51:02.409627,06/15 15:23,31.7,0.0,,,,18.0,29.0,0.0,0.0,0.0,0.0,0.0,0.0,0.0,0.0,0.0,0.3,low,0.0,0.0,0.0,0
2026-07-26T14:51:02.424627,06/15 16:23,31.55,0.0,,,,18.0,29.0,0.0,0.0,0.0,0.0,0.0,0.0,0.0,0.0,0.0,0.55,high,0.0,0.0,0.0,0
2026-07-26T14:51:02.439627,06/15 17:15,30.98,0.0,,,,18.0,29.0,0.0,0.0,0.0,0.0,0.0,0.0,0.0,0.0,0.0,0.55,high,0.0,0.0,0.0,0
2026-07-26T14:51:02.454626,06/15 18:23,30.3,0.0,,,,18.0,29.0,0.0,0.0,0.0,0.0,0.0,0.0,0.0,0.0,0.0,0.55,high,0.0,0.0,0.0,0
2026-07-26T14:51:17.055218,06/15 19:23,29.12,0.0,,,,18.0,29.0,0.0,0.0,0.0,0.0,0.0,0.0,0.0,0.0,0.0,0.55,high,0.0,0.0,0.0,0
2026-07-26T14:51:17.074217,06/15 20:23,28.03,0.0,,,,18.0,29.0,0.0,0.0,0.0,0.0,0.0,0.0,0.0,0.0,0.0,0.55,high,0.0,0.0,0.0,0
2026-07-26T14:51:17.091218,06/15 21:15,26.92,0.0,,,,18.0,29.0,0.0,0.0,0.0,0.0,0.0,0.0,0.0,0.0,0.0,0.4,moderate,0.0,0.0,0.0,0
2026-07-26T14:51:17.106216,06/15 22:15,25.98,0.0,,,,18.0,29.0,0.0,0.0,0.0,0.0,0.0,0.0,0.0,0.0,0.0,0.4,moderate,0.0,0.0,0.0,0
2026-07-26T14:51:17.121216,06/15 23:15,25.45,0.0,,,,18.0,29.0,0.0,0.0,0.0,0.0,0.0,0.0,0.0,0.0,0.0,0.4,moderate,0.0,0.0,0.0,0
2026-07-26T14:51:17.136219,06/16 00:15,24.73,0.0,,,,18.0,29.0,0.0,0.0,0.0,0.0,0.0,0.0,0.0,0.0,0.0,0.34,low,0.0,0.0,0.0,0
2026-07-26T14:51:31.855526,06/16 01:15,23.75,0.0,,,,18.0,29.0,0.0,0.0,0.0,0.0,0.0,0.0,0.0,0.0,0.0,0.34,low,0.0,0.0,0.0,0
2026-07-26T14:51:31.873960,06/16 02:15,23.03,0.0,,,,18.0,29.0,0.0,0.0,0.0,0.0,0.0,0.0,0.0,0.0,0.0,0.34,low,0.0,0.0,0.0,0
2026-07-26T14:51:31.890783,06/16 03:15,22.07,0.0,,,,18.0,29.0,0.0,0.0,0.0,0.0,0.0,0.0,0.0,0.0,0.0,0.34,low,0.0,0.0,0.0,0
2026-07-26T14:51:31.906818,06/16 04:15,21.42,0.0,,,,18.0,29.0,0.0,0.0,0.0,0.0,0.0,0.0,0.0,0.0,0.0,0.34,low,0.0,0.0,0.0,0
2026-07-26T14:51:31.923908,06/16 05:15,20.88,0.0,,,,18.0,29.0,0.0,0.0,0.0,0.0,0.0,0.0,0.0,0.0,0.0,0.34,low,0.0,0.0,0.0,0
2026-07-26T14:51:31.939951,06/16 06:23,22.25,0.0,,,,18.0,29.0,0.0,0.0,0.0,0.0,0.0,0.0,0.0,0.0,0.0,0.43,moderate,0.0,0.0,0.0,0
2026-07-26T14:51:46.298152,06/16 07:23,24.17,0.0,,,,18.0,29.0,0.0,0.0,0.0,0.0,0.0,0.0,0.0,0.0,0.0,0.43,moderate,0.0,0.0,0.0,0
2026-07-26T14:51:46.315156,06/16 08:23,25.43,0.0,,,,18.0,29.0,0.0,0.0,0.0,0.0,0.0,0.0,0.0,0.0,0.0,0.43,moderate,0.0,0.0,0.0,0
2026-07-26T14:51:46.331151,06/16 09:23,26.97,0.0,,,,18.0,29.0,0.0,0.0,0.0,0.0,0.0,0.0,0.0,0.0,0.0,0.43,moderate,0.0,0.0,0.0,0
2026-07-26T14:51:46.345151,06/16 10:15,28.08,0.0,,,,18.0,29.0,0.0,0.0,0.0,0.0,0.0,0.0,0.0,0.0,0.0,0.3,low,0.0,0.0,0.0,0
2026-07-26T14:51:46.358150,06/16 11:15,29.17,0.0,,,,18.0,29.0,0.0,0.0,0.0,0.0,0.0,0.0,0.0,0.0,0.0,0.3,low,0.0,0.0,0.0,0
2026-07-26T14:51:46.371150,06/16 12:15,30.15,0.0,,,,18.0,29.0,0.0,0.0,0.0,0.0,0.0,0.0,0.0,0.0,0.0,0.3,low,0.0,0.0,0.0,0
2026-07-26T14:52:00.123371,06/16 13:15,30.73,0.0,,,,18.0,29.0,0.0,0.0,0.0,0.0,0.0,0.0,0.0,0.0,0.0,0.3,low,0.0,0.0,0.0,0
2026-07-26T14:52:00.140370,06/16 14:23,31.1,0.0,,,,18.0,29.0,0.0,0.0,0.0,0.0,0.0,0.0,0.0,0.0,0.0,0.3,low,0.0,0.0,0.0,0
2026-07-26T14:52:00.155370,06/16 15:23,31.1,0.0,,,,18.0,29.0,0.0,0.0,0.0,0.0,0.0,0.0,0.0,0.0,0.0,0.3,low,0.0,0.0,0.0,0
2026-07-26T14:52:00.173370,06/16 16:15,30.98,0.0,,,,18.0,29.0,0.0,0.0,0.0,0.0,0.0,0.0,0.0,0.0,0.0,0.55,high,0.0,0.0,0.0,0
2026-07-26T14:52:00.188376,06/16 17:15,30.45,0.0,,,,18.0,29.0,0.0,0.0,0.0,0.0,0.0,0.0,0.0,0.0,0.0,0.55,high,0.0,0.0,0.0,0
2026-07-26T14:52:00.202370,06/16 18:23,29.85,0.0,,,,18.0,29.0,0.0,0.0,0.0,0.0,0.0,0.0,0.0,0.0,0.0,0.55,high,0.0,0.0,0.0,0
2026-07-26T14:52:14.719461,06/16 19:23,29.12,0.0,,,,18.0,29.0,0.0,0.0,0.0,0.0,0.0,0.0,0.0,0.0,0.0,0.55,high,0.0,0.0,0.0,0
2026-07-26T14:52:14.737461,06/16 20:23,28.18,0.0,,,,18.0,29.0,0.0,0.0,0.0,0.0,0.0,0.0,0.0,0.0,0.0,0.55,high,0.0,0.0,0.0,0
2026-07-26T14:52:14.753460,06/16 21:15,27.8,0.0,,,,18.0,29.0,0.0,0.0,0.0,0.0,0.0,0.0,0.0,0.0,0.0,0.4,moderate,0.0,0.0,0.0,0
2026-07-26T14:52:14.768461,06/16 22:15,27.53,0.0,,,,18.0,29.0,0.0,0.0,0.0,0.0,0.0,0.0,0.0,0.0,0.0,0.4,moderate,0.0,0.0,0.0,0
2026-07-26T14:52:14.782460,06/16 23:15,26.42,0.0,,,,18.0,29.0,0.0,0.0,0.0,0.0,0.0,0.0,0.0,0.0,0.0,0.4,moderate,0.0,0.0,0.0,0
2026-07-26T14:52:14.796460,06/17 00:15,25.45,0.0,,,,18.0,29.0,0.0,0.0,0.0,0.0,0.0,0.0,0.0,0.0,0.0,0.34,low,0.0,0.0,0.0,0
2026-07-26T14:52:29.705297,06/17 01:15,24.85,0.0,,,,18.0,29.0,0.0,0.0,0.0,0.0,0.0,0.0,0.0,0.0,0.0,0.34,low,0.0,0.0,0.0,0
2026-07-26T14:52:29.723295,06/17 02:15,24.27,0.0,,,,18.0,29.0,0.0,0.0,0.0,0.0,0.0,0.0,0.0,0.0,0.0,0.34,low,0.0,0.0,0.0,0
2026-07-26T14:52:29.740448,06/17 03:15,23.75,0.0,,,,18.0,29.0,0.0,0.0,0.0,0.0,0.0,0.0,0.0,0.0,0.0,0.34,low,0.0,0.0,0.0,0
2026-07-26T14:52:29.756447,06/17 04:15,23.3,0.0,,,,18.0,29.0,0.0,0.0,0.0,0.0,0.0,0.0,0.0,0.0,0.0,0.34,low,0.0,0.0,0.0,0
2026-07-26T14:52:29.771447,06/17 05:15,23.3,0.0,,,,18.0,29.0,0.0,0.0,0.0,0.0,0.0,0.0,0.0,0.0,0.0,0.34,low,0.0,0.0,0.0,0
2026-07-26T14:52:29.785446,06/17 06:15,23.03,0.0,,,,18.0,29.0,0.0,0.0,0.0,0.0,0.0,0.0,0.0,0.0,0.0,0.43,moderate,0.0,0.0,0.0,0
2026-07-26T14:52:44.847299,06/17 07:23,22.47,0.0,,,,18.0,29.0,0.3764,0.094094,0.44059,0.094094,0.081929,0.0,0.0,1.689129,0.094094,0.43,moderate,0.04046,0.0,0.04046,0
2026-07-26T14:52:44.868300,06/17 08:15,23.3,0.0,,,,18.0,29.0,0.3764,0.094094,0.481496,0.094094,0.084593,0.0,0.0,1.874477,0.094094,0.43,moderate,0.04046,0.0,0.04046,0
2026-07-26T14:52:44.886298,06/17 09:23,22.48,52.0,23.91,22.4,25.12,20.0,26.0,0.3764,0.094094,0.48989,0.094094,0.094169,0.0,0.0,1.900787,0.094094,0.43,moderate,0.04046,0.0,0.04046,0
2026-07-26T14:52:44.904300,06/17 10:15,20.27,52.0,24.96,23.8,25.5,20.0,25.5,0.3852,0.096292,0.395306,0.096292,0.086855,0.0,0.0,1.467496,0.096292,0.3,low,0.028888,0.0,0.028888,0
2026-07-26T14:52:44.920301,06/17 11:15,21.1,52.0,25.24,24.24,25.5,20.0,25.5,0.3892,0.097302,0.477053,0.097302,0.093641,0.0,0.0,1.876146,0.097302,0.3,low,0.029191,0.0,0.029191,0
2026-07-26T14:52:44.936300,06/17 12:15,21.1,41.6,25.18,24.13,25.5,20.0,25.5,0.3838,0.095956,0.435929,0.095956,0.091123,0.0,0.0,1.6701,0.095956,0.3,low,0.028787,0.0,0.028787,0
2026-07-26T14:53:01.603803,06/17 13:15,21.38,20.8,24.71,23.91,25.0,20.5,25.0,0.3875,0.096879,0.440662,0.096879,0.089467,0.0,0.0,1.683951,0.096879,0.3,low,0.029064,0.0,0.029064,0
2026-07-26T14:53:01.624798,06/17 14:15,22.07,41.6,24.97,24.92,25.0,20.5,25.0,0.4074,0.101842,0.551504,0.101842,0.091955,0.0,0.0,2.219597,0.101842,0.3,low,0.030553,0.0,0.030553,0
2026-07-26T14:53:01.642802,06/17 15:15,21.42,52.0,24.98,24.93,25.0,20.5,25.0,0.4208,0.105197,0.572133,0.105197,0.086757,0.0,0.0,2.328082,0.105197,0.3,low,0.031559,0.0,0.031559,0
2026-07-26T14:53:01.662797,06/17 16:15,20.18,52.0,24.92,24.62,25.0,20.5,25.0,0.4034,0.100844,0.471776,0.100844,0.082926,0.0,0.0,1.843883,0.100844,0.55,high,0.055464,0.0,0.055464,0
2026-07-26T14:53:01.680794,06/17 17:15,18.75,52.0,24.62,23.81,25.0,20.5,25.0,0.3815,0.095385,0.315366,0.095385,0.077673,0.0,0.0,1.080808,0.095385,0.55,high,0.052462,0.0,0.052462,0
2026-07-26T14:53:01.697794,06/17 18:15,17.9,52.0,24.55,23.46,25.0,20.5,25.0,0.382,0.095497,0.322072,0.095497,0.078102,0.0,0.0,1.120803,0.095497,0.55,high,0.052523,0.0,0.052523,0
2026-07-26T14:53:18.722016,06/17 19:23,16.42,26.0,23.13,22.03,23.96,20.0,26.0,0.3764,0.094094,0.223282,0.094094,0.070841,0.0,0.0,0.598731,0.094094,0.55,high,0.051752,0.0,0.051752,0
2026-07-26T14:53:18.743014,06/17 20:23,15.6,0.0,,,,20.0,26.0,0.3764,0.094094,0.200573,0.094094,0.068243,0.0,0.0,0.485375,0.094094,0.55,high,0.051752,0.0,0.051752,0
2026-07-26T14:53:18.760013,06/17 21:15,15.6,0.0,,,,20.0,26.0,0.0,0.0,0.0,0.0,0.0,0.0,0.0,0.0,0.0,0.4,moderate,0.0,0.0,0.0,0
2026-07-26T14:53:18.776013,06/17 22:15,15.6,0.0,,,,20.0,26.0,0.0,0.0,0.0,0.0,0.0,0.0,0.0,0.0,0.0,0.4,moderate,0.0,0.0,0.0,0
2026-07-26T14:53:18.792013,06/17 23:15,15.45,0.0,,,,20.0,26.0,0.0,0.0,0.0,0.0,0.0,0.0,0.0,0.0,0.0,0.4,moderate,0.0,0.0,0.0,0
2026-07-26T14:53:18.807013,06/18 00:15,15.0,0.0,,,,20.0,26.0,0.0,0.0,0.0,0.0,0.0,0.0,0.0,0.0,0.0,0.34,low,0.0,0.0,0.0,0
2026-07-26T14:53:34.442106,06/18 01:15,14.72,0.0,,,,18.0,28.0,0.0,0.0,0.0,0.0,0.0,0.0,0.0,0.0,0.0,0.34,low,0.0,0.0,0.0,0
2026-07-26T14:53:34.458939,06/18 02:15,13.75,0.0,,,,18.0,28.0,0.0,0.0,0.0,0.0,0.0,0.0,0.0,0.0,0.0,0.34,low,0.0,0.0,0.0,0
2026-07-26T14:53:34.475453,06/18 03:15,13.3,0.0,,,,18.0,28.0,0.0,0.0,0.0,0.0,0.0,0.0,0.0,0.0,0.0,0.34,low,0.0,0.0,0.0,0
2026-07-26T14:53:34.490413,06/18 04:15,13.3,0.0,,,,18.0,28.0,0.0,0.0,0.0,0.0,0.0,0.0,0.0,0.0,0.0,0.34,low,0.0,0.0,0.0,0
2026-07-26T14:53:34.505689,06/18 05:15,13.3,0.0,,,,18.0,28.0,0.0,0.0,0.0,0.0,0.0,0.0,0.0,0.0,0.0,0.34,low,0.0,0.0,0.0,0
2026-07-26T14:53:34.519642,06/18 06:15,13.58,0.0,,,,18.0,28.0,0.0,0.0,0.0,0.0,0.0,0.0,0.0,0.0,0.0,0.43,moderate,0.0,0.0,0.0,0
2026-07-26T14:53:49.010268,06/18 07:15,14.83,0.0,,,,18.0,29.0,0.3764,0.094094,0.179104,0.094094,0.03864,0.0,0.0,0.408368,0.094094,0.43,moderate,0.04046,0.0,0.04046,0
2026-07-26T14:53:49.029264,06/18 08:15,16.25,0.0,,,,18.0,29.0,0.3764,0.094094,0.206369,0.094094,0.039804,0.0,0.0,0.552095,0.094094,0.43,moderate,0.04046,0.0,0.04046,0
2026-07-26T14:53:49.049264,06/18 09:23,16.82,52.0,21.92,21.06,22.58,20.5,26.0,0.3764,0.094094,0.221985,0.094094,0.046134,0.0,0.0,0.620423,0.094094,0.43,moderate,0.04046,0.0,0.04046,0
2026-07-26T14:53:49.067266,06/18 10:15,16.92,52.0,23.47,22.51,24.21,20.5,26.0,0.3764,0.094094,0.223629,0.094094,0.056484,0.0,0.0,0.616857,0.094094,0.3,low,0.028228,0.0,0.028228,0
2026-07-26T14:53:49.084268,06/18 11:15,15.83,52.0,23.91,22.92,24.8,20.5,26.0,0.3764,0.094094,0.202587,0.094094,0.06154,0.0,0.0,0.499091,0.094094,0.3,low,0.028228,0.0,0.028228,0
2026-07-26T14:53:49.101270,06/18 12:15,15.15,41.6,24.05,23.1,24.93,20.5,26.0,0.3764,0.094094,0.197499,0.094094,0.06848,0.0,0.0,0.469846,0.094094,0.3,low,0.028228,0.0,0.028228,0
2026-07-26T14:54:04.330265,06/18 13:15,16.0,20.8,23.92,23.07,24.72,20.5,25.0,0.3764,0.094094,0.242967,0.094094,0.074782,0.0,0.0,0.721552,0.094094,0.3,low,0.028228,0.0,0.028228,0
2026-07-26T14:54:04.347223,06/18 14:15,17.47,41.6,24.47,23.88,25.0,20.5,25.0,0.3828,0.095709,0.286057,0.095709,0.075313,0.0,0.0,0.943589,0.095709,0.3,low,0.028713,0.0,0.028713,0
2026-07-26T14:54:04.363664,06/18 15:15,18.45,52.0,24.84,24.26,25.0,20.5,25.0,0.3924,0.098107,0.35731,0.098107,0.078072,0.0,0.0,1.319885,0.098107,0.3,low,0.029432,0.0,0.029432,0
2026-07-26T14:54:04.378623,06/18 16:15,18.75,52.0,24.84,24.21,25.0,20.5,25.0,0.3962,0.099054,0.381242,0.099054,0.077655,0.0,0.0,1.428569,0.099054,0.55,high,0.05448,0.0,0.05448,0
2026-07-26T14:54:04.393662,06/18 17:15,18.03,52.0,24.7,23.77,25.0,20.5,25.0,0.3806,0.095161,0.266398,0.095161,0.074794,0.0,0.0,0.820124,0.095161,0.55,high,0.052339,0.0,0.052339,0
2026-07-26T14:54:04.409657,06/18 18:15,16.8,52.0,24.21,23.27,25.0,20.5,25.0,0.3791,0.094774,0.241995,0.094774,0.073592,0.0,0.0,0.703147,0.094774,0.55,high,0.052126,0.0,0.052126,0
2026-07-26T14:54:19.133066,06/18 19:15,15.17,26.0,22.76,21.85,23.81,20.0,26.0,0.3764,0.094094,0.20392,0.094094,0.071804,0.0,0.0,0.499283,0.094094,0.55,high,0.051752,0.0,0.051752,0
2026-07-26T14:54:19.150061,06/18 20:15,13.75,0.0,,,,20.0,26.0,0.3764,0.094094,0.172342,0.094094,0.056622,0.0,0.0,0.341011,0.094094,0.55,high,0.051752,0.0,0.051752,0
2026-07-26T14:54:19.167066,06/18 21:15,13.3,0.0,,,,20.0,26.0,0.0,0.0,0.0,0.0,0.0,0.0,0.0,0.0,0.0,0.4,moderate,0.0,0.0,0.0,0
2026-07-26T14:54:19.181060,06/18 22:15,13.45,0.0,,,,20.0,26.0,0.0,0.0,0.0,0.0,0.0,0.0,0.0,0.0,0.0,0.4,moderate,0.0,0.0,0.0,0
2026-07-26T14:54:19.194058,06/18 23:15,13.9,0.0,,,,20.0,26.0,0.0,0.0,0.0,0.0,0.0,0.0,0.0,0.0,0.0,0.4,moderate,0.0,0.0,0.0,0
2026-07-26T14:54:19.207059,06/19 00:15,14.03,0.0,,,,20.0,26.0,0.0,0.0,0.0,0.0,0.0,0.0,0.0,0.0,0.0,0.34,low,0.0,0.0,0.0,0
2026-07-26T14:54:34.212524,06/19 01:15,14.98,0.0,,,,18.0,28.0,0.0,0.0,0.0,0.0,0.0,0.0,0.0,0.0,0.0,0.34,low,0.0,0.0,0.0,0
2026-07-26T14:54:34.229524,06/19 02:15,16.7,0.0,,,,18.0,28.0,0.0,0.0,0.0,0.0,0.0,0.0,0.0,0.0,0.0,0.34,low,0.0,0.0,0.0,0
2026-07-26T14:54:34.244524,06/19 03:15,16.7,0.0,,,,18.0,28.0,0.0,0.0,0.0,0.0,0.0,0.0,0.0,0.0,0.0,0.34,low,0.0,0.0,0.0,0
2026-07-26T14:54:34.258523,06/19 04:15,16.82,0.0,,,,18.0,28.0,0.0,0.0,0.0,0.0,0.0,0.0,0.0,0.0,0.0,0.34,low,0.0,0.0,0.0,0
2026-07-26T14:54:34.273523,06/19 05:15,17.35,0.0,,,,18.0,28.0,0.0,0.0,0.0,0.0,0.0,0.0,0.0,0.0,0.0,0.34,low,0.0,0.0,0.0,0
2026-07-26T14:54:34.288528,06/19 06:15,17.93,0.0,,,,18.0,28.0,0.0,0.0,0.0,0.0,0.0,0.0,0.0,0.0,0.0,0.43,moderate,0.0,0.0,0.0,0
2026-07-26T14:54:48.553798,06/19 07:15,18.88,0.0,,,,18.0,29.0,0.3764,0.094094,0.24313,0.094094,0.042032,0.0,0.0,0.742961,0.094094,0.43,moderate,0.04046,0.0,0.04046,0
2026-07-26T14:54:48.574797,06/19 08:23,21.0,0.0,,,,18.0,29.0,0.3764,0.094094,0.323773,0.094094,0.053137,0.0,0.0,1.148734,0.094094,0.43,moderate,0.04046,0.0,0.04046,0
2026-07-26T14:54:48.596798,06/19 09:23,22.62,52.0,23.25,21.85,24.46,20.0,26.0,0.3764,0.094094,0.402729,0.094094,0.072141,0.0,0.0,1.512043,0.094094,0.43,moderate,0.04046,0.0,0.04046,0
2026-07-26T14:54:48.617796,06/19 10:23,23.62,52.0,24.78,23.51,25.5,20.0,25.5,0.3841,0.096032,0.506742,0.096032,0.093074,0.0,0.0,1.979187,0.096032,0.3,low,0.02881,0.0,0.02881,0
2026-07-26T14:54:48.637797,06/19 11:23,23.2,52.0,25.24,24.26,25.5,20.0,25.5,0.3898,0.097447,0.504144,0.097447,0.097085,0.0,0.0,1.976614,0.097447,0.3,low,0.029234,0.0,0.029234,0
2026-07-26T14:54:48.654798,06/19 12:15,25.1,41.6,25.32,24.6,25.5,20.0,25.5,0.3952,0.098803,0.64645,0.098803,0.109015,0.0,0.0,2.613106,0.098803,0.3,low,0.029641,0.0,0.029641,0
2026-07-26T14:55:03.476577,06/19 13:15,27.35,20.8,24.93,24.64,25.0,20.5,25.0,0.4053,0.101329,0.863955,0.101329,0.127832,0.0,0.0,3.455426,0.101329,0.3,low,0.030399,0.0,0.030399,0
2026-07-26T14:55:03.497577,06/19 14:15,27.93,41.6,25.0,25.0,25.0,20.5,25.0,0.4341,0.108537,1.023011,0.108537,0.132591,0.0,0.0,4.091639,0.108537,0.3,low,0.032561,0.0,0.032561,0
2026-07-26T14:55:03.513577,06/19 15:15,28.45,52.0,25.0,25.0,25.0,20.5,25.0,0.4515,0.112866,1.145443,0.112866,0.136765,0.0,0.0,4.551009,0.112866,0.3,low,0.03386,0.0,0.03386,0
2026-07-26T14:55:03.528577,06/19 16:15,28.9,52.0,25.0,25.0,25.0,20.5,25.0,0.4379,0.109477,1.129241,0.109477,0.138536,0.0,0.0,4.450049,0.109477,0.55,high,0.060212,0.0,0.060212,0
2026-07-26T14:55:03.543576,06/19 17:15,28.62,52.0,24.95,24.75,25.0,20.5,25.0,0.4028,0.10071,0.971332,0.10071,0.138545,0.0,0.0,3.830181,0.10071,0.55,high,0.055391,0.0,0.055391,0
2026-07-26T14:55:03.559577,06/19 18:15,27.53,52.0,24.87,24.38,25.0,20.5,25.0,0.3931,0.098263,0.861256,0.098263,0.132705,0.0,0.0,3.419811,0.098263,0.55,high,0.054045,0.0,0.054045,0
2026-07-26T14:55:21.331248,06/19 19:15,26.55,26.0,23.81,22.99,24.2,20.0,26.0,0.3764,0.094094,0.684229,0.094094,0.126883,0.0,0.0,2.70236,0.094094,0.55,high,0.051752,0.0,0.051752,0
2026-07-26T14:55:21.350251,06/19 20:15,25.98,0.0,,,,20.0,26.0,0.3764,0.094094,0.660582,0.094094,0.125006,0.0,0.0,2.613967,0.094094,0.55,high,0.051752,0.0,0.051752,0
2026-07-26T14:55:21.367254,06/19 21:15,25.6,0.0,,,,20.0,26.0,0.0,0.0,0.0,0.0,0.0,0.0,0.0,0.0,0.0,0.4,moderate,0.0,0.0,0.0,0
2026-07-26T14:55:21.381248,06/19 22:15,25.45,0.0,,,,20.0,26.0,0.0,0.0,0.0,0.0,0.0,0.0,0.0,0.0,0.0,0.4,moderate,0.0,0.0,0.0,0
2026-07-26T14:55:21.396250,06/19 23:15,24.85,0.0,,,,20.0,26.0,0.0,0.0,0.0,0.0,0.0,0.0,0.0,0.0,0.0,0.4,moderate,0.0,0.0,0.0,0
2026-07-26T14:55:21.411248,06/20 00:15,24.55,0.0,,,,20.0,26.0,0.0,0.0,0.0,0.0,0.0,0.0,0.0,0.0,0.0,0.34,low,0.0,0.0,0.0,0
2026-07-26T14:55:36.443032,06/20 01:15,24.85,0.0,,,,18.0,28.0,0.0,0.0,0.0,0.0,0.0,0.0,0.0,0.0,0.0,0.34,low,0.0,0.0,0.0,0
2026-07-26T14:55:36.460032,06/20 02:15,24.4,0.0,,,,18.0,28.0,0.0,0.0,0.0,0.0,0.0,0.0,0.0,0.0,0.0,0.34,low,0.0,0.0,0.0,0
2026-07-26T14:55:36.474031,06/20 03:15,24.4,0.0,,,,18.0,28.0,0.0,0.0,0.0,0.0,0.0,0.0,0.0,0.0,0.0,0.34,low,0.0,0.0,0.0,0
2026-07-26T14:55:36.490031,06/20 04:15,24.4,0.0,,,,18.0,28.0,0.0,0.0,0.0,0.0,0.0,0.0,0.0,0.0,0.0,0.34,low,0.0,0.0,0.0,0
2026-07-26T14:55:36.504031,06/20 05:15,24.55,0.0,,,,18.0,28.0,0.0,0.0,0.0,0.0,0.0,0.0,0.0,0.0,0.0,0.34,low,0.0,0.0,0.0,0
2026-07-26T14:55:36.518032,06/20 06:15,25.0,0.0,,,,18.0,28.0,0.0,0.0,0.0,0.0,0.0,0.0,0.0,0.0,0.0,0.43,moderate,0.0,0.0,0.0,0
2026-07-26T14:55:50.827038,06/20 07:15,25.15,0.0,,,,18.0,29.0,0.3764,0.094094,0.638676,0.094094,0.108666,0.0,0.0,2.556493,0.094094,0.43,moderate,0.04046,0.0,0.04046,0
2026-07-26T14:55:50.845042,06/20 08:23,26.0,0.0,,,,18.0,29.0,0.3764,0.094094,0.659114,0.094094,0.107348,0.0,0.0,2.638015,0.094094,0.43,moderate,0.04046,0.0,0.04046,0
2026-07-26T14:55:50.862041,06/20 09:23,27.47,52.0,24.05,22.76,25.21,20.0,26.0,0.3764,0.094094,0.72595,0.094094,0.123503,0.0,0.0,2.876144,0.094094,0.43,moderate,0.04046,0.0,0.04046,0
2026-07-26T14:55:50.880039,06/20 10:23,28.58,52.0,25.17,24.24,25.5,20.0,25.5,0.394,0.0985,0.83874,0.0985,0.132139,0.0,0.0,3.322222,0.0985,0.3,low,0.02955,0.0,0.02955,0
2026-07-26T14:55:50.897150,06/20 11:15,29.55,52.0,25.39,24.96,25.5,20.0,25.5,0.4171,0.104267,1.040404,0.104267,0.139663,0.0,0.0,4.092443,0.104267,0.3,low,0.03128,0.0,0.03128,0
2026-07-26T14:55:50.912358,06/20 12:15,30.27,41.6,25.42,25.12,25.5,20.0,25.5,0.4159,0.103974,1.068665,0.103974,0.14119,0.0,0.0,4.172049,0.103974,0.3,low,0.031192,0.0,0.031192,0
2026-07-26T14:56:06.287647,06/20 13:15,31.38,20.8,24.99,24.96,25.0,20.5,25.0,0.4183,0.104579,1.128056,0.104579,0.146945,0.0,0.0,4.333895,0.104579,0.3,low,0.031374,0.0,0.031374,0
2026-07-26T14:56:06.305642,06/20 14:15,32.2,41.6,25.0,25.0,25.0,20.5,25.0,0.4576,0.114389,1.326209,0.114389,0.147458,0.0,0.0,5.019473,0.114389,0.3,low,0.034317,0.0,0.034317,0
2026-07-26T14:56:06.321644,06/20 15:15,32.08,52.0,25.0,25.0,25.0,20.5,25.0,0.4708,0.117689,1.3948,0.117689,0.147458,0.0,0.0,5.257733,0.117689,0.3,low,0.035307,0.0,0.035307,0
2026-07-26T14:56:06.335643,06/20 16:15,31.7,52.0,25.0,25.0,25.0,20.5,25.0,0.4434,0.110857,1.108695,0.110857,0.128522,0.0,0.0,4.255094,0.110857,0.55,high,0.060971,0.0,0.060971,0
2026-07-26T14:56:06.349642,06/20 17:15,31.27,52.0,24.99,24.97,25.0,20.5,25.0,0.4122,0.103046,0.912,0.103046,0.121034,0.0,0.0,3.50023,0.103046,0.55,high,0.056675,0.0,0.056675,0
2026-07-26T14:56:06.363641,06/20 18:15,29.57,52.0,24.91,24.59,25.0,20.5,25.0,0.3967,0.099166,0.752527,0.099166,0.113912,0.0,0.0,2.9113,0.099166,0.55,high,0.054541,0.0,0.054541,0
2026-07-26T14:56:22.693932,06/20 19:15,27.62,26.0,23.88,23.19,24.38,20.0,26.0,0.3764,0.094094,0.557434,0.094094,0.108362,0.0,0.0,2.118815,0.094094,0.55,high,0.051752,0.0,0.051752,0
2026-07-26T14:56:22.711943,06/20 20:15,24.75,0.0,,,,20.0,26.0,0.3764,0.094094,0.458774,0.094094,0.098309,0.0,0.0,1.714083,0.094094,0.55,high,0.051752,0.0,0.051752,0
2026-07-26T14:56:22.727941,06/20 21:15,22.07,0.0,,,,20.0,26.0,0.0,0.0,0.0,0.0,0.0,0.0,0.0,0.0,0.0,0.4,moderate,0.0,0.0,0.0,0
2026-07-26T14:56:22.742941,06/20 22:15,21.42,0.0,,,,20.0,26.0,0.0,0.0,0.0,0.0,0.0,0.0,0.0,0.0,0.0,0.4,moderate,0.0,0.0,0.0,0
2026-07-26T14:56:22.757933,06/20 23:15,20.88,0.0,,,,20.0,26.0,0.0,0.0,0.0,0.0,0.0,0.0,0.0,0.0,0.0,0.4,moderate,0.0,0.0,0.0,0
2026-07-26T14:56:22.778935,06/21 00:15,21.27,0.0,,,,20.0,26.0,0.0,0.0,0.0,0.0,0.0,0.0,0.0,0.0,0.0,0.34,low,0.0,0.0,0.0,0
2026-07-26T14:56:37.594531,06/21 01:15,20.0,0.0,,,,18.0,28.0,0.0,0.0,0.0,0.0,0.0,0.0,0.0,0.0,0.0,0.34,low,0.0,0.0,0.0,0
2026-07-26T14:56:37.610530,06/21 02:15,20.27,0.0,,,,18.0,28.0,0.0,0.0,0.0,0.0,0.0,0.0,0.0,0.0,0.0,0.34,low,0.0,0.0,0.0,0
2026-07-26T14:56:37.626530,06/21 03:15,20.98,0.0,,,,18.0,28.0,0.0,0.0,0.0,0.0,0.0,0.0,0.0,0.0,0.0,0.34,low,0.0,0.0,0.0,0
2026-07-26T14:56:37.639529,06/21 04:15,20.45,0.0,,,,18.0,28.0,0.0,0.0,0.0,0.0,0.0,0.0,0.0,0.0,0.0,0.34,low,0.0,0.0,0.0,0
2026-07-26T14:56:37.653529,06/21 05:23,20.43,0.0,,,,18.0,28.0,0.0,0.0,0.0,0.0,0.0,0.0,0.0,0.0,0.0,0.34,low,0.0,0.0,0.0,0
2026-07-26T14:56:37.667530,06/21 06:23,22.25,0.0,,,,18.0,28.0,0.0,0.0,0.0,0.0,0.0,0.0,0.0,0.0,0.0,0.43,moderate,0.0,0.0,0.0,0
2026-07-26T14:56:52.179343,06/21 07:23,24.32,0.0,,,,18.0,29.0,0.3764,0.094094,0.470711,0.094094,0.08278,0.0,0.0,1.820252,0.094094,0.43,moderate,0.04046,0.0,0.04046,0
2026-07-26T14:56:52.198345,06/21 08:15,26.15,0.0,,,,18.0,29.0,0.3764,0.094094,0.492441,0.094094,0.083138,0.0,0.0,1.893256,0.094094,0.43,moderate,0.04046,0.0,0.04046,0
2026-07-26T14:56:52.217373,06/21 09:23,28.08,52.0,24.17,22.52,25.5,20.0,25.5,0.3871,0.096778,0.609398,0.096778,0.098486,0.0,0.0,2.379318,0.096778,0.43,moderate,0.041615,0.0,0.041615,0
2026-07-26T14:56:52.235344,06/21 10:23,29.17,52.0,25.14,23.98,25.5,20.0,25.5,0.4018,0.100445,0.678813,0.100445,0.105137,0.0,0.0,2.64775,0.100445,0.3,low,0.030134,0.0,0.030134,0
2026-07-26T14:56:52.251347,06/21 11:15,30.15,52.0,25.32,24.62,25.5,20.0,25.5,0.4189,0.104727,0.827683,0.104727,0.112214,0.0,0.0,3.24154,0.104727,0.3,low,0.031418,0.0,0.031418,0
2026-07-26T14:56:52.267345,06/21 12:15,30.6,41.6,25.36,24.8,25.5,20.0,25.5,0.4125,0.103131,0.752304,0.103131,0.104454,0.0,0.0,2.909326,0.103131,0.3,low,0.030939,0.0,0.030939,0
2026-07-26T14:57:07.791829,06/21 13:15,30.6,20.8,24.92,24.62,25.0,20.5,25.0,0.4121,0.103017,0.738865,0.103017,0.104454,0.0,0.0,2.841307,0.103017,0.3,low,0.030905,0.0,0.030905,0
2026-07-26T14:57:07.809829,06/21 14:15,30.6,41.6,25.0,25.0,25.0,20.5,25.0,0.4434,0.110843,0.885916,0.110843,0.107633,0.0,0.0,3.459961,0.110843,0.3,low,0.033253,0.0,0.033253,0
2026-07-26T14:57:07.825827,06/21 15:15,30.45,52.0,25.0,25.0,25.0,20.5,25.0,0.464,0.116005,0.945528,0.116005,0.104474,0.0,0.0,3.701466,0.116005,0.3,low,0.034801,0.0,0.034801,0
2026-07-26T14:57:07.842827,06/21 16:15,29.85,52.0,25.0,25.0,25.0,20.5,25.0,0.4561,0.114027,0.893575,0.114027,0.101484,0.0,0.0,3.513261,0.114027,0.55,high,0.062715,0.0,0.062715,0
2026-07-26T14:57:07.859828,06/21 17:15,29.27,52.0,24.96,24.78,25.0,20.5,25.0,0.4254,0.106339,0.74914,0.106339,0.098585,0.0,0.0,2.932046,0.106339,0.55,high,0.058486,0.0,0.058486,0
2026-07-26T14:57:07.875833,06/21 18:15,28.62,52.0,24.88,24.43,25.0,20.5,25.0,0.4078,0.101946,0.67265,0.101946,0.098972,0.0,0.0,2.615225,0.101946,0.55,high,0.05607,0.0,0.05607,0
2026-07-26T14:57:25.616335,06/21 19:23,27.38,26.0,24.17,23.1,24.85,20.0,26.0,0.3764,0.094094,0.469595,0.094094,0.097566,0.0,0.0,1.737104,0.094094,0.55,high,0.051752,0.0,0.051752,0
2026-07-26T14:57:25.636334,06/21 20:23,25.68,0.0,,,,20.0,26.0,0.3764,0.094094,0.436529,0.094094,0.095172,0.0,0.0,1.607424,0.094094,0.55,high,0.051752,0.0,0.051752,0
2026-07-26T14:57:25.650332,06/21 21:15,24.0,0.0,,,,20.0,26.0,0.0,0.0,0.0,0.0,0.0,0.0,0.0,0.0,0.0,0.4,moderate,0.0,0.0,0.0,0
2026-07-26T14:57:25.665330,06/21 22:15,22.38,0.0,,,,20.0,26.0,0.0,0.0,0.0,0.0,0.0,0.0,0.0,0.0,0.0,0.4,moderate,0.0,0.0,0.0,0
2026-07-26T14:57:25.680332,06/21 23:15,20.68,0.0,,,,20.0,26.0,0.0,0.0,0.0,0.0,0.0,0.0,0.0,0.0,0.0,0.4,moderate,0.0,0.0,0.0,0
2026-07-26T14:57:25.693330,06/22 00:15,19.0,0.0,,,,20.0,26.0,0.0,0.0,0.0,0.0,0.0,0.0,0.0,0.0,0.0,0.34,low,0.0,0.0,0.0,0
2026-07-26T14:57:40.426092,06/22 01:15,17.8,0.0,,,,18.0,28.0,0.0,0.0,0.0,0.0,0.0,0.0,0.0,0.0,0.0,0.34,low,0.0,0.0,0.0,0
2026-07-26T14:57:40.444070,06/22 02:15,17.65,0.0,,,,18.0,28.0,0.0,0.0,0.0,0.0,0.0,0.0,0.0,0.0,0.0,0.34,low,0.0,0.0,0.0,0
2026-07-26T14:57:40.459069,06/22 03:15,16.92,0.0,,,,18.0,28.0,0.0,0.0,0.0,0.0,0.0,0.0,0.0,0.0,0.0,0.34,low,0.0,0.0,0.0,0
2026-07-26T14:57:40.474072,06/22 04:15,15.98,0.0,,,,18.0,28.0,0.0,0.0,0.0,0.0,0.0,0.0,0.0,0.0,0.0,0.34,low,0.0,0.0,0.0,0
2026-07-26T14:57:40.488069,06/22 05:23,16.27,0.0,,,,18.0,28.0,0.0,0.0,0.0,0.0,0.0,0.0,0.0,0.0,0.0,0.34,low,0.0,0.0,0.0,0
2026-07-26T14:57:40.503070,06/22 06:23,18.88,0.0,,,,18.0,28.0,0.0,0.0,0.0,0.0,0.0,0.0,0.0,0.0,0.0,0.43,moderate,0.0,0.0,0.0,0
2026-07-26T14:57:55.559193,06/22 07:23,21.0,0.0,,,,18.0,29.0,0.0,0.0,0.0,0.0,0.0,0.0,0.0,0.0,0.0,0.43,moderate,0.0,0.0,0.0,0
2026-07-26T14:57:55.578189,06/22 08:23,22.35,0.0,,,,18.0,29.0,0.0,0.0,0.0,0.0,0.0,0.0,0.0,0.0,0.0,0.43,moderate,0.0,0.0,0.0,0
2026-07-26T14:57:55.593187,06/22 09:15,22.93,0.0,,,,18.0,29.0,0.0,0.0,0.0,0.0,0.0,0.0,0.0,0.0,0.0,0.43,moderate,0.0,0.0,0.0,0
2026-07-26T14:57:55.607188,06/22 10:15,23.58,0.0,,,,18.0,29.0,0.0,0.0,0.0,0.0,0.0,0.0,0.0,0.0,0.0,0.3,low,0.0,0.0,0.0,0
2026-07-26T14:57:55.621189,06/22 11:15,24.27,0.0,,,,18.0,29.0,0.0,0.0,0.0,0.0,0.0,0.0,0.0,0.0,0.0,0.3,low,0.0,0.0,0.0,0
2026-07-26T14:57:55.635190,06/22 12:15,23.75,0.0,,,,18.0,29.0,0.0,0.0,0.0,0.0,0.0,0.0,0.0,0.0,0.0,0.3,low,0.0,0.0,0.0,0
2026-07-26T14:58:09.360062,06/22 13:15,23.3,0.0,,,,18.0,29.0,0.0,0.0,0.0,0.0,0.0,0.0,0.0,0.0,0.0,0.3,low,0.0,0.0,0.0,0
2026-07-26T14:58:09.376057,06/22 14:23,23.3,0.0,,,,18.0,29.0,0.0,0.0,0.0,0.0,0.0,0.0,0.0,0.0,0.0,0.3,low,0.0,0.0,0.0,0
2026-07-26T14:58:09.392056,06/22 15:23,23.18,0.0,,,,18.0,29.0,0.0,0.0,0.0,0.0,0.0,0.0,0.0,0.0,0.0,0.3,low,0.0,0.0,0.0,0
2026-07-26T14:58:09.408055,06/22 16:15,22.38,0.0,,,,18.0,29.0,0.0,0.0,0.0,0.0,0.0,0.0,0.0,0.0,0.0,0.55,high,0.0,0.0,0.0,0
2026-07-26T14:58:09.422057,06/22 17:15,20.98,0.0,,,,18.0,29.0,0.0,0.0,0.0,0.0,0.0,0.0,0.0,0.0,0.0,0.55,high,0.0,0.0,0.0,0
2026-07-26T14:58:09.437056,06/22 18:15,20.03,0.0,,,,18.0,29.0,0.0,0.0,0.0,0.0,0.0,0.0,0.0,0.0,0.0,0.55,high,0.0,0.0,0.0,0
2026-07-26T14:58:23.644585,06/22 19:23,17.62,0.0,,,,18.0,29.0,0.0,0.0,0.0,0.0,0.0,0.0,0.0,0.0,0.0,0.55,high,0.0,0.0,0.0,0
2026-07-26T14:58:23.662584,06/22 20:20,15.3,0.0,,,,18.0,29.0,0.0,0.0,0.0,0.0,0.0,0.0,0.0,0.0,0.0,0.55,high,0.0,0.0,0.0,0
2026-07-26T14:58:23.677583,06/22 21:23,14.28,0.0,,,,18.0,29.0,0.0,0.0,0.0,0.0,0.0,0.0,0.0,0.0,0.0,0.4,moderate,0.0,0.0,0.0,0
2026-07-26T14:58:23.692582,06/22 22:15,13.62,0.0,,,,18.0,29.0,0.0,0.0,0.0,0.0,0.0,0.0,0.0,0.0,0.0,0.4,moderate,0.0,0.0,0.0,0
2026-07-26T14:58:23.705582,06/22 23:15,12.8,0.0,,,,18.0,29.0,0.0,0.0,0.0,0.0,0.0,0.0,0.0,0.0,0.0,0.4,moderate,0.0,0.0,0.0,0
2026-07-26T14:58:23.718582,06/23 00:15,12.65,0.0,,,,18.0,29.0,0.0,0.0,0.0,0.0,0.0,0.0,0.0,0.0,0.0,0.34,low,0.0,0.0,0.0,0
2026-07-26T14:58:37.337052,06/23 01:15,12.07,0.0,,,,18.0,29.0,0.0,0.0,0.0,0.0,0.0,0.0,0.0,0.0,0.0,0.34,low,0.0,0.0,0.0,0
2026-07-26T14:58:37.354053,06/23 02:15,11.55,0.0,,,,18.0,29.0,0.0,0.0,0.0,0.0,0.0,0.0,0.0,0.0,0.0,0.34,low,0.0,0.0,0.0,0
2026-07-26T14:58:37.368053,06/23 03:15,10.82,0.0,,,,18.0,29.0,0.0,0.0,0.0,0.0,0.0,0.0,0.0,0.0,0.0,0.34,low,0.0,0.0,0.0,0
2026-07-26T14:58:37.382053,06/23 04:15,10.0,0.0,,,,18.0,29.0,0.0,0.0,0.0,0.0,0.0,0.0,0.0,0.0,0.0,0.34,low,0.0,0.0,0.0,0
2026-07-26T14:58:37.395053,06/23 05:15,10.0,0.0,,,,18.0,29.0,0.0,0.0,0.0,0.0,0.0,0.0,0.0,0.0,0.0,0.34,low,0.0,0.0,0.0,0
2026-07-26T14:58:37.409053,06/23 06:15,10.15,0.0,,,,18.0,29.0,0.0,0.0,0.0,0.0,0.0,0.0,0.0,0.0,0.0,0.43,moderate,0.0,0.0,0.0,0
2026-07-26T14:58:51.701190,06/23 07:15,10.88,0.0,,,,18.0,29.0,0.0,0.0,0.0,0.0,0.0,0.0,0.0,0.0,0.0,0.43,moderate,0.0,0.0,0.0,0
2026-07-26T14:58:51.717191,06/23 08:15,11.97,0.0,,,,18.0,29.0,0.0,0.0,0.0,0.0,0.0,0.0,0.0,0.0,0.0,0.43,moderate,0.0,0.0,0.0,0
2026-07-26T14:58:51.732186,06/23 09:23,13.08,0.0,,,,18.0,29.0,0.0,0.0,0.0,0.0,0.0,0.0,0.0,0.0,0.0,0.43,moderate,0.0,0.0,0.0,0
2026-07-26T14:58:51.746185,06/23 10:23,14.03,0.0,,,,18.0,29.0,0.0,0.0,0.0,0.0,0.0,0.0,0.0,0.0,0.0,0.3,low,0.0,0.0,0.0,0
2026-07-26T14:58:51.760187,06/23 11:15,14.4,0.0,,,,18.0,29.0,0.0,0.0,0.0,0.0,0.0,0.0,0.0,0.0,0.0,0.3,low,0.0,0.0,0.0,0
2026-07-26T14:58:51.773189,06/23 12:15,14.55,0.0,,,,18.0,29.0,0.0,0.0,0.0,0.0,0.0,0.0,0.0,0.0,0.0,0.3,low,0.0,0.0,0.0,0
2026-07-26T14:59:06.129506,06/23 13:15,15.0,0.0,,,,18.0,29.0,0.0,0.0,0.0,0.0,0.0,0.0,0.0,0.0,0.0,0.3,low,0.0,0.0,0.0,0
2026-07-26T14:59:06.145505,06/23 14:15,15.0,0.0,,,,18.0,29.0,0.0,0.0,0.0,0.0,0.0,0.0,0.0,0.0,0.0,0.3,low,0.0,0.0,0.0,0
2026-07-26T14:59:06.160505,06/23 15:15,14.85,0.0,,,,18.0,29.0,0.0,0.0,0.0,0.0,0.0,0.0,0.0,0.0,0.0,0.3,low,0.0,0.0,0.0,0
2026-07-26T14:59:06.174505,06/23 16:15,14.4,0.0,,,,18.0,29.0,0.0,0.0,0.0,0.0,0.0,0.0,0.0,0.0,0.0,0.55,high,0.0,0.0,0.0,0
2026-07-26T14:59:06.187504,06/23 17:15,14.4,0.0,,,,18.0,29.0,0.0,0.0,0.0,0.0,0.0,0.0,0.0,0.0,0.0,0.55,high,0.0,0.0,0.0,0
2026-07-26T14:59:06.201506,06/23 18:23,14.4,0.0,,,,18.0,29.0,0.0,0.0,0.0,0.0,0.0,0.0,0.0,0.0,0.0,0.55,high,0.0,0.0,0.0,0
2026-07-26T14:59:20.647115,06/23 19:15,14.12,0.0,,,,18.0,29.0,0.0,0.0,0.0,0.0,0.0,0.0,0.0,0.0,0.0,0.55,high,0.0,0.0,0.0,0
2026-07-26T14:59:20.665116,06/23 20:15,13.18,0.0,,,,18.0,29.0,0.0,0.0,0.0,0.0,0.0,0.0,0.0,0.0,0.0,0.55,high,0.0,0.0,0.0,0
2026-07-26T14:59:20.680115,06/23 21:15,12.8,0.0,,,,18.0,29.0,0.0,0.0,0.0,0.0,0.0,0.0,0.0,0.0,0.0,0.4,moderate,0.0,0.0,0.0,0
2026-07-26T14:59:20.695115,06/23 22:15,12.8,0.0,,,,18.0,29.0,0.0,0.0,0.0,0.0,0.0,0.0,0.0,0.0,0.0,0.4,moderate,0.0,0.0,0.0,0
2026-07-26T14:59:20.710114,06/23 23:15,12.65,0.0,,,,18.0,29.0,0.0,0.0,0.0,0.0,0.0,0.0,0.0,0.0,0.0,0.4,moderate,0.0,0.0,0.0,0
2026-07-26T14:59:20.723115,06/24 00:15,12.2,0.0,,,,18.0,29.0,0.0,0.0,0.0,0.0,0.0,0.0,0.0,0.0,0.0,0.34,low,0.0,0.0,0.0,0
2026-07-26T14:59:35.571186,06/24 01:15,12.07,0.0,,,,18.0,29.0,0.0,0.0,0.0,0.0,0.0,0.0,0.0,0.0,0.0,0.34,low,0.0,0.0,0.0,0
2026-07-26T14:59:35.589189,06/24 02:15,11.55,0.0,,,,18.0,29.0,0.0,0.0,0.0,0.0,0.0,0.0,0.0,0.0,0.0,0.34,low,0.0,0.0,0.0,0
2026-07-26T14:59:35.605187,06/24 03:15,10.82,0.0,,,,18.0,29.0,0.0,0.0,0.0,0.0,0.0,0.0,0.0,0.0,0.0,0.34,low,0.0,0.0,0.0,0
2026-07-26T14:59:35.622186,06/24 04:15,9.85,0.0,,,,18.0,29.0,0.0,0.0,0.0,0.0,0.0,0.0,0.0,0.0,0.0,0.34,low,0.0,0.0,0.0,0
2026-07-26T14:59:35.637185,06/24 05:23,9.98,0.0,,,,18.0,29.0,0.0,0.0,0.0,0.0,0.0,0.0,0.0,0.0,0.0,0.34,low,0.0,0.0,0.0,0
2026-07-26T14:59:35.652186,06/24 06:23,12.37,0.0,,,,18.0,29.0,0.0,0.0,0.0,0.0,0.0,0.0,0.0,0.0,0.0,0.43,moderate,0.0,0.0,0.0,0
2026-07-26T14:59:51.367883,06/24 07:23,14.83,0.0,,,,18.0,29.0,0.3764,0.094094,0.158042,0.094094,0.03005,0.0,0.0,0.304099,0.094094,0.43,moderate,0.04046,0.0,0.04046,0
2026-07-26T14:59:51.387880,06/24 08:15,16.53,0.0,,,,18.0,29.0,0.3764,0.094094,0.187024,0.094094,0.034619,0.0,0.0,0.448167,0.094094,0.43,moderate,0.04046,0.0,0.04046,0
2026-07-26T14:59:51.407882,06/24 09:23,18.08,52.0,23.42,21.28,25.82,20.5,26.0,0.3764,0.094094,0.241728,0.094094,0.049502,0.0,0.0,0.726359,0.094094,0.43,moderate,0.04046,0.0,0.04046,0
2026-07-26T14:59:51.429879,06/24 10:23,19.02,52.0,24.48,22.71,25.5,20.5,25.5,0.3824,0.095612,0.286747,0.095612,0.066432,0.0,0.0,0.940612,0.095612,0.3,low,0.028684,0.0,0.028684,0
2026-07-26T14:59:51.447882,06/24 11:23,19.7,52.0,24.9,23.35,25.5,20.5,25.5,0.3822,0.095546,0.308882,0.095546,0.078602,0.0,0.0,1.054048,0.095546,0.3,low,0.028664,0.0,0.028664,0
2026-07-26T14:59:51.463881,06/24 12:15,20.6,41.6,25.07,23.67,25.5,20.5,25.5,0.3796,0.094905,0.31551,0.094905,0.079848,0.0,0.0,1.075869,0.094905,0.3,low,0.028472,0.0,0.028472,0
2026-07-26T15:00:07.787572,06/24 13:15,20.6,20.8,24.62,23.46,25.0,20.5,25.0,0.3819,0.095477,0.318102,0.095477,0.078377,0.0,0.0,1.088161,0.095477,0.3,low,0.028643,0.0,0.028643,0
2026-07-26T15:00:07.806570,06/24 14:15,20.6,41.6,24.82,24.45,25.0,20.5,25.0,0.3975,0.09938,0.372436,0.09938,0.080515,0.0,0.0,1.3639,0.09938,0.3,low,0.029814,0.0,0.029814,0
2026-07-26T15:00:07.825575,06/24 15:15,20.6,52.0,24.92,24.62,25.0,20.5,25.0,0.4131,0.103265,0.449431,0.103265,0.080531,0.0,0.0,1.760738,0.103265,0.3,low,0.030979,0.0,0.030979,0
2026-07-26T15:00:07.841566,06/24 16:15,20.6,52.0,24.87,24.38,25.0,20.5,25.0,0.4171,0.104274,0.446288,0.104274,0.085846,0.0,0.0,1.732669,0.104274,0.55,high,0.057351,0.0,0.057351,0
2026-07-26T15:00:07.859034,06/24 17:15,20.45,52.0,24.79,23.94,25.0,20.5,25.0,0.4043,0.101074,0.407382,0.101074,0.089071,0.0,0.0,1.530445,0.101074,0.55,high,0.055591,0.0,0.055591,0
2026-07-26T15:00:07.875038,06/24 18:15,19.57,52.0,24.69,23.59,25.0,20.5,25.0,0.3962,0.099049,0.364022,0.099049,0.074529,0.0,0.0,1.326441,0.099049,0.55,high,0.054477,0.0,0.054477,0
2026-07-26T15:00:25.590295,06/24 19:15,17.48,26.0,23.71,22.23,25.3,20.0,25.5,0.3764,0.094094,0.249037,0.094094,0.071929,0.0,0.0,0.736699,0.094094,0.55,high,0.051752,0.0,0.051752,0
2026-07-26T15:00:25.611294,06/24 20:23,14.45,0.0,,,,20.0,25.5,0.3764,0.094094,0.195084,0.094094,0.066843,0.0,0.0,0.449963,0.094094,0.55,high,0.051752,0.0,0.051752,0
2026-07-26T15:00:25.636296,06/24 21:15,12.38,0.0,,,,20.0,25.5,0.0,0.0,0.0,0.0,0.0,0.0,0.0,0.0,0.0,0.4,moderate,0.0,0.0,0.0,0
2026-07-26T15:00:25.652294,06/24 22:23,10.82,0.0,,,,20.0,25.5,0.0,0.0,0.0,0.0,0.0,0.0,0.0,0.0,0.0,0.4,moderate,0.0,0.0,0.0,0
2026-07-26T15:00:25.668294,06/24 23:15,9.85,0.0,,,,20.0,25.5,0.0,0.0,0.0,0.0,0.0,0.0,0.0,0.0,0.0,0.4,moderate,0.0,0.0,0.0,0
2026-07-26T15:00:25.683293,06/25 00:15,9.0,0.0,,,,20.0,25.5,0.0,0.0,0.0,0.0,0.0,0.0,0.0,0.0,0.0,0.34,low,0.0,0.0,0.0,0
2026-07-26T15:00:41.689563,06/25 01:15,7.65,0.0,,,,18.0,27.5,0.0,0.0,0.0,0.0,0.0,0.0,0.0,0.0,0.0,0.34,low,0.0,0.0,0.0,0
2026-07-26T15:00:41.707564,06/25 02:15,7.2,0.0,,,,18.0,27.5,0.0,0.0,0.0,0.0,0.0,0.0,0.0,0.0,0.0,0.34,low,0.0,0.0,0.0,0
2026-07-26T15:00:41.722564,06/25 03:15,7.08,0.0,,,,18.0,27.5,0.0,0.0,0.0,0.0,0.0,0.0,0.0,0.0,0.0,0.34,low,0.0,0.0,0.0,0
2026-07-26T15:00:41.737562,06/25 04:15,6.83,0.0,,,,18.0,27.5,0.0,0.0,0.0,0.0,0.0,0.0,0.0,0.0,0.0,0.34,low,0.0,0.0,0.0,0
2026-07-26T15:00:41.754564,06/25 05:23,8.32,0.0,,,,18.0,27.5,0.0,0.0,0.0,0.0,0.0,0.0,0.0,0.0,0.0,0.34,low,0.0,0.0,0.0,0
2026-07-26T15:00:41.769562,06/25 06:23,12.8,0.0,,,,18.0,27.5,0.0,0.0,0.0,0.0,0.0,0.0,0.0,0.0,0.0,0.43,moderate,0.0,0.0,0.0,0
2026-07-26T15:00:56.900155,06/25 07:23,17.23,0.0,,,,18.0,29.0,0.3764,0.094094,0.182106,0.094094,0.037783,0.0,0.0,0.434973,0.094094,0.43,moderate,0.04046,0.0,0.04046,0
2026-07-26T15:00:56.920155,06/25 08:23,21.15,0.0,,,,18.0,29.0,0.3764,0.094094,0.305719,0.094094,0.051703,0.0,0.0,1.067112,0.094094,0.43,moderate,0.04046,0.0,0.04046,0
2026-07-26T15:00:56.939156,06/25 09:23,23.2,52.0,23.62,21.58,25.52,20.5,25.5,0.3811,0.095279,0.366543,0.095279,0.058715,0.0,0.0,1.349023,0.095279,0.43,moderate,0.04097,0.0,0.04097,0
2026-07-26T15:00:56.957154,06/25 10:23,24.7,52.0,24.71,23.17,25.5,20.5,25.5,0.3924,0.098105,0.437422,0.098105,0.079879,0.0,0.0,1.643948,0.098105,0.3,low,0.029431,0.0,0.029431,0
2026-07-26T15:00:56.974156,06/25 11:23,25.88,52.0,25.2,24.0,25.5,20.5,25.5,0.3983,0.099583,0.512411,0.099583,0.092506,0.0,0.0,2.002621,0.099583,0.3,low,0.029875,0.0,0.029875,0
2026-07-26T15:00:56.989153,06/25 12:23,26.55,41.6,25.27,24.34,25.5,20.5,25.5,0.4004,0.100108,0.543392,0.100108,0.091043,0.0,0.0,2.108304,0.100108,0.3,low,0.030032,0.0,0.030032,0
2026-07-26T15:01:11.878500,06/25 13:15,25.98,20.8,24.84,24.19,25.0,20.5,25.0,0.4,0.099998,0.494359,0.099998,0.092411,0.0,0.0,1.86141,0.099998,0.3,low,0.029999,0.0,0.029999,0
2026-07-26T15:01:11.897645,06/25 14:15,25.73,41.6,25.0,24.98,25.0,20.5,25.0,0.4186,0.104662,0.563325,0.104662,0.089879,0.0,0.0,2.221824,0.104662,0.3,low,0.031399,0.0,0.031399,0
2026-07-26T15:01:11.915125,06/25 15:15,25.98,52.0,25.0,25.0,25.0,20.5,25.0,0.4376,0.109411,0.646484,0.109411,0.094457,0.0,0.0,2.58177,0.109411,0.3,low,0.032823,0.0,0.032823,0
2026-07-26T15:01:11.932121,06/25 16:15,25.45,52.0,24.97,24.86,25.0,20.5,25.0,0.4372,0.109299,0.623483,0.109299,0.098433,0.0,0.0,2.48285,0.109299,0.55,high,0.060114,0.0,0.060114,0
2026-07-26T15:01:11.955462,06/25 17:15,24.73,52.0,24.88,24.4,25.0,20.5,25.0,0.4204,0.105096,0.537865,0.105096,0.081976,0.0,0.0,2.170584,0.105096,0.55,high,0.057803,0.0,0.057803,0
2026-07-26T15:01:11.972504,06/25 18:15,23.47,52.0,24.8,24.03,25.0,20.5,25.0,0.4069,0.101735,0.480872,0.101735,0.080314,0.0,0.0,1.853434,0.101735,0.55,high,0.055954,0.0,0.055954,0
2026-07-26T15:01:28.735783,06/25 19:15,21.5,26.0,24.04,22.68,25.42,20.0,25.5,0.3764,0.094094,0.314313,0.094094,0.077766,0.0,0.0,1.054731,0.094094,0.55,high,0.051752,0.0,0.051752,0
2026-07-26T15:01:28.754775,06/25 20:23,19.0,0.0,,,,20.0,25.5,0.3764,0.094094,0.263543,0.094094,0.073565,0.0,0.0,0.808203,0.094094,0.55,high,0.051752,0.0,0.051752,0
2026-07-26T15:01:28.768778,06/25 21:15,17.53,0.0,,,,20.0,25.5,0.0,0.0,0.0,0.0,0.0,0.0,0.0,0.0,0.0,0.4,moderate,0.0,0.0,0.0,0
2026-07-26T15:01:28.781775,06/25 22:15,16.27,0.0,,,,20.0,25.5,0.0,0.0,0.0,0.0,0.0,0.0,0.0,0.0,0.0,0.4,moderate,0.0,0.0,0.0,0
2026-07-26T15:01:28.795776,06/25 23:15,14.72,0.0,,,,20.0,25.5,0.0,0.0,0.0,0.0,0.0,0.0,0.0,0.0,0.0,0.4,moderate,0.0,0.0,0.0,0
2026-07-26T15:01:28.808776,06/26 00:15,13.75,0.0,,,,20.0,25.5,0.0,0.0,0.0,0.0,0.0,0.0,0.0,0.0,0.0,0.34,low,0.0,0.0,0.0,0
2026-07-26T15:01:43.255349,06/26 01:15,13.18,0.0,,,,18.0,27.5,0.0,0.0,0.0,0.0,0.0,0.0,0.0,0.0,0.0,0.34,low,0.0,0.0,0.0,0
2026-07-26T15:01:43.272348,06/26 02:15,12.65,0.0,,,,18.0,27.5,0.0,0.0,0.0,0.0,0.0,0.0,0.0,0.0,0.0,0.34,low,0.0,0.0,0.0,0
2026-07-26T15:01:43.287347,06/26 03:15,12.07,0.0,,,,18.0,27.5,0.0,0.0,0.0,0.0,0.0,0.0,0.0,0.0,0.0,0.34,low,0.0,0.0,0.0,0
2026-07-26T15:01:43.300347,06/26 04:15,11.7,0.0,,,,18.0,27.5,0.0,0.0,0.0,0.0,0.0,0.0,0.0,0.0,0.0,0.34,low,0.0,0.0,0.0,0
2026-07-26T15:01:43.314346,06/26 05:23,12.37,0.0,,,,18.0,27.5,0.0,0.0,0.0,0.0,0.0,0.0,0.0,0.0,0.0,0.34,low,0.0,0.0,0.0,0
2026-07-26T15:01:43.332349,06/26 06:23,15.65,0.0,,,,18.0,27.5,0.0,0.0,0.0,0.0,0.0,0.0,0.0,0.0,0.0,0.43,moderate,0.0,0.0,0.0,0
2026-07-26T15:01:57.669355,06/26 07:23,20.1,0.0,,,,18.0,29.0,0.3764,0.094094,0.256081,0.094094,0.050361,0.0,0.0,0.824905,0.094094,0.43,moderate,0.04046,0.0,0.04046,0
2026-07-26T15:01:57.686352,06/26 08:15,22.62,0.0,,,,18.0,29.0,0.3764,0.094094,0.309188,0.094094,0.053361,0.0,0.0,1.063981,0.094094,0.43,moderate,0.04046,0.0,0.04046,0
2026-07-26T15:01:57.705351,06/26 09:23,24.45,52.0,23.72,21.79,25.5,20.0,25.5,0.379,0.094757,0.344271,0.094757,0.0613,0.0,0.0,1.211609,0.094757,0.43,moderate,0.040746,0.0,0.040746,0
2026-07-26T15:01:57.722351,06/26 10:23,26.38,52.0,24.79,23.3,25.5,20.0,25.5,0.3898,0.097448,0.467337,0.097448,0.082929,0.0,0.0,1.765457,0.097448,0.3,low,0.029234,0.0,0.029234,0
2026-07-26T15:01:57.738351,06/26 11:23,27.47,52.0,25.21,24.04,25.5,20.0,25.5,0.3973,0.099313,0.548841,0.099313,0.095745,0.0,0.0,2.127817,0.099313,0.3,low,0.029794,0.0,0.029794,0
2026-07-26T15:01:57.752351,06/26 12:15,28.45,41.6,25.27,24.35,25.5,20.0,25.5,0.399,0.09975,0.597682,0.09975,0.09729,0.0,0.0,2.31629,0.09975,0.3,low,0.029925,0.0,0.029925,0
2026-07-26T15:02:12.449256,06/26 13:15,29.02,20.8,24.85,24.24,25.0,20.5,25.0,0.4018,0.100449,0.639399,0.100449,0.100221,0.0,0.0,2.468598,0.100449,0.3,low,0.030135,0.0,0.030135,0
2026-07-26T15:02:12.466285,06/26 14:15,29.7,41.6,25.0,25.0,25.0,20.5,25.0,0.4282,0.107051,0.764498,0.107051,0.101322,0.0,0.0,3.007015,0.107051,0.3,low,0.032115,0.0,0.032115,0
2026-07-26T15:02:12.484452,06/26 15:15,30.6,52.0,25.0,25.0,25.0,20.5,25.0,0.4514,0.112838,0.865597,0.112838,0.099758,0.0,0.0,3.389837,0.112838,0.3,low,0.033851,0.0,0.033851,0
2026-07-26T15:02:12.499494,06/26 16:15,30.6,52.0,25.0,25.0,25.0,20.5,25.0,0.4547,0.113675,0.887223,0.113675,0.099758,0.0,0.0,3.469914,0.113675,0.55,high,0.062521,0.0,0.062521,0
2026-07-26T15:02:12.514025,06/26 17:15,30.3,52.0,24.96,24.8,25.0,20.5,25.0,0.4296,0.107404,0.795476,0.107404,0.099757,0.0,0.0,3.090818,0.107404,0.55,high,0.059072,0.0,0.059072,0
2026-07-26T15:02:12.529028,06/26 18:15,28.72,52.0,24.9,24.49,25.0,20.5,25.0,0.4128,0.10319,0.655694,0.10319,0.095627,0.0,0.0,2.520617,0.10319,0.55,high,0.056755,0.0,0.056755,0
2026-07-26T15:02:27.707667,06/26 19:23,26.12,26.0,24.21,23.12,24.9,20.0,26.0,0.3764,0.094094,0.402759,0.094094,0.108784,0.0,0.0,1.417517,0.094094,0.55,high,0.051752,0.0,0.051752,0
2026-07-26T15:02:27.726666,06/26 20:23,23.85,0.0,,,,20.0,26.0,0.3764,0.094094,0.345828,0.094094,0.074322,0.0,0.0,1.210436,0.094094,0.55,high,0.051752,0.0,0.051752,0
2026-07-26T15:02:27.743664,06/26 21:15,21.92,0.0,,,,20.0,26.0,0.0,0.0,0.0,0.0,0.0,0.0,0.0,0.0,0.0,0.4,moderate,0.0,0.0,0.0,0
2026-07-26T15:02:27.758664,06/26 22:15,21.25,0.0,,,,20.0,26.0,0.0,0.0,0.0,0.0,0.0,0.0,0.0,0.0,0.0,0.4,moderate,0.0,0.0,0.0,0
2026-07-26T15:02:27.772664,06/26 23:15,21.55,0.0,,,,20.0,26.0,0.0,0.0,0.0,0.0,0.0,0.0,0.0,0.0,0.0,0.4,moderate,0.0,0.0,0.0,0
2026-07-26T15:02:27.786666,06/27 00:15,21.1,0.0,,,,20.0,26.0,0.0,0.0,0.0,0.0,0.0,0.0,0.0,0.0,0.0,0.34,low,0.0,0.0,0.0,0
2026-07-26T15:02:42.256735,06/27 01:15,20.98,0.0,,,,18.0,28.0,0.0,0.0,0.0,0.0,0.0,0.0,0.0,0.0,0.0,0.34,low,0.0,0.0,0.0,0
2026-07-26T15:02:42.274735,06/27 02:15,20.6,0.0,,,,18.0,28.0,0.0,0.0,0.0,0.0,0.0,0.0,0.0,0.0,0.0,0.34,low,0.0,0.0,0.0,0
2026-07-26T15:02:42.291734,06/27 03:15,20.45,0.0,,,,18.0,28.0,0.0,0.0,0.0,0.0,0.0,0.0,0.0,0.0,0.0,0.34,low,0.0,0.0,0.0,0
2026-07-26T15:02:42.307735,06/27 04:15,19.85,0.0,,,,18.0,28.0,0.0,0.0,0.0,0.0,0.0,0.0,0.0,0.0,0.0,0.34,low,0.0,0.0,0.0,0
2026-07-26T15:02:42.324735,06/27 05:15,19.4,0.0,,,,18.0,28.0,0.0,0.0,0.0,0.0,0.0,0.0,0.0,0.0,0.0,0.34,low,0.0,0.0,0.0,0
2026-07-26T15:02:42.340735,06/27 06:23,19.82,0.0,,,,18.0,28.0,0.0,0.0,0.0,0.0,0.0,0.0,0.0,0.0,0.0,0.43,moderate,0.0,0.0,0.0,0
2026-07-26T15:02:57.733079,06/27 07:15,21.65,0.0,,,,18.0,29.0,0.3764,0.094094,0.282599,0.094094,0.051679,0.0,0.0,0.934838,0.094094,0.43,moderate,0.04046,0.0,0.04046,0
2026-07-26T15:02:57.753078,06/27 08:15,23.73,0.0,,,,18.0,29.0,0.3764,0.094094,0.363389,0.094094,0.060334,0.0,0.0,1.324444,0.094094,0.43,moderate,0.04046,0.0,0.04046,0
2026-07-26T15:02:57.773078,06/27 09:23,25.7,52.0,23.28,22.26,24.35,20.0,26.0,0.3764,0.094094,0.432438,0.094094,0.077702,0.0,0.0,1.615928,0.094094,0.43,moderate,0.04046,0.0,0.04046,0
2026-07-26T15:02:57.792085,06/27 10:23,27.93,52.0,24.78,23.81,25.5,20.0,25.5,0.3826,0.095644,0.592473,0.095644,0.105428,0.0,0.0,2.300757,0.095644,0.3,low,0.028693,0.0,0.028693,0
2026-07-26T15:02:57.812083,06/27 11:15,28.58,52.0,25.33,24.67,25.5,20.0,25.5,0.3943,0.098572,0.684905,0.098572,0.112399,0.0,0.0,2.690231,0.098572,0.3,low,0.029572,0.0,0.029572,0
2026-07-26T15:02:57.833081,06/27 12:15,29.7,41.6,25.37,24.87,25.5,20.0,25.5,0.3993,0.099836,0.779627,0.099836,0.117829,0.0,0.0,3.054636,0.099836,0.3,low,0.029951,0.0,0.029951,0
2026-07-26T15:03:14.998136,06/27 13:15,30.6,20.8,24.94,24.73,25.0,20.5,25.0,0.4074,0.101841,0.893908,0.101841,0.125854,0.0,0.0,3.46278,0.101841,0.3,low,0.030552,0.0,0.030552,0
2026-07-26T15:03:15.017145,06/27 14:15,30.6,41.6,25.0,25.0,25.0,20.5,25.0,0.4416,0.110399,1.000424,0.110399,0.122398,0.0,0.0,3.900146,0.110399,0.3,low,0.03312,0.0,0.03312,0
2026-07-26T15:03:15.035135,06/27 15:15,30.45,52.0,25.0,25.0,25.0,20.5,25.0,0.4602,0.115054,1.085735,0.115054,0.122399,0.0,0.0,4.231152,0.115054,0.3,low,0.034516,0.0,0.034516,0
2026-07-26T15:03:15.051137,06/27 16:15,29.85,52.0,25.0,25.0,25.0,20.5,25.0,0.4473,0.111827,0.996644,0.111827,0.116912,0.0,0.0,3.90665,0.111827,0.55,high,0.061505,0.0,0.061505,0
2026-07-26T15:03:15.068135,06/27 17:15,29.4,52.0,24.98,24.93,25.0,20.5,25.0,0.4145,0.103634,0.829878,0.103634,0.113232,0.0,0.0,3.257977,0.103634,0.55,high,0.056999,0.0,0.056999,0
2026-07-26T15:03:15.084145,06/27 18:15,29.12,52.0,24.91,24.55,25.0,20.5,25.0,0.4034,0.100848,0.792097,0.100848,0.114769,0.0,0.0,3.097578,0.100848,0.55,high,0.055466,0.0,0.055466,0
2026-07-26T15:03:33.579840,06/27 19:15,27.62,26.0,24.09,23.2,24.43,20.0,26.0,0.3764,0.094094,0.579147,0.094094,0.111025,0.0,0.0,2.214576,0.094094,0.55,high,0.051752,0.0,0.051752,0
2026-07-26T15:03:33.601842,06/27 20:23,25.18,0.0,,,,20.0,26.0,0.3764,0.094094,0.493803,0.094094,0.102782,0.0,0.0,1.876372,0.094094,0.55,high,0.051752,0.0,0.051752,0
2026-07-26T15:03:33.619844,06/27 21:15,23.47,0.0,,,,20.0,26.0,0.0,0.0,0.0,0.0,0.0,0.0,0.0,0.0,0.0,0.4,moderate,0.0,0.0,0.0,0
2026-07-26T15:03:33.634844,06/27 22:15,21.8,0.0,,,,20.0,26.0,0.0,0.0,0.0,0.0,0.0,0.0,0.0,0.0,0.0,0.4,moderate,0.0,0.0,0.0,0
2026-07-26T15:03:33.650840,06/27 23:15,20.45,0.0,,,,20.0,26.0,0.0,0.0,0.0,0.0,0.0,0.0,0.0,0.0,0.0,0.4,moderate,0.0,0.0,0.0,0
2026-07-26T15:03:33.667841,06/28 00:15,20.0,0.0,,,,20.0,26.0,0.0,0.0,0.0,0.0,0.0,0.0,0.0,0.0,0.0,0.34,low,0.0,0.0,0.0,0
2026-07-26T15:03:51.361902,06/28 01:15,19.85,0.0,,,,18.0,28.0,0.0,0.0,0.0,0.0,0.0,0.0,0.0,0.0,0.0,0.34,low,0.0,0.0,0.0,0
2026-07-26T15:03:51.379611,06/28 02:15,19.4,0.0,,,,18.0,28.0,0.0,0.0,0.0,0.0,0.0,0.0,0.0,0.0,0.0,0.34,low,0.0,0.0,0.0,0
2026-07-26T15:03:51.395605,06/28 03:15,19.4,0.0,,,,18.0,28.0,0.0,0.0,0.0,0.0,0.0,0.0,0.0,0.0,0.0,0.34,low,0.0,0.0,0.0,0
2026-07-26T15:03:51.413021,06/28 04:15,19.4,0.0,,,,18.0,28.0,0.0,0.0,0.0,0.0,0.0,0.0,0.0,0.0,0.0,0.34,low,0.0,0.0,0.0,0
2026-07-26T15:03:51.429020,06/28 05:23,19.55,0.0,,,,18.0,28.0,0.0,0.0,0.0,0.0,0.0,0.0,0.0,0.0,0.0,0.34,low,0.0,0.0,0.0,0
2026-07-26T15:03:51.446020,06/28 06:23,20.7,0.0,,,,18.0,28.0,0.0,0.0,0.0,0.0,0.0,0.0,0.0,0.0,0.0,0.43,moderate,0.0,0.0,0.0,0
2026-07-26T15:04:06.525504,06/28 07:23,23.5,0.0,,,,18.0,29.0,0.3764,0.094094,0.502185,0.094094,0.089006,0.0,0.0,1.984427,0.094094,0.43,moderate,0.04046,0.0,0.04046,0
2026-07-26T15:04:06.546229,06/28 08:15,26.0,0.0,,,,18.0,29.0,0.3764,0.094094,0.62761,0.094094,0.102636,0.0,0.0,2.501946,0.094094,0.43,moderate,0.04046,0.0,0.04046,0
2026-07-26T15:04:06.566218,06/28 09:23,27.47,52.0,24.1,22.35,25.5,20.0,25.5,0.389,0.097249,0.730546,0.097249,0.114237,0.0,0.0,2.907585,0.097249,0.43,moderate,0.041817,0.0,0.041817,0
2026-07-26T15:04:06.585224,06/28 10:23,28.3,52.0,25.11,23.89,25.5,20.0,25.5,0.4017,0.100429,0.84971,0.100429,0.127377,0.0,0.0,3.366765,0.100429,0.3,low,0.030129,0.0,0.030129,0
2026-07-26T15:04:06.602500,06/28 11:15,28.3,52.0,25.33,24.65,25.5,20.0,25.5,0.4231,0.105787,0.933237,0.105787,0.124251,0.0,0.0,3.72118,0.105787,0.3,low,0.031736,0.0,0.031736,0
2026-07-26T15:04:06.617650,06/28 12:15,28.58,41.6,25.39,24.96,25.5,20.0,25.5,0.4187,0.104668,0.905558,0.104668,0.12124,0.0,0.0,3.60353,0.104668,0.3,low,0.0314,0.0,0.0314,0
2026-07-26T15:04:22.282357,06/28 13:15,29.55,20.8,24.95,24.75,25.0,20.5,25.0,0.4166,0.10415,0.989946,0.10415,0.132531,0.0,0.0,3.883312,0.10415,0.3,low,0.031245,0.0,0.031245,0
2026-07-26T15:04:22.300357,06/28 14:15,29.57,41.6,25.0,25.0,25.0,20.5,25.0,0.45,0.112501,1.109396,0.112501,0.130339,0.0,0.0,4.342197,0.112501,0.3,low,0.03375,0.0,0.03375,0
2026-07-26T15:04:22.317358,06/28 15:15,28.3,52.0,25.0,25.0,25.0,20.5,25.0,0.4642,0.116049,1.051701,0.116049,0.118332,0.0,0.0,4.198088,0.116049,0.3,low,0.034815,0.0,0.034815,0
2026-07-26T15:04:22.333356,06/28 16:15,28.45,52.0,25.0,25.0,25.0,20.5,25.0,0.4512,0.112799,1.068289,0.112799,0.124355,0.0,0.0,4.253058,0.112799,0.55,high,0.062039,0.0,0.062039,0
2026-07-26T15:04:22.348356,06/28 17:15,28.47,52.0,24.96,24.83,25.0,20.5,25.0,0.4255,0.106375,0.960027,0.106375,0.122507,0.0,0.0,3.800711,0.106375,0.55,high,0.058506,0.0,0.058506,0
2026-07-26T15:04:22.363355,06/28 18:15,26.5,52.0,24.89,24.46,25.0,20.5,25.0,0.4077,0.101919,0.779407,0.101919,0.112613,0.0,0.0,3.103046,0.101919,0.55,high,0.056055,0.0,0.056055,0
2026-07-26T15:04:37.436004,06/28 19:23,24.27,26.0,24.04,23.03,24.51,20.0,26.0,0.3764,0.094094,0.491133,0.094094,0.10256,0.0,0.0,1.881279,0.094094,0.55,high,0.051752,0.0,0.051752,0
2026-07-26T15:04:37.454001,06/28 20:23,23.35,0.0,,,,20.0,26.0,0.3764,0.094094,0.46065,0.094094,0.09961,0.0,0.0,1.747997,0.094094,0.55,high,0.051752,0.0,0.051752,0
2026-07-26T15:04:37.471003,06/28 21:15,21.82,0.0,,,,20.0,26.0,0.0,0.0,0.0,0.0,0.0,0.0,0.0,0.0,0.0,0.4,moderate,0.0,0.0,0.0,0
2026-07-26T15:04:37.484997,06/28 22:15,21.5,0.0,,,,20.0,26.0,0.0,0.0,0.0,0.0,0.0,0.0,0.0,0.0,0.0,0.4,moderate,0.0,0.0,0.0,0
2026-07-26T15:04:37.498997,06/28 23:15,19.27,0.0,,,,20.0,26.0,0.0,0.0,0.0,0.0,0.0,0.0,0.0,0.0,0.0,0.4,moderate,0.0,0.0,0.0,0
2026-07-26T15:04:37.514211,06/29 00:15,18.75,0.0,,,,20.0,26.0,0.0,0.0,0.0,0.0,0.0,0.0,0.0,0.0,0.0,0.34,low,0.0,0.0,0.0,0
2026-07-26T15:04:51.941003,06/29 01:15,17.75,0.0,,,,18.0,28.0,0.0,0.0,0.0,0.0,0.0,0.0,0.0,0.0,0.0,0.34,low,0.0,0.0,0.0,0
2026-07-26T15:04:51.958002,06/29 02:15,15.98,0.0,,,,18.0,28.0,0.0,0.0,0.0,0.0,0.0,0.0,0.0,0.0,0.0,0.34,low,0.0,0.0,0.0,0
2026-07-26T15:04:51.972999,06/29 03:15,16.27,0.0,,,,18.0,28.0,0.0,0.0,0.0,0.0,0.0,0.0,0.0,0.0,0.0,0.34,low,0.0,0.0,0.0,0
2026-07-26T15:04:51.987999,06/29 04:15,18.88,0.0,,,,18.0,28.0,0.0,0.0,0.0,0.0,0.0,0.0,0.0,0.0,0.0,0.34,low,0.0,0.0,0.0,0
2026-07-26T15:04:52.002000,06/29 05:15,20.03,0.0,,,,18.0,28.0,0.0,0.0,0.0,0.0,0.0,0.0,0.0,0.0,0.0,0.34,low,0.0,0.0,0.0,0
2026-07-26T15:04:52.015999,06/29 06:15,18.73,0.0,,,,18.0,28.0,0.0,0.0,0.0,0.0,0.0,0.0,0.0,0.0,0.0,0.43,moderate,0.0,0.0,0.0,0
2026-07-26T15:05:06.482936,06/29 07:15,20.27,0.0,,,,18.0,29.0,0.0,0.0,0.0,0.0,0.0,0.0,0.0,0.0,0.0,0.43,moderate,0.0,0.0,0.0,0
2026-07-26T15:05:06.500940,06/29 08:15,21.65,0.0,,,,18.0,29.0,0.0,0.0,0.0,0.0,0.0,0.0,0.0,0.0,0.0,0.43,moderate,0.0,0.0,0.0,0
2026-07-26T15:05:06.515936,06/29 09:15,23.58,0.0,,,,18.0,29.0,0.0,0.0,0.0,0.0,0.0,0.0,0.0,0.0,0.0,0.43,moderate,0.0,0.0,0.0,0
2026-07-26T15:05:06.530936,06/29 10:23,24.97,0.0,,,,18.0,29.0,0.0,0.0,0.0,0.0,0.0,0.0,0.0,0.0,0.0,0.3,low,0.0,0.0,0.0,0
2026-07-26T15:05:06.545936,06/29 11:15,26.0,0.0,,,,18.0,29.0,0.0,0.0,0.0,0.0,0.0,0.0,0.0,0.0,0.0,0.3,low,0.0,0.0,0.0,0
2026-07-26T15:05:06.558935,06/29 12:15,22.92,0.0,,,,18.0,29.0,0.0,0.0,0.0,0.0,0.0,0.0,0.0,0.0,0.0,0.3,low,0.0,0.0,0.0,0
2026-07-26T15:05:20.926319,06/29 13:15,20.0,0.0,,,,18.0,29.0,0.0,0.0,0.0,0.0,0.0,0.0,0.0,0.0,0.0,0.3,low,0.0,0.0,0.0,0
2026-07-26T15:05:20.942316,06/29 14:15,20.27,0.0,,,,18.0,29.0,0.0,0.0,0.0,0.0,0.0,0.0,0.0,0.0,0.0,0.3,low,0.0,0.0,0.0,0
2026-07-26T15:05:20.957314,06/29 15:15,21.25,0.0,,,,18.0,29.0,0.0,0.0,0.0,0.0,0.0,0.0,0.0,0.0,0.0,0.3,low,0.0,0.0,0.0,0
2026-07-26T15:05:20.972316,06/29 16:15,21.7,0.0,,,,18.0,29.0,0.0,0.0,0.0,0.0,0.0,0.0,0.0,0.0,0.0,0.55,high,0.0,0.0,0.0,0
2026-07-26T15:05:20.985316,06/29 17:15,21.12,0.0,,,,18.0,29.0,0.0,0.0,0.0,0.0,0.0,0.0,0.0,0.0,0.0,0.55,high,0.0,0.0,0.0,0
2026-07-26T15:05:20.999314,06/29 18:15,19.0,0.0,,,,18.0,29.0,0.0,0.0,0.0,0.0,0.0,0.0,0.0,0.0,0.0,0.55,high,0.0,0.0,0.0,0
2026-07-26T15:05:35.471678,06/29 19:15,17.8,0.0,,,,18.0,29.0,0.0,0.0,0.0,0.0,0.0,0.0,0.0,0.0,0.0,0.55,high,0.0,0.0,0.0,0
2026-07-26T15:05:35.489676,06/29 20:15,17.93,0.0,,,,18.0,29.0,0.0,0.0,0.0,0.0,0.0,0.0,0.0,0.0,0.0,0.55,high,0.0,0.0,0.0,0
2026-07-26T15:05:35.504672,06/29 21:15,18.3,0.0,,,,18.0,29.0,0.0,0.0,0.0,0.0,0.0,0.0,0.0,0.0,0.0,0.4,moderate,0.0,0.0,0.0,0
2026-07-26T15:05:35.518673,06/29 22:15,18.3,0.0,,,,18.0,29.0,0.0,0.0,0.0,0.0,0.0,0.0,0.0,0.0,0.0,0.4,moderate,0.0,0.0,0.0,0
2026-07-26T15:05:35.531678,06/29 23:15,18.3,0.0,,,,18.0,29.0,0.0,0.0,0.0,0.0,0.0,0.0,0.0,0.0,0.0,0.4,moderate,0.0,0.0,0.0,0
2026-07-26T15:05:35.545672,06/30 00:15,18.03,0.0,,,,18.0,29.0,0.0,0.0,0.0,0.0,0.0,0.0,0.0,0.0,0.0,0.34,low,0.0,0.0,0.0,0
2026-07-26T15:05:50.879092,06/30 01:15,16.92,0.0,,,,18.0,29.0,0.0,0.0,0.0,0.0,0.0,0.0,0.0,0.0,0.0,0.34,low,0.0,0.0,0.0,0
2026-07-26T15:05:50.896361,06/30 02:15,15.55,0.0,,,,18.0,29.0,0.0,0.0,0.0,0.0,0.0,0.0,0.0,0.0,0.0,0.34,low,0.0,0.0,0.0,0
2026-07-26T15:05:50.912400,06/30 03:15,13.75,0.0,,,,18.0,29.0,0.0,0.0,0.0,0.0,0.0,0.0,0.0,0.0,0.0,0.34,low,0.0,0.0,0.0,0
2026-07-26T15:05:50.926929,06/30 04:15,12.9,0.0,,,,18.0,29.0,0.0,0.0,0.0,0.0,0.0,0.0,0.0,0.0,0.0,0.34,low,0.0,0.0,0.0,0
2026-07-26T15:05:50.941892,06/30 05:23,11.97,0.0,,,,18.0,29.0,0.0,0.0,0.0,0.0,0.0,0.0,0.0,0.0,0.0,0.34,low,0.0,0.0,0.0,0
2026-07-26T15:05:50.957886,06/30 06:23,14.45,0.0,,,,18.0,29.0,0.0,0.0,0.0,0.0,0.0,0.0,0.0,0.0,0.0,0.43,moderate,0.0,0.0,0.0,0
2026-07-26T15:06:06.195521,06/30 07:20,20.38,0.0,,,,18.0,29.0,0.0,0.0,0.0,0.0,0.0,0.0,0.0,0.0,0.0,0.43,moderate,0.0,0.0,0.0,0
2026-07-26T15:06:06.215514,06/30 08:23,22.75,0.0,,,,18.0,29.0,0.0,0.0,0.0,0.0,0.0,0.0,0.0,0.0,0.0,0.43,moderate,0.0,0.0,0.0,0
2026-07-26T15:06:06.234512,06/30 09:15,21.8,0.0,,,,18.0,29.0,0.0,0.0,0.0,0.0,0.0,0.0,0.0,0.0,0.0,0.43,moderate,0.0,0.0,0.0,0
2026-07-26T15:06:06.250511,06/30 10:23,24.32,0.0,,,,18.0,29.0,0.0,0.0,0.0,0.0,0.0,0.0,0.0,0.0,0.0,0.3,low,0.0,0.0,0.0,0
2026-07-26T15:06:06.266513,06/30 11:23,25.73,0.0,,,,18.0,29.0,0.0,0.0,0.0,0.0,0.0,0.0,0.0,0.0,0.0,0.3,low,0.0,0.0,0.0,0
2026-07-26T15:06:06.283512,06/30 12:23,26.25,0.0,,,,18.0,29.0,0.0,0.0,0.0,0.0,0.0,0.0,0.0,0.0,0.0,0.3,low,0.0,0.0,0.0,0
2026-07-26T15:06:20.756216,06/30 13:15,26.7,0.0,,,,18.0,29.0,0.0,0.0,0.0,0.0,0.0,0.0,0.0,0.0,0.0,0.3,low,0.0,0.0,0.0,0
2026-07-26T15:06:20.772219,06/30 14:15,26.82,0.0,,,,18.0,29.0,0.0,0.0,0.0,0.0,0.0,0.0,0.0,0.0,0.0,0.3,low,0.0,0.0,0.0,0
2026-07-26T15:06:20.788215,06/30 15:15,25.67,0.0,,,,18.0,29.0,0.0,0.0,0.0,0.0,0.0,0.0,0.0,0.0,0.0,0.3,low,0.0,0.0,0.0,0
2026-07-26T15:06:20.803216,06/30 16:15,22.08,0.0,,,,18.0,29.0,0.0,0.0,0.0,0.0,0.0,0.0,0.0,0.0,0.0,0.55,high,0.0,0.0,0.0,0
2026-07-26T15:06:20.818216,06/30 17:15,24.85,0.0,,,,18.0,29.0,0.0,0.0,0.0,0.0,0.0,0.0,0.0,0.0,0.0,0.55,high,0.0,0.0,0.0,0
2026-07-26T15:06:20.835217,06/30 18:23,23.3,0.0,,,,18.0,29.0,0.0,0.0,0.0,0.0,0.0,0.0,0.0,0.0,0.0,0.55,high,0.0,0.0,0.0,0
2026-07-26T15:06:35.331582,06/30 19:23,19.57,0.0,,,,18.0,29.0,0.0,0.0,0.0,0.0,0.0,0.0,0.0,0.0,0.0,0.55,high,0.0,0.0,0.0,0
2026-07-26T15:06:35.348581,06/30 20:15,18.3,0.0,,,,18.0,29.0,0.0,0.0,0.0,0.0,0.0,0.0,0.0,0.0,0.0,0.55,high,0.0,0.0,0.0,0
2026-07-26T15:06:35.366581,06/30 21:15,18.23,0.0,,,,18.0,29.0,0.0,0.0,0.0,0.0,0.0,0.0,0.0,0.0,0.0,0.4,moderate,0.0,0.0,0.0,0
2026-07-26T15:06:35.380585,06/30 22:15,17.93,0.0,,,,18.0,29.0,0.0,0.0,0.0,0.0,0.0,0.0,0.0,0.0,0.0,0.4,moderate,0.0,0.0,0.0,0
2026-07-26T15:06:35.393581,06/30 23:15,17.62,0.0,,,,18.0,29.0,0.0,0.0,0.0,0.0,0.0,0.0,0.0,0.0,0.0,0.4,moderate,0.0,0.0,0.0,0
2026-07-26T15:06:35.407581,07/01 00:15,17.3,0.0,,,,18.0,29.0,0.0,0.0,0.0,0.0,0.0,0.0,0.0,0.0,0.0,0.34,low,0.0,0.0,0.0,0
2026-07-26T15:06:50.443933,07/01 01:15,16.93,0.0,,,,18.0,29.0,0.0,0.0,0.0,0.0,0.0,0.0,0.0,0.0,0.0,0.34,low,0.0,0.0,0.0,0
2026-07-26T15:06:50.461928,07/01 02:15,16.62,0.0,,,,18.0,29.0,0.0,0.0,0.0,0.0,0.0,0.0,0.0,0.0,0.0,0.34,low,0.0,0.0,0.0,0
2026-07-26T15:06:50.476928,07/01 03:15,16.32,0.0,,,,18.0,29.0,0.0,0.0,0.0,0.0,0.0,0.0,0.0,0.0,0.0,0.34,low,0.0,0.0,0.0,0
2026-07-26T15:06:50.489927,07/01 04:15,16.1,0.0,,,,18.0,29.0,0.0,0.0,0.0,0.0,0.0,0.0,0.0,0.0,0.0,0.34,low,0.0,0.0,0.0,0
2026-07-26T15:06:50.503928,07/01 05:15,16.1,0.0,,,,18.0,29.0,0.0,0.0,0.0,0.0,0.0,0.0,0.0,0.0,0.0,0.34,low,0.0,0.0,0.0,0
2026-07-26T15:06:50.516927,07/01 06:15,16.1,0.0,,,,18.0,29.0,0.0,0.0,0.0,0.0,0.0,0.0,0.0,0.0,0.0,0.43,moderate,0.0,0.0,0.0,0
2026-07-26T15:07:04.610042,07/01 07:15,16.25,0.0,,,,18.0,29.0,0.3764,0.094094,0.273012,0.094094,0.053407,0.0,0.0,0.897354,0.094094,0.43,moderate,0.04046,0.0,0.04046,0
2026-07-26T15:07:04.628040,07/01 08:15,16.82,0.0,,,,18.0,29.0,0.3764,0.094094,0.297654,0.094094,0.054095,0.0,0.0,1.029361,0.094094,0.43,moderate,0.04046,0.0,0.04046,0
2026-07-26T15:07:04.646039,07/01 09:23,17.35,52.0,22.39,21.6,23.11,20.5,26.0,0.3764,0.094094,0.312682,0.094094,0.061171,0.0,0.0,1.090145,0.094094,0.43,moderate,0.04046,0.0,0.04046,0
2026-07-26T15:07:04.667040,07/01 10:23,17.93,52.0,24.01,23.11,24.86,20.5,26.0,0.3764,0.094094,0.33108,0.094094,0.075498,0.0,0.0,1.170842,0.094094,0.3,low,0.028228,0.0,0.028228,0
2026-07-26T15:07:04.684039,07/01 11:23,18.3,52.0,24.78,23.94,25.5,20.5,25.5,0.3799,0.094987,0.378394,0.094987,0.089261,0.0,0.0,1.413411,0.094987,0.3,low,0.028496,0.0,0.028496,0
2026-07-26T15:07:04.699043,07/01 12:15,18.45,41.6,24.98,24.23,25.5,20.5,25.5,0.3812,0.095304,0.394656,0.095304,0.08953,0.0,0.0,1.491589,0.095304,0.3,low,0.028591,0.0,0.028591,0
2026-07-26T15:07:20.590649,07/01 13:15,18.62,20.8,24.69,24.1,25.0,20.5,25.0,0.3853,0.096315,0.427427,0.096315,0.090978,0.0,0.0,1.651532,0.096315,0.3,low,0.028894,0.0,0.028894,0
2026-07-26T15:07:20.610098,07/01 14:15,17.8,41.6,24.86,24.52,25.0,20.5,25.0,0.3983,0.09957,0.467052,0.09957,0.088666,0.0,0.0,1.860104,0.09957,0.3,low,0.029871,0.0,0.029871,0
2026-07-26T15:07:20.628158,07/01 15:15,17.38,52.0,24.87,24.6,25.0,20.5,25.0,0.3994,0.099854,0.482171,0.099854,0.088666,0.0,0.0,1.931992,0.099854,0.3,low,0.029956,0.0,0.029956,0
2026-07-26T15:07:20.643179,07/01 16:15,15.98,52.0,24.55,23.92,25.0,20.5,25.0,0.3866,0.096641,0.380257,0.096641,0.083147,0.0,0.0,1.428549,0.096641,0.55,high,0.053153,0.0,0.053153,0
2026-07-26T15:07:20.658596,07/01 17:15,15.72,52.0,24.12,23.31,25.0,20.5,25.0,0.3796,0.094892,0.333056,0.094892,0.082026,0.0,0.0,1.190181,0.094892,0.55,high,0.052191,0.0,0.052191,0
2026-07-26T15:07:20.673648,07/01 18:15,16.1,52.0,23.89,23.03,25.0,20.5,25.0,0.3785,0.094617,0.348545,0.094617,0.084906,0.0,0.0,1.269413,0.094617,0.55,high,0.052039,0.0,0.052039,0
2026-07-26T15:07:36.181046,07/01 19:15,16.1,26.0,22.58,21.81,23.76,20.0,26.0,0.3764,0.094094,0.330796,0.094094,0.084906,0.0,0.0,1.17435,0.094094,0.55,high,0.051752,0.0,0.051752,0
2026-07-26T15:07:36.200045,07/01 20:15,16.1,0.0,,,,20.0,26.0,0.3764,0.094094,0.317862,0.094094,0.081747,0.0,0.0,1.113364,0.094094,0.55,high,0.051752,0.0,0.051752,0
2026-07-26T15:07:36.217044,07/01 21:15,16.38,0.0,,,,20.0,26.0,0.0,0.0,0.0,0.0,0.0,0.0,0.0,0.0,0.0,0.4,moderate,0.0,0.0,0.0,0
2026-07-26T15:07:36.231044,07/01 22:15,17.2,0.0,,,,20.0,26.0,0.0,0.0,0.0,0.0,0.0,0.0,0.0,0.0,0.0,0.4,moderate,0.0,0.0,0.0,0
2026-07-26T15:07:36.246045,07/01 23:15,17.2,0.0,,,,20.0,26.0,0.0,0.0,0.0,0.0,0.0,0.0,0.0,0.0,0.0,0.4,moderate,0.0,0.0,0.0,0
2026-07-26T15:07:36.260046,07/02 00:15,17.2,0.0,,,,20.0,26.0,0.0,0.0,0.0,0.0,0.0,0.0,0.0,0.0,0.0,0.34,low,0.0,0.0,0.0,0
2026-07-26T15:07:51.175346,07/02 01:15,17.2,0.0,,,,18.0,28.0,0.0,0.0,0.0,0.0,0.0,0.0,0.0,0.0,0.0,0.34,low,0.0,0.0,0.0,0
2026-07-26T15:07:51.192346,07/02 02:15,17.2,0.0,,,,18.0,28.0,0.0,0.0,0.0,0.0,0.0,0.0,0.0,0.0,0.0,0.34,low,0.0,0.0,0.0,0
2026-07-26T15:07:51.208347,07/02 03:15,17.2,0.0,,,,18.0,28.0,0.0,0.0,0.0,0.0,0.0,0.0,0.0,0.0,0.0,0.34,low,0.0,0.0,0.0,0
2026-07-26T15:07:51.222346,07/02 04:15,17.2,0.0,,,,18.0,28.0,0.0,0.0,0.0,0.0,0.0,0.0,0.0,0.0,0.0,0.34,low,0.0,0.0,0.0,0
2026-07-26T15:07:51.237345,07/02 05:15,17.35,0.0,,,,18.0,28.0,0.0,0.0,0.0,0.0,0.0,0.0,0.0,0.0,0.0,0.34,low,0.0,0.0,0.0,0
2026-07-26T15:07:51.251347,07/02 06:15,17.8,0.0,,,,18.0,28.0,0.0,0.0,0.0,0.0,0.0,0.0,0.0,0.0,0.0,0.43,moderate,0.0,0.0,0.0,0
2026-07-26T15:08:06.128157,07/02 07:15,17.93,0.0,,,,18.0,29.0,0.3764,0.094094,0.31894,0.094094,0.060841,0.0,0.0,1.127868,0.094094,0.43,moderate,0.04046,0.0,0.04046,0
2026-07-26T15:08:06.147157,07/02 08:15,18.58,0.0,,,,18.0,29.0,0.3764,0.094094,0.311054,0.094094,0.056785,0.0,0.0,1.086488,0.094094,0.43,moderate,0.04046,0.0,0.04046,0
2026-07-26T15:08:06.167157,07/02 09:23,19.55,52.0,22.63,21.85,23.44,20.0,26.0,0.3764,0.094094,0.338812,0.094094,0.065397,0.0,0.0,1.211585,0.094094,0.43,moderate,0.04046,0.0,0.04046,0
2026-07-26T15:08:06.184159,07/02 10:23,20.27,52.0,24.22,23.29,25.1,20.0,26.0,0.3764,0.094094,0.343901,0.094094,0.077848,0.0,0.0,1.220177,0.094094,0.3,low,0.028228,0.0,0.028228,0
2026-07-26T15:08:06.202157,07/02 11:23,21.53,52.0,24.9,23.91,25.5,20.0,25.5,0.3798,0.094953,0.394714,0.094953,0.091095,0.0,0.0,1.468822,0.094953,0.3,low,0.028486,0.0,0.028486,0
2026-07-26T15:08:06.217156,07/02 12:15,23.08,41.6,25.12,24.13,25.5,20.0,25.5,0.3806,0.09515,0.446334,0.09515,0.095251,0.0,0.0,1.70291,0.09515,0.3,low,0.028545,0.0,0.028545,0
2026-07-26T15:08:21.827727,07/02 13:15,23.9,20.8,24.74,24.02,25.0,20.5,25.0,0.3895,0.097386,0.518724,0.097386,0.097509,0.0,0.0,2.030355,0.097386,0.3,low,0.029216,0.0,0.029216,0
2026-07-26T15:08:21.844727,07/02 14:15,23.9,41.6,24.96,24.88,25.0,20.5,25.0,0.4084,0.102105,0.622753,0.102105,0.099567,0.0,0.0,2.516208,0.102105,0.3,low,0.030631,0.0,0.030631,0
2026-07-26T15:08:21.860727,07/02 15:15,23.62,52.0,25.0,25.0,25.0,20.5,25.0,0.4226,0.105661,0.679205,0.105661,0.097515,0.0,0.0,2.775688,0.105661,0.3,low,0.031698,0.0,0.031698,0
2026-07-26T15:08:21.875728,07/02 16:15,22.8,52.0,24.96,24.8,25.0,20.5,25.0,0.4182,0.104555,0.661366,0.104555,0.097168,0.0,0.0,2.714485,0.104555,0.55,high,0.057505,0.0,0.057505,0
2026-07-26T15:08:21.890728,07/02 17:15,22.53,52.0,24.87,24.37,25.0,20.5,25.0,0.4017,0.100421,0.589206,0.100421,0.097167,0.0,0.0,2.371707,0.100421,0.55,high,0.055232,0.0,0.055232,0
2026-07-26T15:08:21.905727,07/02 18:15,21.42,52.0,24.79,23.94,25.0,20.5,25.0,0.3892,0.097306,0.521332,0.097306,0.097165,0.0,0.0,2.065895,0.097306,0.55,high,0.053518,0.0,0.053518,0
2026-07-26T15:08:37.061624,07/02 19:15,20.03,26.0,23.76,22.55,24.72,20.0,26.0,0.3764,0.094094,0.354501,0.094094,0.086787,0.0,0.0,1.261868,0.094094,0.55,high,0.051752,0.0,0.051752,0
2026-07-26T15:08:37.081623,07/02 20:23,17.9,0.0,,,,20.0,26.0,0.3764,0.094094,0.254485,0.094094,0.074923,0.0,0.0,0.757528,0.094094,0.55,high,0.051752,0.0,0.051752,0
2026-07-26T15:08:37.097623,07/02 21:15,16.55,0.0,,,,20.0,26.0,0.0,0.0,0.0,0.0,0.0,0.0,0.0,0.0,0.0,0.4,moderate,0.0,0.0,0.0,0
2026-07-26T15:08:37.111622,07/02 22:15,15.83,0.0,,,,20.0,26.0,0.0,0.0,0.0,0.0,0.0,0.0,0.0,0.0,0.0,0.4,moderate,0.0,0.0,0.0,0
2026-07-26T15:08:37.125622,07/02 23:15,14.85,0.0,,,,20.0,26.0,0.0,0.0,0.0,0.0,0.0,0.0,0.0,0.0,0.0,0.4,moderate,0.0,0.0,0.0,0
2026-07-26T15:08:37.139622,07/03 00:15,14.0,0.0,,,,20.0,26.0,0.0,0.0,0.0,0.0,0.0,0.0,0.0,0.0,0.0,0.34,low,0.0,0.0,0.0,0
2026-07-26T15:08:51.517841,07/03 01:15,12.8,0.0,,,,18.0,28.0,0.0,0.0,0.0,0.0,0.0,0.0,0.0,0.0,0.0,0.34,low,0.0,0.0,0.0,0
2026-07-26T15:08:51.534841,07/03 02:15,12.65,0.0,,,,18.0,28.0,0.0,0.0,0.0,0.0,0.0,0.0,0.0,0.0,0.0,0.34,low,0.0,0.0,0.0,0
2026-07-26T15:08:51.549838,07/03 03:15,12.07,0.0,,,,18.0,28.0,0.0,0.0,0.0,0.0,0.0,0.0,0.0,0.0,0.0,0.34,low,0.0,0.0,0.0,0
2026-07-26T15:08:51.563838,07/03 04:15,11.82,0.0,,,,18.0,28.0,0.0,0.0,0.0,0.0,0.0,0.0,0.0,0.0,0.0,0.34,low,0.0,0.0,0.0,0
2026-07-26T15:08:51.576840,07/03 05:15,12.62,0.0,,,,18.0,28.0,0.0,0.0,0.0,0.0,0.0,0.0,0.0,0.0,0.0,0.34,low,0.0,0.0,0.0,0
2026-07-26T15:08:51.590837,07/03 06:23,14.45,0.0,,,,18.0,28.0,0.0,0.0,0.0,0.0,0.0,0.0,0.0,0.0,0.0,0.43,moderate,0.0,0.0,0.0,0
2026-07-26T15:09:05.298264,07/03 07:23,16.38,0.0,,,,18.0,29.0,0.3764,0.094094,0.187122,0.094094,0.039741,0.0,0.0,0.449831,0.094094,0.43,moderate,0.04046,0.0,0.04046,0
2026-07-26T15:09:05.317265,07/03 08:23,17.47,0.0,,,,18.0,29.0,0.3764,0.094094,0.205988,0.094094,0.040568,0.0,0.0,0.544914,0.094094,0.43,moderate,0.04046,0.0,0.04046,0
2026-07-26T15:09:05.335265,07/03 09:23,18.73,52.0,23.64,21.65,25.83,20.5,26.0,0.3764,0.094094,0.231272,0.094094,0.05178,0.0,0.0,0.66149,0.094094,0.43,moderate,0.04046,0.0,0.04046,0
2026-07-26T15:09:05.353261,07/03 10:23,20.7,52.0,24.69,23.13,25.5,20.5,25.5,0.3887,0.09717,0.305156,0.09717,0.066871,0.0,0.0,1.036775,0.09717,0.3,low,0.029151,0.0,0.029151,0
2026-07-26T15:09:05.369743,07/03 11:23,22.93,52.0,25.18,23.93,25.5,20.5,25.5,0.3948,0.09871,0.389074,0.09871,0.092588,0.0,0.0,1.420623,0.09871,0.3,low,0.029613,0.0,0.029613,0
2026-07-26T15:09:05.384742,07/03 12:15,23.58,41.6,25.24,24.23,25.5,20.5,25.5,0.3967,0.099172,0.413899,0.099172,0.089081,0.0,0.0,1.546182,0.099172,0.3,low,0.029752,0.0,0.029752,0
2026-07-26T15:09:21.471296,07/03 13:15,24.12,20.8,24.83,24.14,25.0,20.5,25.0,0.4001,0.100017,0.467452,0.100017,0.08501,0.0,0.0,1.787248,0.100017,0.3,low,0.030005,0.0,0.030005,0
2026-07-26T15:09:21.487294,07/03 14:15,23.45,41.6,25.0,24.99,25.0,20.5,25.0,0.4236,0.105892,0.539887,0.105892,0.084004,0.0,0.0,2.154734,0.105892,0.3,low,0.031768,0.0,0.031768,0
2026-07-26T15:09:21.502293,07/03 15:15,23.9,52.0,25.0,25.0,25.0,20.5,25.0,0.44,0.110005,0.648312,0.110005,0.085675,0.0,0.0,2.650141,0.110005,0.3,low,0.033002,0.0,0.033002,0
2026-07-26T15:09:21.516293,07/03 16:15,23.9,52.0,24.99,24.98,25.0,20.5,25.0,0.4337,0.108433,0.633849,0.108433,0.085675,0.0,0.0,2.576061,0.108433,0.55,high,0.059638,0.0,0.059638,0
2026-07-26T15:09:21.531293,07/03 17:15,24.02,52.0,24.9,24.49,25.0,20.5,25.0,0.413,0.103247,0.56911,0.103247,0.087591,0.0,0.0,2.269628,0.103247,0.55,high,0.056786,0.0,0.056786,0
2026-07-26T15:09:21.545293,07/03 18:15,24.12,52.0,24.82,24.11,25.0,20.5,25.0,0.399,0.099746,0.526551,0.099746,0.089972,0.0,0.0,2.055901,0.099746,0.55,high,0.05486,0.0,0.05486,0
2026-07-26T15:09:36.262699,07/03 19:23,23.03,26.0,23.9,22.75,24.62,20.0,26.0,0.3764,0.094094,0.376202,0.094094,0.088496,0.0,0.0,1.351902,0.094094,0.55,high,0.051752,0.0,0.051752,0
2026-07-26T15:09:36.282695,07/03 20:23,21.92,0.0,,,,20.0,26.0,0.3764,0.094094,0.36014,0.094094,0.087546,0.0,0.0,1.282477,0.094094,0.55,high,0.051752,0.0,0.051752,0
2026-07-26T15:09:36.298694,07/03 21:15,20.98,0.0,,,,20.0,26.0,0.0,0.0,0.0,0.0,0.0,0.0,0.0,0.0,0.0,0.4,moderate,0.0,0.0,0.0,0
2026-07-26T15:09:36.313694,07/03 22:15,20.45,0.0,,,,20.0,26.0,0.0,0.0,0.0,0.0,0.0,0.0,0.0,0.0,0.0,0.4,moderate,0.0,0.0,0.0,0
2026-07-26T15:09:36.328698,07/03 23:15,19.85,0.0,,,,20.0,26.0,0.0,0.0,0.0,0.0,0.0,0.0,0.0,0.0,0.0,0.4,moderate,0.0,0.0,0.0,0
2026-07-26T15:09:36.342695,07/04 00:15,19.0,0.0,,,,20.0,26.0,0.0,0.0,0.0,0.0,0.0,0.0,0.0,0.0,0.0,0.34,low,0.0,0.0,0.0,0
2026-07-26T15:09:51.213077,07/04 01:15,17.65,0.0,,,,18.0,28.0,0.0,0.0,0.0,0.0,0.0,0.0,0.0,0.0,0.0,0.34,low,0.0,0.0,0.0,0
2026-07-26T15:09:51.230075,07/04 02:15,17.07,0.0,,,,18.0,28.0,0.0,0.0,0.0,0.0,0.0,0.0,0.0,0.0,0.0,0.34,low,0.0,0.0,0.0,0
2026-07-26T15:09:51.246075,07/04 03:15,16.82,0.0,,,,18.0,28.0,0.0,0.0,0.0,0.0,0.0,0.0,0.0,0.0,0.0,0.34,low,0.0,0.0,0.0,0
2026-07-26T15:09:51.260074,07/04 04:15,17.35,0.0,,,,18.0,28.0,0.0,0.0,0.0,0.0,0.0,0.0,0.0,0.0,0.0,0.34,low,0.0,0.0,0.0,0
2026-07-26T15:09:51.275075,07/04 05:15,18.08,0.0,,,,18.0,28.0,0.0,0.0,0.0,0.0,0.0,0.0,0.0,0.0,0.0,0.34,low,0.0,0.0,0.0,0
2026-07-26T15:09:51.291075,07/04 06:23,19.72,0.0,,,,18.0,28.0,0.0,0.0,0.0,0.0,0.0,0.0,0.0,0.0,0.0,0.43,moderate,0.0,0.0,0.0,0
2026-07-26T15:10:06.005068,07/04 07:15,22.47,0.0,,,,18.0,29.0,0.3764,0.094094,0.420038,0.094094,0.074614,0.0,0.0,1.60163,0.094094,0.43,moderate,0.04046,0.0,0.04046,0
2026-07-26T15:10:06.024067,07/04 08:15,23.73,0.0,,,,18.0,29.0,0.3764,0.094094,0.454175,0.094094,0.076675,0.0,0.0,1.749906,0.094094,0.43,moderate,0.04046,0.0,0.04046,0
2026-07-26T15:10:06.045066,07/04 09:23,25.43,52.0,23.88,22.34,25.22,20.0,26.0,0.3764,0.094094,0.561492,0.094094,0.097624,0.0,0.0,2.21206,0.094094,0.43,moderate,0.04046,0.0,0.04046,0
2026-07-26T15:10:06.063066,07/04 10:23,26.7,52.0,25.02,23.87,25.5,20.0,25.5,0.3909,0.097728,0.70178,0.097728,0.114581,0.0,0.0,2.789363,0.097728,0.3,low,0.029318,0.0,0.029318,0
2026-07-26T15:10:06.082070,07/04 11:15,26.82,52.0,25.3,24.51,25.5,20.0,25.5,0.403,0.100747,0.809569,0.100747,0.124232,0.0,0.0,3.261641,0.100747,0.3,low,0.030224,0.0,0.030224,0
2026-07-26T15:10:06.100075,07/04 12:15,27.75,41.6,25.33,24.65,25.5,20.0,25.5,0.4022,0.100544,0.856304,0.100544,0.128072,0.0,0.0,3.431083,0.100544,0.3,low,0.030163,0.0,0.030163,0
2026-07-26T15:10:23.140432,07/04 13:15,29.4,20.8,24.89,24.46,25.0,20.5,25.0,0.4059,0.10147,0.956255,0.10147,0.136143,0.0,0.0,3.748379,0.10147,0.3,low,0.030441,0.0,0.030441,0
2026-07-26T15:10:23.160432,07/04 14:15,29.7,41.6,25.0,25.0,25.0,20.5,25.0,0.436,0.109,1.111754,0.109,0.139618,0.0,0.0,4.368472,0.109,0.3,low,0.0327,0.0,0.0327,0
2026-07-26T15:10:23.179432,07/04 15:15,30.6,52.0,25.0,25.0,25.0,20.5,25.0,0.4607,0.115186,1.231967,0.115186,0.138766,0.0,0.0,4.769474,0.115186,0.3,low,0.034556,0.0,0.034556,0
2026-07-26T15:10:23.199430,07/04 16:15,30.45,52.0,25.0,25.0,25.0,20.5,25.0,0.4563,0.114084,1.226352,0.114084,0.138774,0.0,0.0,4.745579,0.114084,0.55,high,0.062746,0.0,0.062746,0
2026-07-26T15:10:23.215436,07/04 17:15,29.73,52.0,24.97,24.84,25.0,20.5,25.0,0.4282,0.107062,1.100586,0.107062,0.137599,0.0,0.0,4.293192,0.107062,0.55,high,0.058884,0.0,0.058884,0
2026-07-26T15:10:23.231432,07/04 18:15,28.75,52.0,24.9,24.51,25.0,20.5,25.0,0.4077,0.101917,1.002419,0.101917,0.138881,0.0,0.0,3.94891,0.101917,0.55,high,0.056054,0.0,0.056054,0
2026-07-26T15:10:41.800778,07/04 19:23,28.18,26.0,24.16,23.19,24.5,20.0,26.0,0.3764,0.094094,0.774727,0.094094,0.13711,0.0,0.0,3.04284,0.094094,0.55,high,0.051752,0.0,0.051752,0
2026-07-26T15:10:41.821774,07/04 20:23,27.53,0.0,,,,20.0,26.0,0.3764,0.094094,0.779388,0.094094,0.139144,0.0,0.0,3.075779,0.094094,0.55,high,0.051752,0.0,0.051752,0
2026-07-26T15:10:41.837777,07/04 21:15,26.7,0.0,,,,20.0,26.0,0.0,0.0,0.0,0.0,0.0,0.0,0.0,0.0,0.0,0.4,moderate,0.0,0.0,0.0,0
2026-07-26T15:10:41.852773,07/04 22:15,26.7,0.0,,,,20.0,26.0,0.0,0.0,0.0,0.0,0.0,0.0,0.0,0.0,0.0,0.4,moderate,0.0,0.0,0.0,0
2026-07-26T15:10:41.867774,07/04 23:15,26.42,0.0,,,,20.0,26.0,0.0,0.0,0.0,0.0,0.0,0.0,0.0,0.0,0.0,0.4,moderate,0.0,0.0,0.0,0
2026-07-26T15:10:41.881774,07/05 00:15,25.6,0.0,,,,20.0,26.0,0.0,0.0,0.0,0.0,0.0,0.0,0.0,0.0,0.0,0.34,low,0.0,0.0,0.0,0
2026-07-26T15:10:58.364983,07/05 01:15,25.6,0.0,,,,18.0,28.0,0.0,0.0,0.0,0.0,0.0,0.0,0.0,0.0,0.0,0.34,low,0.0,0.0,0.0,0
2026-07-26T15:10:58.382981,07/05 02:15,25.45,0.0,,,,18.0,28.0,0.0,0.0,0.0,0.0,0.0,0.0,0.0,0.0,0.0,0.34,low,0.0,0.0,0.0,0
2026-07-26T15:10:58.398980,07/05 03:15,25.0,0.0,,,,18.0,28.0,0.0,0.0,0.0,0.0,0.0,0.0,0.0,0.0,0.0,0.34,low,0.0,0.0,0.0,0
2026-07-26T15:10:58.413980,07/05 04:15,25.0,0.0,,,,18.0,28.0,0.0,0.0,0.0,0.0,0.0,0.0,0.0,0.0,0.0,0.34,low,0.0,0.0,0.0,0
2026-07-26T15:10:58.428980,07/05 05:23,24.73,0.0,,,,18.0,28.0,0.0,0.0,0.0,0.0,0.0,0.0,0.0,0.0,0.0,0.34,low,0.0,0.0,0.0,0
2026-07-26T15:10:58.445980,07/05 06:23,24.32,0.0,,,,18.0,28.0,0.0,0.0,0.0,0.0,0.0,0.0,0.0,0.0,0.0,0.43,moderate,0.0,0.0,0.0,0
2026-07-26T15:11:13.299877,07/05 07:23,25.88,0.0,,,,18.0,29.0,0.3764,0.094094,0.660976,0.094094,0.113888,0.0,0.0,2.642818,0.094094,0.43,moderate,0.04046,0.0,0.04046,0
2026-07-26T15:11:13.319884,07/05 08:15,27.1,0.0,,,,18.0,29.0,0.3764,0.094094,0.7169,0.094094,0.118414,0.0,0.0,2.856755,0.094094,0.43,moderate,0.04046,0.0,0.04046,0
2026-07-26T15:11:13.338876,07/05 09:23,28.58,52.0,24.32,22.7,25.5,20.0,25.5,0.3915,0.097874,0.825554,0.097874,0.127841,0.0,0.0,3.268831,0.097874,0.43,moderate,0.042086,0.0,0.042086,0
2026-07-26T15:11:13.464877,07/05 10:15,29.82,52.0,25.2,24.1,25.5,20.0,25.5,0.4093,0.102328,0.976914,0.102328,0.137952,0.0,0.0,3.839209,0.102328,0.3,low,0.030698,0.0,0.030698,0
2026-07-26T15:11:13.479312,07/05 11:15,31.1,52.0,25.34,24.73,25.5,20.0,25.5,0.4285,0.107114,1.182228,0.107114,0.146496,0.0,0.0,4.551976,0.107114,0.3,low,0.032134,0.0,0.032134,0
2026-07-26T15:11:13.494231,07/05 12:15,31.38,41.6,25.37,24.88,25.5,20.0,25.5,0.4178,0.104456,1.113278,0.104456,0.142636,0.0,0.0,4.289985,0.104456,0.3,low,0.031337,0.0,0.031337,0
2026-07-26T15:11:28.499145,07/05 13:15,32.35,20.8,24.94,24.69,25.0,20.5,25.0,0.4185,0.104629,1.148051,0.104629,0.145794,0.0,0.0,4.355874,0.104629,0.3,low,0.031389,0.0,0.031389,0
2026-07-26T15:11:28.516147,07/05 14:15,32.8,41.6,25.0,25.0,25.0,20.5,25.0,0.4544,0.113604,1.310305,0.113604,0.146624,0.0,0.0,4.927915,0.113604,0.3,low,0.034081,0.0,0.034081,0
2026-07-26T15:11:28.533146,07/05 15:15,32.52,52.0,25.0,25.0,25.0,20.5,25.0,0.482,0.120503,1.408124,0.120503,0.144476,0.0,0.0,5.275196,0.120503,0.3,low,0.036151,0.0,0.036151,0
2026-07-26T15:11:28.546145,07/05 16:15,31.7,52.0,25.0,25.0,25.0,20.5,25.0,0.4716,0.117908,1.370458,0.117908,0.145754,0.0,0.0,5.201865,0.117908,0.55,high,0.064849,0.0,0.064849,0
2026-07-26T15:11:28.565146,07/05 17:15,31.42,52.0,25.0,24.99,25.0,20.5,25.0,0.4421,0.110517,1.2623,0.110517,0.145753,0.0,0.0,4.811073,0.110517,0.55,high,0.060784,0.0,0.060784,0
2026-07-26T15:11:28.578145,07/05 18:15,30.3,52.0,24.93,24.65,25.0,20.5,25.0,0.4256,0.106401,1.114826,0.106401,0.138599,0.0,0.0,4.316163,0.106401,0.55,high,0.058521,0.0,0.058521,0
2026-07-26T15:11:45.369519,07/05 19:15,29.12,26.0,24.5,23.35,25.5,20.0,25.5,0.3766,0.094154,0.807289,0.094154,0.139449,0.0,0.0,3.143724,0.094154,0.55,high,0.051785,0.0,0.051785,0
2026-07-26T15:11:45.388519,07/05 20:23,28.03,0.0,,,,20.0,25.5,0.3764,0.094094,0.770084,0.094094,0.136883,0.0,0.0,3.023125,0.094094,0.55,high,0.051752,0.0,0.051752,0
2026-07-26T15:11:45.407514,07/05 21:15,27.2,0.0,,,,20.0,25.5,0.0,0.0,0.0,0.0,0.0,0.0,0.0,0.0,0.0,0.4,moderate,0.0,0.0,0.0,0
2026-07-26T15:11:45.423517,07/05 22:15,27.2,0.0,,,,20.0,25.5,0.0,0.0,0.0,0.0,0.0,0.0,0.0,0.0,0.0,0.4,moderate,0.0,0.0,0.0,0
2026-07-26T15:11:45.437516,07/05 23:15,26.92,0.0,,,,20.0,25.5,0.0,0.0,0.0,0.0,0.0,0.0,0.0,0.0,0.0,0.4,moderate,0.0,0.0,0.0,0
2026-07-26T15:11:45.449517,07/06 00:15,26.1,0.0,,,,20.0,25.5,0.0,0.0,0.0,0.0,0.0,0.0,0.0,0.0,0.0,0.34,low,0.0,0.0,0.0,0
2026-07-26T15:12:00.004869,07/06 01:15,26.1,0.0,,,,18.0,27.5,0.0,0.0,0.0,0.0,0.0,0.0,0.0,0.0,0.0,0.34,low,0.0,0.0,0.0,0
2026-07-26T15:12:00.021869,07/06 02:15,25.4,0.0,,,,18.0,27.5,0.0,0.0,0.0,0.0,0.0,0.0,0.0,0.0,0.0,0.34,low,0.0,0.0,0.0,0
2026-07-26T15:12:00.036868,07/06 03:15,23.03,0.0,,,,18.0,27.5,0.0,0.0,0.0,0.0,0.0,0.0,0.0,0.0,0.0,0.34,low,0.0,0.0,0.0,0
2026-07-26T15:12:00.050867,07/06 04:15,22.07,0.0,,,,18.0,27.5,0.0,0.0,0.0,0.0,0.0,0.0,0.0,0.0,0.0,0.34,low,0.0,0.0,0.0,0
2026-07-26T15:12:00.067867,07/06 05:23,22.1,0.0,,,,18.0,27.5,0.0,0.0,0.0,0.0,0.0,0.0,0.0,0.0,0.0,0.34,low,0.0,0.0,0.0,0
2026-07-26T15:12:00.081868,07/06 06:23,23.88,0.0,,,,18.0,27.5,0.0,0.0,0.0,0.0,0.0,0.0,0.0,0.0,0.0,0.43,moderate,0.0,0.0,0.0,0
2026-07-26T15:12:13.640637,07/06 07:23,25.88,0.0,,,,18.0,29.0,0.0,0.0,0.0,0.0,0.0,0.0,0.0,0.0,0.0,0.43,moderate,0.0,0.0,0.0,0
2026-07-26T15:12:13.656635,07/06 08:23,27.1,0.0,,,,18.0,29.0,0.0,0.0,0.0,0.0,0.0,0.0,0.0,0.0,0.0,0.43,moderate,0.0,0.0,0.0,0
2026-07-26T15:12:13.672636,07/06 09:15,28.58,0.0,,,,18.0,29.0,0.0,0.0,0.0,0.0,0.0,0.0,0.0,0.0,0.0,0.43,moderate,0.0,0.0,0.0,0
2026-07-26T15:12:13.686634,07/06 10:15,29.82,0.0,,,,18.0,29.0,0.0,0.0,0.0,0.0,0.0,0.0,0.0,0.0,0.0,0.3,low,0.0,0.0,0.0,0
2026-07-26T15:12:13.699635,07/06 11:15,31.25,0.0,,,,18.0,29.0,0.0,0.0,0.0,0.0,0.0,0.0,0.0,0.0,0.0,0.3,low,0.0,0.0,0.0,0
2026-07-26T15:12:13.712634,07/06 12:15,31.82,0.0,,,,18.0,29.0,0.0,0.0,0.0,0.0,0.0,0.0,0.0,0.0,0.0,0.3,low,0.0,0.0,0.0,0
2026-07-26T15:12:27.352500,07/06 13:15,32.35,0.0,,,,18.0,29.0,0.0,0.0,0.0,0.0,0.0,0.0,0.0,0.0,0.0,0.3,low,0.0,0.0,0.0,0
2026-07-26T15:12:27.368498,07/06 14:23,32.65,0.0,,,,18.0,29.0,0.0,0.0,0.0,0.0,0.0,0.0,0.0,0.0,0.0,0.3,low,0.0,0.0,0.0,0
2026-07-26T15:12:27.383498,07/06 15:23,32.2,0.0,,,,18.0,29.0,0.0,0.0,0.0,0.0,0.0,0.0,0.0,0.0,0.0,0.3,low,0.0,0.0,0.0,0
2026-07-26T15:12:27.396496,07/06 16:23,31.93,0.0,,,,18.0,29.0,0.0,0.0,0.0,0.0,0.0,0.0,0.0,0.0,0.0,0.55,high,0.0,0.0,0.0,0
2026-07-26T15:12:27.409501,07/06 17:15,30.98,0.0,,,,18.0,29.0,0.0,0.0,0.0,0.0,0.0,0.0,0.0,0.0,0.0,0.55,high,0.0,0.0,0.0,0
2026-07-26T15:12:27.421496,07/06 18:23,28.65,0.0,,,,18.0,29.0,0.0,0.0,0.0,0.0,0.0,0.0,0.0,0.0,0.0,0.55,high,0.0,0.0,0.0,0
2026-07-26T15:12:40.603623,07/06 19:20,22.25,0.0,,,,18.0,29.0,0.0,0.0,0.0,0.0,0.0,0.0,0.0,0.0,0.0,0.55,high,0.0,0.0,0.0,0
2026-07-26T15:12:40.620622,07/06 20:23,20.6,0.0,,,,18.0,29.0,0.0,0.0,0.0,0.0,0.0,0.0,0.0,0.0,0.0,0.55,high,0.0,0.0,0.0,0
2026-07-26T15:12:40.635622,07/06 21:23,20.03,0.0,,,,18.0,29.0,0.0,0.0,0.0,0.0,0.0,0.0,0.0,0.0,0.0,0.4,moderate,0.0,0.0,0.0,0
2026-07-26T15:12:40.649619,07/06 22:15,18.88,0.0,,,,18.0,29.0,0.0,0.0,0.0,0.0,0.0,0.0,0.0,0.0,0.0,0.4,moderate,0.0,0.0,0.0,0
2026-07-26T15:12:40.662619,07/06 23:15,20.73,0.0,,,,18.0,29.0,0.0,0.0,0.0,0.0,0.0,0.0,0.0,0.0,0.0,0.4,moderate,0.0,0.0,0.0,0
2026-07-26T15:12:40.675619,07/07 00:15,21.1,0.0,,,,18.0,29.0,0.0,0.0,0.0,0.0,0.0,0.0,0.0,0.0,0.0,0.34,low,0.0,0.0,0.0,0
2026-07-26T15:12:54.378168,07/07 01:15,20.98,0.0,,,,18.0,29.0,0.0,0.0,0.0,0.0,0.0,0.0,0.0,0.0,0.0,0.34,low,0.0,0.0,0.0,0
2026-07-26T15:12:54.394169,07/07 02:15,20.73,0.0,,,,18.0,29.0,0.0,0.0,0.0,0.0,0.0,0.0,0.0,0.0,0.0,0.34,low,0.0,0.0,0.0,0
2026-07-26T15:12:54.411172,07/07 03:15,21.1,0.0,,,,18.0,29.0,0.0,0.0,0.0,0.0,0.0,0.0,0.0,0.0,0.0,0.34,low,0.0,0.0,0.0,0
2026-07-26T15:12:54.426168,07/07 04:15,20.98,0.0,,,,18.0,29.0,0.0,0.0,0.0,0.0,0.0,0.0,0.0,0.0,0.0,0.34,low,0.0,0.0,0.0,0
2026-07-26T15:12:54.440169,07/07 05:15,20.6,0.0,,,,18.0,29.0,0.0,0.0,0.0,0.0,0.0,0.0,0.0,0.0,0.0,0.34,low,0.0,0.0,0.0,0
2026-07-26T15:12:54.453171,07/07 06:15,20.73,0.0,,,,18.0,29.0,0.0,0.0,0.0,0.0,0.0,0.0,0.0,0.0,0.0,0.43,moderate,0.0,0.0,0.0,0
2026-07-26T15:13:08.345098,07/07 07:15,21.25,0.0,,,,18.0,29.0,0.0,0.0,0.0,0.0,0.0,0.0,0.0,0.0,0.0,0.43,moderate,0.0,0.0,0.0,0
2026-07-26T15:13:08.361098,07/07 08:23,22.1,0.0,,,,18.0,29.0,0.0,0.0,0.0,0.0,0.0,0.0,0.0,0.0,0.0,0.43,moderate,0.0,0.0,0.0,0
2026-07-26T15:13:08.378100,07/07 09:23,23.3,0.0,,,,18.0,29.0,0.0,0.0,0.0,0.0,0.0,0.0,0.0,0.0,0.0,0.43,moderate,0.0,0.0,0.0,0
2026-07-26T15:13:08.392100,07/07 10:15,24.28,0.0,,,,18.0,29.0,0.0,0.0,0.0,0.0,0.0,0.0,0.0,0.0,0.0,0.3,low,0.0,0.0,0.0,0
2026-07-26T15:13:08.406098,07/07 11:15,27.62,0.0,,,,18.0,29.0,0.0,0.0,0.0,0.0,0.0,0.0,0.0,0.0,0.0,0.3,low,0.0,0.0,0.0,0
2026-07-26T15:13:08.419103,07/07 12:23,28.47,0.0,,,,18.0,29.0,0.0,0.0,0.0,0.0,0.0,0.0,0.0,0.0,0.0,0.3,low,0.0,0.0,0.0,0
2026-07-26T15:13:22.495735,07/07 13:15,27.07,0.0,,,,18.0,29.0,0.0,0.0,0.0,0.0,0.0,0.0,0.0,0.0,0.0,0.3,low,0.0,0.0,0.0,0
2026-07-26T15:13:22.512693,07/07 14:15,26.7,0.0,,,,18.0,29.0,0.0,0.0,0.0,0.0,0.0,0.0,0.0,0.0,0.0,0.3,low,0.0,0.0,0.0,0
2026-07-26T15:13:22.527694,07/07 15:15,26.42,0.0,,,,18.0,29.0,0.0,0.0,0.0,0.0,0.0,0.0,0.0,0.0,0.0,0.3,low,0.0,0.0,0.0,0
2026-07-26T15:13:22.542035,07/07 16:15,25.18,0.0,,,,18.0,29.0,0.0,0.0,0.0,0.0,0.0,0.0,0.0,0.0,0.0,0.55,high,0.0,0.0,0.0,0
2026-07-26T15:13:22.555035,07/07 17:15,23.75,0.0,,,,18.0,29.0,0.0,0.0,0.0,0.0,0.0,0.0,0.0,0.0,0.0,0.55,high,0.0,0.0,0.0,0
2026-07-26T15:13:22.568040,07/07 18:15,23.3,0.0,,,,18.0,29.0,0.0,0.0,0.0,0.0,0.0,0.0,0.0,0.0,0.0,0.55,high,0.0,0.0,0.0,0
2026-07-26T15:13:36.518979,07/07 19:15,23.18,0.0,,,,18.0,29.0,0.0,0.0,0.0,0.0,0.0,0.0,0.0,0.0,0.0,0.55,high,0.0,0.0,0.0,0
2026-07-26T15:13:36.536063,07/07 20:15,22.8,0.0,,,,18.0,29.0,0.0,0.0,0.0,0.0,0.0,0.0,0.0,0.0,0.0,0.55,high,0.0,0.0,0.0,0
2026-07-26T15:13:36.552406,07/07 21:15,22.53,0.0,,,,18.0,29.0,0.0,0.0,0.0,0.0,0.0,0.0,0.0,0.0,0.0,0.4,moderate,0.0,0.0,0.0,0
2026-07-26T15:13:36.569678,07/07 22:15,21.55,0.0,,,,18.0,29.0,0.0,0.0,0.0,0.0,0.0,0.0,0.0,0.0,0.0,0.4,moderate,0.0,0.0,0.0,0
2026-07-26T15:13:36.586222,07/07 23:15,21.1,0.0,,,,18.0,29.0,0.0,0.0,0.0,0.0,0.0,0.0,0.0,0.0,0.0,0.4,moderate,0.0,0.0,0.0,0
2026-07-26T15:13:36.603229,07/08 00:15,20.98,0.0,,,,18.0,29.0,0.0,0.0,0.0,0.0,0.0,0.0,0.0,0.0,0.0,0.34,low,0.0,0.0,0.0,0
2026-07-26T15:13:51.655540,07/08 01:15,20.3,0.0,,,,18.0,29.0,0.0,0.0,0.0,0.0,0.0,0.0,0.0,0.0,0.0,0.34,low,0.0,0.0,0.0,0
2026-07-26T15:13:51.672539,07/08 02:15,19.12,0.0,,,,18.0,29.0,0.0,0.0,0.0,0.0,0.0,0.0,0.0,0.0,0.0,0.34,low,0.0,0.0,0.0,0
2026-07-26T15:13:51.687539,07/08 03:15,18.3,0.0,,,,18.0,29.0,0.0,0.0,0.0,0.0,0.0,0.0,0.0,0.0,0.0,0.34,low,0.0,0.0,0.0,0
2026-07-26T15:13:51.702538,07/08 04:15,18.03,0.0,,,,18.0,29.0,0.0,0.0,0.0,0.0,0.0,0.0,0.0,0.0,0.0,0.34,low,0.0,0.0,0.0,0
2026-07-26T15:13:51.716539,07/08 05:15,17.9,0.0,,,,18.0,29.0,0.0,0.0,0.0,0.0,0.0,0.0,0.0,0.0,0.0,0.34,low,0.0,0.0,0.0,0
2026-07-26T15:13:51.729539,07/08 06:15,20.15,0.0,,,,18.0,29.0,0.0,0.0,0.0,0.0,0.0,0.0,0.0,0.0,0.0,0.43,moderate,0.0,0.0,0.0,0
2026-07-26T15:14:06.528130,07/08 07:15,20.88,0.0,,,,18.0,29.0,0.3764,0.094094,0.537782,0.094094,0.092197,0.0,0.0,2.175567,0.094094,0.43,moderate,0.04046,0.0,0.04046,0
2026-07-26T15:14:06.547127,07/08 08:15,22.67,0.0,,,,18.0,29.0,0.3764,0.094094,0.585925,0.094094,0.095447,0.0,0.0,2.385481,0.094094,0.43,moderate,0.04046,0.0,0.04046,0
2026-07-26T15:14:06.566128,07/08 09:23,25.6,52.0,23.15,22.03,24.02,20.0,26.0,0.3764,0.094094,0.764364,0.094094,0.125004,0.0,0.0,3.084879,0.094094,0.43,moderate,0.04046,0.0,0.04046,0
2026-07-26T15:14:06.585129,07/08 10:23,26.0,52.0,24.85,23.57,25.5,20.0,25.5,0.382,0.095499,0.804533,0.095499,0.136487,0.0,0.0,3.253428,0.095499,0.3,low,0.02865,0.0,0.02865,0
2026-07-26T15:14:06.603130,07/08 11:23,27.35,52.0,25.28,24.41,25.5,20.0,25.5,0.3964,0.099093,0.948661,0.099093,0.145883,0.0,0.0,3.809089,0.099093,0.3,low,0.029728,0.0,0.029728,0
2026-07-26T15:14:06.619133,07/08 12:15,27.8,41.6,25.33,24.67,25.5,20.0,25.5,0.3978,0.099455,0.986908,0.099455,0.146869,0.0,0.0,3.929101,0.099455,0.3,low,0.029836,0.0,0.029836,0
2026-07-26T15:14:23.708025,07/08 13:15,27.65,20.8,24.78,24.07,25.0,20.5,25.0,0.3903,0.097576,0.937516,0.097576,0.146869,0.0,0.0,3.718721,0.097576,0.3,low,0.029273,0.0,0.029273,0
2026-07-26T15:14:23.726025,07/08 14:15,27.35,41.6,24.87,24.43,25.0,20.5,25.0,0.4061,0.101526,1.030634,0.101526,0.147458,0.0,0.0,4.131872,0.101526,0.3,low,0.030458,0.0,0.030458,0
2026-07-26T15:14:23.743023,07/08 15:15,27.93,52.0,25.0,25.0,25.0,20.5,25.0,0.4212,0.105298,1.167591,0.105298,0.147458,0.0,0.0,4.650511,0.105298,0.3,low,0.031589,0.0,0.031589,0
2026-07-26T15:14:23.759024,07/08 16:15,28.18,52.0,24.99,24.94,25.0,20.5,25.0,0.4172,0.104296,1.13815,0.104296,0.147458,0.0,0.0,4.510146,0.104296,0.55,high,0.057363,0.0,0.057363,0
2026-07-26T15:14:23.776024,07/08 17:15,27.65,52.0,24.92,24.6,25.0,20.5,25.0,0.4042,0.101043,1.067657,0.101043,0.147458,0.0,0.0,4.248923,0.101043,0.55,high,0.055574,0.0,0.055574,0
2026-07-26T15:14:23.792023,07/08 18:15,26.8,52.0,24.84,24.27,25.0,20.5,25.0,0.39,0.097501,0.959908,0.097501,0.147458,0.0,0.0,3.835178,0.097501,0.55,high,0.053626,0.0,0.053626,0
2026-07-26T15:14:39.385224,07/08 19:15,25.6,26.0,23.67,22.91,24.14,20.0,26.0,0.3764,0.094094,0.686255,0.094094,0.127768,0.0,0.0,2.733357,0.094094,0.55,high,0.051752,0.0,0.051752,0
2026-07-26T15:14:39.404223,07/08 20:15,25.03,0.0,,,,20.0,26.0,0.3764,0.094094,0.752292,0.094094,0.138515,0.0,0.0,3.020801,0.094094,0.55,high,0.051752,0.0,0.051752,0
2026-07-26T15:14:39.419230,07/08 21:15,23.3,0.0,,,,20.0,26.0,0.0,0.0,0.0,0.0,0.0,0.0,0.0,0.0,0.0,0.4,moderate,0.0,0.0,0.0,0
2026-07-26T15:14:39.433223,07/08 22:15,23.3,0.0,,,,20.0,26.0,0.0,0.0,0.0,0.0,0.0,0.0,0.0,0.0,0.0,0.4,moderate,0.0,0.0,0.0,0
2026-07-26T15:14:39.447223,07/08 23:15,23.03,0.0,,,,20.0,26.0,0.0,0.0,0.0,0.0,0.0,0.0,0.0,0.0,0.0,0.4,moderate,0.0,0.0,0.0,0
2026-07-26T15:14:39.461223,07/09 00:15,21.92,0.0,,,,20.0,26.0,0.0,0.0,0.0,0.0,0.0,0.0,0.0,0.0,0.0,0.34,low,0.0,0.0,0.0,0
2026-07-26T15:14:54.009276,07/09 01:15,21.1,0.0,,,,18.0,28.0,0.0,0.0,0.0,0.0,0.0,0.0,0.0,0.0,0.0,0.34,low,0.0,0.0,0.0,0
2026-07-26T15:14:54.027275,07/09 02:15,21.25,0.0,,,,18.0,28.0,0.0,0.0,0.0,0.0,0.0,0.0,0.0,0.0,0.0,0.34,low,0.0,0.0,0.0,0
2026-07-26T15:14:54.043274,07/09 03:15,21.55,0.0,,,,18.0,28.0,0.0,0.0,0.0,0.0,0.0,0.0,0.0,0.0,0.0,0.34,low,0.0,0.0,0.0,0
2026-07-26T15:14:54.057274,07/09 04:15,21.1,0.0,,,,18.0,28.0,0.0,0.0,0.0,0.0,0.0,0.0,0.0,0.0,0.0,0.34,low,0.0,0.0,0.0,0
2026-07-26T15:14:54.073281,07/09 05:15,21.25,0.0,,,,18.0,28.0,0.0,0.0,0.0,0.0,0.0,0.0,0.0,0.0,0.0,0.34,low,0.0,0.0,0.0,0
2026-07-26T15:14:54.089274,07/09 06:15,21.7,0.0,,,,18.0,28.0,0.0,0.0,0.0,0.0,0.0,0.0,0.0,0.0,0.0,0.43,moderate,0.0,0.0,0.0,0
2026-07-26T15:15:08.347840,07/09 07:15,21.7,0.0,,,,18.0,29.0,0.3764,0.094094,0.541134,0.094094,0.094463,0.0,0.0,2.172229,0.094094,0.43,moderate,0.04046,0.0,0.04046,0
2026-07-26T15:15:08.365838,07/09 08:15,21.12,0.0,,,,18.0,29.0,0.3764,0.094094,0.5401,0.094094,0.090927,0.0,0.0,2.171,0.094094,0.43,moderate,0.04046,0.0,0.04046,0
2026-07-26T15:15:08.384836,07/09 09:23,19.7,52.0,22.71,21.94,23.45,20.0,26.0,0.3764,0.094094,0.404989,0.094094,0.078674,0.0,0.0,1.530639,0.094094,0.43,moderate,0.04046,0.0,0.04046,0
2026-07-26T15:15:08.401837,07/09 10:15,20.88,52.0,24.42,23.52,25.33,20.0,26.0,0.3764,0.094094,0.420703,0.094094,0.089688,0.0,0.0,1.595754,0.094094,0.3,low,0.028228,0.0,0.028228,0
2026-07-26T15:15:08.416838,07/09 11:15,21.7,52.0,25.04,24.22,25.5,20.0,25.5,0.3819,0.095477,0.472942,0.095477,0.098925,0.0,0.0,1.84057,0.095477,0.3,low,0.028643,0.0,0.028643,0
2026-07-26T15:15:08.434843,07/09 12:15,21.97,41.6,25.2,24.35,25.5,20.0,25.5,0.3835,0.095877,0.490106,0.095877,0.098925,0.0,0.0,1.927204,0.095877,0.3,low,0.028763,0.0,0.028763,0
2026-07-26T15:15:23.742869,07/09 13:15,22.93,20.8,24.77,24.15,25.0,20.5,25.0,0.3916,0.097909,0.538668,0.097909,0.099079,0.0,0.0,2.135325,0.097909,0.3,low,0.029373,0.0,0.029373,0
2026-07-26T15:15:23.760869,07/09 14:15,23.3,41.6,24.99,24.98,25.0,20.5,25.0,0.4129,0.103231,0.642211,0.103231,0.100085,0.0,0.0,2.619036,0.103231,0.3,low,0.030969,0.0,0.030969,0
2026-07-26T15:15:23.778871,07/09 15:15,23.18,52.0,25.0,25.0,25.0,20.5,25.0,0.431,0.107759,0.694506,0.107759,0.096131,0.0,0.0,2.859653,0.107759,0.3,low,0.032328,0.0,0.032328,0
2026-07-26T15:15:23.794868,07/09 16:15,22.8,52.0,24.98,24.89,25.0,20.5,25.0,0.4227,0.105667,0.646672,0.105667,0.093374,0.0,0.0,2.646875,0.105667,0.55,high,0.058117,0.0,0.058117,0
2026-07-26T15:15:23.810870,07/09 17:15,22.53,52.0,24.87,24.35,25.0,20.5,25.0,0.4034,0.100848,0.528028,0.100848,0.088776,0.0,0.0,2.091789,0.100848,0.55,high,0.055466,0.0,0.055466,0
2026-07-26T15:15:23.825864,07/09 18:15,21.27,52.0,24.78,23.91,25.0,20.5,25.0,0.3889,0.097225,0.372217,0.097225,0.081567,0.0,0.0,1.3257,0.097225,0.55,high,0.053474,0.0,0.053474,0
2026-07-26T15:15:39.634007,07/09 19:23,19.73,26.0,23.57,22.48,24.15,20.0,26.0,0.3764,0.094094,0.276491,0.094094,0.079291,0.0,0.0,0.871348,0.094094,0.55,high,0.051752,0.0,0.051752,0
2026-07-26T15:15:39.653005,07/09 20:23,18.47,0.0,,,,20.0,26.0,0.3764,0.094094,0.253099,0.094094,0.075716,0.0,0.0,0.758528,0.094094,0.55,high,0.051752,0.0,0.051752,0
2026-07-26T15:15:39.668968,07/09 21:15,16.8,0.0,,,,20.0,26.0,0.0,0.0,0.0,0.0,0.0,0.0,0.0,0.0,0.0,0.4,moderate,0.0,0.0,0.0,0
2026-07-26T15:15:39.681962,07/09 22:15,15.45,0.0,,,,20.0,26.0,0.0,0.0,0.0,0.0,0.0,0.0,0.0,0.0,0.0,0.4,moderate,0.0,0.0,0.0,0
2026-07-26T15:15:39.693965,07/09 23:15,14.72,0.0,,,,20.0,26.0,0.0,0.0,0.0,0.0,0.0,0.0,0.0,0.0,0.0,0.4,moderate,0.0,0.0,0.0,0
2026-07-26T15:15:39.708158,07/10 00:15,14.03,0.0,,,,20.0,26.0,0.0,0.0,0.0,0.0,0.0,0.0,0.0,0.0,0.0,0.34,low,0.0,0.0,0.0,0
2026-07-26T15:15:54.510734,07/10 01:15,14.55,0.0,,,,18.0,28.0,0.0,0.0,0.0,0.0,0.0,0.0,0.0,0.0,0.0,0.34,low,0.0,0.0,0.0,0
2026-07-26T15:15:54.527735,07/10 02:15,14.85,0.0,,,,18.0,28.0,0.0,0.0,0.0,0.0,0.0,0.0,0.0,0.0,0.0,0.34,low,0.0,0.0,0.0,0
2026-07-26T15:15:54.545735,07/10 03:15,14.55,0.0,,,,18.0,28.0,0.0,0.0,0.0,0.0,0.0,0.0,0.0,0.0,0.0,0.34,low,0.0,0.0,0.0,0
2026-07-26T15:15:54.559735,07/10 04:15,15.15,0.0,,,,18.0,28.0,0.0,0.0,0.0,0.0,0.0,0.0,0.0,0.0,0.0,0.34,low,0.0,0.0,0.0,0
2026-07-26T15:15:54.573733,07/10 05:15,16.0,0.0,,,,18.0,28.0,0.0,0.0,0.0,0.0,0.0,0.0,0.0,0.0,0.0,0.34,low,0.0,0.0,0.0,0
2026-07-26T15:15:54.586734,07/10 06:15,17.75,0.0,,,,18.0,28.0,0.0,0.0,0.0,0.0,0.0,0.0,0.0,0.0,0.0,0.43,moderate,0.0,0.0,0.0,0
2026-07-26T15:16:08.391453,07/10 07:15,19.7,0.0,,,,18.0,29.0,0.3764,0.094094,0.372882,0.094094,0.061936,0.0,0.0,1.402696,0.094094,0.43,moderate,0.04046,0.0,0.04046,0
2026-07-26T15:16:08.409499,07/10 08:15,21.0,0.0,,,,18.0,29.0,0.3764,0.094094,0.433664,0.094094,0.06904,0.0,0.0,1.686713,0.094094,0.43,moderate,0.04046,0.0,0.04046,0
2026-07-26T15:16:08.426449,07/10 09:23,22.47,52.0,22.62,21.83,23.43,20.0,26.0,0.3764,0.094094,0.514571,0.094094,0.086193,0.0,0.0,2.040271,0.094094,0.43,moderate,0.04046,0.0,0.04046,0
2026-07-26T15:16:08.442501,07/10 10:23,23.18,52.0,24.31,23.41,25.25,20.0,26.0,0.3764,0.094094,0.564359,0.094094,0.105373,0.0,0.0,2.240865,0.094094,0.3,low,0.028228,0.0,0.028228,0
2026-07-26T15:16:08.457453,07/10 11:15,22.65,52.0,24.88,24.04,25.5,20.0,25.5,0.3793,0.094821,0.562345,0.094821,0.112138,0.0,0.0,2.238154,0.094821,0.3,low,0.028446,0.0,0.028446,0
2026-07-26T15:16:08.472459,07/10 12:15,22.75,41.6,24.94,24.11,25.5,20.0,25.5,0.3802,0.095062,0.599539,0.095062,0.115871,0.0,0.0,2.423046,0.095062,0.3,low,0.028519,0.0,0.028519,0
2026-07-26T15:16:23.153414,07/10 13:15,24.4,20.8,24.72,24.11,25.0,20.5,25.0,0.3875,0.096867,0.715263,0.096867,0.124353,0.0,0.0,2.904843,0.096867,0.3,low,0.02906,0.0,0.02906,0
2026-07-26T15:16:23.171413,07/10 14:15,24.27,41.6,24.92,24.66,25.0,20.5,25.0,0.4049,0.101234,0.771901,0.101234,0.12079,0.0,0.0,3.150295,0.101234,0.3,low,0.03037,0.0,0.03037,0
2026-07-26T15:16:23.186446,07/10 15:15,23.35,52.0,24.87,24.55,25.0,20.5,25.0,0.4038,0.100939,0.826902,0.100939,0.127437,0.0,0.0,3.39929,0.100939,0.3,low,0.030282,0.0,0.030282,0
2026-07-26T15:16:23.202415,07/10 16:15,21.55,52.0,24.74,24.26,25.0,20.5,25.0,0.3931,0.098274,0.674071,0.098274,0.115102,0.0,0.0,2.771479,0.098274,0.55,high,0.054051,0.0,0.054051,0
2026-07-26T15:16:23.217411,07/10 17:15,21.1,52.0,24.56,23.98,25.0,20.5,25.0,0.3826,0.095639,0.557541,0.095639,0.107789,0.0,0.0,2.241518,0.095639,0.55,high,0.052601,0.0,0.052601,0
2026-07-26T15:16:23.234710,07/10 18:15,21.25,52.0,24.35,23.63,25.0,20.5,25.0,0.3799,0.094984,0.52192,0.094984,0.105094,0.0,0.0,2.075806,0.094984,0.55,high,0.052241,0.0,0.052241,0
2026-07-26T15:16:38.928946,07/10 19:15,21.55,26.0,23.05,22.3,23.88,20.0,26.0,0.3764,0.094094,0.50582,0.094094,0.10649,0.0,0.0,1.990072,0.094094,0.55,high,0.051752,0.0,0.051752,0
2026-07-26T15:16:38.946947,07/10 20:15,21.1,0.0,,,,20.0,26.0,0.3764,0.094094,0.521926,0.094094,0.110625,0.0,0.0,2.073287,0.094094,0.55,high,0.051752,0.0,0.051752,0
2026-07-26T15:16:38.962946,07/10 21:15,21.25,0.0,,,,20.0,26.0,0.0,0.0,0.0,0.0,0.0,0.0,0.0,0.0,0.0,0.4,moderate,0.0,0.0,0.0,0
2026-07-26T15:16:38.977945,07/10 22:15,21.55,0.0,,,,20.0,26.0,0.0,0.0,0.0,0.0,0.0,0.0,0.0,0.0,0.0,0.4,moderate,0.0,0.0,0.0,0
2026-07-26T15:16:38.991945,07/10 23:15,20.98,0.0,,,,20.0,26.0,0.0,0.0,0.0,0.0,0.0,0.0,0.0,0.0,0.0,0.4,moderate,0.0,0.0,0.0,0
2026-07-26T15:16:39.004945,07/11 00:15,20.6,0.0,,,,20.0,26.0,0.0,0.0,0.0,0.0,0.0,0.0,0.0,0.0,0.0,0.34,low,0.0,0.0,0.0,0
2026-07-26T15:16:53.840751,07/11 01:15,20.6,0.0,,,,18.0,28.0,0.0,0.0,0.0,0.0,0.0,0.0,0.0,0.0,0.0,0.34,low,0.0,0.0,0.0,0
2026-07-26T15:16:53.858752,07/11 02:15,20.6,0.0,,,,18.0,28.0,0.0,0.0,0.0,0.0,0.0,0.0,0.0,0.0,0.0,0.34,low,0.0,0.0,0.0,0
2026-07-26T15:16:53.875842,07/11 03:15,20.6,0.0,,,,18.0,28.0,0.0,0.0,0.0,0.0,0.0,0.0,0.0,0.0,0.0,0.34,low,0.0,0.0,0.0,0
2026-07-26T15:16:53.893751,07/11 04:15,20.6,0.0,,,,18.0,28.0,0.0,0.0,0.0,0.0,0.0,0.0,0.0,0.0,0.0,0.34,low,0.0,0.0,0.0,0
2026-07-26T15:16:53.909749,07/11 05:15,20.6,0.0,,,,18.0,28.0,0.0,0.0,0.0,0.0,0.0,0.0,0.0,0.0,0.0,0.34,low,0.0,0.0,0.0,0
2026-07-26T15:16:53.923750,07/11 06:15,20.73,0.0,,,,18.0,28.0,0.0,0.0,0.0,0.0,0.0,0.0,0.0,0.0,0.0,0.43,moderate,0.0,0.0,0.0,0
2026-07-26T15:17:09.087310,07/11 07:15,21.25,0.0,,,,18.0,29.0,0.3764,0.094094,0.526228,0.094094,0.091633,0.0,0.0,2.112588,0.094094,0.43,moderate,0.04046,0.0,0.04046,0
2026-07-26T15:17:09.109309,07/11 08:15,21.7,0.0,,,,18.0,29.0,0.3764,0.094094,0.561852,0.094094,0.093336,0.0,0.0,2.273355,0.094094,0.43,moderate,0.04046,0.0,0.04046,0
2026-07-26T15:17:09.128309,07/11 09:23,21.82,52.0,22.51,21.72,23.18,20.0,26.0,0.3764,0.094094,0.568771,0.094094,0.100072,0.0,0.0,2.294951,0.094094,0.43,moderate,0.04046,0.0,0.04046,0
2026-07-26T15:17:09.145309,07/11 10:15,22.2,52.0,23.96,23.01,24.74,20.0,26.0,0.3764,0.094094,0.584062,0.094094,0.111752,0.0,0.0,2.346775,0.094094,0.3,low,0.028228,0.0,0.028228,0
2026-07-26T15:17:09.161311,07/11 11:15,22.35,52.0,24.72,23.77,25.59,20.0,26.0,0.3764,0.094094,0.626111,0.094094,0.123369,0.0,0.0,2.536895,0.094094,0.3,low,0.028228,0.0,0.028228,0
2026-07-26T15:17:09.176309,07/11 12:15,22.93,41.6,25.05,24.31,25.5,20.0,25.5,0.3826,0.095643,0.678533,0.095643,0.124171,0.0,0.0,2.768115,0.095643,0.3,low,0.028693,0.0,0.028693,0
2026-07-26T15:17:25.687332,07/11 13:15,23.45,20.8,24.76,24.22,25.0,20.5,25.0,0.3889,0.097228,0.748159,0.097228,0.128496,0.0,0.0,3.068929,0.097228,0.3,low,0.029168,0.0,0.029168,0
2026-07-26T15:17:25.707330,07/11 14:15,24.02,41.6,24.95,24.77,25.0,20.5,25.0,0.4069,0.101725,0.851106,0.101725,0.130136,0.0,0.0,3.50299,0.101725,0.3,low,0.030517,0.0,0.030517,0
2026-07-26T15:17:25.724329,07/11 15:15,24.7,52.0,25.0,25.0,25.0,20.5,25.0,0.4183,0.104569,0.934044,0.104569,0.132118,0.0,0.0,3.844469,0.104569,0.3,low,0.031371,0.0,0.031371,0
2026-07-26T15:17:25.739329,07/11 16:15,25.6,52.0,24.98,24.92,25.0,20.5,25.0,0.4201,0.105029,0.983315,0.105029,0.134834,0.0,0.0,4.00659,0.105029,0.55,high,0.057766,0.0,0.057766,0
2026-07-26T15:17:25.755329,07/11 17:15,25.6,52.0,24.9,24.51,25.0,20.5,25.0,0.4037,0.100929,0.887466,0.100929,0.132174,0.0,0.0,3.603271,0.100929,0.55,high,0.055511,0.0,0.055511,0
2026-07-26T15:17:25.770329,07/11 18:15,25.45,52.0,24.83,24.17,25.0,20.5,25.0,0.3914,0.097851,0.822937,0.097851,0.132173,0.0,0.0,3.324461,0.097851,0.55,high,0.053818,0.0,0.053818,0
2026-07-26T15:17:43.256553,07/11 19:23,24.85,26.0,23.71,22.83,24.13,20.0,26.0,0.3764,0.094094,0.695092,0.094094,0.129655,0.0,0.0,2.787993,0.094094,0.55,high,0.051752,0.0,0.051752,0
2026-07-26T15:17:43.273556,07/11 20:15,24.27,0.0,,,,20.0,26.0,0.3764,0.094094,0.644686,0.094094,0.124687,0.0,0.0,2.578202,0.094094,0.55,high,0.051752,0.0,0.051752,0
2026-07-26T15:17:43.289553,07/11 21:15,23.75,0.0,,,,20.0,26.0,0.0,0.0,0.0,0.0,0.0,0.0,0.0,0.0,0.0,0.4,moderate,0.0,0.0,0.0,0
2026-07-26T15:17:43.303558,07/11 22:15,22.75,0.0,,,,20.0,26.0,0.0,0.0,0.0,0.0,0.0,0.0,0.0,0.0,0.0,0.4,moderate,0.0,0.0,0.0,0
2026-07-26T15:17:43.317555,07/11 23:15,21.38,0.0,,,,20.0,26.0,0.0,0.0,0.0,0.0,0.0,0.0,0.0,0.0,0.0,0.4,moderate,0.0,0.0,0.0,0
2026-07-26T15:17:43.332555,07/12 00:15,22.07,0.0,,,,20.0,26.0,0.0,0.0,0.0,0.0,0.0,0.0,0.0,0.0,0.0,0.34,low,0.0,0.0,0.0,0
2026-07-26T15:17:58.416869,07/12 01:15,21.27,0.0,,,,18.0,28.0,0.0,0.0,0.0,0.0,0.0,0.0,0.0,0.0,0.0,0.34,low,0.0,0.0,0.0,0
2026-07-26T15:17:58.434868,07/12 02:15,19.85,0.0,,,,18.0,28.0,0.0,0.0,0.0,0.0,0.0,0.0,0.0,0.0,0.0,0.34,low,0.0,0.0,0.0,0
2026-07-26T15:17:58.448869,07/12 03:15,19.27,0.0,,,,18.0,28.0,0.0,0.0,0.0,0.0,0.0,0.0,0.0,0.0,0.0,0.34,low,0.0,0.0,0.0,0
2026-07-26T15:17:58.464870,07/12 04:15,19.02,0.0,,,,18.0,28.0,0.0,0.0,0.0,0.0,0.0,0.0,0.0,0.0,0.0,0.34,low,0.0,0.0,0.0,0
2026-07-26T15:17:58.479872,07/12 05:15,19.7,0.0,,,,18.0,28.0,0.0,0.0,0.0,0.0,0.0,0.0,0.0,0.0,0.0,0.34,low,0.0,0.0,0.0,0
2026-07-26T15:17:58.495869,07/12 06:15,20.73,0.0,,,,18.0,28.0,0.0,0.0,0.0,0.0,0.0,0.0,0.0,0.0,0.0,0.43,moderate,0.0,0.0,0.0,0
2026-07-26T15:18:12.671211,07/12 07:15,21.38,0.0,,,,18.0,29.0,0.3764,0.094094,0.553629,0.094094,0.095675,0.0,0.0,2.24231,0.094094,0.43,moderate,0.04046,0.0,0.04046,0
2026-07-26T15:18:12.687210,07/12 08:15,22.07,0.0,,,,18.0,29.0,0.3764,0.094094,0.623814,0.094094,0.10191,0.0,0.0,2.549062,0.094094,0.43,moderate,0.04046,0.0,0.04046,0
2026-07-26T15:18:12.704214,07/12 09:23,22.25,52.0,22.59,21.78,23.31,20.0,26.0,0.3764,0.094094,0.597973,0.094094,0.10452,0.0,0.0,2.427847,0.094094,0.43,moderate,0.04046,0.0,0.04046,0
2026-07-26T15:18:12.719211,07/12 10:23,24.17,52.0,24.45,23.51,25.38,20.0,26.0,0.3764,0.094094,0.69858,0.094094,0.127754,0.0,0.0,2.828444,0.094094,0.3,low,0.028228,0.0,0.028228,0
2026-07-26T15:18:12.736210,07/12 11:23,24.85,52.0,25.05,24.18,25.5,20.0,25.5,0.3819,0.095483,0.675047,0.095483,0.123282,0.0,0.0,2.706348,0.095483,0.3,low,0.028645,0.0,0.028645,0
2026-07-26T15:18:12.750209,07/12 12:15,24.7,41.6,25.22,24.47,25.5,20.0,25.5,0.388,0.096988,0.72713,0.096988,0.124688,0.0,0.0,2.962611,0.096988,0.3,low,0.029096,0.0,0.029096,0
2026-07-26T15:18:27.854779,07/12 13:15,25.88,20.8,24.88,24.46,25.0,20.5,25.0,0.3983,0.099585,0.796447,0.099585,0.125498,0.0,0.0,3.218598,0.099585,0.3,low,0.029875,0.0,0.029875,0
2026-07-26T15:18:27.870783,07/12 14:15,26.97,41.6,25.0,25.0,25.0,20.5,25.0,0.4272,0.106811,0.965347,0.106811,0.130206,0.0,0.0,3.902186,0.106811,0.3,low,0.032043,0.0,0.032043,0
2026-07-26T15:18:27.886780,07/12 15:15,27.53,52.0,25.0,25.0,25.0,20.5,25.0,0.4386,0.109657,1.062612,0.109657,0.133233,0.0,0.0,4.241937,0.109657,0.3,low,0.032897,0.0,0.032897,0
2026-07-26T15:18:27.900779,07/12 16:15,26.7,52.0,24.97,24.88,25.0,20.5,25.0,0.4134,0.103359,0.932559,0.103359,0.130218,0.0,0.0,3.762963,0.103359,0.55,high,0.056847,0.0,0.056847,0
2026-07-26T15:18:27.914779,07/12 17:15,26.55,52.0,24.91,24.58,25.0,20.5,25.0,0.4014,0.100351,0.854631,0.100351,0.127366,0.0,0.0,3.434563,0.100351,0.55,high,0.055193,0.0,0.055193,0
2026-07-26T15:18:27.928780,07/12 18:15,25.83,52.0,24.84,24.23,25.0,20.5,25.0,0.39,0.097497,0.769414,0.097497,0.125429,0.0,0.0,3.085426,0.097497,0.55,high,0.053623,0.0,0.053623,0
2026-07-26T15:18:42.405650,07/12 19:15,24.85,26.0,23.73,22.9,24.17,20.0,26.0,0.3764,0.094094,0.662222,0.094094,0.125838,0.0,0.0,2.645006,0.094094,0.55,high,0.051752,0.0,0.051752,0
2026-07-26T15:18:42.423650,07/12 20:15,24.27,0.0,,,,20.0,26.0,0.3764,0.094094,0.67157,0.094094,0.128425,0.0,0.0,2.698093,0.094094,0.55,high,0.051752,0.0,0.051752,0
2026-07-26T15:18:42.437648,07/12 21:15,23.75,0.0,,,,20.0,26.0,0.0,0.0,0.0,0.0,0.0,0.0,0.0,0.0,0.0,0.4,moderate,0.0,0.0,0.0,0
2026-07-26T15:18:42.451648,07/12 22:15,23.3,0.0,,,,20.0,26.0,0.0,0.0,0.0,0.0,0.0,0.0,0.0,0.0,0.0,0.4,moderate,0.0,0.0,0.0,0
2026-07-26T15:18:42.464648,07/12 23:15,23.03,0.0,,,,20.0,26.0,0.0,0.0,0.0,0.0,0.0,0.0,0.0,0.0,0.0,0.4,moderate,0.0,0.0,0.0,0
2026-07-26T15:18:42.477648,07/13 00:15,21.92,0.0,,,,20.0,26.0,0.0,0.0,0.0,0.0,0.0,0.0,0.0,0.0,0.0,0.34,low,0.0,0.0,0.0,0
2026-07-26T15:18:57.060219,07/13 01:15,20.83,0.0,,,,18.0,28.0,0.0,0.0,0.0,0.0,0.0,0.0,0.0,0.0,0.0,0.34,low,0.0,0.0,0.0,0
2026-07-26T15:18:57.077219,07/13 02:15,19.73,0.0,,,,18.0,28.0,0.0,0.0,0.0,0.0,0.0,0.0,0.0,0.0,0.0,0.34,low,0.0,0.0,0.0,0
2026-07-26T15:18:57.092219,07/13 03:15,18.75,0.0,,,,18.0,28.0,0.0,0.0,0.0,0.0,0.0,0.0,0.0,0.0,0.0,0.34,low,0.0,0.0,0.0,0
2026-07-26T15:18:57.105220,07/13 04:15,18.18,0.0,,,,18.0,28.0,0.0,0.0,0.0,0.0,0.0,0.0,0.0,0.0,0.0,0.34,low,0.0,0.0,0.0,0
2026-07-26T15:18:57.118220,07/13 05:15,18.2,0.0,,,,18.0,28.0,0.0,0.0,0.0,0.0,0.0,0.0,0.0,0.0,0.0,0.34,low,0.0,0.0,0.0,0
2026-07-26T15:18:57.133219,07/13 06:23,19.82,0.0,,,,18.0,28.0,0.0,0.0,0.0,0.0,0.0,0.0,0.0,0.0,0.0,0.43,moderate,0.0,0.0,0.0,0
2026-07-26T15:19:10.715017,07/13 07:20,21.65,0.0,,,,18.0,29.0,0.0,0.0,0.0,0.0,0.0,0.0,0.0,0.0,0.0,0.43,moderate,0.0,0.0,0.0,0
2026-07-26T15:19:10.733016,07/13 08:23,23.73,0.0,,,,18.0,29.0,0.0,0.0,0.0,0.0,0.0,0.0,0.0,0.0,0.0,0.43,moderate,0.0,0.0,0.0,0
2026-07-26T15:19:10.748017,07/13 09:23,25.27,0.0,,,,18.0,29.0,0.0,0.0,0.0,0.0,0.0,0.0,0.0,0.0,0.0,0.43,moderate,0.0,0.0,0.0,0
2026-07-26T15:19:10.761016,07/13 10:15,26.38,0.0,,,,18.0,29.0,0.0,0.0,0.0,0.0,0.0,0.0,0.0,0.0,0.0,0.3,low,0.0,0.0,0.0,0
2026-07-26T15:19:10.774015,07/13 11:15,27.62,0.0,,,,18.0,29.0,0.0,0.0,0.0,0.0,0.0,0.0,0.0,0.0,0.0,0.3,low,0.0,0.0,0.0,0
2026-07-26T15:19:10.787015,07/13 12:15,28.9,0.0,,,,18.0,29.0,0.0,0.0,0.0,0.0,0.0,0.0,0.0,0.0,0.0,0.3,low,0.0,0.0,0.0,0
2026-07-26T15:19:25.094913,07/13 13:15,28.9,0.0,,,,18.0,29.0,0.0,0.0,0.0,0.0,0.0,0.0,0.0,0.0,0.0,0.3,low,0.0,0.0,0.0,0
2026-07-26T15:19:25.111913,07/13 14:15,28.9,0.0,,,,18.0,29.0,0.0,0.0,0.0,0.0,0.0,0.0,0.0,0.0,0.0,0.3,low,0.0,0.0,0.0,0
2026-07-26T15:19:25.127913,07/13 15:23,28.75,0.0,,,,18.0,29.0,0.0,0.0,0.0,0.0,0.0,0.0,0.0,0.0,0.0,0.3,low,0.0,0.0,0.0,0
2026-07-26T15:19:25.144914,07/13 16:23,28.3,0.0,,,,18.0,29.0,0.0,0.0,0.0,0.0,0.0,0.0,0.0,0.0,0.0,0.55,high,0.0,0.0,0.0,0
2026-07-26T15:19:25.159915,07/13 17:15,28.03,0.0,,,,18.0,29.0,0.0,0.0,0.0,0.0,0.0,0.0,0.0,0.0,0.0,0.55,high,0.0,0.0,0.0,0
2026-07-26T15:19:25.173919,07/13 18:15,26.8,0.0,,,,18.0,29.0,0.0,0.0,0.0,0.0,0.0,0.0,0.0,0.0,0.0,0.55,high,0.0,0.0,0.0,0
2026-07-26T15:19:39.279466,07/13 19:23,25.03,0.0,,,,18.0,29.0,0.0,0.0,0.0,0.0,0.0,0.0,0.0,0.0,0.0,0.55,high,0.0,0.0,0.0,0
2026-07-26T15:19:39.296464,07/13 20:23,22.9,0.0,,,,18.0,29.0,0.0,0.0,0.0,0.0,0.0,0.0,0.0,0.0,0.0,0.55,high,0.0,0.0,0.0,0
2026-07-26T15:19:39.313464,07/13 21:23,21.42,0.0,,,,18.0,29.0,0.0,0.0,0.0,0.0,0.0,0.0,0.0,0.0,0.0,0.4,moderate,0.0,0.0,0.0,0
2026-07-26T15:19:39.330463,07/13 22:15,20.18,0.0,,,,18.0,29.0,0.0,0.0,0.0,0.0,0.0,0.0,0.0,0.0,0.0,0.4,moderate,0.0,0.0,0.0,0
2026-07-26T15:19:39.345462,07/13 23:15,18.75,0.0,,,,18.0,29.0,0.0,0.0,0.0,0.0,0.0,0.0,0.0,0.0,0.0,0.4,moderate,0.0,0.0,0.0,0
2026-07-26T15:19:39.362462,07/14 00:15,18.3,0.0,,,,18.0,29.0,0.0,0.0,0.0,0.0,0.0,0.0,0.0,0.0,0.0,0.34,low,0.0,0.0,0.0,0
2026-07-26T15:19:54.695891,07/14 01:15,18.18,0.0,,,,18.0,29.0,0.0,0.0,0.0,0.0,0.0,0.0,0.0,0.0,0.0,0.34,low,0.0,0.0,0.0,0
2026-07-26T15:19:54.713890,07/14 02:15,17.65,0.0,,,,18.0,29.0,0.0,0.0,0.0,0.0,0.0,0.0,0.0,0.0,0.0,0.34,low,0.0,0.0,0.0,0
2026-07-26T15:19:54.729890,07/14 03:15,17.2,0.0,,,,18.0,29.0,0.0,0.0,0.0,0.0,0.0,0.0,0.0,0.0,0.0,0.34,low,0.0,0.0,0.0,0
2026-07-26T15:19:54.743889,07/14 04:15,17.47,0.0,,,,18.0,29.0,0.0,0.0,0.0,0.0,0.0,0.0,0.0,0.0,0.0,0.34,low,0.0,0.0,0.0,0
2026-07-26T15:19:54.757891,07/14 05:15,18.58,0.0,,,,18.0,29.0,0.0,0.0,0.0,0.0,0.0,0.0,0.0,0.0,0.0,0.34,low,0.0,0.0,0.0,0
2026-07-26T15:19:54.771890,07/14 06:15,19.7,0.0,,,,18.0,29.0,0.0,0.0,0.0,0.0,0.0,0.0,0.0,0.0,0.0,0.43,moderate,0.0,0.0,0.0,0
2026-07-26T15:20:09.534397,07/14 07:23,20.88,0.0,,,,18.0,29.0,0.0,0.0,0.0,0.0,0.0,0.0,0.0,0.0,0.0,0.43,moderate,0.0,0.0,0.0,0
2026-07-26T15:20:09.553393,07/14 08:23,21.97,0.0,,,,18.0,29.0,0.0,0.0,0.0,0.0,0.0,0.0,0.0,0.0,0.0,0.43,moderate,0.0,0.0,0.0,0
2026-07-26T15:20:09.571392,07/14 09:23,22.93,0.0,,,,18.0,29.0,0.0,0.0,0.0,0.0,0.0,0.0,0.0,0.0,0.0,0.43,moderate,0.0,0.0,0.0,0
2026-07-26T15:20:09.588392,07/14 10:15,23.45,0.0,,,,18.0,29.0,0.0,0.0,0.0,0.0,0.0,0.0,0.0,0.0,0.0,0.3,low,0.0,0.0,0.0,0
2026-07-26T15:20:09.603391,07/14 11:15,24.02,0.0,,,,18.0,29.0,0.0,0.0,0.0,0.0,0.0,0.0,0.0,0.0,0.0,0.3,low,0.0,0.0,0.0,0
2026-07-26T15:20:09.619392,07/14 12:15,24.55,0.0,,,,18.0,29.0,0.0,0.0,0.0,0.0,0.0,0.0,0.0,0.0,0.0,0.3,low,0.0,0.0,0.0,0
2026-07-26T15:20:25.382035,07/14 13:15,24.85,0.0,,,,18.0,29.0,0.0,0.0,0.0,0.0,0.0,0.0,0.0,0.0,0.0,0.3,low,0.0,0.0,0.0,0
2026-07-26T15:20:25.401035,07/14 14:15,24.27,0.0,,,,18.0,29.0,0.0,0.0,0.0,0.0,0.0,0.0,0.0,0.0,0.0,0.3,low,0.0,0.0,0.0,0
2026-07-26T15:20:25.419035,07/14 15:23,23.75,0.0,,,,18.0,29.0,0.0,0.0,0.0,0.0,0.0,0.0,0.0,0.0,0.0,0.3,low,0.0,0.0,0.0,0
2026-07-26T15:20:25.436035,07/14 16:15,23.03,0.0,,,,18.0,29.0,0.0,0.0,0.0,0.0,0.0,0.0,0.0,0.0,0.0,0.55,high,0.0,0.0,0.0,0
2026-07-26T15:20:25.450036,07/14 17:15,21.92,0.0,,,,18.0,29.0,0.0,0.0,0.0,0.0,0.0,0.0,0.0,0.0,0.0,0.55,high,0.0,0.0,0.0,0
2026-07-26T15:20:25.464033,07/14 18:15,20.98,0.0,,,,18.0,29.0,0.0,0.0,0.0,0.0,0.0,0.0,0.0,0.0,0.0,0.55,high,0.0,0.0,0.0,0
2026-07-26T15:20:41.119374,07/14 19:23,20.6,0.0,,,,18.0,29.0,0.0,0.0,0.0,0.0,0.0,0.0,0.0,0.0,0.0,0.55,high,0.0,0.0,0.0,0
2026-07-26T15:20:41.138375,07/14 20:23,20.3,0.0,,,,18.0,29.0,0.0,0.0,0.0,0.0,0.0,0.0,0.0,0.0,0.0,0.55,high,0.0,0.0,0.0,0
2026-07-26T15:20:41.156375,07/14 21:23,19.55,0.0,,,,18.0,29.0,0.0,0.0,0.0,0.0,0.0,0.0,0.0,0.0,0.0,0.4,moderate,0.0,0.0,0.0,0
2026-07-26T15:20:41.172380,07/14 22:15,20.0,0.0,,,,18.0,29.0,0.0,0.0,0.0,0.0,0.0,0.0,0.0,0.0,0.0,0.4,moderate,0.0,0.0,0.0,0
2026-07-26T15:20:41.190729,07/14 23:15,20.15,0.0,,,,18.0,29.0,0.0,0.0,0.0,0.0,0.0,0.0,0.0,0.0,0.0,0.4,moderate,0.0,0.0,0.0,0
2026-07-26T15:20:41.207110,07/15 00:15,20.45,0.0,,,,18.0,29.0,0.0,0.0,0.0,0.0,0.0,0.0,0.0,0.0,0.0,0.34,low,0.0,0.0,0.0,0
2026-07-26T15:20:56.031861,07/15 01:15,20.0,0.0,,,,18.0,29.0,0.0,0.0,0.0,0.0,0.0,0.0,0.0,0.0,0.0,0.34,low,0.0,0.0,0.0,0
2026-07-26T15:20:56.049860,07/15 02:15,19.85,0.0,,,,18.0,29.0,0.0,0.0,0.0,0.0,0.0,0.0,0.0,0.0,0.0,0.34,low,0.0,0.0,0.0,0
2026-07-26T15:20:56.067819,07/15 03:15,19.27,0.0,,,,18.0,29.0,0.0,0.0,0.0,0.0,0.0,0.0,0.0,0.0,0.0,0.34,low,0.0,0.0,0.0,0
2026-07-26T15:20:56.082856,07/15 04:15,18.9,0.0,,,,18.0,29.0,0.0,0.0,0.0,0.0,0.0,0.0,0.0,0.0,0.0,0.34,low,0.0,0.0,0.0,0
2026-07-26T15:20:56.100824,07/15 05:15,19.32,0.0,,,,18.0,29.0,0.0,0.0,0.0,0.0,0.0,0.0,0.0,0.0,0.0,0.34,low,0.0,0.0,0.0,0
2026-07-26T15:20:56.116952,07/15 06:23,21.0,0.0,,,,18.0,29.0,0.0,0.0,0.0,0.0,0.0,0.0,0.0,0.0,0.0,0.43,moderate,0.0,0.0,0.0,0
2026-07-26T15:21:10.634725,07/15 07:15,22.75,0.0,,,,18.0,29.0,0.3764,0.094094,0.491002,0.094094,0.087822,0.0,0.0,1.933667,0.094094,0.43,moderate,0.04046,0.0,0.04046,0
2026-07-26T15:21:10.655729,07/15 08:15,24.7,0.0,,,,18.0,29.0,0.3764,0.094094,0.59531,0.094094,0.097976,0.0,0.0,2.382625,0.094094,0.43,moderate,0.04046,0.0,0.04046,0
2026-07-26T15:21:10.673724,07/15 09:23,26.15,52.0,23.82,22.41,25.11,20.0,26.0,0.3764,0.094094,0.710295,0.094094,0.119964,0.0,0.0,2.851914,0.094094,0.43,moderate,0.04046,0.0,0.04046,0
2026-07-26T15:21:10.690733,07/15 10:23,28.08,52.0,25.08,24.01,25.5,20.0,25.5,0.3928,0.098208,0.9198,0.098208,0.142055,0.0,0.0,3.660786,0.098208,0.3,low,0.029462,0.0,0.029462,0
2026-07-26T15:21:10.707727,07/15 11:23,29.32,52.0,25.36,24.79,25.5,20.0,25.5,0.4179,0.104479,1.050519,0.104479,0.141835,0.0,0.0,4.155875,0.104479,0.3,low,0.031344,0.0,0.031344,0
2026-07-26T15:21:10.722724,07/15 12:15,30.88,41.6,25.42,25.1,25.5,20.0,25.5,0.4209,0.105226,1.17189,0.105226,0.147458,0.0,0.0,4.538706,0.105226,0.3,low,0.031568,0.0,0.031568,0
2026-07-26T15:21:25.181379,07/15 13:15,31.7,20.8,25.0,24.99,25.0,20.5,25.0,0.4256,0.106406,1.249051,0.106406,0.147458,0.0,0.0,4.757101,0.106406,0.3,low,0.031922,0.0,0.031922,0
2026-07-26T15:21:25.198377,07/15 14:15,31.7,41.6,25.0,25.0,25.0,20.5,25.0,0.4647,0.116163,1.432803,0.116163,0.147458,0.0,0.0,5.428219,0.116163,0.3,low,0.034849,0.0,0.034849,0
2026-07-26T15:21:25.214376,07/15 15:15,31.82,52.0,25.0,25.0,25.0,20.5,25.0,0.4837,0.120928,1.521019,0.120928,0.147458,0.0,0.0,5.733642,0.120928,0.3,low,0.036278,0.0,0.036278,0
2026-07-26T15:21:25.227376,07/15 16:15,32.2,52.0,25.0,25.0,25.0,20.5,25.0,0.4635,0.115884,1.512836,0.115884,0.147458,0.0,0.0,5.668068,0.115884,0.55,high,0.063736,0.0,0.063736,0
2026-07-26T15:21:25.241376,07/15 17:15,31.5,52.0,24.99,24.97,25.0,20.5,25.0,0.4161,0.104021,1.273774,0.104021,0.147458,0.0,0.0,4.815992,0.104021,0.55,high,0.057212,0.0,0.057212,0
2026-07-26T15:21:25.254376,07/15 18:15,29.27,52.0,24.85,24.51,25.0,20.5,25.0,0.3963,0.099071,1.03825,0.099071,0.147458,0.0,0.0,4.059857,0.099071,0.55,high,0.054489,0.0,0.054489,0
2026-07-26T15:21:41.386697,07/15 19:15,27.22,26.0,23.88,23.2,24.43,20.0,26.0,0.3764,0.094094,0.910977,0.094094,0.147458,0.0,0.0,3.582289,0.094094,0.55,high,0.051752,0.0,0.051752,0
2026-07-26T15:21:41.406689,07/15 20:23,22.35,0.0,,,,20.0,26.0,0.3764,0.094094,0.572598,0.094094,0.115792,0.0,0.0,2.28254,0.094094,0.55,high,0.051752,0.0,0.051752,0
2026-07-26T15:21:41.424688,07/15 21:15,23.08,0.0,,,,20.0,26.0,0.0,0.0,0.0,0.0,0.0,0.0,0.0,0.0,0.0,0.4,moderate,0.0,0.0,0.0,0
2026-07-26T15:21:41.440691,07/15 22:15,24.32,0.0,,,,20.0,26.0,0.0,0.0,0.0,0.0,0.0,0.0,0.0,0.0,0.0,0.4,moderate,0.0,0.0,0.0,0
2026-07-26T15:21:41.457688,07/15 23:15,25.6,0.0,,,,20.0,26.0,0.0,0.0,0.0,0.0,0.0,0.0,0.0,0.0,0.0,0.4,moderate,0.0,0.0,0.0,0
2026-07-26T15:21:41.473688,07/16 00:15,24.9,0.0,,,,20.0,26.0,0.0,0.0,0.0,0.0,0.0,0.0,0.0,0.0,0.0,0.34,low,0.0,0.0,0.0,0
2026-07-26T15:21:55.995812,07/16 01:15,22.65,0.0,,,,18.0,28.0,0.0,0.0,0.0,0.0,0.0,0.0,0.0,0.0,0.0,0.34,low,0.0,0.0,0.0,0
2026-07-26T15:21:56.015805,07/16 02:15,22.62,0.0,,,,18.0,28.0,0.0,0.0,0.0,0.0,0.0,0.0,0.0,0.0,0.0,0.34,low,0.0,0.0,0.0,0
2026-07-26T15:21:56.028806,07/16 03:15,23.9,0.0,,,,18.0,28.0,0.0,0.0,0.0,0.0,0.0,0.0,0.0,0.0,0.0,0.34,low,0.0,0.0,0.0,0
2026-07-26T15:21:56.041806,07/16 04:15,23.9,0.0,,,,18.0,28.0,0.0,0.0,0.0,0.0,0.0,0.0,0.0,0.0,0.0,0.34,low,0.0,0.0,0.0,0
2026-07-26T15:21:56.054805,07/16 05:23,24.32,0.0,,,,18.0,28.0,0.0,0.0,0.0,0.0,0.0,0.0,0.0,0.0,0.0,0.34,low,0.0,0.0,0.0,0
2026-07-26T15:21:56.068804,07/16 06:23,25.88,0.0,,,,18.0,28.0,0.0,0.0,0.0,0.0,0.0,0.0,0.0,0.0,0.0,0.43,moderate,0.0,0.0,0.0,0
2026-07-26T15:22:10.200005,07/16 07:23,27.1,0.0,,,,18.0,29.0,0.3764,0.094094,0.78731,0.094094,0.128175,0.0,0.0,3.153649,0.094094,0.43,moderate,0.04046,0.0,0.04046,0
2026-07-26T15:22:10.219009,07/16 08:23,28.73,0.0,,,,18.0,29.0,0.3764,0.094094,0.832935,0.094094,0.130684,0.0,0.0,3.296092,0.094094,0.43,moderate,0.04046,0.0,0.04046,0
2026-07-26T15:22:10.241004,07/16 09:23,30.27,52.0,24.36,22.79,25.5,20.0,25.5,0.3929,0.09823,0.96444,0.09823,0.138649,0.0,0.0,3.767036,0.09823,0.43,moderate,0.042239,0.0,0.042239,0
2026-07-26T15:22:10.259006,07/16 10:23,31.25,52.0,25.23,24.24,25.5,20.0,25.5,0.4128,0.103209,1.137627,0.103209,0.147185,0.0,0.0,4.381248,0.103209,0.3,low,0.030963,0.0,0.030963,0
2026-07-26T15:22:10.275004,07/16 11:15,31.82,52.0,25.37,24.85,25.5,20.0,25.5,0.4339,0.108479,1.326897,0.108479,0.147458,0.0,0.0,5.053318,0.108479,0.3,low,0.032544,0.0,0.032544,0
2026-07-26T15:22:10.291005,07/16 12:15,32.35,41.6,25.41,25.06,25.5,20.0,25.5,0.4257,0.106422,1.301301,0.106422,0.147458,0.0,0.0,4.924384,0.106422,0.3,low,0.031927,0.0,0.031927,0
2026-07-26T15:22:25.119066,07/16 13:15,32.92,20.8,24.99,24.95,25.0,20.5,25.0,0.4288,0.107191,1.359671,0.107191,0.147458,0.0,0.0,5.091617,0.107191,0.3,low,0.032157,0.0,0.032157,0
2026-07-26T15:22:25.138069,07/16 14:15,33.3,41.6,25.0,25.0,25.0,20.5,25.0,0.4716,0.1179,1.537492,0.1179,0.147458,0.0,0.0,5.685871,0.1179,0.3,low,0.03537,0.0,0.03537,0
2026-07-26T15:22:25.153067,07/16 15:15,33.17,52.0,25.0,25.0,25.0,20.5,25.0,0.4956,0.12389,1.600831,0.12389,0.147458,0.0,0.0,5.895651,0.12389,0.3,low,0.037167,0.0,0.037167,0
2026-07-26T15:22:25.169064,07/16 16:15,32.8,52.0,25.0,25.0,25.0,20.5,25.0,0.4818,0.120441,1.552898,0.120441,0.147458,0.0,0.0,5.76802,0.120441,0.55,high,0.066243,0.0,0.066243,0
2026-07-26T15:22:25.185064,07/16 17:15,32.52,52.0,25.0,25.0,25.0,20.5,25.0,0.4492,0.112308,1.472821,0.112308,0.147458,0.0,0.0,5.492388,0.112308,0.55,high,0.061769,0.0,0.061769,0
2026-07-26T15:22:25.200065,07/16 18:15,31.42,52.0,24.95,24.74,25.0,20.5,25.0,0.4276,0.106907,1.291996,0.106907,0.147458,0.0,0.0,4.907073,0.106907,0.55,high,0.058799,0.0,0.058799,0
2026-07-26T15:22:43.071836,07/16 19:15,30.45,26.0,24.57,23.47,25.4,20.0,25.5,0.3764,0.094094,0.957811,0.094094,0.147458,0.0,0.0,3.705047,0.094094,0.55,high,0.051752,0.0,0.051752,0
2026-07-26T15:22:43.091833,07/16 20:23,29.73,0.0,,,,20.0,25.5,0.3764,0.094094,0.969267,0.094094,0.147458,0.0,0.0,3.774872,0.094094,0.55,high,0.051752,0.0,0.051752,0
2026-07-26T15:22:43.109829,07/16 21:15,28.62,0.0,,,,20.0,25.5,0.0,0.0,0.0,0.0,0.0,0.0,0.0,0.0,0.0,0.4,moderate,0.0,0.0,0.0,0
2026-07-26T15:22:43.125828,07/16 22:15,27.65,0.0,,,,20.0,25.5,0.0,0.0,0.0,0.0,0.0,0.0,0.0,0.0,0.0,0.4,moderate,0.0,0.0,0.0,0
2026-07-26T15:22:43.141830,07/16 23:15,26.92,0.0,,,,20.0,25.5,0.0,0.0,0.0,0.0,0.0,0.0,0.0,0.0,0.0,0.4,moderate,0.0,0.0,0.0,0
2026-07-26T15:22:43.155829,07/17 00:15,25.98,0.0,,,,20.0,25.5,0.0,0.0,0.0,0.0,0.0,0.0,0.0,0.0,0.0,0.34,low,0.0,0.0,0.0,0
2026-07-26T15:22:59.204324,07/17 01:15,25.45,0.0,,,,18.0,27.5,0.0,0.0,0.0,0.0,0.0,0.0,0.0,0.0,0.0,0.34,low,0.0,0.0,0.0,0
2026-07-26T15:22:59.222322,07/17 02:15,24.85,0.0,,,,18.0,27.5,0.0,0.0,0.0,0.0,0.0,0.0,0.0,0.0,0.0,0.34,low,0.0,0.0,0.0,0
2026-07-26T15:22:59.237324,07/17 03:15,24.27,0.0,,,,18.0,27.5,0.0,0.0,0.0,0.0,0.0,0.0,0.0,0.0,0.0,0.34,low,0.0,0.0,0.0,0
2026-07-26T15:22:59.251321,07/17 04:15,23.75,0.0,,,,18.0,27.5,0.0,0.0,0.0,0.0,0.0,0.0,0.0,0.0,0.0,0.34,low,0.0,0.0,0.0,0
2026-07-26T15:22:59.266321,07/17 05:15,23.73,0.0,,,,18.0,27.5,0.0,0.0,0.0,0.0,0.0,0.0,0.0,0.0,0.0,0.34,low,0.0,0.0,0.0,0
2026-07-26T15:22:59.280321,07/17 06:23,25.55,0.0,,,,18.0,27.5,0.0,0.0,0.0,0.0,0.0,0.0,0.0,0.0,0.0,0.43,moderate,0.0,0.0,0.0,0
2026-07-26T15:23:14.255324,07/17 07:15,27.75,0.0,,,,18.0,29.0,0.3764,0.094094,0.824369,0.094094,0.133679,0.0,0.0,3.294015,0.094094,0.43,moderate,0.04046,0.0,0.04046,0
2026-07-26T15:23:14.274332,07/17 08:23,29.82,0.0,,,,18.0,29.0,0.3764,0.094094,0.908841,0.094094,0.132285,0.0,0.0,3.57281,0.094094,0.43,moderate,0.04046,0.0,0.04046,0
2026-07-26T15:23:14.312328,07/17 09:23,31.25,52.0,24.43,23.04,25.5,20.0,25.5,0.3889,0.097214,0.976588,0.097214,0.139874,0.0,0.0,3.771515,0.097214,0.43,moderate,0.041802,0.0,0.041802,0
2026-07-26T15:23:14.333323,07/17 10:23,31.82,52.0,25.29,24.54,25.5,20.0,25.5,0.4146,0.10366,1.170748,0.10366,0.147458,0.0,0.0,4.477603,0.10366,0.3,low,0.031098,0.0,0.031098,0
2026-07-26T15:23:14.349322,07/17 11:15,32.48,52.0,25.44,25.22,25.5,20.0,25.5,0.4434,0.110857,1.365609,0.110857,0.147458,0.0,0.0,5.163315,0.110857,0.3,low,0.033257,0.0,0.033257,0
2026-07-26T15:23:14.367326,07/17 12:15,33.3,41.6,25.5,25.49,25.5,20.0,25.5,0.4395,0.109886,1.395563,0.109886,0.147458,0.0,0.0,5.195749,0.109886,0.3,low,0.032966,0.0,0.032966,0
2026-07-26T15:23:30.610012,07/17 13:15,33.3,20.8,25.0,25.0,25.0,20.5,25.0,0.4434,0.110838,1.351804,0.110838,0.147458,0.0,0.0,5.027056,0.110838,0.3,low,0.033251,0.0,0.033251,0
2026-07-26T15:23:30.628012,07/17 14:15,33.45,41.6,25.0,25.0,25.0,20.5,25.0,0.4835,0.120887,1.450663,0.120887,0.147458,0.0,0.0,5.385512,0.120887,0.3,low,0.036266,0.0,0.036266,0
2026-07-26T15:23:30.645013,07/17 15:15,33.75,52.0,25.0,25.0,25.0,20.5,25.0,0.5085,0.127131,1.654077,0.127131,0.147458,0.0,0.0,6.03656,0.127131,0.3,low,0.038139,0.0,0.038139,0
2026-07-26T15:23:30.660014,07/17 16:15,33.17,52.0,25.0,25.0,25.0,20.5,25.0,0.4845,0.121135,1.491152,0.121135,0.147458,0.0,0.0,5.515826,0.121135,0.55,high,0.066624,0.0,0.066624,0
2026-07-26T15:23:30.674011,07/17 17:15,32.38,52.0,25.0,25.0,25.0,20.5,25.0,0.439,0.109747,1.314392,0.109747,0.147458,0.0,0.0,4.931143,0.109747,0.55,high,0.060361,0.0,0.060361,0
2026-07-26T15:23:30.689011,07/17 18:15,31.1,52.0,24.95,24.77,25.0,20.5,25.0,0.4125,0.103118,1.126187,0.103118,0.146457,0.0,0.0,4.326166,0.103118,0.55,high,0.056715,0.0,0.056715,0
2026-07-26T15:23:45.713954,07/17 19:15,30.68,26.0,24.27,23.47,24.69,20.0,26.0,0.3764,0.094094,0.87897,0.094094,0.146455,0.0,0.0,3.372884,0.094094,0.55,high,0.051752,0.0,0.051752,0
2026-07-26T15:23:45.731946,07/17 20:15,29.4,0.0,,,,20.0,26.0,0.3764,0.094094,0.825968,0.094094,0.142805,0.0,0.0,3.218051,0.094094,0.55,high,0.051752,0.0,0.051752,0
2026-07-26T15:23:45.747944,07/17 21:15,28.72,0.0,,,,20.0,26.0,0.0,0.0,0.0,0.0,0.0,0.0,0.0,0.0,0.0,0.4,moderate,0.0,0.0,0.0,0
2026-07-26T15:23:45.761947,07/17 22:15,26.55,0.0,,,,20.0,26.0,0.0,0.0,0.0,0.0,0.0,0.0,0.0,0.0,0.0,0.4,moderate,0.0,0.0,0.0,0
2026-07-26T15:23:45.774945,07/17 23:15,26.1,0.0,,,,20.0,26.0,0.0,0.0,0.0,0.0,0.0,0.0,0.0,0.0,0.0,0.4,moderate,0.0,0.0,0.0,0
2026-07-26T15:23:45.789943,07/18 00:15,25.98,0.0,,,,20.0,26.0,0.0,0.0,0.0,0.0,0.0,0.0,0.0,0.0,0.0,0.34,low,0.0,0.0,0.0,0
2026-07-26T15:23:59.883691,07/18 01:15,25.45,0.0,,,,18.0,28.0,0.0,0.0,0.0,0.0,0.0,0.0,0.0,0.0,0.0,0.34,low,0.0,0.0,0.0,0
2026-07-26T15:23:59.900689,07/18 02:15,25.0,0.0,,,,18.0,28.0,0.0,0.0,0.0,0.0,0.0,0.0,0.0,0.0,0.0,0.34,low,0.0,0.0,0.0,0
2026-07-26T15:23:59.915693,07/18 03:15,24.85,0.0,,,,18.0,28.0,0.0,0.0,0.0,0.0,0.0,0.0,0.0,0.0,0.0,0.34,low,0.0,0.0,0.0,0
2026-07-26T15:23:59.933698,07/18 04:15,24.27,0.0,,,,18.0,28.0,0.0,0.0,0.0,0.0,0.0,0.0,0.0,0.0,0.0,0.34,low,0.0,0.0,0.0,0
2026-07-26T15:23:59.951699,07/18 05:15,24.32,0.0,,,,18.0,28.0,0.0,0.0,0.0,0.0,0.0,0.0,0.0,0.0,0.0,0.34,low,0.0,0.0,0.0,0
2026-07-26T15:23:59.967689,07/18 06:23,26.0,0.0,,,,18.0,28.0,0.0,0.0,0.0,0.0,0.0,0.0,0.0,0.0,0.0,0.43,moderate,0.0,0.0,0.0,0
2026-07-26T15:24:13.546959,07/18 07:23,27.62,0.0,,,,18.0,29.0,0.3764,0.094094,0.770792,0.094094,0.125481,0.0,0.0,3.07219,0.094094,0.43,moderate,0.04046,0.0,0.04046,0
2026-07-26T15:24:13.564960,07/18 08:23,29.17,0.0,,,,18.0,29.0,0.3764,0.094094,0.818687,0.094094,0.127958,0.0,0.0,3.219512,0.094094,0.43,moderate,0.04046,0.0,0.04046,0
2026-07-26T15:24:13.582964,07/18 09:23,30.43,52.0,24.39,22.94,25.5,20.0,25.5,0.3895,0.097372,0.919565,0.097372,0.137992,0.0,0.0,3.589039,0.097372,0.43,moderate,0.04187,0.0,0.04187,0
2026-07-26T15:24:13.601960,07/18 10:23,31.82,52.0,25.27,24.42,25.5,20.0,25.5,0.4145,0.103622,1.132978,0.103622,0.146786,0.0,0.0,4.338009,0.103622,0.3,low,0.031087,0.0,0.031087,0
2026-07-26T15:24:13.618958,07/18 11:15,32.48,52.0,25.41,25.08,25.5,20.0,25.5,0.441,0.110249,1.353747,0.110249,0.147458,0.0,0.0,5.122345,0.110249,0.3,low,0.033075,0.0,0.033075,0
2026-07-26T15:24:13.634961,07/18 12:15,33.3,41.6,25.46,25.29,25.5,20.0,25.5,0.4328,0.108209,1.365856,0.108209,0.147458,0.0,0.0,5.090546,0.108209,0.3,low,0.032463,0.0,0.032463,0
2026-07-26T15:24:29.637621,07/18 13:15,33.3,20.8,25.0,25.0,25.0,20.5,25.0,0.4335,0.108382,1.352062,0.108382,0.147458,0.0,0.0,5.03131,0.108382,0.3,low,0.032515,0.0,0.032515,0
2026-07-26T15:24:29.655618,07/18 14:15,33.3,41.6,25.0,25.0,25.0,20.5,25.0,0.4724,0.118091,1.536598,0.118091,0.147458,0.0,0.0,5.68407,0.118091,0.3,low,0.035427,0.0,0.035427,0
2026-07-26T15:24:29.671619,07/18 15:15,33.45,52.0,25.0,25.0,25.0,20.5,25.0,0.496,0.124009,1.523805,0.124009,0.147458,0.0,0.0,5.631669,0.124009,0.3,low,0.037203,0.0,0.037203,0
2026-07-26T15:24:29.686620,07/18 16:15,33.47,52.0,25.0,25.0,25.0,20.5,25.0,0.4876,0.121911,1.585399,0.121911,0.147458,0.0,0.0,5.805788,0.121911,0.55,high,0.067051,0.0,0.067051,0
2026-07-26T15:24:29.702623,07/18 17:15,32.08,52.0,25.0,25.0,25.0,20.5,25.0,0.4449,0.111219,1.39272,0.111219,0.147458,0.0,0.0,5.244493,0.111219,0.55,high,0.06117,0.0,0.06117,0
2026-07-26T15:24:29.718623,07/18 18:15,31.42,52.0,24.95,24.78,25.0,20.5,25.0,0.4201,0.105015,1.253113,0.105015,0.147458,0.0,0.0,4.767493,0.105015,0.55,high,0.057758,0.0,0.057758,0
2026-07-26T15:24:46.825120,07/18 19:23,30.3,26.0,24.42,23.46,24.76,20.0,26.0,0.3764,0.094094,0.928679,0.094094,0.147458,0.0,0.0,3.587617,0.094094,0.55,high,0.051752,0.0,0.051752,0
2026-07-26T15:24:46.843122,07/18 20:23,29.27,0.0,,,,20.0,26.0,0.3764,0.094094,0.876467,0.094094,0.147458,0.0,0.0,3.419134,0.094094,0.55,high,0.051752,0.0,0.051752,0
2026-07-26T15:24:46.861120,07/18 21:15,28.47,0.0,,,,20.0,26.0,0.0,0.0,0.0,0.0,0.0,0.0,0.0,0.0,0.0,0.4,moderate,0.0,0.0,0.0,0
2026-07-26T15:24:46.876121,07/18 22:15,27.07,0.0,,,,20.0,26.0,0.0,0.0,0.0,0.0,0.0,0.0,0.0,0.0,0.0,0.4,moderate,0.0,0.0,0.0,0
2026-07-26T15:24:46.892120,07/18 23:15,26.55,0.0,,,,20.0,26.0,0.0,0.0,0.0,0.0,0.0,0.0,0.0,0.0,0.0,0.4,moderate,0.0,0.0,0.0,0
2026-07-26T15:24:46.907121,07/19 00:15,25.98,0.0,,,,20.0,26.0,0.0,0.0,0.0,0.0,0.0,0.0,0.0,0.0,0.0,0.34,low,0.0,0.0,0.0,0
2026-07-26T15:25:03.977891,07/19 01:15,25.3,0.0,,,,18.0,28.0,0.0,0.0,0.0,0.0,0.0,0.0,0.0,0.0,0.0,0.34,low,0.0,0.0,0.0,0
2026-07-26T15:25:03.999824,07/19 02:15,24.4,0.0,,,,18.0,28.0,0.0,0.0,0.0,0.0,0.0,0.0,0.0,0.0,0.0,0.34,low,0.0,0.0,0.0,0
2026-07-26T15:25:04.022227,07/19 03:15,24.27,0.0,,,,18.0,28.0,0.0,0.0,0.0,0.0,0.0,0.0,0.0,0.0,0.0,0.34,low,0.0,0.0,0.0,0
2026-07-26T15:25:04.042079,07/19 04:15,23.75,0.0,,,,18.0,28.0,0.0,0.0,0.0,0.0,0.0,0.0,0.0,0.0,0.0,0.34,low,0.0,0.0,0.0,0
2026-07-26T15:25:04.067541,07/19 05:15,23.58,0.0,,,,18.0,28.0,0.0,0.0,0.0,0.0,0.0,0.0,0.0,0.0,0.0,0.34,low,0.0,0.0,0.0,0
2026-07-26T15:25:04.090132,07/19 06:23,25.1,0.0,,,,18.0,28.0,0.0,0.0,0.0,0.0,0.0,0.0,0.0,0.0,0.0,0.43,moderate,0.0,0.0,0.0,0
2026-07-26T15:25:20.026620,07/19 07:15,27.47,0.0,,,,18.0,29.0,0.3764,0.094094,0.772752,0.094094,0.127344,0.0,0.0,3.078153,0.094094,0.43,moderate,0.04046,0.0,0.04046,0
2026-07-26T15:25:20.044622,07/19 08:15,28.88,0.0,,,,18.0,29.0,0.3764,0.094094,0.833249,0.094094,0.131193,0.0,0.0,3.297976,0.094094,0.43,moderate,0.04046,0.0,0.04046,0
2026-07-26T15:25:20.064619,07/19 09:23,30.88,52.0,24.36,22.95,25.5,20.0,25.5,0.3823,0.095574,0.928707,0.095574,0.139358,0.0,0.0,3.607334,0.095574,0.43,moderate,0.041097,0.0,0.041097,0
2026-07-26T15:25:20.084619,07/19 10:23,31.97,52.0,25.29,24.59,25.5,20.0,25.5,0.4068,0.101706,1.098404,0.101706,0.14741,0.0,0.0,4.20544,0.101706,0.3,low,0.030512,0.0,0.030512,0
2026-07-26T15:25:20.102620,07/19 11:15,32.8,52.0,25.48,25.39,25.5,20.0,25.5,0.4371,0.109287,1.395797,0.109287,0.147458,0.0,0.0,5.239044,0.109287,0.3,low,0.032786,0.0,0.032786,0
2026-07-26T15:25:20.118622,07/19 12:15,32.92,41.6,25.5,25.5,25.5,20.0,25.5,0.4331,0.108264,1.429174,0.108264,0.147458,0.0,0.0,5.346754,0.108264,0.3,low,0.032479,0.0,0.032479,0
2026-07-26T15:25:37.754945,07/19 13:15,33.57,20.8,25.0,25.0,25.0,20.5,25.0,0.4379,0.109472,1.329496,0.109472,0.147458,0.0,0.0,4.943443,0.109472,0.3,low,0.032842,0.0,0.032842,0
2026-07-26T15:25:37.775946,07/19 14:15,34.55,41.6,25.0,25.0,25.0,20.5,25.0,0.4752,0.118803,1.466059,0.118803,0.147458,0.0,0.0,5.367136,0.118803,0.3,low,0.035641,0.0,0.035641,0
2026-07-26T15:25:37.793945,07/19 15:15,34.73,52.0,25.0,25.0,25.0,20.5,25.0,0.498,0.1245,1.604189,0.1245,0.147458,0.0,0.0,5.786267,0.1245,0.3,low,0.03735,0.0,0.03735,0
2026-07-26T15:25:37.810946,07/19 16:15,33.62,52.0,25.0,25.0,25.0,20.5,25.0,0.4762,0.119042,1.64222,0.119042,0.147458,0.0,0.0,5.995152,0.119042,0.55,high,0.065473,0.0,0.065473,0
2026-07-26T15:25:37.831945,07/19 17:15,32.52,52.0,25.0,25.0,25.0,20.5,25.0,0.4331,0.10828,1.512677,0.10828,0.147458,0.0,0.0,5.625209,0.10828,0.55,high,0.059554,0.0,0.059554,0
2026-07-26T15:25:37.848950,07/19 18:15,31.42,52.0,24.95,24.77,25.0,20.5,25.0,0.407,0.101754,1.302026,0.101754,0.147458,0.0,0.0,4.943191,0.101754,0.55,high,0.055965,0.0,0.055965,0
2026-07-26T15:25:55.164988,07/19 19:15,29.35,26.0,24.11,23.4,24.61,20.0,26.0,0.3764,0.094094,1.063293,0.094094,0.147458,0.0,0.0,4.116935,0.094094,0.55,high,0.051752,0.0,0.051752,0
2026-07-26T15:25:55.184985,07/19 20:15,25.45,0.0,,,,20.0,26.0,0.3764,0.094094,0.709815,0.094094,0.131779,0.0,0.0,2.831722,0.094094,0.55,high,0.051752,0.0,0.051752,0
2026-07-26T15:25:55.200985,07/19 21:15,24.85,0.0,,,,20.0,26.0,0.0,0.0,0.0,0.0,0.0,0.0,0.0,0.0,0.0,0.4,moderate,0.0,0.0,0.0,0
2026-07-26T15:25:55.215985,07/19 22:15,24.4,0.0,,,,20.0,26.0,0.0,0.0,0.0,0.0,0.0,0.0,0.0,0.0,0.0,0.4,moderate,0.0,0.0,0.0,0
2026-07-26T15:25:55.229984,07/19 23:15,24.55,0.0,,,,20.0,26.0,0.0,0.0,0.0,0.0,0.0,0.0,0.0,0.0,0.0,0.4,moderate,0.0,0.0,0.0,0
2026-07-26T15:25:55.245984,07/20 00:15,24.85,0.0,,,,20.0,26.0,0.0,0.0,0.0,0.0,0.0,0.0,0.0,0.0,0.0,0.34,low,0.0,0.0,0.0,0
2026-07-26T15:26:10.167576,07/20 01:15,24.27,0.0,,,,18.0,28.0,0.0,0.0,0.0,0.0,0.0,0.0,0.0,0.0,0.0,0.34,low,0.0,0.0,0.0,0
2026-07-26T15:26:10.185569,07/20 02:15,23.75,0.0,,,,18.0,28.0,0.0,0.0,0.0,0.0,0.0,0.0,0.0,0.0,0.0,0.34,low,0.0,0.0,0.0,0
2026-07-26T15:26:10.200570,07/20 03:15,23.18,0.0,,,,18.0,28.0,0.0,0.0,0.0,0.0,0.0,0.0,0.0,0.0,0.0,0.34,low,0.0,0.0,0.0,0
2026-07-26T15:26:10.216569,07/20 04:15,22.65,0.0,,,,18.0,28.0,0.0,0.0,0.0,0.0,0.0,0.0,0.0,0.0,0.0,0.34,low,0.0,0.0,0.0,0
2026-07-26T15:26:10.230571,07/20 05:15,22.35,0.0,,,,18.0,28.0,0.0,0.0,0.0,0.0,0.0,0.0,0.0,0.0,0.0,0.34,low,0.0,0.0,0.0,0
2026-07-26T15:26:10.245569,07/20 06:23,23.08,0.0,,,,18.0,28.0,0.0,0.0,0.0,0.0,0.0,0.0,0.0,0.0,0.0,0.43,moderate,0.0,0.0,0.0,0
2026-07-26T15:26:24.415121,07/20 07:23,24.32,0.0,,,,18.0,29.0,0.0,0.0,0.0,0.0,0.0,0.0,0.0,0.0,0.0,0.43,moderate,0.0,0.0,0.0,0
2026-07-26T15:26:24.432127,07/20 08:23,25.88,0.0,,,,18.0,29.0,0.0,0.0,0.0,0.0,0.0,0.0,0.0,0.0,0.0,0.43,moderate,0.0,0.0,0.0,0
2026-07-26T15:26:24.448084,07/20 09:23,26.97,0.0,,,,18.0,29.0,0.0,0.0,0.0,0.0,0.0,0.0,0.0,0.0,0.0,0.43,moderate,0.0,0.0,0.0,0
2026-07-26T15:26:24.463125,07/20 10:15,28.08,0.0,,,,18.0,29.0,0.0,0.0,0.0,0.0,0.0,0.0,0.0,0.0,0.0,0.3,low,0.0,0.0,0.0,0
2026-07-26T15:26:24.480086,07/20 11:15,28.9,0.0,,,,18.0,29.0,0.0,0.0,0.0,0.0,0.0,0.0,0.0,0.0,0.0,0.3,low,0.0,0.0,0.0,0
2026-07-26T15:26:24.495228,07/20 12:15,28.9,0.0,,,,18.0,29.0,0.0,0.0,0.0,0.0,0.0,0.0,0.0,0.0,0.0,0.3,low,0.0,0.0,0.0,0
2026-07-26T15:26:38.336882,07/20 13:15,29.02,0.0,,,,18.0,29.0,0.0,0.0,0.0,0.0,0.0,0.0,0.0,0.0,0.0,0.3,low,0.0,0.0,0.0,0
2026-07-26T15:26:38.353877,07/20 14:15,29.4,0.0,,,,18.0,29.0,0.0,0.0,0.0,0.0,0.0,0.0,0.0,0.0,0.0,0.3,low,0.0,0.0,0.0,0
2026-07-26T15:26:38.369878,07/20 15:23,29.27,0.0,,,,18.0,29.0,0.0,0.0,0.0,0.0,0.0,0.0,0.0,0.0,0.0,0.3,low,0.0,0.0,0.0,0
2026-07-26T15:26:38.383878,07/20 16:15,28.47,0.0,,,,18.0,29.0,0.0,0.0,0.0,0.0,0.0,0.0,0.0,0.0,0.0,0.55,high,0.0,0.0,0.0,0
2026-07-26T15:26:38.397876,07/20 17:15,27.07,0.0,,,,18.0,29.0,0.0,0.0,0.0,0.0,0.0,0.0,0.0,0.0,0.0,0.55,high,0.0,0.0,0.0,0
2026-07-26T15:26:38.409877,07/20 18:23,26.27,0.0,,,,18.0,29.0,0.0,0.0,0.0,0.0,0.0,0.0,0.0,0.0,0.0,0.55,high,0.0,0.0,0.0,0
2026-07-26T15:26:52.460796,07/20 19:23,24.73,0.0,,,,18.0,29.0,0.0,0.0,0.0,0.0,0.0,0.0,0.0,0.0,0.0,0.55,high,0.0,0.0,0.0,0
2026-07-26T15:26:52.478798,07/20 20:23,23.47,0.0,,,,18.0,29.0,0.0,0.0,0.0,0.0,0.0,0.0,0.0,0.0,0.0,0.55,high,0.0,0.0,0.0,0
2026-07-26T15:26:52.494796,07/20 21:15,21.8,0.0,,,,18.0,29.0,0.0,0.0,0.0,0.0,0.0,0.0,0.0,0.0,0.0,0.4,moderate,0.0,0.0,0.0,0
2026-07-26T15:26:52.508794,07/20 22:15,20.45,0.0,,,,18.0,29.0,0.0,0.0,0.0,0.0,0.0,0.0,0.0,0.0,0.0,0.4,moderate,0.0,0.0,0.0,0
2026-07-26T15:26:52.522794,07/20 23:15,20.0,0.0,,,,18.0,29.0,0.0,0.0,0.0,0.0,0.0,0.0,0.0,0.0,0.0,0.4,moderate,0.0,0.0,0.0,0
2026-07-26T15:26:52.536796,07/21 00:15,19.85,0.0,,,,18.0,29.0,0.0,0.0,0.0,0.0,0.0,0.0,0.0,0.0,0.0,0.34,low,0.0,0.0,0.0,0
2026-07-26T15:27:07.417812,07/21 01:15,19.27,0.0,,,,18.0,29.0,0.0,0.0,0.0,0.0,0.0,0.0,0.0,0.0,0.0,0.34,low,0.0,0.0,0.0,0
2026-07-26T15:27:07.434811,07/21 02:15,18.75,0.0,,,,18.0,29.0,0.0,0.0,0.0,0.0,0.0,0.0,0.0,0.0,0.0,0.34,low,0.0,0.0,0.0,0
2026-07-26T15:27:07.450813,07/21 03:15,18.18,0.0,,,,18.0,29.0,0.0,0.0,0.0,0.0,0.0,0.0,0.0,0.0,0.0,0.34,low,0.0,0.0,0.0,0
2026-07-26T15:27:07.465811,07/21 04:15,17.93,0.0,,,,18.0,29.0,0.0,0.0,0.0,0.0,0.0,0.0,0.0,0.0,0.0,0.34,low,0.0,0.0,0.0,0
2026-07-26T15:27:07.480813,07/21 05:23,18.58,0.0,,,,18.0,29.0,0.0,0.0,0.0,0.0,0.0,0.0,0.0,0.0,0.0,0.34,low,0.0,0.0,0.0,0
2026-07-26T15:27:07.496810,07/21 06:23,19.97,0.0,,,,18.0,29.0,0.0,0.0,0.0,0.0,0.0,0.0,0.0,0.0,0.0,0.43,moderate,0.0,0.0,0.0,0
2026-07-26T15:27:21.888623,07/21 07:20,22.1,0.0,,,,18.0,29.0,0.0,0.0,0.0,0.0,0.0,0.0,0.0,0.0,0.0,0.43,moderate,0.0,0.0,0.0,0
2026-07-26T15:27:21.907623,07/21 08:23,23.58,0.0,,,,18.0,29.0,0.0,0.0,0.0,0.0,0.0,0.0,0.0,0.0,0.0,0.43,moderate,0.0,0.0,0.0,0
2026-07-26T15:27:21.923627,07/21 09:23,24.82,0.0,,,,18.0,29.0,0.0,0.0,0.0,0.0,0.0,0.0,0.0,0.0,0.0,0.43,moderate,0.0,0.0,0.0,0
2026-07-26T15:27:21.939623,07/21 10:15,26.1,0.0,,,,18.0,29.0,0.0,0.0,0.0,0.0,0.0,0.0,0.0,0.0,0.0,0.3,low,0.0,0.0,0.0,0
2026-07-26T15:27:21.954624,07/21 11:23,26.53,0.0,,,,18.0,29.0,0.0,0.0,0.0,0.0,0.0,0.0,0.0,0.0,0.0,0.3,low,0.0,0.0,0.0,0
2026-07-26T15:27:21.970623,07/21 12:15,27.8,0.0,,,,18.0,29.0,0.0,0.0,0.0,0.0,0.0,0.0,0.0,0.0,0.0,0.3,low,0.0,0.0,0.0,0
2026-07-26T15:27:37.052465,07/21 13:15,27.8,0.0,,,,18.0,29.0,0.0,0.0,0.0,0.0,0.0,0.0,0.0,0.0,0.0,0.3,low,0.0,0.0,0.0,0
2026-07-26T15:27:37.070467,07/21 14:15,27.25,0.0,,,,18.0,29.0,0.0,0.0,0.0,0.0,0.0,0.0,0.0,0.0,0.0,0.3,low,0.0,0.0,0.0,0
2026-07-26T15:27:37.088466,07/21 15:15,25.45,0.0,,,,18.0,29.0,0.0,0.0,0.0,0.0,0.0,0.0,0.0,0.0,0.0,0.3,low,0.0,0.0,0.0,0
2026-07-26T15:27:37.103469,07/21 16:15,24.3,0.0,,,,18.0,29.0,0.0,0.0,0.0,0.0,0.0,0.0,0.0,0.0,0.0,0.55,high,0.0,0.0,0.0,0
2026-07-26T15:27:37.118464,07/21 17:15,22.07,0.0,,,,18.0,29.0,0.0,0.0,0.0,0.0,0.0,0.0,0.0,0.0,0.0,0.55,high,0.0,0.0,0.0,0
2026-07-26T15:27:37.133464,07/21 18:15,21.97,0.0,,,,18.0,29.0,0.0,0.0,0.0,0.0,0.0,0.0,0.0,0.0,0.0,0.55,high,0.0,0.0,0.0,0
2026-07-26T15:27:53.019968,07/21 19:15,22.65,0.0,,,,18.0,29.0,0.0,0.0,0.0,0.0,0.0,0.0,0.0,0.0,0.0,0.55,high,0.0,0.0,0.0,0
2026-07-26T15:27:53.039963,07/21 20:15,22.07,0.0,,,,18.0,29.0,0.0,0.0,0.0,0.0,0.0,0.0,0.0,0.0,0.0,0.55,high,0.0,0.0,0.0,0
2026-07-26T15:27:53.057961,07/21 21:15,21.7,0.0,,,,18.0,29.0,0.0,0.0,0.0,0.0,0.0,0.0,0.0,0.0,0.0,0.4,moderate,0.0,0.0,0.0,0
2026-07-26T15:27:53.074960,07/21 22:15,21.7,0.0,,,,18.0,29.0,0.0,0.0,0.0,0.0,0.0,0.0,0.0,0.0,0.0,0.4,moderate,0.0,0.0,0.0,0
2026-07-26T15:27:53.090963,07/21 23:15,21.27,0.0,,,,18.0,29.0,0.0,0.0,0.0,0.0,0.0,0.0,0.0,0.0,0.0,0.4,moderate,0.0,0.0,0.0,0
2026-07-26T15:27:53.106960,07/22 00:15,19.85,0.0,,,,18.0,29.0,0.0,0.0,0.0,0.0,0.0,0.0,0.0,0.0,0.0,0.34,low,0.0,0.0,0.0,0
2026-07-26T15:28:08.587914,07/22 01:15,19.27,0.0,,,,18.0,29.0,0.0,0.0,0.0,0.0,0.0,0.0,0.0,0.0,0.0,0.34,low,0.0,0.0,0.0,0
2026-07-26T15:28:08.606909,07/22 02:15,18.9,0.0,,,,18.0,29.0,0.0,0.0,0.0,0.0,0.0,0.0,0.0,0.0,0.0,0.34,low,0.0,0.0,0.0,0
2026-07-26T15:28:08.623909,07/22 03:15,18.9,0.0,,,,18.0,29.0,0.0,0.0,0.0,0.0,0.0,0.0,0.0,0.0,0.0,0.34,low,0.0,0.0,0.0,0
2026-07-26T15:28:08.640908,07/22 04:15,18.75,0.0,,,,18.0,29.0,0.0,0.0,0.0,0.0,0.0,0.0,0.0,0.0,0.0,0.34,low,0.0,0.0,0.0,0
2026-07-26T15:28:08.659908,07/22 05:15,18.73,0.0,,,,18.0,29.0,0.0,0.0,0.0,0.0,0.0,0.0,0.0,0.0,0.0,0.34,low,0.0,0.0,0.0,0
2026-07-26T15:28:08.678909,07/22 06:23,20.82,0.0,,,,18.0,29.0,0.0,0.0,0.0,0.0,0.0,0.0,0.0,0.0,0.0,0.43,moderate,0.0,0.0,0.0,0
2026-07-26T15:28:24.683071,07/22 07:23,23.73,0.0,,,,18.0,29.0,0.3764,0.094094,0.574965,0.094094,0.096594,0.0,0.0,2.309412,0.094094,0.43,moderate,0.04046,0.0,0.04046,0
2026-07-26T15:28:24.704076,07/22 08:23,25.43,0.0,,,,18.0,29.0,0.3764,0.094094,0.615507,0.094094,0.099459,0.0,0.0,2.458826,0.094094,0.43,moderate,0.04046,0.0,0.04046,0
2026-07-26T15:28:24.725221,07/22 09:23,26.97,52.0,24.11,22.41,25.5,20.0,25.5,0.3869,0.096733,0.685298,0.096733,0.109341,0.0,0.0,2.729549,0.096733,0.43,moderate,0.041595,0.0,0.041595,0
2026-07-26T15:28:24.743807,07/22 10:23,27.8,52.0,25.13,23.98,25.5,20.0,25.5,0.4009,0.100221,0.785531,0.100221,0.119929,0.0,0.0,3.117274,0.100221,0.3,low,0.030066,0.0,0.030066,0
2026-07-26T15:28:24.761797,07/22 11:15,27.93,52.0,25.33,24.64,25.5,20.0,25.5,0.4151,0.10378,0.816845,0.10378,0.11482,0.0,0.0,3.262857,0.10378,0.3,low,0.031134,0.0,0.031134,0
2026-07-26T15:28:24.777753,07/22 12:15,28.45,41.6,25.37,24.86,25.5,20.0,25.5,0.4129,0.103225,0.851441,0.103225,0.118126,0.0,0.0,3.384986,0.103225,0.3,low,0.030967,0.0,0.030967,0
2026-07-26T15:28:40.563339,07/22 13:15,28.75,20.8,24.94,24.73,25.0,20.5,25.0,0.4148,0.103706,0.762484,0.103706,0.107267,0.0,0.0,2.987051,0.103706,0.3,low,0.031112,0.0,0.031112,0
2026-07-26T15:28:40.582337,07/22 14:15,28.58,41.6,25.0,25.0,25.0,20.5,25.0,0.4437,0.110936,1.032185,0.110936,0.127118,0.0,0.0,4.114234,0.110936,0.3,low,0.033281,0.0,0.033281,0
2026-07-26T15:28:40.599337,07/22 15:15,28.85,52.0,25.0,25.0,25.0,20.5,25.0,0.4678,0.11694,1.136046,0.11694,0.125714,0.0,0.0,4.476121,0.11694,0.3,low,0.035082,0.0,0.035082,0
2026-07-26T15:28:40.616336,07/22 16:15,27.2,52.0,25.0,25.0,25.0,20.5,25.0,0.4492,0.112306,1.012085,0.112306,0.120576,0.0,0.0,4.07462,0.112306,0.55,high,0.061768,0.0,0.061768,0
2026-07-26T15:28:40.632338,07/22 17:15,27.07,52.0,24.97,24.86,25.0,20.5,25.0,0.4178,0.104457,0.846307,0.104457,0.115076,0.0,0.0,3.393103,0.104457,0.55,high,0.057451,0.0,0.057451,0
2026-07-26T15:28:40.647336,07/22 18:15,26.55,52.0,24.88,24.43,25.0,20.5,25.0,0.3996,0.099902,0.748901,0.099902,0.11444,0.0,0.0,2.989484,0.099902,0.55,high,0.054946,0.0,0.054946,0
2026-07-26T15:28:56.162529,07/22 19:15,25.98,26.0,23.98,23.04,24.29,20.0,26.0,0.3764,0.094094,0.579261,0.094094,0.113033,0.0,0.0,2.25787,0.094094,0.55,high,0.051752,0.0,0.051752,0
2026-07-26T15:28:56.180531,07/22 20:23,25.3,0.0,,,,20.0,26.0,0.3764,0.094094,0.528539,0.094094,0.107385,0.0,0.0,2.036595,0.094094,0.55,high,0.051752,0.0,0.051752,0
2026-07-26T15:28:56.197531,07/22 21:15,24.0,0.0,,,,20.0,26.0,0.0,0.0,0.0,0.0,0.0,0.0,0.0,0.0,0.0,0.4,moderate,0.0,0.0,0.0,0
2026-07-26T15:28:56.212535,07/22 22:15,22.53,0.0,,,,20.0,26.0,0.0,0.0,0.0,0.0,0.0,0.0,0.0,0.0,0.0,0.4,moderate,0.0,0.0,0.0,0
2026-07-26T15:28:56.226530,07/22 23:15,21.27,0.0,,,,20.0,26.0,0.0,0.0,0.0,0.0,0.0,0.0,0.0,0.0,0.0,0.4,moderate,0.0,0.0,0.0,0
2026-07-26T15:28:56.241529,07/23 00:15,19.85,0.0,,,,20.0,26.0,0.0,0.0,0.0,0.0,0.0,0.0,0.0,0.0,0.0,0.34,low,0.0,0.0,0.0,0
2026-07-26T15:29:11.866611,07/23 01:15,19.12,0.0,,,,18.0,28.0,0.0,0.0,0.0,0.0,0.0,0.0,0.0,0.0,0.0,0.34,low,0.0,0.0,0.0,0
2026-07-26T15:29:11.885611,07/23 02:15,18.3,0.0,,,,18.0,28.0,0.0,0.0,0.0,0.0,0.0,0.0,0.0,0.0,0.0,0.34,low,0.0,0.0,0.0,0
2026-07-26T15:29:11.900610,07/23 03:15,18.18,0.0,,,,18.0,28.0,0.0,0.0,0.0,0.0,0.0,0.0,0.0,0.0,0.0,0.34,low,0.0,0.0,0.0,0
2026-07-26T15:29:11.914609,07/23 04:15,17.8,0.0,,,,18.0,28.0,0.0,0.0,0.0,0.0,0.0,0.0,0.0,0.0,0.0,0.34,low,0.0,0.0,0.0,0
2026-07-26T15:29:11.929613,07/23 05:15,18.2,0.0,,,,18.0,28.0,0.0,0.0,0.0,0.0,0.0,0.0,0.0,0.0,0.0,0.34,low,0.0,0.0,0.0,0
2026-07-26T15:29:11.942610,07/23 06:23,20.65,0.0,,,,18.0,28.0,0.0,0.0,0.0,0.0,0.0,0.0,0.0,0.0,0.0,0.43,moderate,0.0,0.0,0.0,0
2026-07-26T15:29:26.302296,07/23 07:23,24.97,0.0,,,,18.0,29.0,0.3764,0.094094,0.591674,0.094094,0.097175,0.0,0.0,2.370085,0.094094,0.43,moderate,0.04046,0.0,0.04046,0
2026-07-26T15:29:26.321295,07/23 08:23,27.1,0.0,,,,18.0,29.0,0.3764,0.094094,0.655435,0.094094,0.102315,0.0,0.0,2.600646,0.094094,0.43,moderate,0.04046,0.0,0.04046,0
2026-07-26T15:29:26.340764,07/23 09:23,28.58,52.0,24.13,22.49,25.52,20.0,25.5,0.3832,0.095803,0.661262,0.095803,0.105648,0.0,0.0,2.593005,0.095803,0.43,moderate,0.041195,0.0,0.041195,0
2026-07-26T15:29:26.358762,07/23 10:23,29.4,52.0,25.16,24.13,25.5,20.0,25.5,0.4038,0.100945,0.761663,0.100945,0.112689,0.0,0.0,2.983778,0.100945,0.3,low,0.030283,0.0,0.030283,0
2026-07-26T15:29:26.375762,07/23 11:15,29.7,52.0,25.37,24.87,25.5,20.0,25.5,0.4264,0.106612,0.926682,0.106612,0.120827,0.0,0.0,3.658653,0.106612,0.3,low,0.031984,0.0,0.031984,0
2026-07-26T15:29:26.390763,07/23 12:15,30.6,41.6,25.42,25.1,25.5,20.0,25.5,0.4237,0.105929,0.914137,0.105929,0.1172,0.0,0.0,3.560301,0.105929,0.3,low,0.031779,0.0,0.031779,0
2026-07-26T15:29:40.462826,07/23 13:15,30.73,20.8,24.98,24.9,25.0,20.5,25.0,0.4238,0.105944,0.94594,0.105944,0.122276,0.0,0.0,3.670719,0.105944,0.3,low,0.031783,0.0,0.031783,0
2026-07-26T15:29:40.481821,07/23 14:15,30.83,41.6,25.0,25.0,25.0,20.5,25.0,0.4581,0.114528,1.124427,0.114528,0.127415,0.0,0.0,4.34995,0.114528,0.3,low,0.034358,0.0,0.034358,0
2026-07-26T15:29:40.499822,07/23 15:15,30.15,52.0,25.0,25.0,25.0,20.5,25.0,0.4674,0.116862,1.139602,0.116862,0.125035,0.0,0.0,4.459314,0.116862,0.3,low,0.035059,0.0,0.035059,0
2026-07-26T15:29:40.515823,07/23 16:15,30.45,52.0,25.0,25.0,25.0,20.5,25.0,0.4589,0.114734,1.136493,0.114734,0.125818,0.0,0.0,4.418167,0.114734,0.55,high,0.063104,0.0,0.063104,0
2026-07-26T15:29:40.532824,07/23 17:15,29.73,52.0,24.99,24.96,25.0,20.5,25.0,0.4264,0.106612,0.996204,0.106612,0.125073,0.0,0.0,3.895827,0.106612,0.55,high,0.058637,0.0,0.058637,0
2026-07-26T15:29:40.548824,07/23 18:15,28.47,52.0,24.92,24.58,25.0,20.5,25.0,0.4065,0.101616,0.868135,0.101616,0.122278,0.0,0.0,3.419747,0.101616,0.55,high,0.055889,0.0,0.055889,0
2026-07-26T15:29:56.500599,07/23 19:15,26.92,26.0,24.1,23.18,24.4,20.0,26.0,0.3764,0.094094,0.645071,0.094094,0.120691,0.0,0.0,2.52371,0.094094,0.55,high,0.051752,0.0,0.051752,0
2026-07-26T15:29:56.517597,07/23 20:23,25.83,0.0,,,,20.0,26.0,0.3764,0.094094,0.622886,0.094094,0.119545,0.0,0.0,2.449586,0.094094,0.55,high,0.051752,0.0,0.051752,0
2026-07-26T15:29:56.533597,07/23 21:15,25.0,0.0,,,,20.0,26.0,0.0,0.0,0.0,0.0,0.0,0.0,0.0,0.0,0.0,0.4,moderate,0.0,0.0,0.0,0
2026-07-26T15:29:56.546597,07/23 22:15,24.85,0.0,,,,20.0,26.0,0.0,0.0,0.0,0.0,0.0,0.0,0.0,0.0,0.0,0.4,moderate,0.0,0.0,0.0,0
2026-07-26T15:29:56.559596,07/23 23:15,24.12,0.0,,,,20.0,26.0,0.0,0.0,0.0,0.0,0.0,0.0,0.0,0.0,0.0,0.4,moderate,0.0,0.0,0.0,0
2026-07-26T15:29:56.572599,07/24 00:15,23.18,0.0,,,,20.0,26.0,0.0,0.0,0.0,0.0,0.0,0.0,0.0,0.0,0.0,0.34,low,0.0,0.0,0.0,0
2026-07-26T15:30:11.425076,07/24 01:15,22.8,0.0,,,,18.0,28.0,0.0,0.0,0.0,0.0,0.0,0.0,0.0,0.0,0.0,0.34,low,0.0,0.0,0.0,0
2026-07-26T15:30:11.440074,07/24 02:15,22.65,0.0,,,,18.0,28.0,0.0,0.0,0.0,0.0,0.0,0.0,0.0,0.0,0.0,0.34,low,0.0,0.0,0.0,0
2026-07-26T15:30:11.455073,07/24 03:15,22.35,0.0,,,,18.0,28.0,0.0,0.0,0.0,0.0,0.0,0.0,0.0,0.0,0.0,0.34,low,0.0,0.0,0.0,0
2026-07-26T15:30:11.469072,07/24 04:15,22.8,0.0,,,,18.0,28.0,0.0,0.0,0.0,0.0,0.0,0.0,0.0,0.0,0.0,0.34,low,0.0,0.0,0.0,0
2026-07-26T15:30:11.483072,07/24 05:15,22.93,0.0,,,,18.0,28.0,0.0,0.0,0.0,0.0,0.0,0.0,0.0,0.0,0.0,0.34,low,0.0,0.0,0.0,0
2026-07-26T15:30:11.496075,07/24 06:23,23.73,0.0,,,,18.0,28.0,0.0,0.0,0.0,0.0,0.0,0.0,0.0,0.0,0.0,0.43,moderate,0.0,0.0,0.0,0
2026-07-26T15:30:25.426736,07/24 07:23,25.43,0.0,,,,18.0,29.0,0.3764,0.094094,0.617359,0.094094,0.10384,0.0,0.0,2.467703,0.094094,0.43,moderate,0.04046,0.0,0.04046,0
2026-07-26T15:30:25.445737,07/24 08:15,26.82,0.0,,,,18.0,29.0,0.3764,0.094094,0.681028,0.094094,0.109197,0.0,0.0,2.707461,0.094094,0.43,moderate,0.04046,0.0,0.04046,0
2026-07-26T15:30:25.462735,07/24 09:23,27.47,52.0,24.24,22.7,25.51,20.0,25.5,0.3806,0.095159,0.719203,0.095159,0.119466,0.0,0.0,2.85821,0.095159,0.43,moderate,0.040918,0.0,0.040918,0
2026-07-26T15:30:25.484736,07/24 10:23,28.3,52.0,25.19,24.21,25.5,20.0,25.5,0.396,0.098997,0.876405,0.098997,0.13625,0.0,0.0,3.474458,0.098997,0.3,low,0.029699,0.0,0.029699,0
2026-07-26T15:30:25.501737,07/24 11:15,28.73,52.0,25.37,24.85,25.5,20.0,25.5,0.417,0.104246,1.032899,0.104246,0.13999,0.0,0.0,4.108488,0.104246,0.3,low,0.031274,0.0,0.031274,0
2026-07-26T15:30:25.516736,07/24 12:15,30.15,41.6,25.41,25.04,25.5,20.0,25.5,0.4167,0.104169,1.130803,0.104169,0.147458,0.0,0.0,4.406773,0.104169,0.3,low,0.031251,0.0,0.031251,0
2026-07-26T15:30:39.748166,07/24 13:15,30.88,20.8,24.98,24.93,25.0,20.5,25.0,0.4203,0.105084,1.124192,0.105084,0.146031,0.0,0.0,4.343729,0.105084,0.3,low,0.031525,0.0,0.031525,0
2026-07-26T15:30:39.767167,07/24 14:15,31.82,41.6,25.0,25.0,25.0,20.5,25.0,0.4585,0.114618,1.366479,0.114618,0.147458,0.0,0.0,5.19556,0.114618,0.3,low,0.034385,0.0,0.034385,0
2026-07-26T15:30:39.783166,07/24 15:15,31.93,52.0,25.0,25.0,25.0,20.5,25.0,0.4778,0.119444,1.45133,0.119444,0.147458,0.0,0.0,5.458917,0.119444,0.3,low,0.035833,0.0,0.035833,0
2026-07-26T15:30:39.799166,07/24 16:15,31.1,52.0,25.0,25.0,25.0,20.5,25.0,0.4642,0.116039,1.332316,0.116039,0.146648,0.0,0.0,5.096487,0.116039,0.55,high,0.063821,0.0,0.063821,0
2026-07-26T15:30:39.815167,07/24 17:15,30.98,52.0,24.99,24.97,25.0,20.5,25.0,0.4341,0.108535,1.254202,0.108535,0.147458,0.0,0.0,4.811746,0.108535,0.55,high,0.059694,0.0,0.059694,0
2026-07-26T15:30:39.829167,07/24 18:15,30.3,52.0,24.93,24.63,25.0,20.5,25.0,0.4146,0.10364,1.154197,0.10364,0.147458,0.0,0.0,4.455702,0.10364,0.55,high,0.057002,0.0,0.057002,0
2026-07-26T15:30:56.757813,07/24 19:23,29.12,26.0,24.3,23.3,24.67,20.0,26.0,0.3764,0.094094,0.880831,0.094094,0.147458,0.0,0.0,3.439629,0.094094,0.55,high,0.051752,0.0,0.051752,0
2026-07-26T15:30:56.778813,07/24 20:23,28.18,0.0,,,,20.0,26.0,0.3764,0.094094,0.878425,0.094094,0.147458,0.0,0.0,3.467505,0.094094,0.55,high,0.051752,0.0,0.051752,0
2026-07-26T15:30:56.794812,07/24 21:15,27.8,0.0,,,,20.0,26.0,0.0,0.0,0.0,0.0,0.0,0.0,0.0,0.0,0.0,0.4,moderate,0.0,0.0,0.0,0
2026-07-26T15:30:56.809814,07/24 22:15,27.53,0.0,,,,20.0,26.0,0.0,0.0,0.0,0.0,0.0,0.0,0.0,0.0,0.0,0.4,moderate,0.0,0.0,0.0,0
2026-07-26T15:30:56.824812,07/24 23:15,26.7,0.0,,,,20.0,26.0,0.0,0.0,0.0,0.0,0.0,0.0,0.0,0.0,0.0,0.4,moderate,0.0,0.0,0.0,0
2026-07-26T15:30:56.837813,07/25 00:15,26.42,0.0,,,,20.0,26.0,0.0,0.0,0.0,0.0,0.0,0.0,0.0,0.0,0.0,0.34,low,0.0,0.0,0.0,0
2026-07-26T15:31:11.794228,07/25 01:15,25.6,0.0,,,,18.0,28.0,0.0,0.0,0.0,0.0,0.0,0.0,0.0,0.0,0.0,0.34,low,0.0,0.0,0.0,0
2026-07-26T15:31:11.814221,07/25 02:15,25.03,0.0,,,,18.0,28.0,0.0,0.0,0.0,0.0,0.0,0.0,0.0,0.0,0.0,0.34,low,0.0,0.0,0.0,0
2026-07-26T15:31:11.831221,07/25 03:15,23.3,0.0,,,,18.0,28.0,0.0,0.0,0.0,0.0,0.0,0.0,0.0,0.0,0.0,0.34,low,0.0,0.0,0.0,0
2026-07-26T15:31:11.847222,07/25 04:15,23.03,0.0,,,,18.0,28.0,0.0,0.0,0.0,0.0,0.0,0.0,0.0,0.0,0.0,0.34,low,0.0,0.0,0.0,0
2026-07-26T15:31:11.863224,07/25 05:15,22.07,0.0,,,,18.0,28.0,0.0,0.0,0.0,0.0,0.0,0.0,0.0,0.0,0.0,0.34,low,0.0,0.0,0.0,0
2026-07-26T15:31:11.879225,07/25 06:15,21.7,0.0,,,,18.0,28.0,0.0,0.0,0.0,0.0,0.0,0.0,0.0,0.0,0.0,0.43,moderate,0.0,0.0,0.0,0
2026-07-26T15:31:27.458401,07/25 07:15,21.97,0.0,,,,18.0,29.0,0.3764,0.094094,0.56531,0.094094,0.100174,0.0,0.0,2.283139,0.094094,0.43,moderate,0.04046,0.0,0.04046,0
2026-07-26T15:31:27.478470,07/25 08:15,23.35,0.0,,,,18.0,29.0,0.3764,0.094094,0.610836,0.094094,0.101893,0.0,0.0,2.47825,0.094094,0.43,moderate,0.04046,0.0,0.04046,0
2026-07-26T15:31:27.498422,07/25 09:23,24.73,52.0,23.23,22.16,24.01,20.0,26.0,0.3764,0.094094,0.697909,0.094094,0.118925,0.0,0.0,2.811192,0.094094,0.43,moderate,0.04046,0.0,0.04046,0
2026-07-26T15:31:27.515459,07/25 10:23,24.17,52.0,24.71,23.62,25.6,20.0,26.0,0.3764,0.094094,0.674758,0.094094,0.127699,0.0,0.0,2.716952,0.094094,0.3,low,0.028228,0.0,0.028228,0
2026-07-26T15:31:27.531815,07/25 11:15,25.43,52.0,25.2,24.3,25.5,20.0,25.5,0.384,0.096004,0.765461,0.096004,0.1332,0.0,0.0,3.101889,0.096004,0.3,low,0.028801,0.0,0.028801,0
2026-07-26T15:31:27.548855,07/25 12:15,27.1,41.6,25.29,24.6,25.5,20.0,25.5,0.3918,0.097943,0.899112,0.097943,0.141464,0.0,0.0,3.617985,0.097943,0.3,low,0.029383,0.0,0.029383,0
2026-07-26T15:31:42.879245,07/25 13:15,28.73,20.8,24.87,24.4,25.0,20.5,25.0,0.3988,0.099707,1.003385,0.099707,0.147458,0.0,0.0,3.972026,0.099707,0.3,low,0.029912,0.0,0.029912,0
2026-07-26T15:31:42.897248,07/25 14:15,29.73,41.6,25.0,25.0,25.0,20.5,25.0,0.4291,0.107286,1.131608,0.107286,0.144707,0.0,0.0,4.415864,0.107286,0.3,low,0.032186,0.0,0.032186,0
2026-07-26T15:31:42.914245,07/25 15:15,28.9,52.0,25.0,25.0,25.0,20.5,25.0,0.4488,0.112192,1.135103,0.112192,0.135376,0.0,0.0,4.485771,0.112192,0.3,low,0.033658,0.0,0.033658,0
2026-07-26T15:31:42.932243,07/25 16:15,28.47,52.0,25.0,25.0,25.0,20.5,25.0,0.4451,0.111275,1.105581,0.111275,0.132144,0.0,0.0,4.371052,0.111275,0.55,high,0.061201,0.0,0.061201,0
2026-07-26T15:31:42.949244,07/25 17:15,26.65,52.0,24.92,24.59,25.0,20.5,25.0,0.4242,0.10605,0.996482,0.10605,0.130956,0.0,0.0,4.002091,0.10605,0.55,high,0.058328,0.0,0.058328,0
2026-07-26T15:31:42.965244,07/25 18:15,24.57,52.0,24.83,24.18,25.0,20.5,25.0,0.4059,0.101478,0.830818,0.101478,0.12296,0.0,0.0,3.378995,0.101478,0.55,high,0.055813,0.0,0.055813,0
2026-07-26T15:31:59.931093,07/25 19:23,23.18,26.0,23.99,22.8,24.75,20.0,26.0,0.3764,0.094094,0.581421,0.094094,0.115807,0.0,0.0,2.313928,0.094094,0.55,high,0.051752,0.0,0.051752,0
2026-07-26T15:31:59.950093,07/25 20:23,22.65,0.0,,,,20.0,26.0,0.3764,0.094094,0.568802,0.094094,0.115267,0.0,0.0,2.265579,0.094094,0.55,high,0.051752,0.0,0.051752,0
2026-07-26T15:31:59.967093,07/25 21:15,22.07,0.0,,,,20.0,26.0,0.0,0.0,0.0,0.0,0.0,0.0,0.0,0.0,0.0,0.4,moderate,0.0,0.0,0.0,0
2026-07-26T15:31:59.981092,07/25 22:15,21.42,0.0,,,,20.0,26.0,0.0,0.0,0.0,0.0,0.0,0.0,0.0,0.0,0.0,0.4,moderate,0.0,0.0,0.0,0
2026-07-26T15:31:59.996093,07/25 23:15,20.45,0.0,,,,20.0,26.0,0.0,0.0,0.0,0.0,0.0,0.0,0.0,0.0,0.0,0.4,moderate,0.0,0.0,0.0,0
2026-07-26T15:32:00.011092,07/26 00:15,20.0,0.0,,,,20.0,26.0,0.0,0.0,0.0,0.0,0.0,0.0,0.0,0.0,0.0,0.34,low,0.0,0.0,0.0,0
2026-07-26T15:32:14.239939,07/26 01:15,19.85,0.0,,,,18.0,28.0,0.0,0.0,0.0,0.0,0.0,0.0,0.0,0.0,0.0,0.34,low,0.0,0.0,0.0,0
2026-07-26T15:32:14.256937,07/26 02:15,19.12,0.0,,,,18.0,28.0,0.0,0.0,0.0,0.0,0.0,0.0,0.0,0.0,0.0,0.34,low,0.0,0.0,0.0,0
2026-07-26T15:32:14.270944,07/26 03:15,18.45,0.0,,,,18.0,28.0,0.0,0.0,0.0,0.0,0.0,0.0,0.0,0.0,0.0,0.34,low,0.0,0.0,0.0,0
2026-07-26T15:32:14.284936,07/26 04:15,18.9,0.0,,,,18.0,28.0,0.0,0.0,0.0,0.0,0.0,0.0,0.0,0.0,0.0,0.34,low,0.0,0.0,0.0,0
2026-07-26T15:32:14.299939,07/26 05:15,19.32,0.0,,,,18.0,28.0,0.0,0.0,0.0,0.0,0.0,0.0,0.0,0.0,0.0,0.34,low,0.0,0.0,0.0,0
2026-07-26T15:32:14.316940,07/26 06:23,21.0,0.0,,,,18.0,28.0,0.0,0.0,0.0,0.0,0.0,0.0,0.0,0.0,0.0,0.43,moderate,0.0,0.0,0.0,0
2026-07-26T15:32:28.671448,07/26 07:15,22.35,0.0,,,,18.0,29.0,0.3764,0.094094,0.526981,0.094094,0.092032,0.0,0.0,2.102126,0.094094,0.43,moderate,0.04046,0.0,0.04046,0
2026-07-26T15:32:28.687449,07/26 08:15,23.08,0.0,,,,18.0,29.0,0.3764,0.094094,0.525604,0.094094,0.088874,0.0,0.0,2.087201,0.094094,0.43,moderate,0.04046,0.0,0.04046,0
2026-07-26T15:32:28.705450,07/26 09:23,24.32,52.0,23.76,22.16,25.26,20.0,26.0,0.3764,0.094094,0.557702,0.094094,0.100472,0.0,0.0,2.208193,0.094094,0.43,moderate,0.04046,0.0,0.04046,0
2026-07-26T15:32:28.721450,07/26 10:23,25.73,52.0,24.94,23.61,25.5,20.0,25.5,0.3912,0.09779,0.677341,0.09779,0.11374,0.0,0.0,2.712157,0.09779,0.3,low,0.029337,0.0,0.029337,0
2026-07-26T15:32:28.736447,07/26 11:23,26.25,52.0,25.26,24.33,25.5,20.0,25.5,0.4059,0.101479,0.810133,0.101479,0.122203,0.0,0.0,3.280196,0.101479,0.3,low,0.030444,0.0,0.030444,0
2026-07-26T15:32:28.752456,07/26 12:15,26.97,41.6,25.3,24.5,25.5,20.0,25.5,0.4034,0.10086,0.834498,0.10086,0.124014,0.0,0.0,3.359176,0.10086,0.3,low,0.030258,0.0,0.030258,0
2026-07-26T15:32:43.630880,07/26 13:15,27.8,20.8,24.87,24.33,25.0,20.5,25.0,0.4057,0.10142,0.798067,0.10142,0.11785,0.0,0.0,3.163894,0.10142,0.3,low,0.030426,0.0,0.030426,0
2026-07-26T15:32:43.647878,07/26 14:15,27.53,41.6,25.0,25.0,25.0,20.5,25.0,0.4352,0.108809,0.871923,0.108809,0.112207,0.0,0.0,3.495762,0.108809,0.3,low,0.032643,0.0,0.032643,0
2026-07-26T15:32:43.663878,07/26 15:15,26.7,52.0,25.0,25.0,25.0,20.5,25.0,0.4541,0.113533,0.866273,0.113533,0.103089,0.0,0.0,3.513455,0.113533,0.3,low,0.03406,0.0,0.03406,0
2026-07-26T15:32:43.678882,07/26 16:15,26.55,52.0,25.0,25.0,25.0,20.5,25.0,0.4391,0.109764,0.877891,0.109764,0.109386,0.0,0.0,3.548501,0.109764,0.55,high,0.06037,0.0,0.06037,0
2026-07-26T15:32:43.692880,07/26 17:15,25.98,52.0,24.94,24.7,25.0,20.5,25.0,0.4097,0.102428,0.762931,0.102428,0.110709,0.0,0.0,3.07593,0.102428,0.55,high,0.056335,0.0,0.056335,0
2026-07-26T15:32:43.706877,07/26 18:15,25.3,52.0,24.86,24.31,25.0,20.5,25.0,0.4023,0.100578,0.69931,0.100578,0.107547,0.0,0.0,2.806142,0.100578,0.55,high,0.055318,0.0,0.055318,0
2026-07-26T15:32:58.334576,07/26 19:23,24.0,26.0,24.02,22.92,24.58,20.0,26.0,0.3764,0.094094,0.489469,0.094094,0.102494,0.0,0.0,1.875625,0.094094,0.55,high,0.051752,0.0,0.051752,0
2026-07-26T15:32:58.352583,07/26 20:23,22.65,0.0,,,,20.0,26.0,0.3764,0.094094,0.546166,0.094094,0.1121,0.0,0.0,2.16432,0.094094,0.55,high,0.051752,0.0,0.051752,0
2026-07-26T15:32:58.368576,07/26 21:15,22.07,0.0,,,,20.0,26.0,0.0,0.0,0.0,0.0,0.0,0.0,0.0,0.0,0.0,0.4,moderate,0.0,0.0,0.0,0
2026-07-26T15:32:58.384577,07/26 22:15,21.27,0.0,,,,20.0,26.0,0.0,0.0,0.0,0.0,0.0,0.0,0.0,0.0,0.0,0.4,moderate,0.0,0.0,0.0,0
2026-07-26T15:32:58.399577,07/26 23:15,20.0,0.0,,,,20.0,26.0,0.0,0.0,0.0,0.0,0.0,0.0,0.0,0.0,0.0,0.4,moderate,0.0,0.0,0.0,0
2026-07-26T15:32:58.414577,07/27 00:15,20.0,0.0,,,,20.0,26.0,0.0,0.0,0.0,0.0,0.0,0.0,0.0,0.0,0.0,0.34,low,0.0,0.0,0.0,0
2026-07-26T15:33:13.291934,07/27 01:15,19.57,0.0,,,,18.0,28.0,0.0,0.0,0.0,0.0,0.0,0.0,0.0,0.0,0.0,0.34,low,0.0,0.0,0.0,0
2026-07-26T15:33:13.307932,07/27 02:15,18.3,0.0,,,,18.0,28.0,0.0,0.0,0.0,0.0,0.0,0.0,0.0,0.0,0.0,0.34,low,0.0,0.0,0.0,0
2026-07-26T15:33:13.323932,07/27 03:15,18.45,0.0,,,,18.0,28.0,0.0,0.0,0.0,0.0,0.0,0.0,0.0,0.0,0.0,0.34,low,0.0,0.0,0.0,0
2026-07-26T15:33:13.338933,07/27 04:15,18.47,0.0,,,,18.0,28.0,0.0,0.0,0.0,0.0,0.0,0.0,0.0,0.0,0.0,0.34,low,0.0,0.0,0.0,0
2026-07-26T15:33:13.351931,07/27 05:15,18.05,0.0,,,,18.0,28.0,0.0,0.0,0.0,0.0,0.0,0.0,0.0,0.0,0.0,0.34,low,0.0,0.0,0.0,0
2026-07-26T15:33:13.366932,07/27 06:23,21.28,0.0,,,,18.0,28.0,0.0,0.0,0.0,0.0,0.0,0.0,0.0,0.0,0.0,0.43,moderate,0.0,0.0,0.0,0
2026-07-26T15:33:27.294072,07/27 07:20,23.88,0.0,,,,18.0,29.0,0.0,0.0,0.0,0.0,0.0,0.0,0.0,0.0,0.0,0.43,moderate,0.0,0.0,0.0,0
2026-07-26T15:33:27.312073,07/27 08:23,25.88,0.0,,,,18.0,29.0,0.0,0.0,0.0,0.0,0.0,0.0,0.0,0.0,0.0,0.43,moderate,0.0,0.0,0.0,0
2026-07-26T15:33:27.329072,07/27 09:23,27.1,0.0,,,,18.0,29.0,0.0,0.0,0.0,0.0,0.0,0.0,0.0,0.0,0.0,0.43,moderate,0.0,0.0,0.0,0
2026-07-26T15:33:27.344072,07/27 10:15,28.45,0.0,,,,18.0,29.0,0.0,0.0,0.0,0.0,0.0,0.0,0.0,0.0,0.0,0.3,low,0.0,0.0,0.0,0
2026-07-26T15:33:27.359073,07/27 11:23,29.17,0.0,,,,18.0,29.0,0.0,0.0,0.0,0.0,0.0,0.0,0.0,0.0,0.0,0.3,low,0.0,0.0,0.0,0
2026-07-26T15:33:27.375073,07/27 12:23,30.15,0.0,,,,18.0,29.0,0.0,0.0,0.0,0.0,0.0,0.0,0.0,0.0,0.0,0.3,low,0.0,0.0,0.0,0
2026-07-26T15:33:41.805899,07/27 13:15,30.73,0.0,,,,18.0,29.0,0.0,0.0,0.0,0.0,0.0,0.0,0.0,0.0,0.0,0.3,low,0.0,0.0,0.0,0
2026-07-26T15:33:41.823902,07/27 14:15,31.25,0.0,,,,18.0,29.0,0.0,0.0,0.0,0.0,0.0,0.0,0.0,0.0,0.0,0.3,low,0.0,0.0,0.0,0
2026-07-26T15:33:41.842183,07/27 15:23,31.7,0.0,,,,18.0,29.0,0.0,0.0,0.0,0.0,0.0,0.0,0.0,0.0,0.0,0.3,low,0.0,0.0,0.0,0
2026-07-26T15:33:41.858176,07/27 16:15,31.42,0.0,,,,18.0,29.0,0.0,0.0,0.0,0.0,0.0,0.0,0.0,0.0,0.0,0.55,high,0.0,0.0,0.0,0
2026-07-26T15:33:41.873181,07/27 17:15,30.3,0.0,,,,18.0,29.0,0.0,0.0,0.0,0.0,0.0,0.0,0.0,0.0,0.0,0.55,high,0.0,0.0,0.0,0
2026-07-26T15:33:41.888218,07/27 18:15,29.27,0.0,,,,18.0,29.0,0.0,0.0,0.0,0.0,0.0,0.0,0.0,0.0,0.0,0.55,high,0.0,0.0,0.0,0
2026-07-26T15:33:57.190339,07/27 19:23,28.47,0.0,,,,18.0,29.0,0.0,0.0,0.0,0.0,0.0,0.0,0.0,0.0,0.0,0.55,high,0.0,0.0,0.0,0
2026-07-26T15:33:57.209337,07/27 20:23,27.07,0.0,,,,18.0,29.0,0.0,0.0,0.0,0.0,0.0,0.0,0.0,0.0,0.0,0.55,high,0.0,0.0,0.0,0
2026-07-26T15:33:57.225337,07/27 21:15,26.55,0.0,,,,18.0,29.0,0.0,0.0,0.0,0.0,0.0,0.0,0.0,0.0,0.0,0.4,moderate,0.0,0.0,0.0,0
2026-07-26T15:33:57.239337,07/27 22:15,25.98,0.0,,,,18.0,29.0,0.0,0.0,0.0,0.0,0.0,0.0,0.0,0.0,0.0,0.4,moderate,0.0,0.0,0.0,0
2026-07-26T15:33:57.253345,07/27 23:15,25.45,0.0,,,,18.0,29.0,0.0,0.0,0.0,0.0,0.0,0.0,0.0,0.0,0.0,0.4,moderate,0.0,0.0,0.0,0
2026-07-26T15:33:57.271345,07/28 00:15,23.48,0.0,,,,18.0,29.0,0.0,0.0,0.0,0.0,0.0,0.0,0.0,0.0,0.0,0.34,low,0.0,0.0,0.0,0
2026-07-26T15:34:12.886190,07/28 01:15,18.9,0.0,,,,18.0,29.0,0.0,0.0,0.0,0.0,0.0,0.0,0.0,0.0,0.0,0.34,low,0.0,0.0,0.0,0
2026-07-26T15:34:12.905209,07/28 02:15,18.9,0.0,,,,18.0,29.0,0.0,0.0,0.0,0.0,0.0,0.0,0.0,0.0,0.0,0.34,low,0.0,0.0,0.0,0
2026-07-26T15:34:12.922242,07/28 03:15,18.9,0.0,,,,18.0,29.0,0.0,0.0,0.0,0.0,0.0,0.0,0.0,0.0,0.0,0.34,low,0.0,0.0,0.0,0
2026-07-26T15:34:12.938262,07/28 04:15,19.02,0.0,,,,18.0,29.0,0.0,0.0,0.0,0.0,0.0,0.0,0.0,0.0,0.0,0.34,low,0.0,0.0,0.0,0
2026-07-26T15:34:12.954268,07/28 05:15,19.55,0.0,,,,18.0,29.0,0.0,0.0,0.0,0.0,0.0,0.0,0.0,0.0,0.0,0.34,low,0.0,0.0,0.0,0
2026-07-26T15:34:12.970261,07/28 06:23,20.55,0.0,,,,18.0,29.0,0.0,0.0,0.0,0.0,0.0,0.0,0.0,0.0,0.0,0.43,moderate,0.0,0.0,0.0,0
2026-07-26T15:34:29.382370,07/28 07:23,22.62,0.0,,,,18.0,29.0,0.0,0.0,0.0,0.0,0.0,0.0,0.0,0.0,0.0,0.43,moderate,0.0,0.0,0.0,0
2026-07-26T15:34:29.403369,07/28 08:15,24.02,0.0,,,,18.0,29.0,0.0,0.0,0.0,0.0,0.0,0.0,0.0,0.0,0.0,0.43,moderate,0.0,0.0,0.0,0
2026-07-26T15:34:29.422323,07/28 09:15,24.97,0.0,,,,18.0,29.0,0.0,0.0,0.0,0.0,0.0,0.0,0.0,0.0,0.0,0.43,moderate,0.0,0.0,0.0,0
2026-07-26T15:34:29.439331,07/28 10:15,27.1,0.0,,,,18.0,29.0,0.0,0.0,0.0,0.0,0.0,0.0,0.0,0.0,0.0,0.3,low,0.0,0.0,0.0,0
2026-07-26T15:34:29.456334,07/28 11:15,28.58,0.0,,,,18.0,29.0,0.0,0.0,0.0,0.0,0.0,0.0,0.0,0.0,0.0,0.3,low,0.0,0.0,0.0,0
2026-07-26T15:34:29.472323,07/28 12:15,29.55,0.0,,,,18.0,29.0,0.0,0.0,0.0,0.0,0.0,0.0,0.0,0.0,0.0,0.3,low,0.0,0.0,0.0,0
2026-07-26T15:34:45.277789,07/28 13:15,30.0,0.0,,,,18.0,29.0,0.0,0.0,0.0,0.0,0.0,0.0,0.0,0.0,0.0,0.3,low,0.0,0.0,0.0,0
2026-07-26T15:34:45.297788,07/28 14:15,29.85,0.0,,,,18.0,29.0,0.0,0.0,0.0,0.0,0.0,0.0,0.0,0.0,0.0,0.3,low,0.0,0.0,0.0,0
2026-07-26T15:34:45.316784,07/28 15:15,28.57,0.0,,,,18.0,29.0,0.0,0.0,0.0,0.0,0.0,0.0,0.0,0.0,0.0,0.3,low,0.0,0.0,0.0,0
2026-07-26T15:34:45.335785,07/28 16:15,26.25,0.0,,,,18.0,29.0,0.0,0.0,0.0,0.0,0.0,0.0,0.0,0.0,0.0,0.55,high,0.0,0.0,0.0,0
2026-07-26T15:34:45.353784,07/28 17:15,26.42,0.0,,,,18.0,29.0,0.0,0.0,0.0,0.0,0.0,0.0,0.0,0.0,0.0,0.55,high,0.0,0.0,0.0,0
2026-07-26T15:34:45.368783,07/28 18:15,25.45,0.0,,,,18.0,29.0,0.0,0.0,0.0,0.0,0.0,0.0,0.0,0.0,0.0,0.55,high,0.0,0.0,0.0,0
2026-07-26T15:35:00.649042,07/28 19:23,24.3,0.0,,,,18.0,29.0,0.0,0.0,0.0,0.0,0.0,0.0,0.0,0.0,0.0,0.55,high,0.0,0.0,0.0,0
2026-07-26T15:35:00.669040,07/28 20:23,22.07,0.0,,,,18.0,29.0,0.0,0.0,0.0,0.0,0.0,0.0,0.0,0.0,0.0,0.55,high,0.0,0.0,0.0,0
2026-07-26T15:35:00.686041,07/28 21:15,21.55,0.0,,,,18.0,29.0,0.0,0.0,0.0,0.0,0.0,0.0,0.0,0.0,0.0,0.4,moderate,0.0,0.0,0.0,0
2026-07-26T15:35:00.701041,07/28 22:15,20.68,0.0,,,,18.0,29.0,0.0,0.0,0.0,0.0,0.0,0.0,0.0,0.0,0.0,0.4,moderate,0.0,0.0,0.0,0
2026-07-26T15:35:00.717041,07/28 23:15,19.4,0.0,,,,18.0,29.0,0.0,0.0,0.0,0.0,0.0,0.0,0.0,0.0,0.0,0.4,moderate,0.0,0.0,0.0,0
2026-07-26T15:35:00.733041,07/29 00:15,19.55,0.0,,,,18.0,29.0,0.0,0.0,0.0,0.0,0.0,0.0,0.0,0.0,0.0,0.34,low,0.0,0.0,0.0,0
2026-07-26T15:35:15.907363,07/29 01:15,20.0,0.0,,,,18.0,29.0,0.0,0.0,0.0,0.0,0.0,0.0,0.0,0.0,0.0,0.34,low,0.0,0.0,0.0,0
2026-07-26T15:35:15.925357,07/29 02:15,20.0,0.0,,,,18.0,29.0,0.0,0.0,0.0,0.0,0.0,0.0,0.0,0.0,0.0,0.34,low,0.0,0.0,0.0,0
2026-07-26T15:35:15.950357,07/29 03:15,20.0,0.0,,,,18.0,29.0,0.0,0.0,0.0,0.0,0.0,0.0,0.0,0.0,0.0,0.34,low,0.0,0.0,0.0,0
2026-07-26T15:35:15.968358,07/29 04:15,20.0,0.0,,,,18.0,29.0,0.0,0.0,0.0,0.0,0.0,0.0,0.0,0.0,0.0,0.34,low,0.0,0.0,0.0,0
2026-07-26T15:35:15.983357,07/29 05:15,20.27,0.0,,,,18.0,29.0,0.0,0.0,0.0,0.0,0.0,0.0,0.0,0.0,0.0,0.34,low,0.0,0.0,0.0,0
2026-07-26T15:35:15.999358,07/29 06:23,21.38,0.0,,,,18.0,29.0,0.0,0.0,0.0,0.0,0.0,0.0,0.0,0.0,0.0,0.43,moderate,0.0,0.0,0.0,0
2026-07-26T15:35:31.989321,07/29 07:23,22.47,0.0,,,,18.0,29.0,0.3764,0.094094,0.51329,0.094094,0.089375,0.0,0.0,2.039735,0.094094,0.43,moderate,0.04046,0.0,0.04046,0
2026-07-26T15:35:32.009320,07/29 08:23,23.58,0.0,,,,18.0,29.0,0.3764,0.094094,0.517501,0.094094,0.087517,0.0,0.0,2.041838,0.094094,0.43,moderate,0.04046,0.0,0.04046,0
2026-07-26T15:35:32.029316,07/29 09:23,24.55,52.0,23.96,22.14,25.5,20.0,25.5,0.3815,0.095371,0.565581,0.095371,0.098448,0.0,0.0,2.240152,0.095371,0.43,moderate,0.04101,0.0,0.04101,0
2026-07-26T15:35:32.048325,07/29 10:23,25.27,52.0,24.94,23.56,25.5,20.0,25.5,0.392,0.09801,0.648419,0.09801,0.11066,0.0,0.0,2.595356,0.09801,0.3,low,0.029403,0.0,0.029403,0
2026-07-26T15:35:32.066322,07/29 11:15,26.25,52.0,25.24,24.21,25.5,20.0,25.5,0.406,0.101505,0.718326,0.101505,0.110679,0.0,0.0,2.888919,0.101505,0.3,low,0.030451,0.0,0.030451,0
2026-07-26T15:35:32.084323,07/29 12:15,26.82,41.6,25.29,24.44,25.5,20.0,25.5,0.4051,0.101264,0.724903,0.101264,0.10939,0.0,0.0,2.901208,0.101264,0.3,low,0.030379,0.0,0.030379,0
2026-07-26T15:35:48.203988,07/29 13:15,27.35,20.8,24.85,24.26,25.0,20.5,25.0,0.405,0.101238,0.714626,0.101238,0.108534,0.0,0.0,2.829047,0.101238,0.3,low,0.030371,0.0,0.030371,0
2026-07-26T15:35:48.223514,07/29 14:15,27.8,41.6,25.0,24.99,25.0,20.5,25.0,0.4306,0.107643,0.799656,0.107643,0.105379,0.0,0.0,3.199832,0.107643,0.3,low,0.032293,0.0,0.032293,0
2026-07-26T15:35:48.242510,07/29 15:15,27.65,52.0,25.0,25.0,25.0,20.5,25.0,0.4535,0.113384,0.879119,0.113384,0.10272,0.0,0.0,3.535787,0.113384,0.3,low,0.034015,0.0,0.034015,0
2026-07-26T15:35:48.260798,07/29 16:15,27.07,52.0,25.0,25.0,25.0,20.5,25.0,0.4518,0.112948,0.848166,0.112948,0.099559,0.0,0.0,3.424747,0.112948,0.55,high,0.062121,0.0,0.062121,0
2026-07-26T15:35:48.278831,07/29 17:15,26.42,52.0,24.92,24.61,25.0,20.5,25.0,0.4305,0.107626,0.744415,0.107626,0.09699,0.0,0.0,2.990532,0.107626,0.55,high,0.059194,0.0,0.059194,0
2026-07-26T15:35:48.295829,07/29 18:15,25.18,52.0,24.85,24.23,25.0,20.5,25.0,0.4122,0.103048,0.661423,0.103048,0.097122,0.0,0.0,2.640578,0.103048,0.55,high,0.056676,0.0,0.056676,0
2026-07-26T15:36:03.394490,07/29 19:23,23.62,26.0,24.11,22.86,24.97,20.0,25.5,0.3764,0.094094,0.404316,0.094094,0.091469,0.0,0.0,1.479645,0.094094,0.55,high,0.051752,0.0,0.051752,0
2026-07-26T15:36:03.413479,07/29 20:23,22.53,0.0,,,,20.0,25.5,0.3764,0.094094,0.353202,0.094094,0.086083,0.0,0.0,1.241077,0.094094,0.55,high,0.051752,0.0,0.051752,0
2026-07-26T15:36:03.428654,07/29 21:15,21.55,0.0,,,,20.0,25.5,0.0,0.0,0.0,0.0,0.0,0.0,0.0,0.0,0.0,0.4,moderate,0.0,0.0,0.0,0
2026-07-26T15:36:03.441661,07/29 22:15,20.4,0.0,,,,20.0,25.5,0.0,0.0,0.0,0.0,0.0,0.0,0.0,0.0,0.0,0.4,moderate,0.0,0.0,0.0,0
2026-07-26T15:36:03.453658,07/29 23:15,18.18,0.0,,,,20.0,25.5,0.0,0.0,0.0,0.0,0.0,0.0,0.0,0.0,0.0,0.4,moderate,0.0,0.0,0.0,0
2026-07-26T15:36:03.467654,07/30 00:15,17.8,0.0,,,,20.0,25.5,0.0,0.0,0.0,0.0,0.0,0.0,0.0,0.0,0.0,0.34,low,0.0,0.0,0.0,0
2026-07-26T15:36:17.552607,07/30 01:15,17.8,0.0,,,,18.0,27.5,0.0,0.0,0.0,0.0,0.0,0.0,0.0,0.0,0.0,0.34,low,0.0,0.0,0.0,0
2026-07-26T15:36:17.570607,07/30 02:15,17.25,0.0,,,,18.0,27.5,0.0,0.0,0.0,0.0,0.0,0.0,0.0,0.0,0.0,0.34,low,0.0,0.0,0.0,0
2026-07-26T15:36:17.588610,07/30 03:15,15.72,0.0,,,,18.0,27.5,0.0,0.0,0.0,0.0,0.0,0.0,0.0,0.0,0.0,0.34,low,0.0,0.0,0.0,0
2026-07-26T15:36:17.606609,07/30 04:15,15.98,0.0,,,,18.0,27.5,0.0,0.0,0.0,0.0,0.0,0.0,0.0,0.0,0.0,0.34,low,0.0,0.0,0.0,0
2026-07-26T15:36:17.623609,07/30 05:15,15.88,0.0,,,,18.0,27.5,0.0,0.0,0.0,0.0,0.0,0.0,0.0,0.0,0.0,0.34,low,0.0,0.0,0.0,0
2026-07-26T15:36:17.639607,07/30 06:15,17.52,0.0,,,,18.0,27.5,0.0,0.0,0.0,0.0,0.0,0.0,0.0,0.0,0.0,0.43,moderate,0.0,0.0,0.0,0
2026-07-26T15:36:31.997507,07/30 07:15,20.7,0.0,,,,18.0,29.0,0.3764,0.094094,0.404425,0.094094,0.071148,0.0,0.0,1.550753,0.094094,0.43,moderate,0.04046,0.0,0.04046,0
2026-07-26T15:36:32.015513,07/30 08:15,23.08,0.0,,,,18.0,29.0,0.3764,0.094094,0.483689,0.094094,0.078085,0.0,0.0,1.899538,0.094094,0.43,moderate,0.04046,0.0,0.04046,0
2026-07-26T15:36:32.033509,07/30 09:23,24.32,52.0,23.17,22.05,24.05,20.0,26.0,0.3764,0.094094,0.473807,0.094094,0.082682,0.0,0.0,1.824477,0.094094,0.43,moderate,0.04046,0.0,0.04046,0
2026-07-26T15:36:32.053508,07/30 10:23,26.15,52.0,24.87,23.65,25.51,20.0,25.5,0.3851,0.09627,0.548182,0.09627,0.097853,0.0,0.0,2.149324,0.09627,0.3,low,0.028881,0.0,0.028881,0
2026-07-26T15:36:32.070506,07/30 11:23,28.2,52.0,25.29,24.48,25.5,20.0,25.5,0.4029,0.100717,0.694113,0.100717,0.109444,0.0,0.0,2.752243,0.100717,0.3,low,0.030215,0.0,0.030215,0
2026-07-26T15:36:32.085506,07/30 12:15,29.27,41.6,25.36,24.81,25.5,20.0,25.5,0.4096,0.10239,0.792941,0.10239,0.113276,0.0,0.0,3.114202,0.10239,0.3,low,0.030717,0.0,0.030717,0
2026-07-26T15:36:46.886787,07/30 13:15,28.75,20.8,24.93,24.67,25.0,20.5,25.0,0.4131,0.103273,0.763351,0.103273,0.10887,0.0,0.0,2.992427,0.103273,0.3,low,0.030982,0.0,0.030982,0
2026-07-26T15:36:46.906780,07/30 14:15,28.45,41.6,25.0,25.0,25.0,20.5,25.0,0.4465,0.111624,0.814897,0.111624,0.101385,0.0,0.0,3.247251,0.111624,0.3,low,0.033487,0.0,0.033487,0
2026-07-26T15:36:46.923779,07/30 15:15,28.9,52.0,25.0,25.0,25.0,20.5,25.0,0.4585,0.114621,0.842814,0.114621,0.09758,0.0,0.0,3.350354,0.114621,0.3,low,0.034386,0.0,0.034386,0
2026-07-26T15:36:46.941781,07/30 16:15,28.9,52.0,25.0,25.0,25.0,20.5,25.0,0.4425,0.110636,0.889817,0.110636,0.107417,0.0,0.0,3.528309,0.110636,0.55,high,0.06085,0.0,0.06085,0
2026-07-26T15:36:46.957781,07/30 17:15,28.75,52.0,24.95,24.76,25.0,20.5,25.0,0.4096,0.102405,0.718284,0.102405,0.103145,0.0,0.0,2.810826,0.102405,0.55,high,0.056323,0.0,0.056323,0
2026-07-26T15:36:46.973779,07/30 18:15,27.9,52.0,24.87,24.38,25.0,20.5,25.0,0.3965,0.099115,0.633336,0.099115,0.101401,0.0,0.0,2.45725,0.099115,0.55,high,0.054513,0.0,0.054513,0
2026-07-26T15:37:03.086455,07/30 19:15,26.42,26.0,23.92,23.02,24.24,20.0,26.0,0.3764,0.094094,0.440369,0.094094,0.094628,0.0,0.0,1.616334,0.094094,0.55,high,0.051752,0.0,0.051752,0
2026-07-26T15:37:03.106456,07/30 20:15,25.3,0.0,,,,20.0,26.0,0.3764,0.094094,0.492373,0.094094,0.102869,0.0,0.0,1.876821,0.094094,0.55,high,0.051752,0.0,0.051752,0
2026-07-26T15:37:03.123453,07/30 21:15,24.27,0.0,,,,20.0,26.0,0.0,0.0,0.0,0.0,0.0,0.0,0.0,0.0,0.0,0.4,moderate,0.0,0.0,0.0,0
2026-07-26T15:37:03.137454,07/30 22:15,23.47,0.0,,,,20.0,26.0,0.0,0.0,0.0,0.0,0.0,0.0,0.0,0.0,0.0,0.4,moderate,0.0,0.0,0.0,0
2026-07-26T15:37:03.152461,07/30 23:15,22.07,0.0,,,,20.0,26.0,0.0,0.0,0.0,0.0,0.0,0.0,0.0,0.0,0.0,0.4,moderate,0.0,0.0,0.0,0
2026-07-26T15:37:03.166454,07/31 00:15,21.12,0.0,,,,20.0,26.0,0.0,0.0,0.0,0.0,0.0,0.0,0.0,0.0,0.0,0.34,low,0.0,0.0,0.0,0
2026-07-26T15:37:18.592672,07/31 01:15,19.82,0.0,,,,18.0,28.0,0.0,0.0,0.0,0.0,0.0,0.0,0.0,0.0,0.0,0.34,low,0.0,0.0,0.0,0
2026-07-26T15:37:18.612669,07/31 02:15,21.1,0.0,,,,18.0,28.0,0.0,0.0,0.0,0.0,0.0,0.0,0.0,0.0,0.0,0.34,low,0.0,0.0,0.0,0
2026-07-26T15:37:18.632671,07/31 03:15,20.98,0.0,,,,18.0,28.0,0.0,0.0,0.0,0.0,0.0,0.0,0.0,0.0,0.0,0.34,low,0.0,0.0,0.0,0
2026-07-26T15:37:18.650669,07/31 04:15,20.18,0.0,,,,18.0,28.0,0.0,0.0,0.0,0.0,0.0,0.0,0.0,0.0,0.0,0.34,low,0.0,0.0,0.0,0
2026-07-26T15:37:18.667669,07/31 05:15,19.6,0.0,,,,18.0,28.0,0.0,0.0,0.0,0.0,0.0,0.0,0.0,0.0,0.0,0.34,low,0.0,0.0,0.0,0
2026-07-26T15:37:18.684669,07/31 06:23,22.25,0.0,,,,18.0,28.0,0.0,0.0,0.0,0.0,0.0,0.0,0.0,0.0,0.0,0.43,moderate,0.0,0.0,0.0,0
2026-07-26T15:37:33.670207,07/31 07:23,24.02,0.0,,,,18.0,29.0,0.3764,0.094094,0.485019,0.094094,0.083261,0.0,0.0,1.886994,0.094094,0.43,moderate,0.04046,0.0,0.04046,0
2026-07-26T15:37:33.691208,07/31 08:23,24.97,0.0,,,,18.0,29.0,0.3764,0.094094,0.521603,0.094094,0.086198,0.0,0.0,2.047047,0.094094,0.43,moderate,0.04046,0.0,0.04046,0
2026-07-26T15:37:33.711208,07/31 09:23,27.1,52.0,24.04,22.44,25.5,20.0,25.5,0.3803,0.095083,0.590733,0.095083,0.10023,0.0,0.0,2.318457,0.095083,0.43,moderate,0.040886,0.0,0.040886,0
2026-07-26T15:37:33.731207,07/31 10:23,28.58,52.0,25.13,24.04,25.5,20.0,25.5,0.4009,0.10022,0.744507,0.10022,0.114123,0.0,0.0,2.943726,0.10022,0.3,low,0.030066,0.0,0.030066,0
2026-07-26T15:37:33.749207,07/31 11:23,29.7,52.0,25.36,24.82,25.5,20.0,25.5,0.429,0.10724,0.888987,0.10724,0.114884,0.0,0.0,3.514881,0.10724,0.3,low,0.032172,0.0,0.032172,0
2026-07-26T15:37:33.766207,07/31 12:15,30.88,41.6,25.42,25.11,25.5,20.0,25.5,0.427,0.106759,0.978705,0.106759,0.122572,0.0,0.0,3.812988,0.106759,0.3,low,0.032028,0.0,0.032028,0
2026-07-26T15:37:48.863558,07/31 13:15,31.55,20.8,25.0,25.0,25.0,20.5,25.0,0.4337,0.108432,1.174666,0.108432,0.141844,0.0,0.0,4.484349,0.108432,0.3,low,0.03253,0.0,0.03253,0
2026-07-26T15:37:48.882556,07/31 14:15,30.4,41.6,25.0,25.0,25.0,20.5,25.0,0.4728,0.118212,1.194193,0.118212,0.129611,0.0,0.0,4.6106,0.118212,0.3,low,0.035464,0.0,0.035464,0
2026-07-26T15:37:48.900557,07/31 15:15,28.58,52.0,25.0,25.0,25.0,20.5,25.0,0.4729,0.118218,1.155248,0.118218,0.127579,0.0,0.0,4.588619,0.118218,0.3,low,0.035465,0.0,0.035465,0
2026-07-26T15:37:48.917559,07/31 16:15,28.72,52.0,25.0,25.0,25.0,20.5,25.0,0.4426,0.110643,1.119678,0.110643,0.132666,0.0,0.0,4.397569,0.110643,0.55,high,0.060854,0.0,0.060854,0
2026-07-26T15:37:48.935560,07/31 17:15,26.7,52.0,24.97,24.85,25.0,20.5,25.0,0.402,0.100508,0.880986,0.100508,0.129855,0.0,0.0,3.5387,0.100508,0.55,high,0.055279,0.0,0.055279,0
2026-07-26T15:37:48.954557,07/31 18:15,26.42,52.0,24.77,24.38,25.0,20.5,25.0,0.3916,0.097892,0.725511,0.097892,0.117362,0.0,0.0,2.885995,0.097892,0.55,high,0.053841,0.0,0.053841,0
2026-07-26T15:38:04.595886,07/31 19:15,25.45,26.0,23.63,22.91,24.21,20.0,26.0,0.3764,0.094094,0.56994,0.094094,0.11245,0.0,0.0,2.224031,0.094094,0.55,high,0.051752,0.0,0.051752,0
2026-07-26T15:38:04.616885,07/31 20:23,24.73,0.0,,,,20.0,26.0,0.3764,0.094094,0.514612,0.094094,0.106204,0.0,0.0,1.981996,0.094094,0.55,high,0.051752,0.0,0.051752,0
2026-07-26T15:38:04.634885,07/31 21:15,23.67,0.0,,,,20.0,26.0,0.0,0.0,0.0,0.0,0.0,0.0,0.0,0.0,0.0,0.4,moderate,0.0,0.0,0.0,0
2026-07-26T15:38:04.650884,07/31 22:15,22.8,0.0,,,,20.0,26.0,0.0,0.0,0.0,0.0,0.0,0.0,0.0,0.0,0.0,0.4,moderate,0.0,0.0,0.0,0
2026-07-26T15:38:04.664885,07/31 23:15,21.97,0.0,,,,20.0,26.0,0.0,0.0,0.0,0.0,0.0,0.0,0.0,0.0,0.0,0.4,moderate,0.0,0.0,0.0,0
2026-07-26T15:38:04.679885,08/01 00:15,21.08,0.0,,,,20.0,26.0,0.0,0.0,0.0,0.0,0.0,0.0,0.0,0.0,0.0,0.34,low,0.0,0.0,0.0,0
2026-07-26T15:38:19.302701,08/01 01:15,20.17,0.0,,,,18.0,28.0,0.0,0.0,0.0,0.0,0.0,0.0,0.0,0.0,0.0,0.34,low,0.0,0.0,0.0,0
2026-07-26T15:38:19.319488,08/01 02:15,19.3,0.0,,,,18.0,28.0,0.0,0.0,0.0,0.0,0.0,0.0,0.0,0.0,0.0,0.34,low,0.0,0.0,0.0,0
2026-07-26T15:38:19.335009,08/01 03:15,18.47,0.0,,,,18.0,28.0,0.0,0.0,0.0,0.0,0.0,0.0,0.0,0.0,0.0,0.34,low,0.0,0.0,0.0,0
2026-07-26T15:38:19.349048,08/01 04:15,17.8,0.0,,,,18.0,28.0,0.0,0.0,0.0,0.0,0.0,0.0,0.0,0.0,0.0,0.34,low,0.0,0.0,0.0,0
2026-07-26T15:38:19.362012,08/01 05:15,17.93,0.0,,,,18.0,28.0,0.0,0.0,0.0,0.0,0.0,0.0,0.0,0.0,0.0,0.34,low,0.0,0.0,0.0,0
2026-07-26T15:38:19.377013,08/01 06:23,18.73,0.0,,,,18.0,28.0,0.0,0.0,0.0,0.0,0.0,0.0,0.0,0.0,0.0,0.43,moderate,0.0,0.0,0.0,0
2026-07-26T15:38:33.318787,08/01 07:15,20.55,0.0,,,,18.0,29.0,0.3764,0.094094,0.424796,0.094094,0.077627,0.0,0.0,1.64393,0.094094,0.43,moderate,0.04046,0.0,0.04046,0
2026-07-26T15:38:33.335786,08/01 08:15,22.62,0.0,,,,18.0,29.0,0.3764,0.094094,0.447802,0.094094,0.076924,0.0,0.0,1.731295,0.094094,0.43,moderate,0.04046,0.0,0.04046,0
2026-07-26T15:38:33.354786,08/01 09:20,24.32,52.0,23.49,22.01,24.64,20.0,26.0,0.3764,0.094094,0.47666,0.094094,0.086925,0.0,0.0,1.831614,0.094094,0.43,moderate,0.04046,0.0,0.04046,0
2026-07-26T15:38:33.372787,08/01 10:23,25.88,52.0,24.89,23.49,25.5,20.0,25.5,0.3873,0.096818,0.586026,0.096818,0.103594,0.0,0.0,2.313322,0.096818,0.3,low,0.029045,0.0,0.029045,0
2026-07-26T15:38:33.389787,08/01 11:23,26.82,52.0,25.24,24.22,25.5,20.0,25.5,0.4043,0.101068,0.740694,0.101068,0.114424,0.0,0.0,2.974727,0.101068,0.3,low,0.03032,0.0,0.03032,0
2026-07-26T15:38:33.406786,08/01 12:23,27.2,41.6,25.3,24.49,25.5,20.0,25.5,0.4062,0.101544,0.780403,0.101544,0.115109,0.0,0.0,3.123916,0.101544,0.3,low,0.030463,0.0,0.030463,0
2026-07-26T15:38:49.054664,08/01 13:15,27.35,20.8,24.86,24.29,25.0,20.5,25.0,0.4061,0.101535,0.774791,0.101535,0.115109,0.0,0.0,3.083001,0.101535,0.3,low,0.03046,0.0,0.03046,0
2026-07-26T15:38:49.072667,08/01 14:15,27.53,41.6,25.0,24.99,25.0,20.5,25.0,0.4293,0.107335,0.876239,0.107335,0.114938,0.0,0.0,3.509425,0.107335,0.3,low,0.0322,0.0,0.0322,0
2026-07-26T15:38:49.087665,08/01 15:15,26.97,52.0,25.0,25.0,25.0,20.5,25.0,0.4449,0.111237,0.872356,0.111237,0.106763,0.0,0.0,3.536449,0.111237,0.3,low,0.033371,0.0,0.033371,0
2026-07-26T15:38:49.102662,08/01 16:15,27.65,52.0,25.0,25.0,25.0,20.5,25.0,0.4506,0.112661,0.932785,0.112661,0.109368,0.0,0.0,3.749587,0.112661,0.55,high,0.061964,0.0,0.061964,0
2026-07-26T15:38:49.117663,08/01 17:15,26.92,52.0,24.92,24.61,25.0,20.5,25.0,0.4318,0.10794,0.803169,0.10794,0.103301,0.0,0.0,3.224312,0.10794,0.55,high,0.059367,0.0,0.059367,0
2026-07-26T15:38:49.132662,08/01 18:15,26.1,52.0,24.85,24.26,25.0,20.5,25.0,0.4168,0.1042,0.724506,0.1042,0.102093,0.0,0.0,2.907816,0.1042,0.55,high,0.05731,0.0,0.05731,0
2026-07-26T15:39:05.940592,08/01 19:15,25.4,26.0,24.28,22.99,25.26,20.0,25.5,0.3764,0.094094,0.49655,0.094094,0.102091,0.0,0.0,1.886577,0.094094,0.55,high,0.051752,0.0,0.051752,0
2026-07-26T15:39:05.958594,08/01 20:23,23.18,0.0,,,,20.0,25.5,0.3764,0.094094,0.462011,0.094094,0.100038,0.0,0.0,1.761182,0.094094,0.55,high,0.051752,0.0,0.051752,0
2026-07-26T15:39:05.974591,08/01 21:15,21.83,0.0,,,,20.0,25.5,0.0,0.0,0.0,0.0,0.0,0.0,0.0,0.0,0.0,0.4,moderate,0.0,0.0,0.0,0
2026-07-26T15:39:05.990587,08/01 22:15,18.9,0.0,,,,20.0,25.5,0.0,0.0,0.0,0.0,0.0,0.0,0.0,0.0,0.0,0.4,moderate,0.0,0.0,0.0,0
2026-07-26T15:39:06.005588,08/01 23:15,18.75,0.0,,,,20.0,25.5,0.0,0.0,0.0,0.0,0.0,0.0,0.0,0.0,0.0,0.4,moderate,0.0,0.0,0.0,0
2026-07-26T15:39:06.021590,08/02 00:15,18.18,0.0,,,,20.0,25.5,0.0,0.0,0.0,0.0,0.0,0.0,0.0,0.0,0.0,0.34,low,0.0,0.0,0.0,0
2026-07-26T15:39:21.370147,08/02 01:15,17.65,0.0,,,,18.0,27.5,0.0,0.0,0.0,0.0,0.0,0.0,0.0,0.0,0.0,0.34,low,0.0,0.0,0.0,0
2026-07-26T15:39:21.388150,08/02 02:15,17.35,0.0,,,,18.0,27.5,0.0,0.0,0.0,0.0,0.0,0.0,0.0,0.0,0.0,0.34,low,0.0,0.0,0.0,0
2026-07-26T15:39:21.404150,08/02 03:15,17.65,0.0,,,,18.0,27.5,0.0,0.0,0.0,0.0,0.0,0.0,0.0,0.0,0.0,0.34,low,0.0,0.0,0.0,0
2026-07-26T15:39:21.420149,08/02 04:15,17.47,0.0,,,,18.0,27.5,0.0,0.0,0.0,0.0,0.0,0.0,0.0,0.0,0.0,0.34,low,0.0,0.0,0.0,0
2026-07-26T15:39:21.435147,08/02 05:15,18.3,0.0,,,,18.0,27.5,0.0,0.0,0.0,0.0,0.0,0.0,0.0,0.0,0.0,0.34,low,0.0,0.0,0.0,0
2026-07-26T15:39:21.451146,08/02 06:23,19.15,0.0,,,,18.0,27.5,0.0,0.0,0.0,0.0,0.0,0.0,0.0,0.0,0.0,0.43,moderate,0.0,0.0,0.0,0
2026-07-26T15:39:36.462783,08/02 07:23,22.25,0.0,,,,18.0,29.0,0.3764,0.094094,0.461919,0.094094,0.080728,0.0,0.0,1.809792,0.094094,0.43,moderate,0.04046,0.0,0.04046,0
2026-07-26T15:39:36.485784,08/02 08:23,24.6,0.0,,,,18.0,29.0,0.3764,0.094094,0.50892,0.094094,0.084627,0.0,0.0,1.996124,0.094094,0.43,moderate,0.04046,0.0,0.04046,0
2026-07-26T15:39:36.504782,08/02 09:23,26.82,52.0,24.06,22.25,25.5,20.0,25.5,0.3866,0.09665,0.631812,0.09665,0.101492,0.0,0.0,2.503219,0.09665,0.43,moderate,0.041559,0.0,0.041559,0
2026-07-26T15:39:36.524785,08/02 10:23,27.62,52.0,25.08,23.78,25.5,20.0,25.5,0.4017,0.100429,0.691939,0.100429,0.107397,0.0,0.0,2.740509,0.100429,0.3,low,0.030129,0.0,0.030129,0
2026-07-26T15:39:36.542789,08/02 11:23,28.9,52.0,25.31,24.54,25.5,20.0,25.5,0.4255,0.106371,0.903242,0.106371,0.119164,0.0,0.0,3.585531,0.106371,0.3,low,0.031911,0.0,0.031911,0
2026-07-26T15:39:36.556782,08/02 12:15,29.02,41.6,25.35,24.77,25.5,20.0,25.5,0.418,0.104503,0.86307,0.104503,0.116187,0.0,0.0,3.413068,0.104503,0.3,low,0.031351,0.0,0.031351,0
2026-07-26T15:39:52.957042,08/02 13:15,29.4,20.8,24.91,24.57,25.0,20.5,25.0,0.4172,0.104293,0.895966,0.104293,0.121028,0.0,0.0,3.514817,0.104293,0.3,low,0.031288,0.0,0.031288,0
2026-07-26T15:39:52.977037,08/02 14:15,29.4,41.6,25.0,25.0,25.0,20.5,25.0,0.4447,0.111169,1.0169,0.111169,0.122679,0.0,0.0,4.013008,0.111169,0.3,low,0.033351,0.0,0.033351,0
2026-07-26T15:39:52.995038,08/02 15:15,29.4,52.0,25.0,25.0,25.0,20.5,25.0,0.4669,0.116717,1.114946,0.116717,0.12268,0.0,0.0,4.398066,0.116717,0.3,low,0.035015,0.0,0.035015,0
2026-07-26T15:39:53.011035,08/02 16:15,29.27,52.0,25.0,25.0,25.0,20.5,25.0,0.4658,0.116442,1.149008,0.116442,0.125953,0.0,0.0,4.522874,0.116442,0.55,high,0.064043,0.0,0.064043,0
2026-07-26T15:39:53.028036,08/02 17:15,28.47,52.0,24.96,24.8,25.0,20.5,25.0,0.4401,0.110036,1.047454,0.110036,0.12561,0.0,0.0,4.145039,0.110036,0.55,high,0.06052,0.0,0.06052,0
2026-07-26T15:39:53.043036,08/02 18:15,26.92,52.0,24.88,24.42,25.0,20.5,25.0,0.4192,0.104801,0.937026,0.104801,0.12506,0.0,0.0,3.756041,0.104801,0.55,high,0.057641,0.0,0.057641,0
2026-07-26T15:40:10.426970,08/02 19:15,25.68,26.0,24.29,23.09,25.07,20.0,25.5,0.3764,0.094094,0.630145,0.094094,0.119664,0.0,0.0,2.481524,0.094094,0.55,high,0.051752,0.0,0.051752,0
2026-07-26T15:40:10.447969,08/02 20:23,24.12,0.0,,,,20.0,25.5,0.3764,0.094094,0.603183,0.094094,0.118336,0.0,0.0,2.394254,0.094094,0.55,high,0.051752,0.0,0.051752,0
2026-07-26T15:40:10.462974,08/02 21:15,23.3,0.0,,,,20.0,25.5,0.0,0.0,0.0,0.0,0.0,0.0,0.0,0.0,0.0,0.4,moderate,0.0,0.0,0.0,0
2026-07-26T15:40:10.476970,08/02 22:15,23.18,0.0,,,,20.0,25.5,0.0,0.0,0.0,0.0,0.0,0.0,0.0,0.0,0.0,0.4,moderate,0.0,0.0,0.0,0
2026-07-26T15:40:10.492971,08/02 23:15,22.65,0.0,,,,20.0,25.5,0.0,0.0,0.0,0.0,0.0,0.0,0.0,0.0,0.0,0.4,moderate,0.0,0.0,0.0,0
2026-07-26T15:40:10.506970,08/03 00:15,22.07,0.0,,,,20.0,25.5,0.0,0.0,0.0,0.0,0.0,0.0,0.0,0.0,0.0,0.34,low,0.0,0.0,0.0,0
2026-07-26T15:40:25.563235,08/03 01:15,21.7,0.0,,,,18.0,27.5,0.0,0.0,0.0,0.0,0.0,0.0,0.0,0.0,0.0,0.34,low,0.0,0.0,0.0,0
2026-07-26T15:40:25.580235,08/03 02:15,21.55,0.0,,,,18.0,27.5,0.0,0.0,0.0,0.0,0.0,0.0,0.0,0.0,0.0,0.34,low,0.0,0.0,0.0,0
2026-07-26T15:40:25.594236,08/03 03:15,21.25,0.0,,,,18.0,27.5,0.0,0.0,0.0,0.0,0.0,0.0,0.0,0.0,0.0,0.34,low,0.0,0.0,0.0,0
2026-07-26T15:40:25.611234,08/03 04:15,21.7,0.0,,,,18.0,27.5,0.0,0.0,0.0,0.0,0.0,0.0,0.0,0.0,0.0,0.34,low,0.0,0.0,0.0,0
2026-07-26T15:40:25.627234,08/03 05:15,21.97,0.0,,,,18.0,27.5,0.0,0.0,0.0,0.0,0.0,0.0,0.0,0.0,0.0,0.34,low,0.0,0.0,0.0,0
2026-07-26T15:40:25.642234,08/03 06:23,23.35,0.0,,,,18.0,27.5,0.0,0.0,0.0,0.0,0.0,0.0,0.0,0.0,0.0,0.43,moderate,0.0,0.0,0.0,0
2026-07-26T15:40:40.261797,08/03 07:20,25.43,0.0,,,,18.0,29.0,0.0,0.0,0.0,0.0,0.0,0.0,0.0,0.0,0.0,0.43,moderate,0.0,0.0,0.0,0
2026-07-26T15:40:40.280796,08/03 08:23,27.1,0.0,,,,18.0,29.0,0.0,0.0,0.0,0.0,0.0,0.0,0.0,0.0,0.0,0.43,moderate,0.0,0.0,0.0,0
2026-07-26T15:40:40.297797,08/03 09:23,28.58,0.0,,,,18.0,29.0,0.0,0.0,0.0,0.0,0.0,0.0,0.0,0.0,0.0,0.43,moderate,0.0,0.0,0.0,0
2026-07-26T15:40:40.311797,08/03 10:15,29.7,0.0,,,,18.0,29.0,0.0,0.0,0.0,0.0,0.0,0.0,0.0,0.0,0.0,0.3,low,0.0,0.0,0.0,0
2026-07-26T15:40:40.325798,08/03 11:15,30.6,0.0,,,,18.0,29.0,0.0,0.0,0.0,0.0,0.0,0.0,0.0,0.0,0.0,0.3,low,0.0,0.0,0.0,0
2026-07-26T15:40:40.339798,08/03 12:15,30.6,0.0,,,,18.0,29.0,0.0,0.0,0.0,0.0,0.0,0.0,0.0,0.0,0.0,0.3,low,0.0,0.0,0.0,0
2026-07-26T15:40:55.406608,08/03 13:15,30.88,0.0,,,,18.0,29.0,0.0,0.0,0.0,0.0,0.0,0.0,0.0,0.0,0.0,0.3,low,0.0,0.0,0.0,0
2026-07-26T15:40:55.423666,08/03 14:15,31.7,0.0,,,,18.0,29.0,0.0,0.0,0.0,0.0,0.0,0.0,0.0,0.0,0.0,0.3,low,0.0,0.0,0.0,0
2026-07-26T15:40:55.439085,08/03 15:23,31.7,0.0,,,,18.0,29.0,0.0,0.0,0.0,0.0,0.0,0.0,0.0,0.0,0.0,0.3,low,0.0,0.0,0.0,0
2026-07-26T15:40:55.453119,08/03 16:15,31.42,0.0,,,,18.0,29.0,0.0,0.0,0.0,0.0,0.0,0.0,0.0,0.0,0.0,0.55,high,0.0,0.0,0.0,0
2026-07-26T15:40:55.467078,08/03 17:15,30.6,0.0,,,,18.0,29.0,0.0,0.0,0.0,0.0,0.0,0.0,0.0,0.0,0.0,0.55,high,0.0,0.0,0.0,0
2026-07-26T15:40:55.480077,08/03 18:15,30.3,0.0,,,,18.0,29.0,0.0,0.0,0.0,0.0,0.0,0.0,0.0,0.0,0.0,0.55,high,0.0,0.0,0.0,0
2026-07-26T15:41:10.424295,08/03 19:23,29.4,0.0,,,,18.0,29.0,0.0,0.0,0.0,0.0,0.0,0.0,0.0,0.0,0.0,0.55,high,0.0,0.0,0.0,0
2026-07-26T15:41:10.441293,08/03 20:23,28.57,0.0,,,,18.0,29.0,0.0,0.0,0.0,0.0,0.0,0.0,0.0,0.0,0.0,0.55,high,0.0,0.0,0.0,0
2026-07-26T15:41:10.456293,08/03 21:15,25.98,0.0,,,,18.0,29.0,0.0,0.0,0.0,0.0,0.0,0.0,0.0,0.0,0.0,0.4,moderate,0.0,0.0,0.0,0
2026-07-26T15:41:10.469291,08/03 22:15,25.6,0.0,,,,18.0,29.0,0.0,0.0,0.0,0.0,0.0,0.0,0.0,0.0,0.0,0.4,moderate,0.0,0.0,0.0,0
2026-07-26T15:41:10.482292,08/03 23:15,25.73,0.0,,,,18.0,29.0,0.0,0.0,0.0,0.0,0.0,0.0,0.0,0.0,0.0,0.4,moderate,0.0,0.0,0.0,0
2026-07-26T15:41:10.495290,08/04 00:15,26.1,0.0,,,,18.0,29.0,0.0,0.0,0.0,0.0,0.0,0.0,0.0,0.0,0.0,0.34,low,0.0,0.0,0.0,0
2026-07-26T15:41:25.567777,08/04 01:15,25.4,0.0,,,,18.0,29.0,0.0,0.0,0.0,0.0,0.0,0.0,0.0,0.0,0.0,0.34,low,0.0,0.0,0.0,0
2026-07-26T15:41:25.583778,08/04 02:15,23.58,0.0,,,,18.0,29.0,0.0,0.0,0.0,0.0,0.0,0.0,0.0,0.0,0.0,0.34,low,0.0,0.0,0.0,0
2026-07-26T15:41:25.598778,08/04 03:15,24.4,0.0,,,,18.0,29.0,0.0,0.0,0.0,0.0,0.0,0.0,0.0,0.0,0.0,0.34,low,0.0,0.0,0.0,0
2026-07-26T15:41:25.613777,08/04 04:15,24.27,0.0,,,,18.0,29.0,0.0,0.0,0.0,0.0,0.0,0.0,0.0,0.0,0.0,0.34,low,0.0,0.0,0.0,0
2026-07-26T15:41:25.627777,08/04 05:15,23.9,0.0,,,,18.0,29.0,0.0,0.0,0.0,0.0,0.0,0.0,0.0,0.0,0.0,0.34,low,0.0,0.0,0.0,0
2026-07-26T15:41:25.641778,08/04 06:15,23.75,0.0,,,,18.0,29.0,0.0,0.0,0.0,0.0,0.0,0.0,0.0,0.0,0.0,0.43,moderate,0.0,0.0,0.0,0
2026-07-26T15:41:40.793232,08/04 07:15,23.58,0.0,,,,18.0,29.0,0.0,0.0,0.0,0.0,0.0,0.0,0.0,0.0,0.0,0.43,moderate,0.0,0.0,0.0,0
2026-07-26T15:41:40.811227,08/04 08:15,24.82,0.0,,,,18.0,29.0,0.0,0.0,0.0,0.0,0.0,0.0,0.0,0.0,0.0,0.43,moderate,0.0,0.0,0.0,0
2026-07-26T15:41:40.827228,08/04 09:15,26.38,0.0,,,,18.0,29.0,0.0,0.0,0.0,0.0,0.0,0.0,0.0,0.0,0.0,0.43,moderate,0.0,0.0,0.0,0
2026-07-26T15:41:40.843227,08/04 10:15,27.75,0.0,,,,18.0,29.0,0.0,0.0,0.0,0.0,0.0,0.0,0.0,0.0,0.0,0.3,low,0.0,0.0,0.0,0
2026-07-26T15:41:40.858227,08/04 11:15,29.55,0.0,,,,18.0,29.0,0.0,0.0,0.0,0.0,0.0,0.0,0.0,0.0,0.0,0.3,low,0.0,0.0,0.0,0
2026-07-26T15:41:40.873231,08/04 12:15,30.15,0.0,,,,18.0,29.0,0.0,0.0,0.0,0.0,0.0,0.0,0.0,0.0,0.0,0.3,low,0.0,0.0,0.0,0
2026-07-26T15:42:04.382705,08/04 13:15,30.6,0.0,,,,18.0,29.0,0.0,0.0,0.0,0.0,0.0,0.0,0.0,0.0,0.0,0.3,low,0.0,0.0,0.0,0
2026-07-26T15:42:04.429030,08/04 14:23,30.73,0.0,,,,18.0,29.0,0.0,0.0,0.0,0.0,0.0,0.0,0.0,0.0,0.0,0.3,low,0.0,0.0,0.0,0
2026-07-26T15:42:04.468799,08/04 15:23,31.1,0.0,,,,18.0,29.0,0.0,0.0,0.0,0.0,0.0,0.0,0.0,0.0,0.0,0.3,low,0.0,0.0,0.0,0
2026-07-26T15:42:04.504962,08/04 16:23,31.1,0.0,,,,18.0,29.0,0.0,0.0,0.0,0.0,0.0,0.0,0.0,0.0,0.0,0.55,high,0.0,0.0,0.0,0
2026-07-26T15:42:04.542996,08/04 17:15,30.83,0.0,,,,18.0,29.0,0.0,0.0,0.0,0.0,0.0,0.0,0.0,0.0,0.0,0.55,high,0.0,0.0,0.0,0
2026-07-26T15:42:04.585203,08/04 18:15,29.73,0.0,,,,18.0,29.0,0.0,0.0,0.0,0.0,0.0,0.0,0.0,0.0,0.0,0.55,high,0.0,0.0,0.0,0
2026-07-26T15:42:28.348003,08/04 19:23,28.75,0.0,,,,18.0,29.0,0.0,0.0,0.0,0.0,0.0,0.0,0.0,0.0,0.0,0.55,high,0.0,0.0,0.0,0
2026-07-26T15:42:28.385279,08/04 20:23,28.18,0.0,,,,18.0,29.0,0.0,0.0,0.0,0.0,0.0,0.0,0.0,0.0,0.0,0.55,high,0.0,0.0,0.0,0
2026-07-26T15:42:28.423332,08/04 21:15,27.93,0.0,,,,18.0,29.0,0.0,0.0,0.0,0.0,0.0,0.0,0.0,0.0,0.0,0.4,moderate,0.0,0.0,0.0,0
2026-07-26T15:42:28.456333,08/04 22:15,28.3,0.0,,,,18.0,29.0,0.0,0.0,0.0,0.0,0.0,0.0,0.0,0.0,0.0,0.4,moderate,0.0,0.0,0.0,0
2026-07-26T15:42:28.483363,08/04 23:15,26.65,0.0,,,,18.0,29.0,0.0,0.0,0.0,0.0,0.0,0.0,0.0,0.0,0.0,0.4,moderate,0.0,0.0,0.0,0
2026-07-26T15:42:28.518343,08/05 00:15,21.27,0.0,,,,18.0,29.0,0.0,0.0,0.0,0.0,0.0,0.0,0.0,0.0,0.0,0.34,low,0.0,0.0,0.0,0
2026-07-26T15:42:53.318328,08/05 01:15,20.15,0.0,,,,18.0,29.0,0.0,0.0,0.0,0.0,0.0,0.0,0.0,0.0,0.0,0.34,low,0.0,0.0,0.0,0
2026-07-26T15:42:53.357334,08/05 02:15,20.6,0.0,,,,18.0,29.0,0.0,0.0,0.0,0.0,0.0,0.0,0.0,0.0,0.0,0.34,low,0.0,0.0,0.0,0
2026-07-26T15:42:53.388329,08/05 03:15,20.45,0.0,,,,18.0,29.0,0.0,0.0,0.0,0.0,0.0,0.0,0.0,0.0,0.0,0.34,low,0.0,0.0,0.0,0
2026-07-26T15:42:53.415328,08/05 04:15,20.15,0.0,,,,18.0,29.0,0.0,0.0,0.0,0.0,0.0,0.0,0.0,0.0,0.0,0.34,low,0.0,0.0,0.0,0
2026-07-26T15:42:53.440329,08/05 05:15,20.73,0.0,,,,18.0,29.0,0.0,0.0,0.0,0.0,0.0,0.0,0.0,0.0,0.0,0.34,low,0.0,0.0,0.0,0
2026-07-26T15:42:53.480337,08/05 06:15,21.25,0.0,,,,18.0,29.0,0.0,0.0,0.0,0.0,0.0,0.0,0.0,0.0,0.0,0.43,moderate,0.0,0.0,0.0,0
2026-07-26T15:43:13.328463,08/05 07:15,21.97,0.0,,,,18.0,29.0,0.3764,0.094094,0.543462,0.094094,0.094919,0.0,0.0,2.18565,0.094094,0.43,moderate,0.04046,0.0,0.04046,0
2026-07-26T15:43:13.388458,08/05 08:15,22.93,0.0,,,,18.0,29.0,0.3764,0.094094,0.611337,0.094094,0.100701,0.0,0.0,2.481729,0.094094,0.43,moderate,0.04046,0.0,0.04046,0
2026-07-26T15:43:13.441459,08/05 09:20,23.88,52.0,23.17,22.0,23.85,20.0,26.0,0.3764,0.094094,0.612526,0.094094,0.107215,0.0,0.0,2.462336,0.094094,0.43,moderate,0.04046,0.0,0.04046,0
2026-07-26T15:43:13.473457,08/05 10:23,26.0,52.0,24.85,23.45,25.53,20.0,25.5,0.3824,0.095597,0.694516,0.095597,0.122155,0.0,0.0,2.783717,0.095597,0.3,low,0.028679,0.0,0.028679,0
2026-07-26T15:43:13.515459,08/05 11:23,27.47,52.0,25.26,24.3,25.5,20.0,25.5,0.4021,0.100527,0.889316,0.100527,0.134169,0.0,0.0,3.574093,0.100527,0.3,low,0.030158,0.0,0.030158,0
2026-07-26T15:43:13.549213,08/05 12:15,28.3,41.6,25.3,24.49,25.5,20.0,25.5,0.4021,0.100525,0.96886,0.100525,0.140459,0.0,0.0,3.846646,0.100525,0.3,low,0.030158,0.0,0.030158,0
2026-07-26T15:43:30.348182,08/05 13:15,28.18,20.8,24.87,24.36,25.0,20.5,25.0,0.4036,0.100906,0.970622,0.100906,0.140459,0.0,0.0,3.840278,0.100906,0.3,low,0.030272,0.0,0.030272,0
2026-07-26T15:43:30.368182,08/05 14:15,28.35,41.6,24.98,24.91,25.0,20.5,25.0,0.422,0.105505,0.839643,0.105505,0.115298,0.0,0.0,3.351343,0.105505,0.3,low,0.031651,0.0,0.031651,0
2026-07-26T15:43:30.395182,08/05 15:15,30.0,52.0,25.0,25.0,25.0,20.5,25.0,0.4496,0.112404,1.042433,0.112404,0.122215,0.0,0.0,4.093137,0.112404,0.3,low,0.033721,0.0,0.033721,0
2026-07-26T15:43:30.413181,08/05 16:15,29.85,52.0,25.0,25.0,25.0,20.5,25.0,0.4489,0.112216,1.077539,0.112216,0.125619,0.0,0.0,4.220606,0.112216,0.55,high,0.061719,0.0,0.061719,0
2026-07-26T15:43:30.432181,08/05 17:15,29.0,52.0,24.94,24.69,25.0,20.5,25.0,0.4316,0.107905,0.986279,0.107905,0.123096,0.0,0.0,3.88733,0.107905,0.55,high,0.059348,0.0,0.059348,0
2026-07-26T15:43:30.451181,08/05 18:15,27.38,52.0,24.87,24.34,25.0,20.5,25.0,0.4188,0.104709,0.901916,0.104709,0.121119,0.0,0.0,3.597456,0.104709,0.55,high,0.05759,0.0,0.05759,0
2026-07-26T15:43:47.506394,08/05 19:15,25.68,26.0,24.28,23.02,25.26,20.0,25.5,0.3764,0.094094,0.630843,0.094094,0.120028,0.0,0.0,2.485187,0.094094,0.55,high,0.051752,0.0,0.051752,0
2026-07-26T15:43:47.532392,08/05 20:23,24.27,0.0,,,,20.0,25.5,0.3764,0.094094,0.604285,0.094094,0.118673,0.0,0.0,2.399058,0.094094,0.55,high,0.051752,0.0,0.051752,0
2026-07-26T15:43:47.565391,08/05 21:15,23.9,0.0,,,,20.0,25.5,0.0,0.0,0.0,0.0,0.0,0.0,0.0,0.0,0.0,0.4,moderate,0.0,0.0,0.0,0
2026-07-26T15:43:47.587398,08/05 22:15,23.47,0.0,,,,20.0,25.5,0.0,0.0,0.0,0.0,0.0,0.0,0.0,0.0,0.0,0.4,moderate,0.0,0.0,0.0,0
2026-07-26T15:43:47.605393,08/05 23:15,22.2,0.0,,,,20.0,25.5,0.0,0.0,0.0,0.0,0.0,0.0,0.0,0.0,0.0,0.4,moderate,0.0,0.0,0.0,0
2026-07-26T15:43:47.633391,08/06 00:15,21.65,0.0,,,,20.0,25.5,0.0,0.0,0.0,0.0,0.0,0.0,0.0,0.0,0.0,0.34,low,0.0,0.0,0.0,0
2026-07-26T15:44:02.146555,08/06 01:15,20.0,0.0,,,,18.0,27.5,0.0,0.0,0.0,0.0,0.0,0.0,0.0,0.0,0.0,0.34,low,0.0,0.0,0.0,0
2026-07-26T15:44:02.167554,08/06 02:15,19.85,0.0,,,,18.0,27.5,0.0,0.0,0.0,0.0,0.0,0.0,0.0,0.0,0.0,0.34,low,0.0,0.0,0.0,0
2026-07-26T15:44:02.187553,08/06 03:15,19.12,0.0,,,,18.0,27.5,0.0,0.0,0.0,0.0,0.0,0.0,0.0,0.0,0.0,0.34,low,0.0,0.0,0.0,0
2026-07-26T15:44:02.207554,08/06 04:15,18.18,0.0,,,,18.0,27.5,0.0,0.0,0.0,0.0,0.0,0.0,0.0,0.0,0.0,0.34,low,0.0,0.0,0.0,0
2026-07-26T15:44:02.225554,08/06 05:15,17.93,0.0,,,,18.0,27.5,0.0,0.0,0.0,0.0,0.0,0.0,0.0,0.0,0.0,0.34,low,0.0,0.0,0.0,0
2026-07-26T15:44:02.245553,08/06 06:23,18.73,0.0,,,,18.0,27.5,0.0,0.0,0.0,0.0,0.0,0.0,0.0,0.0,0.0,0.43,moderate,0.0,0.0,0.0,0
2026-07-26T15:44:16.575293,08/06 07:23,20.27,0.0,,,,18.0,29.0,0.3764,0.094094,0.346335,0.094094,0.067684,0.0,0.0,1.254457,0.094094,0.43,moderate,0.04046,0.0,0.04046,0
2026-07-26T15:44:16.597293,08/06 08:15,21.25,0.0,,,,18.0,29.0,0.3764,0.094094,0.366083,0.094094,0.067697,0.0,0.0,1.343396,0.094094,0.43,moderate,0.04046,0.0,0.04046,0
2026-07-26T15:44:16.617291,08/06 09:23,21.55,52.0,23.57,21.95,24.79,20.0,26.0,0.3764,0.094094,0.399941,0.094094,0.079015,0.0,0.0,1.495173,0.094094,0.43,moderate,0.04046,0.0,0.04046,0
2026-07-26T15:44:16.635294,08/06 10:15,20.12,52.0,24.64,23.29,25.5,20.0,25.5,0.3777,0.094437,0.402268,0.094437,0.087383,0.0,0.0,1.500781,0.094437,0.3,low,0.028331,0.0,0.028331,0
2026-07-26T15:44:16.651292,08/06 11:15,16.92,52.0,24.75,23.53,25.5,20.0,25.5,0.3775,0.094364,0.304543,0.094364,0.08137,0.0,0.0,1.02544,0.094364,0.3,low,0.028309,0.0,0.028309,0
2026-07-26T15:44:16.670292,08/06 12:15,16.38,41.6,24.67,23.57,25.5,20.0,25.5,0.3774,0.094346,0.307473,0.094346,0.080792,0.0,0.0,1.05696,0.094346,0.3,low,0.028304,0.0,0.028304,0
2026-07-26T15:44:32.055536,08/06 13:15,17.35,20.8,24.36,23.45,25.0,20.5,25.0,0.3803,0.095076,0.311672,0.095076,0.07953,0.0,0.0,1.073672,0.095076,0.3,low,0.028523,0.0,0.028523,0
2026-07-26T15:44:32.078537,08/06 14:15,17.38,41.6,24.64,24.03,25.0,20.5,25.0,0.3898,0.097447,0.299681,0.097447,0.073066,0.0,0.0,1.005711,0.097447,0.3,low,0.029234,0.0,0.029234,0
2026-07-26T15:44:32.097536,08/06 15:15,15.98,52.0,24.61,24.06,25.0,20.5,25.0,0.3903,0.097577,0.264348,0.097577,0.071435,0.0,0.0,0.828777,0.097577,0.3,low,0.029273,0.0,0.029273,0
2026-07-26T15:44:32.127536,08/06 16:15,15.72,52.0,24.47,23.85,25.0,20.5,25.0,0.3853,0.096325,0.239672,0.096325,0.071818,0.0,0.0,0.695864,0.096325,0.55,high,0.052979,0.0,0.052979,0
2026-07-26T15:44:32.144536,08/06 17:15,16.25,52.0,24.13,23.36,25.0,20.5,25.0,0.3795,0.094879,0.224431,0.094879,0.073045,0.0,0.0,0.614228,0.094879,0.55,high,0.052183,0.0,0.052183,0
2026-07-26T15:44:32.166536,08/06 18:15,16.42,52.0,24.11,23.06,25.0,20.5,25.0,0.3789,0.094725,0.2308,0.094725,0.076162,0.0,0.0,0.644922,0.094725,0.55,high,0.052099,0.0,0.052099,0
2026-07-26T15:44:47.389041,08/06 19:15,15.17,26.0,22.79,21.73,23.83,20.0,26.0,0.3764,0.094094,0.201519,0.094094,0.070168,0.0,0.0,0.491406,0.094094,0.55,high,0.051752,0.0,0.051752,0
2026-07-26T15:44:47.412040,08/06 20:15,13.62,0.0,,,,20.0,26.0,0.3764,0.094094,0.170494,0.094094,0.051277,0.0,0.0,0.334852,0.094094,0.55,high,0.051752,0.0,0.051752,0
2026-07-26T15:44:47.444040,08/06 21:15,12.8,0.0,,,,20.0,26.0,0.0,0.0,0.0,0.0,0.0,0.0,0.0,0.0,0.0,0.4,moderate,0.0,0.0,0.0,0
2026-07-26T15:44:47.462039,08/06 22:15,12.65,0.0,,,,20.0,26.0,0.0,0.0,0.0,0.0,0.0,0.0,0.0,0.0,0.0,0.4,moderate,0.0,0.0,0.0,0
2026-07-26T15:44:47.477039,08/06 23:15,12.2,0.0,,,,20.0,26.0,0.0,0.0,0.0,0.0,0.0,0.0,0.0,0.0,0.0,0.4,moderate,0.0,0.0,0.0,0
2026-07-26T15:44:47.499040,08/07 00:15,12.07,0.0,,,,20.0,26.0,0.0,0.0,0.0,0.0,0.0,0.0,0.0,0.0,0.0,0.34,low,0.0,0.0,0.0,0
2026-07-26T15:45:02.145524,08/07 01:15,11.97,0.0,,,,18.0,28.0,0.0,0.0,0.0,0.0,0.0,0.0,0.0,0.0,0.0,0.34,low,0.0,0.0,0.0,0
2026-07-26T15:45:02.195523,08/07 02:15,12.8,0.0,,,,18.0,28.0,0.0,0.0,0.0,0.0,0.0,0.0,0.0,0.0,0.0,0.34,low,0.0,0.0,0.0,0
2026-07-26T15:45:02.231523,08/07 03:15,12.53,0.0,,,,18.0,28.0,0.0,0.0,0.0,0.0,0.0,0.0,0.0,0.0,0.0,0.34,low,0.0,0.0,0.0,0
2026-07-26T15:45:02.260528,08/07 04:15,11.7,0.0,,,,18.0,28.0,0.0,0.0,0.0,0.0,0.0,0.0,0.0,0.0,0.0,0.34,low,0.0,0.0,0.0,0
2026-07-26T15:45:02.285526,08/07 05:15,11.97,0.0,,,,18.0,28.0,0.0,0.0,0.0,0.0,0.0,0.0,0.0,0.0,0.0,0.34,low,0.0,0.0,0.0,0
2026-07-26T15:45:02.306534,08/07 06:23,13.5,0.0,,,,18.0,28.0,0.0,0.0,0.0,0.0,0.0,0.0,0.0,0.0,0.0,0.43,moderate,0.0,0.0,0.0,0
2026-07-26T15:45:17.532188,08/07 07:23,16.0,0.0,,,,18.0,29.0,0.3764,0.094094,0.177935,0.094094,0.033628,0.0,0.0,0.403642,0.094094,0.43,moderate,0.04046,0.0,0.04046,0
2026-07-26T15:45:17.559601,08/07 08:23,17.75,0.0,,,,18.0,29.0,0.3764,0.094094,0.206634,0.094094,0.044541,0.0,0.0,0.539178,0.094094,0.43,moderate,0.04046,0.0,0.04046,0
2026-07-26T15:45:17.595036,08/07 09:23,19.55,52.0,23.48,21.49,25.52,20.5,25.5,0.3814,0.095343,0.259997,0.095343,0.061917,0.0,0.0,0.81377,0.095343,0.43,moderate,0.040997,0.0,0.040997,0
2026-07-26T15:45:17.617888,08/07 10:23,20.15,52.0,24.65,23.0,25.5,20.5,25.5,0.3882,0.097046,0.29946,0.097046,0.06242,0.0,0.0,1.017202,0.097046,0.3,low,0.029114,0.0,0.029114,0
2026-07-26T15:45:17.646350,08/07 11:23,20.6,52.0,25.12,23.81,25.5,20.5,25.5,0.3924,0.098099,0.336147,0.098099,0.073723,0.0,0.0,1.19114,0.098099,0.3,low,0.02943,0.0,0.02943,0
2026-07-26T15:45:17.669881,08/07 12:15,20.88,41.6,25.23,24.16,25.5,20.5,25.5,0.3913,0.097837,0.343431,0.097837,0.083423,0.0,0.0,1.21263,0.097837,0.3,low,0.029351,0.0,0.029351,0
2026-07-26T15:45:35.281565,08/07 13:15,21.42,20.8,24.77,23.86,25.0,20.5,25.0,0.39,0.097504,0.360517,0.097504,0.086793,0.0,0.0,1.290385,0.097504,0.3,low,0.029251,0.0,0.029251,0
2026-07-26T15:45:35.302569,08/07 14:15,20.6,41.6,24.95,24.75,25.0,20.5,25.0,0.407,0.101759,0.402308,0.101759,0.076538,0.0,0.0,1.519381,0.101759,0.3,low,0.030528,0.0,0.030528,0
2026-07-26T15:45:35.320565,08/07 15:15,20.45,52.0,24.97,24.88,25.0,20.5,25.0,0.4201,0.105014,0.462653,0.105014,0.079082,0.0,0.0,1.833488,0.105014,0.3,low,0.031504,0.0,0.031504,0
2026-07-26T15:45:35.337565,08/07 16:15,20.0,52.0,24.91,24.58,25.0,20.5,25.0,0.4177,0.104421,0.465829,0.104421,0.077962,0.0,0.0,1.840219,0.104421,0.55,high,0.057432,0.0,0.057432,0
2026-07-26T15:45:35.357566,08/07 17:15,19.85,52.0,24.82,24.12,25.0,20.5,25.0,0.3994,0.099841,0.383408,0.099841,0.079291,0.0,0.0,1.422585,0.099841,0.55,high,0.054913,0.0,0.054913,0
2026-07-26T15:45:35.374565,08/07 18:15,18.85,52.0,24.71,23.67,25.0,20.5,25.0,0.3915,0.097864,0.335861,0.097864,0.07808,0.0,0.0,1.181144,0.097864,0.55,high,0.053825,0.0,0.053825,0
2026-07-26T15:45:55.355341,08/07 19:20,16.8,26.0,23.49,22.21,24.21,20.0,26.0,0.3764,0.094094,0.232133,0.094094,0.073595,0.0,0.0,0.648016,0.094094,0.55,high,0.051752,0.0,0.051752,0
2026-07-26T15:45:55.376345,08/07 20:23,15.3,0.0,,,,20.0,26.0,0.3764,0.094094,0.202209,0.094094,0.06773,0.0,0.0,0.495221,0.094094,0.55,high,0.051752,0.0,0.051752,0
2026-07-26T15:45:55.392678,08/07 21:15,14.28,0.0,,,,20.0,26.0,0.0,0.0,0.0,0.0,0.0,0.0,0.0,0.0,0.0,0.4,moderate,0.0,0.0,0.0,0
2026-07-26T15:45:55.408168,08/07 22:15,13.75,0.0,,,,20.0,26.0,0.0,0.0,0.0,0.0,0.0,0.0,0.0,0.0,0.0,0.4,moderate,0.0,0.0,0.0,0
2026-07-26T15:45:55.426182,08/07 23:15,13.18,0.0,,,,20.0,26.0,0.0,0.0,0.0,0.0,0.0,0.0,0.0,0.0,0.0,0.4,moderate,0.0,0.0,0.0,0
2026-07-26T15:45:55.443187,08/08 00:15,12.93,0.0,,,,20.0,26.0,0.0,0.0,0.0,0.0,0.0,0.0,0.0,0.0,0.0,0.34,low,0.0,0.0,0.0,0
2026-07-26T15:46:14.070951,08/08 01:15,13.3,0.0,,,,18.0,28.0,0.0,0.0,0.0,0.0,0.0,0.0,0.0,0.0,0.0,0.34,low,0.0,0.0,0.0,0
2026-07-26T15:46:14.090964,08/08 02:15,13.18,0.0,,,,18.0,28.0,0.0,0.0,0.0,0.0,0.0,0.0,0.0,0.0,0.0,0.34,low,0.0,0.0,0.0,0
2026-07-26T15:46:14.108951,08/08 03:15,12.53,0.0,,,,18.0,28.0,0.0,0.0,0.0,0.0,0.0,0.0,0.0,0.0,0.0,0.34,low,0.0,0.0,0.0,0
2026-07-26T15:46:14.126956,08/08 04:15,11.7,0.0,,,,18.0,28.0,0.0,0.0,0.0,0.0,0.0,0.0,0.0,0.0,0.0,0.34,low,0.0,0.0,0.0,0
2026-07-26T15:46:14.142960,08/08 05:15,11.97,0.0,,,,18.0,28.0,0.0,0.0,0.0,0.0,0.0,0.0,0.0,0.0,0.0,0.34,low,0.0,0.0,0.0,0
2026-07-26T15:46:14.159951,08/08 06:23,13.5,0.0,,,,18.0,28.0,0.0,0.0,0.0,0.0,0.0,0.0,0.0,0.0,0.0,0.43,moderate,0.0,0.0,0.0,0
2026-07-26T15:46:30.015470,08/08 07:23,16.27,0.0,,,,18.0,29.0,0.3764,0.094094,0.177774,0.094094,0.034509,0.0,0.0,0.406525,0.094094,0.43,moderate,0.04046,0.0,0.04046,0
2026-07-26T15:46:30.037470,08/08 08:23,18.88,0.0,,,,18.0,29.0,0.3764,0.094094,0.221145,0.094094,0.039476,0.0,0.0,0.627919,0.094094,0.43,moderate,0.04046,0.0,0.04046,0
2026-07-26T15:46:30.058475,08/08 09:23,21.15,52.0,23.51,21.56,25.52,20.5,25.5,0.3813,0.09532,0.277291,0.09532,0.052623,0.0,0.0,0.909767,0.09532,0.43,moderate,0.040988,0.0,0.040988,0
2026-07-26T15:46:30.079471,08/08 10:23,23.08,52.0,24.74,23.23,25.5,20.5,25.5,0.3905,0.097618,0.356428,0.097618,0.06878,0.0,0.0,1.280227,0.097618,0.3,low,0.029285,0.0,0.029285,0
2026-07-26T15:46:30.099470,08/08 11:23,23.75,52.0,25.24,24.2,25.5,20.5,25.5,0.4015,0.100366,0.453842,0.100366,0.083043,0.0,0.0,1.750512,0.100366,0.3,low,0.03011,0.0,0.03011,0
2026-07-26T15:46:30.115471,08/08 12:15,23.73,41.6,25.28,24.42,25.5,20.5,25.5,0.3994,0.099843,0.429964,0.099843,0.086255,0.0,0.0,1.616199,0.099843,0.3,low,0.029953,0.0,0.029953,0
2026-07-26T15:46:46.166089,08/08 13:15,24.73,20.8,24.84,24.22,25.0,20.5,25.0,0.4003,0.100084,0.488627,0.100084,0.086699,0.0,0.0,1.868692,0.100084,0.3,low,0.030025,0.0,0.030025,0
2026-07-26T15:46:46.184091,08/08 14:15,23.9,41.6,24.97,24.84,25.0,20.5,25.0,0.4175,0.104386,0.535536,0.104386,0.084757,0.0,0.0,2.120943,0.104386,0.3,low,0.031316,0.0,0.031316,0
2026-07-26T15:46:46.201091,08/08 15:15,24.02,52.0,25.0,25.0,25.0,20.5,25.0,0.4276,0.106893,0.612131,0.106893,0.087593,0.0,0.0,2.476774,0.106893,0.3,low,0.032068,0.0,0.032068,0
2026-07-26T15:46:46.216090,08/08 16:15,24.0,52.0,24.99,24.95,25.0,20.5,25.0,0.4154,0.103858,0.594424,0.103858,0.08999,0.0,0.0,2.380765,0.103858,0.55,high,0.057122,0.0,0.057122,0
2026-07-26T15:46:46.231089,08/08 17:15,22.8,52.0,24.88,24.42,25.0,20.5,25.0,0.3937,0.098414,0.457002,0.098414,0.086091,0.0,0.0,1.749023,0.098414,0.55,high,0.054128,0.0,0.054128,0
2026-07-26T15:46:46.246091,08/08 18:15,21.95,52.0,24.74,23.97,25.0,20.5,25.0,0.3841,0.096031,0.427325,0.096031,0.088779,0.0,0.0,1.605222,0.096031,0.55,high,0.052817,0.0,0.052817,0
2026-07-26T15:47:03.525903,08/08 19:23,19.27,26.0,23.26,22.43,24.13,20.0,26.0,0.3764,0.094094,0.34133,0.094094,0.085733,0.0,0.0,1.206156,0.094094,0.55,high,0.051752,0.0,0.051752,0
2026-07-26T15:47:03.544922,08/08 20:15,18.47,0.0,,,,20.0,26.0,0.3764,0.094094,0.341436,0.094094,0.0866,0.0,0.0,1.213572,0.094094,0.55,high,0.051752,0.0,0.051752,0
2026-07-26T15:47:03.560897,08/08 21:15,17.2,0.0,,,,20.0,26.0,0.0,0.0,0.0,0.0,0.0,0.0,0.0,0.0,0.0,0.4,moderate,0.0,0.0,0.0,0
2026-07-26T15:47:03.574897,08/08 22:15,17.2,0.0,,,,20.0,26.0,0.0,0.0,0.0,0.0,0.0,0.0,0.0,0.0,0.0,0.4,moderate,0.0,0.0,0.0,0
2026-07-26T15:47:03.588902,08/08 23:15,17.2,0.0,,,,20.0,26.0,0.0,0.0,0.0,0.0,0.0,0.0,0.0,0.0,0.0,0.4,moderate,0.0,0.0,0.0,0
2026-07-26T15:47:03.603898,08/09 00:15,17.2,0.0,,,,20.0,26.0,0.0,0.0,0.0,0.0,0.0,0.0,0.0,0.0,0.0,0.34,low,0.0,0.0,0.0,0
2026-07-26T15:47:19.129932,08/09 01:15,17.35,0.0,,,,18.0,28.0,0.0,0.0,0.0,0.0,0.0,0.0,0.0,0.0,0.0,0.34,low,0.0,0.0,0.0,0
2026-07-26T15:47:19.150459,08/09 02:15,17.8,0.0,,,,18.0,28.0,0.0,0.0,0.0,0.0,0.0,0.0,0.0,0.0,0.0,0.34,low,0.0,0.0,0.0,0
2026-07-26T15:47:19.164457,08/09 03:15,17.38,0.0,,,,18.0,28.0,0.0,0.0,0.0,0.0,0.0,0.0,0.0,0.0,0.0,0.34,low,0.0,0.0,0.0,0
2026-07-26T15:47:19.178988,08/09 04:15,15.98,0.0,,,,18.0,28.0,0.0,0.0,0.0,0.0,0.0,0.0,0.0,0.0,0.0,0.34,low,0.0,0.0,0.0,0
2026-07-26T15:47:19.193983,08/09 05:15,15.6,0.0,,,,18.0,28.0,0.0,0.0,0.0,0.0,0.0,0.0,0.0,0.0,0.0,0.34,low,0.0,0.0,0.0,0
2026-07-26T15:47:19.207990,08/09 06:23,16.27,0.0,,,,18.0,28.0,0.0,0.0,0.0,0.0,0.0,0.0,0.0,0.0,0.0,0.43,moderate,0.0,0.0,0.0,0
2026-07-26T15:47:33.001740,08/09 07:23,19.0,0.0,,,,18.0,29.0,0.3764,0.094094,0.309987,0.094094,0.05928,0.0,0.0,1.087247,0.094094,0.43,moderate,0.04046,0.0,0.04046,0
2026-07-26T15:47:33.020741,08/09 08:23,21.53,0.0,,,,18.0,29.0,0.3764,0.094094,0.348928,0.094094,0.061516,0.0,0.0,1.263058,0.094094,0.43,moderate,0.04046,0.0,0.04046,0
2026-07-26T15:47:33.038740,08/09 09:23,23.35,52.0,23.67,21.88,25.53,20.0,25.5,0.383,0.095742,0.425238,0.095742,0.074847,0.0,0.0,1.619081,0.095742,0.43,moderate,0.041169,0.0,0.041169,0
2026-07-26T15:47:33.055743,08/09 10:23,25.27,52.0,24.87,23.42,25.5,20.0,25.5,0.3946,0.098645,0.548437,0.098645,0.093402,0.0,0.0,2.158343,0.098645,0.3,low,0.029593,0.0,0.029593,0
2026-07-26T15:47:33.072741,08/09 11:23,26.25,52.0,25.24,24.2,25.5,20.0,25.5,0.4101,0.102537,0.659061,0.102537,0.102073,0.0,0.0,2.640808,0.102537,0.3,low,0.030761,0.0,0.030761,0
2026-07-26T15:47:33.089740,08/09 12:15,26.42,41.6,25.3,24.51,25.5,20.0,25.5,0.4085,0.10212,0.632687,0.10212,0.096937,0.0,0.0,2.502434,0.10212,0.3,low,0.030636,0.0,0.030636,0
2026-07-26T15:47:50.027234,08/09 13:15,26.0,20.8,24.87,24.35,25.0,20.5,25.0,0.4061,0.101525,0.611144,0.101525,0.097067,0.0,0.0,2.414486,0.101525,0.3,low,0.030457,0.0,0.030457,0
2026-07-26T15:47:50.049228,08/09 14:15,26.65,41.6,25.0,25.0,25.0,20.5,25.0,0.4376,0.109399,0.760742,0.109399,0.099496,0.0,0.0,3.057779,0.109399,0.3,low,0.03282,0.0,0.03282,0
2026-07-26T15:47:50.068233,08/09 15:15,24.85,52.0,25.0,25.0,25.0,20.5,25.0,0.4439,0.110963,0.779543,0.110963,0.099344,0.0,0.0,3.185551,0.110963,0.3,low,0.033289,0.0,0.033289,0
2026-07-26T15:47:50.086398,08/09 16:15,24.12,52.0,25.0,24.99,25.0,20.5,25.0,0.4196,0.104906,0.701998,0.104906,0.100263,0.0,0.0,2.854599,0.104906,0.55,high,0.057698,0.0,0.057698,0
2026-07-26T15:47:50.103498,08/09 17:15,23.18,52.0,24.88,24.43,25.0,20.5,25.0,0.3941,0.098516,0.544578,0.098516,0.096058,0.0,0.0,2.155449,0.098516,0.55,high,0.054184,0.0,0.054184,0
2026-07-26T15:47:50.121990,08/09 18:15,22.38,52.0,24.71,23.95,25.0,20.5,25.0,0.3847,0.096172,0.468867,0.096172,0.093325,0.0,0.0,1.80043,0.096172,0.55,high,0.052895,0.0,0.052895,0
2026-07-26T15:48:07.379027,08/09 19:23,20.83,26.0,23.33,22.5,24.16,20.0,26.0,0.3764,0.094094,0.38613,0.094094,0.091043,0.0,0.0,1.418651,0.094094,0.55,high,0.051752,0.0,0.051752,0
2026-07-26T15:48:07.400039,08/09 20:15,19.73,0.0,,,,20.0,26.0,0.3764,0.094094,0.379503,0.094094,0.091244,0.0,0.0,1.396049,0.094094,0.55,high,0.051752,0.0,0.051752,0
2026-07-26T15:48:07.417134,08/09 21:15,19.02,0.0,,,,20.0,26.0,0.0,0.0,0.0,0.0,0.0,0.0,0.0,0.0,0.0,0.4,moderate,0.0,0.0,0.0,0
2026-07-26T15:48:07.433520,08/09 22:15,19.0,0.0,,,,20.0,26.0,0.0,0.0,0.0,0.0,0.0,0.0,0.0,0.0,0.0,0.4,moderate,0.0,0.0,0.0,0
2026-07-26T15:48:07.449457,08/09 23:15,17.8,0.0,,,,20.0,26.0,0.0,0.0,0.0,0.0,0.0,0.0,0.0,0.0,0.0,0.4,moderate,0.0,0.0,0.0,0
2026-07-26T15:48:07.465817,08/10 00:15,17.8,0.0,,,,20.0,26.0,0.0,0.0,0.0,0.0,0.0,0.0,0.0,0.0,0.0,0.34,low,0.0,0.0,0.0,0
2026-07-26T15:48:27.386150,08/10 01:15,17.8,0.0,,,,18.0,28.0,0.0,0.0,0.0,0.0,0.0,0.0,0.0,0.0,0.0,0.34,low,0.0,0.0,0.0,0
2026-07-26T15:48:27.406153,08/10 02:15,17.65,0.0,,,,18.0,28.0,0.0,0.0,0.0,0.0,0.0,0.0,0.0,0.0,0.0,0.34,low,0.0,0.0,0.0,0
2026-07-26T15:48:27.428147,08/10 03:15,17.2,0.0,,,,18.0,28.0,0.0,0.0,0.0,0.0,0.0,0.0,0.0,0.0,0.0,0.34,low,0.0,0.0,0.0,0
2026-07-26T15:48:27.445149,08/10 04:15,17.07,0.0,,,,18.0,28.0,0.0,0.0,0.0,0.0,0.0,0.0,0.0,0.0,0.0,0.34,low,0.0,0.0,0.0,0
2026-07-26T15:48:27.463147,08/10 05:15,16.82,0.0,,,,18.0,28.0,0.0,0.0,0.0,0.0,0.0,0.0,0.0,0.0,0.0,0.34,low,0.0,0.0,0.0,0
2026-07-26T15:48:27.479147,08/10 06:23,17.75,0.0,,,,18.0,28.0,0.0,0.0,0.0,0.0,0.0,0.0,0.0,0.0,0.0,0.43,moderate,0.0,0.0,0.0,0
2026-07-26T15:48:42.456671,08/10 07:20,20.1,0.0,,,,18.0,29.0,0.0,0.0,0.0,0.0,0.0,0.0,0.0,0.0,0.0,0.43,moderate,0.0,0.0,0.0,0
2026-07-26T15:48:42.475669,08/10 08:20,22.75,0.0,,,,18.0,29.0,0.0,0.0,0.0,0.0,0.0,0.0,0.0,0.0,0.0,0.43,moderate,0.0,0.0,0.0,0
2026-07-26T15:48:42.493665,08/10 09:23,24.7,0.0,,,,18.0,29.0,0.0,0.0,0.0,0.0,0.0,0.0,0.0,0.0,0.0,0.43,moderate,0.0,0.0,0.0,0
2026-07-26T15:48:42.510665,08/10 10:15,25.88,0.0,,,,18.0,29.0,0.0,0.0,0.0,0.0,0.0,0.0,0.0,0.0,0.0,0.3,low,0.0,0.0,0.0,0
2026-07-26T15:48:42.526666,08/10 11:23,26.82,0.0,,,,18.0,29.0,0.0,0.0,0.0,0.0,0.0,0.0,0.0,0.0,0.0,0.3,low,0.0,0.0,0.0,0
2026-07-26T15:48:42.542665,08/10 12:15,27.35,0.0,,,,18.0,29.0,0.0,0.0,0.0,0.0,0.0,0.0,0.0,0.0,0.0,0.3,low,0.0,0.0,0.0,0
2026-07-26T15:48:58.374192,08/10 13:23,27.93,0.0,,,,18.0,29.0,0.0,0.0,0.0,0.0,0.0,0.0,0.0,0.0,0.0,0.3,low,0.0,0.0,0.0,0
2026-07-26T15:48:58.393184,08/10 14:15,28.3,0.0,,,,18.0,29.0,0.0,0.0,0.0,0.0,0.0,0.0,0.0,0.0,0.0,0.3,low,0.0,0.0,0.0,0
2026-07-26T15:48:58.414246,08/10 15:15,27.48,0.0,,,,18.0,29.0,0.0,0.0,0.0,0.0,0.0,0.0,0.0,0.0,0.0,0.3,low,0.0,0.0,0.0,0
2026-07-26T15:48:58.431183,08/10 16:15,24.3,0.0,,,,18.0,29.0,0.0,0.0,0.0,0.0,0.0,0.0,0.0,0.0,0.0,0.55,high,0.0,0.0,0.0,0
2026-07-26T15:48:58.448635,08/10 17:15,21.92,0.0,,,,18.0,29.0,0.0,0.0,0.0,0.0,0.0,0.0,0.0,0.0,0.0,0.55,high,0.0,0.0,0.0,0
2026-07-26T15:48:58.463635,08/10 18:15,20.68,0.0,,,,18.0,29.0,0.0,0.0,0.0,0.0,0.0,0.0,0.0,0.0,0.0,0.55,high,0.0,0.0,0.0,0
2026-07-26T15:49:14.556750,08/10 19:15,19.55,0.0,,,,18.0,29.0,0.0,0.0,0.0,0.0,0.0,0.0,0.0,0.0,0.0,0.55,high,0.0,0.0,0.0,0
2026-07-26T15:49:14.574746,08/10 20:15,20.27,0.0,,,,18.0,29.0,0.0,0.0,0.0,0.0,0.0,0.0,0.0,0.0,0.0,0.55,high,0.0,0.0,0.0,0
2026-07-26T15:49:14.591748,08/10 21:15,20.98,0.0,,,,18.0,29.0,0.0,0.0,0.0,0.0,0.0,0.0,0.0,0.0,0.0,0.4,moderate,0.0,0.0,0.0,0
2026-07-26T15:49:14.608752,08/10 22:15,20.3,0.0,,,,18.0,29.0,0.0,0.0,0.0,0.0,0.0,0.0,0.0,0.0,0.0,0.4,moderate,0.0,0.0,0.0,0
2026-07-26T15:49:14.623751,08/10 23:15,19.27,0.0,,,,18.0,29.0,0.0,0.0,0.0,0.0,0.0,0.0,0.0,0.0,0.0,0.4,moderate,0.0,0.0,0.0,0
2026-07-26T15:49:14.639750,08/11 00:15,18.75,0.0,,,,18.0,29.0,0.0,0.0,0.0,0.0,0.0,0.0,0.0,0.0,0.0,0.34,low,0.0,0.0,0.0,0
2026-07-26T15:49:29.966084,08/11 01:15,18.18,0.0,,,,18.0,29.0,0.0,0.0,0.0,0.0,0.0,0.0,0.0,0.0,0.0,0.34,low,0.0,0.0,0.0,0
2026-07-26T15:49:29.984081,08/11 02:15,17.65,0.0,,,,18.0,29.0,0.0,0.0,0.0,0.0,0.0,0.0,0.0,0.0,0.0,0.34,low,0.0,0.0,0.0,0
2026-07-26T15:49:30.002082,08/11 03:15,17.07,0.0,,,,18.0,29.0,0.0,0.0,0.0,0.0,0.0,0.0,0.0,0.0,0.0,0.34,low,0.0,0.0,0.0,0
2026-07-26T15:49:30.018082,08/11 04:15,16.55,0.0,,,,18.0,29.0,0.0,0.0,0.0,0.0,0.0,0.0,0.0,0.0,0.0,0.34,low,0.0,0.0,0.0,0
2026-07-26T15:49:30.034082,08/11 05:15,16.1,0.0,,,,18.0,29.0,0.0,0.0,0.0,0.0,0.0,0.0,0.0,0.0,0.0,0.34,low,0.0,0.0,0.0,0
2026-07-26T15:49:30.051088,08/11 06:23,17.08,0.0,,,,18.0,29.0,0.0,0.0,0.0,0.0,0.0,0.0,0.0,0.0,0.0,0.43,moderate,0.0,0.0,0.0,0
2026-07-26T15:49:45.291868,08/11 07:20,20.98,0.0,,,,18.0,29.0,0.0,0.0,0.0,0.0,0.0,0.0,0.0,0.0,0.0,0.43,moderate,0.0,0.0,0.0,0
2026-07-26T15:49:45.311862,08/11 08:20,24.02,0.0,,,,18.0,29.0,0.0,0.0,0.0,0.0,0.0,0.0,0.0,0.0,0.0,0.43,moderate,0.0,0.0,0.0,0
2026-07-26T15:49:45.328861,08/11 09:23,24.97,0.0,,,,18.0,29.0,0.0,0.0,0.0,0.0,0.0,0.0,0.0,0.0,0.0,0.43,moderate,0.0,0.0,0.0,0
2026-07-26T15:49:45.345861,08/11 10:23,26.7,0.0,,,,18.0,29.0,0.0,0.0,0.0,0.0,0.0,0.0,0.0,0.0,0.0,0.3,low,0.0,0.0,0.0,0
2026-07-26T15:49:45.363860,08/11 11:23,25.57,0.0,,,,18.0,29.0,0.0,0.0,0.0,0.0,0.0,0.0,0.0,0.0,0.0,0.3,low,0.0,0.0,0.0,0
2026-07-26T15:49:45.378860,08/11 12:23,23.05,0.0,,,,18.0,29.0,0.0,0.0,0.0,0.0,0.0,0.0,0.0,0.0,0.0,0.3,low,0.0,0.0,0.0,0
2026-07-26T15:50:00.270702,08/11 13:23,24.75,0.0,,,,18.0,29.0,0.0,0.0,0.0,0.0,0.0,0.0,0.0,0.0,0.0,0.3,low,0.0,0.0,0.0,0
2026-07-26T15:50:00.287693,08/11 14:15,22.35,0.0,,,,18.0,29.0,0.0,0.0,0.0,0.0,0.0,0.0,0.0,0.0,0.0,0.3,low,0.0,0.0,0.0,0
2026-07-26T15:50:00.305695,08/11 15:23,23.2,0.0,,,,18.0,29.0,0.0,0.0,0.0,0.0,0.0,0.0,0.0,0.0,0.0,0.3,low,0.0,0.0,0.0,0
2026-07-26T15:50:00.320693,08/11 16:23,24.7,0.0,,,,18.0,29.0,0.0,0.0,0.0,0.0,0.0,0.0,0.0,0.0,0.0,0.55,high,0.0,0.0,0.0,0
2026-07-26T15:50:00.336693,08/11 17:15,25.3,0.0,,,,18.0,29.0,0.0,0.0,0.0,0.0,0.0,0.0,0.0,0.0,0.0,0.55,high,0.0,0.0,0.0,0
2026-07-26T15:50:00.351693,08/11 18:15,23.85,0.0,,,,18.0,29.0,0.0,0.0,0.0,0.0,0.0,0.0,0.0,0.0,0.0,0.55,high,0.0,0.0,0.0,0
2026-07-26T15:50:15.289651,08/11 19:20,21.65,0.0,,,,18.0,29.0,0.0,0.0,0.0,0.0,0.0,0.0,0.0,0.0,0.0,0.55,high,0.0,0.0,0.0,0
2026-07-26T15:50:15.317693,08/11 20:23,19.73,0.0,,,,18.0,29.0,0.0,0.0,0.0,0.0,0.0,0.0,0.0,0.0,0.0,0.55,high,0.0,0.0,0.0,0
2026-07-26T15:50:15.341903,08/11 21:23,18.62,0.0,,,,18.0,29.0,0.0,0.0,0.0,0.0,0.0,0.0,0.0,0.0,0.0,0.4,moderate,0.0,0.0,0.0,0
2026-07-26T15:50:15.359005,08/11 22:15,17.8,0.0,,,,18.0,29.0,0.0,0.0,0.0,0.0,0.0,0.0,0.0,0.0,0.0,0.4,moderate,0.0,0.0,0.0,0
2026-07-26T15:50:15.380291,08/11 23:15,17.93,0.0,,,,18.0,29.0,0.0,0.0,0.0,0.0,0.0,0.0,0.0,0.0,0.0,0.4,moderate,0.0,0.0,0.0,0
2026-07-26T15:50:15.400281,08/12 00:15,18.03,0.0,,,,18.0,29.0,0.0,0.0,0.0,0.0,0.0,0.0,0.0,0.0,0.0,0.34,low,0.0,0.0,0.0,0
2026-07-26T15:50:29.911864,08/12 01:15,17.2,0.0,,,,18.0,29.0,0.0,0.0,0.0,0.0,0.0,0.0,0.0,0.0,0.0,0.34,low,0.0,0.0,0.0,0
2026-07-26T15:50:29.931866,08/12 02:15,17.2,0.0,,,,18.0,29.0,0.0,0.0,0.0,0.0,0.0,0.0,0.0,0.0,0.0,0.34,low,0.0,0.0,0.0,0
2026-07-26T15:50:29.950865,08/12 03:15,16.92,0.0,,,,18.0,29.0,0.0,0.0,0.0,0.0,0.0,0.0,0.0,0.0,0.0,0.34,low,0.0,0.0,0.0,0
2026-07-26T15:50:29.967864,08/12 04:15,16.25,0.0,,,,18.0,29.0,0.0,0.0,0.0,0.0,0.0,0.0,0.0,0.0,0.0,0.34,low,0.0,0.0,0.0,0
2026-07-26T15:50:29.983865,08/12 05:15,16.55,0.0,,,,18.0,29.0,0.0,0.0,0.0,0.0,0.0,0.0,0.0,0.0,0.0,0.34,low,0.0,0.0,0.0,0
2026-07-26T15:50:29.999865,08/12 06:15,17.08,0.0,,,,18.0,29.0,0.0,0.0,0.0,0.0,0.0,0.0,0.0,0.0,0.0,0.43,moderate,0.0,0.0,0.0,0
2026-07-26T15:50:45.238825,08/12 07:23,20.82,0.0,,,,18.0,29.0,0.3764,0.094094,0.384331,0.094094,0.068792,0.0,0.0,1.461214,0.094094,0.43,moderate,0.04046,0.0,0.04046,0
2026-07-26T15:50:45.275832,08/12 08:23,23.73,0.0,,,,18.0,29.0,0.3764,0.094094,0.472613,0.094094,0.076684,0.0,0.0,1.84114,0.094094,0.43,moderate,0.04046,0.0,0.04046,0
2026-07-26T15:50:45.296825,08/12 09:23,25.27,52.0,23.79,22.13,25.79,20.0,26.0,0.3764,0.094094,0.498153,0.094094,0.087873,0.0,0.0,1.92126,0.094094,0.43,moderate,0.04046,0.0,0.04046,0
2026-07-26T15:50:45.323824,08/12 10:23,26.38,52.0,24.98,23.74,25.5,20.0,25.5,0.3932,0.098308,0.580855,0.098308,0.097565,0.0,0.0,2.284583,0.098308,0.3,low,0.029492,0.0,0.029492,0
2026-07-26T15:50:45.342828,08/12 11:23,27.07,52.0,25.32,24.6,25.5,20.0,25.5,0.4177,0.104423,0.731256,0.104423,0.105795,0.0,0.0,2.92881,0.104423,0.3,low,0.031327,0.0,0.031327,0
2026-07-26T15:50:45.362825,08/12 12:15,27.1,41.6,25.38,24.91,25.5,20.0,25.5,0.4179,0.104463,0.724946,0.104463,0.102994,0.0,0.0,2.906361,0.104463,0.3,low,0.031339,0.0,0.031339,0
2026-07-26T15:51:00.611044,08/12 13:15,26.65,20.8,24.97,24.84,25.0,20.5,25.0,0.422,0.105505,0.790877,0.105505,0.108118,0.0,0.0,3.127444,0.105505,0.3,low,0.031651,0.0,0.031651,0
2026-07-26T15:51:00.635043,08/12 14:15,21.42,41.6,25.0,25.0,25.0,20.5,25.0,0.4312,0.107805,0.721616,0.107805,0.101543,0.0,0.0,2.996035,0.107805,0.3,low,0.032341,0.0,0.032341,0
2026-07-26T15:51:00.659042,08/12 15:15,20.73,52.0,25.0,25.0,25.0,20.5,25.0,0.4245,0.106132,0.653065,0.106132,0.094752,0.0,0.0,2.713871,0.106132,0.3,low,0.03184,0.0,0.03184,0
2026-07-26T15:51:00.677043,08/12 16:15,20.83,52.0,24.97,24.88,25.0,20.5,25.0,0.4123,0.103065,0.694018,0.103065,0.104836,0.0,0.0,2.887246,0.103065,0.55,high,0.056686,0.0,0.056686,0
2026-07-26T15:51:00.695042,08/12 17:15,20.0,52.0,24.78,24.24,25.0,20.5,25.0,0.3878,0.096946,0.462686,0.096946,0.091256,0.0,0.0,1.798749,0.096946,0.55,high,0.05332,0.0,0.05332,0
2026-07-26T15:51:00.714042,08/12 18:15,20.15,52.0,24.43,23.7,25.0,20.5,25.0,0.3822,0.095542,0.4416,0.095542,0.092817,0.0,0.0,1.707019,0.095542,0.55,high,0.052548,0.0,0.052548,0
2026-07-26T15:51:17.387422,08/12 19:15,20.18,26.0,23.12,22.34,24.08,20.0,26.0,0.3764,0.094094,0.363549,0.094094,0.088325,0.0,0.0,1.308614,0.094094,0.55,high,0.051752,0.0,0.051752,0
2026-07-26T15:51:17.414421,08/12 20:15,18.75,0.0,,,,20.0,26.0,0.3764,0.094094,0.356525,0.094094,0.088707,0.0,0.0,1.288712,0.094094,0.55,high,0.051752,0.0,0.051752,0
2026-07-26T15:51:17.441424,08/12 21:15,18.18,0.0,,,,20.0,26.0,0.0,0.0,0.0,0.0,0.0,0.0,0.0,0.0,0.0,0.4,moderate,0.0,0.0,0.0,0
2026-07-26T15:51:17.464420,08/12 22:15,17.53,0.0,,,,20.0,26.0,0.0,0.0,0.0,0.0,0.0,0.0,0.0,0.0,0.0,0.4,moderate,0.0,0.0,0.0,0
2026-07-26T15:51:17.484422,08/12 23:15,16.7,0.0,,,,20.0,26.0,0.0,0.0,0.0,0.0,0.0,0.0,0.0,0.0,0.0,0.4,moderate,0.0,0.0,0.0,0
2026-07-26T15:51:17.505420,08/13 00:15,16.7,0.0,,,,20.0,26.0,0.0,0.0,0.0,0.0,0.0,0.0,0.0,0.0,0.0,0.34,low,0.0,0.0,0.0,0
2026-07-26T15:51:33.573786,08/13 01:15,16.42,0.0,,,,18.0,28.0,0.0,0.0,0.0,0.0,0.0,0.0,0.0,0.0,0.0,0.34,low,0.0,0.0,0.0,0
2026-07-26T15:51:33.594452,08/13 02:15,15.72,0.0,,,,18.0,28.0,0.0,0.0,0.0,0.0,0.0,0.0,0.0,0.0,0.0,0.34,low,0.0,0.0,0.0,0
2026-07-26T15:51:33.615669,08/13 03:15,15.98,0.0,,,,18.0,28.0,0.0,0.0,0.0,0.0,0.0,0.0,0.0,0.0,0.0,0.34,low,0.0,0.0,0.0,0
2026-07-26T15:51:33.633671,08/13 04:15,15.45,0.0,,,,18.0,28.0,0.0,0.0,0.0,0.0,0.0,0.0,0.0,0.0,0.0,0.34,low,0.0,0.0,0.0,0
2026-07-26T15:51:33.653275,08/13 05:15,15.28,0.0,,,,18.0,28.0,0.0,0.0,0.0,0.0,0.0,0.0,0.0,0.0,0.0,0.34,low,0.0,0.0,0.0,0
2026-07-26T15:51:33.669994,08/13 06:23,16.65,0.0,,,,18.0,28.0,0.0,0.0,0.0,0.0,0.0,0.0,0.0,0.0,0.0,0.43,moderate,0.0,0.0,0.0,0
2026-07-26T15:51:49.417781,08/13 07:23,19.15,0.0,,,,18.0,29.0,0.3764,0.094094,0.338491,0.094094,0.062075,0.0,0.0,1.238639,0.094094,0.43,moderate,0.04046,0.0,0.04046,0
2026-07-26T15:51:49.440783,08/13 08:23,22.25,0.0,,,,18.0,29.0,0.3764,0.094094,0.420322,0.094094,0.070202,0.0,0.0,1.610382,0.094094,0.43,moderate,0.04046,0.0,0.04046,0
2026-07-26T15:51:49.470778,08/13 09:23,24.17,52.0,23.66,21.88,25.53,20.0,25.5,0.3827,0.095674,0.508572,0.095674,0.085155,0.0,0.0,1.99675,0.095674,0.43,moderate,0.04114,0.0,0.04114,0
2026-07-26T15:51:49.496778,08/13 10:23,25.43,52.0,24.87,23.41,25.5,20.0,25.5,0.394,0.098507,0.564889,0.098507,0.095758,0.0,0.0,2.229426,0.098507,0.3,low,0.029552,0.0,0.029552,0
2026-07-26T15:51:49.518778,08/13 11:23,26.82,52.0,25.25,24.24,25.5,20.0,25.5,0.4115,0.102873,0.729039,0.102873,0.10934,0.0,0.0,2.927978,0.102873,0.3,low,0.030862,0.0,0.030862,0
2026-07-26T15:51:49.538778,08/13 12:15,27.47,41.6,25.31,24.56,25.5,20.0,25.5,0.4119,0.102981,0.804992,0.102981,0.115182,0.0,0.0,3.228927,0.102981,0.3,low,0.030894,0.0,0.030894,0
2026-07-26T15:52:07.366008,08/13 13:15,28.03,20.8,24.91,24.54,25.0,20.5,25.0,0.4165,0.10412,0.904148,0.10412,0.124293,0.0,0.0,3.585978,0.10412,0.3,low,0.031236,0.0,0.031236,0
2026-07-26T15:52:07.389628,08/13 14:15,27.2,41.6,25.0,25.0,25.0,20.5,25.0,0.442,0.110499,0.914902,0.110499,0.115237,0.0,0.0,3.686171,0.110499,0.3,low,0.03315,0.0,0.03315,0
2026-07-26T15:52:07.415389,08/13 15:15,27.35,52.0,25.0,25.0,25.0,20.5,25.0,0.457,0.114258,0.962422,0.114258,0.112561,0.0,0.0,3.887403,0.114258,0.3,low,0.034277,0.0,0.034277,0
2026-07-26T15:52:07.436645,08/13 16:15,27.38,52.0,25.0,25.0,25.0,20.5,25.0,0.45,0.112507,0.95065,0.112507,0.112267,0.0,0.0,3.814319,0.112507,0.55,high,0.061879,0.0,0.061879,0
2026-07-26T15:52:07.457605,08/13 17:15,25.98,52.0,24.95,24.74,25.0,20.5,25.0,0.4121,0.103037,0.730878,0.103037,0.105768,0.0,0.0,2.928906,0.103037,0.55,high,0.05667,0.0,0.05667,0
2026-07-26T15:52:07.477598,08/13 18:15,24.05,52.0,24.76,24.19,25.0,20.5,25.0,0.3907,0.097676,0.631955,0.097676,0.107545,0.0,0.0,2.506987,0.097676,0.55,high,0.053722,0.0,0.053722,0
2026-07-26T15:52:25.129904,08/13 19:23,19.55,26.0,23.42,22.62,24.25,20.0,26.0,0.3764,0.094094,0.461398,0.094094,0.10087,0.0,0.0,1.800663,0.094094,0.55,high,0.051752,0.0,0.051752,0
2026-07-26T15:52:25.152903,08/13 20:23,20.0,0.0,,,,20.0,26.0,0.3764,0.094094,0.463841,0.094094,0.102569,0.0,0.0,1.809166,0.094094,0.55,high,0.051752,0.0,0.051752,0
2026-07-26T15:52:25.173904,08/13 21:15,20.27,0.0,,,,20.0,26.0,0.0,0.0,0.0,0.0,0.0,0.0,0.0,0.0,0.0,0.4,moderate,0.0,0.0,0.0,0
2026-07-26T15:52:25.192904,08/13 22:15,21.1,0.0,,,,20.0,26.0,0.0,0.0,0.0,0.0,0.0,0.0,0.0,0.0,0.0,0.4,moderate,0.0,0.0,0.0,0
2026-07-26T15:52:25.210902,08/13 23:15,21.1,0.0,,,,20.0,26.0,0.0,0.0,0.0,0.0,0.0,0.0,0.0,0.0,0.0,0.4,moderate,0.0,0.0,0.0,0
2026-07-26T15:52:25.226904,08/14 00:15,21.1,0.0,,,,20.0,26.0,0.0,0.0,0.0,0.0,0.0,0.0,0.0,0.0,0.0,0.34,low,0.0,0.0,0.0,0
2026-07-26T15:52:40.873869,08/14 01:15,21.1,0.0,,,,18.0,28.0,0.0,0.0,0.0,0.0,0.0,0.0,0.0,0.0,0.0,0.34,low,0.0,0.0,0.0,0
2026-07-26T15:52:40.899467,08/14 02:15,21.1,0.0,,,,18.0,28.0,0.0,0.0,0.0,0.0,0.0,0.0,0.0,0.0,0.0,0.34,low,0.0,0.0,0.0,0
2026-07-26T15:52:40.923324,08/14 03:15,20.83,0.0,,,,18.0,28.0,0.0,0.0,0.0,0.0,0.0,0.0,0.0,0.0,0.0,0.34,low,0.0,0.0,0.0,0
2026-07-26T15:52:40.941588,08/14 04:15,19.85,0.0,,,,18.0,28.0,0.0,0.0,0.0,0.0,0.0,0.0,0.0,0.0,0.0,0.34,low,0.0,0.0,0.0,0
2026-07-26T15:52:40.960025,08/14 05:15,19.4,0.0,,,,18.0,28.0,0.0,0.0,0.0,0.0,0.0,0.0,0.0,0.0,0.0,0.34,low,0.0,0.0,0.0,0
2026-07-26T15:52:40.983024,08/14 06:15,19.82,0.0,,,,18.0,28.0,0.0,0.0,0.0,0.0,0.0,0.0,0.0,0.0,0.0,0.43,moderate,0.0,0.0,0.0,0
2026-07-26T15:52:58.410776,08/14 07:15,21.1,0.0,,,,18.0,29.0,0.3764,0.094094,0.43182,0.094094,0.07756,0.0,0.0,1.66831,0.094094,0.43,moderate,0.04046,0.0,0.04046,0
2026-07-26T15:52:58.433777,08/14 08:15,21.38,0.0,,,,18.0,29.0,0.3764,0.094094,0.431936,0.094094,0.074077,0.0,0.0,1.667314,0.094094,0.43,moderate,0.04046,0.0,0.04046,0
2026-07-26T15:52:58.454776,08/14 09:23,22.9,52.0,22.7,21.85,23.37,20.0,26.0,0.3764,0.094094,0.496459,0.094094,0.087595,0.0,0.0,1.95283,0.094094,0.43,moderate,0.04046,0.0,0.04046,0
2026-07-26T15:52:58.475775,08/14 10:23,25.15,52.0,24.43,23.36,25.16,20.0,26.0,0.3764,0.094094,0.583178,0.094094,0.10903,0.0,0.0,2.29753,0.094094,0.3,low,0.028228,0.0,0.028228,0
2026-07-26T15:52:58.496776,08/14 11:15,25.6,52.0,25.19,24.22,25.5,20.0,25.5,0.3806,0.095147,0.653657,0.095147,0.12118,0.0,0.0,2.603403,0.095147,0.3,low,0.028544,0.0,0.028544,0
2026-07-26T15:52:58.514776,08/14 12:15,25.18,41.6,25.18,24.25,25.5,20.0,25.5,0.3849,0.096215,0.688638,0.096215,0.121181,0.0,0.0,2.759916,0.096215,0.3,low,0.028864,0.0,0.028864,0
2026-07-26T15:53:15.561202,08/14 13:15,23.75,20.8,24.76,24.09,25.0,20.5,25.0,0.3896,0.097401,0.554051,0.097401,0.101637,0.0,0.0,2.177842,0.097401,0.3,low,0.02922,0.0,0.02922,0
2026-07-26T15:53:15.582203,08/14 14:15,22.48,41.6,24.87,24.5,25.0,20.5,25.0,0.4027,0.100663,0.651666,0.100663,0.107236,0.0,0.0,2.647387,0.100663,0.3,low,0.030199,0.0,0.030199,0
2026-07-26T15:53:15.605201,08/14 15:15,19.85,52.0,24.74,24.2,25.0,20.5,25.0,0.397,0.099241,0.509979,0.099241,0.092894,0.0,0.0,2.038028,0.099241,0.3,low,0.029772,0.0,0.029772,0
2026-07-26T15:53:15.626203,08/14 16:15,19.7,52.0,24.68,24.12,25.0,20.5,25.0,0.3906,0.097644,0.525562,0.097644,0.098551,0.0,0.0,2.122327,0.097644,0.55,high,0.053704,0.0,0.053704,0
2026-07-26T15:53:15.641204,08/14 17:15,20.45,52.0,24.4,23.62,25.0,20.5,25.0,0.3808,0.095202,0.516852,0.095202,0.104188,0.0,0.0,2.061083,0.095202,0.55,high,0.052361,0.0,0.052361,0
2026-07-26T15:53:15.659201,08/14 18:15,20.0,52.0,24.06,23.11,25.0,20.5,25.0,0.3797,0.094931,0.479656,0.094931,0.100156,0.0,0.0,1.886586,0.094931,0.55,high,0.052212,0.0,0.052212,0
2026-07-26T15:53:31.548016,08/14 19:15,20.0,26.0,22.79,21.85,23.88,20.0,26.0,0.3764,0.094094,0.514444,0.094094,0.108544,0.0,0.0,2.054731,0.094094,0.55,high,0.051752,0.0,0.051752,0
2026-07-26T15:53:31.567013,08/14 20:15,19.85,0.0,,,,20.0,26.0,0.3764,0.094094,0.501365,0.094094,0.107241,0.0,0.0,1.989721,0.094094,0.55,high,0.051752,0.0,0.051752,0
2026-07-26T15:53:31.585015,08/14 21:15,19.4,0.0,,,,20.0,26.0,0.0,0.0,0.0,0.0,0.0,0.0,0.0,0.0,0.0,0.4,moderate,0.0,0.0,0.0,0
2026-07-26T15:53:31.610012,08/14 22:15,19.0,0.0,,,,20.0,26.0,0.0,0.0,0.0,0.0,0.0,0.0,0.0,0.0,0.0,0.4,moderate,0.0,0.0,0.0,0
2026-07-26T15:53:31.632012,08/14 23:15,17.65,0.0,,,,20.0,26.0,0.0,0.0,0.0,0.0,0.0,0.0,0.0,0.0,0.0,0.4,moderate,0.0,0.0,0.0,0
2026-07-26T15:53:31.647012,08/15 00:15,17.2,0.0,,,,20.0,26.0,0.0,0.0,0.0,0.0,0.0,0.0,0.0,0.0,0.0,0.34,low,0.0,0.0,0.0,0
2026-07-26T15:53:46.896686,08/15 01:15,17.2,0.0,,,,18.0,28.0,0.0,0.0,0.0,0.0,0.0,0.0,0.0,0.0,0.0,0.34,low,0.0,0.0,0.0,0
2026-07-26T15:53:46.919686,08/15 02:15,17.2,0.0,,,,18.0,28.0,0.0,0.0,0.0,0.0,0.0,0.0,0.0,0.0,0.0,0.34,low,0.0,0.0,0.0,0
2026-07-26T15:53:46.942687,08/15 03:15,17.07,0.0,,,,18.0,28.0,0.0,0.0,0.0,0.0,0.0,0.0,0.0,0.0,0.0,0.34,low,0.0,0.0,0.0,0
2026-07-26T15:53:46.960687,08/15 04:15,16.97,0.0,,,,18.0,28.0,0.0,0.0,0.0,0.0,0.0,0.0,0.0,0.0,0.0,0.34,low,0.0,0.0,0.0,0
2026-07-26T15:53:46.976689,08/15 05:15,17.93,0.0,,,,18.0,28.0,0.0,0.0,0.0,0.0,0.0,0.0,0.0,0.0,0.0,0.34,low,0.0,0.0,0.0,0
2026-07-26T15:53:46.993686,08/15 06:15,18.58,0.0,,,,18.0,28.0,0.0,0.0,0.0,0.0,0.0,0.0,0.0,0.0,0.0,0.43,moderate,0.0,0.0,0.0,0
2026-07-26T15:54:02.628035,08/15 07:15,19.7,0.0,,,,18.0,29.0,0.3764,0.094094,0.426526,0.094094,0.075513,0.0,0.0,1.661257,0.094094,0.43,moderate,0.04046,0.0,0.04046,0
2026-07-26T15:54:02.652069,08/15 08:23,21.0,0.0,,,,18.0,29.0,0.3764,0.094094,0.454155,0.094094,0.075287,0.0,0.0,1.78404,0.094094,0.43,moderate,0.04046,0.0,0.04046,0
2026-07-26T15:54:02.684070,08/15 09:23,22.62,52.0,22.97,21.85,23.61,20.0,26.0,0.3764,0.094094,0.531217,0.094094,0.092142,0.0,0.0,2.114183,0.094094,0.43,moderate,0.04046,0.0,0.04046,0
2026-07-26T15:54:02.711070,08/15 10:23,23.9,52.0,24.61,23.36,25.29,20.0,26.0,0.3764,0.094094,0.561647,0.094094,0.107813,0.0,0.0,2.215709,0.094094,0.3,low,0.028228,0.0,0.028228,0
2026-07-26T15:54:02.734070,08/15 11:23,24.02,52.0,25.22,24.17,25.5,20.0,25.5,0.3852,0.096288,0.621643,0.096288,0.114697,0.0,0.0,2.498339,0.096288,0.3,low,0.028886,0.0,0.028886,0
2026-07-26T15:54:02.752069,08/15 12:15,24.0,41.6,25.27,24.37,25.5,20.0,25.5,0.3879,0.09698,0.652383,0.09698,0.114878,0.0,0.0,2.625563,0.09698,0.3,low,0.029094,0.0,0.029094,0
2026-07-26T15:54:21.792676,08/15 13:15,22.8,20.8,24.74,23.96,25.0,20.5,25.0,0.3874,0.09684,0.579798,0.09684,0.107019,0.0,0.0,2.313317,0.09684,0.3,low,0.029052,0.0,0.029052,0
2026-07-26T15:54:21.812676,08/15 14:15,22.8,41.6,24.88,24.51,25.0,20.5,25.0,0.4039,0.10097,0.69539,0.10097,0.112122,0.0,0.0,2.856567,0.10097,0.3,low,0.030291,0.0,0.030291,0
2026-07-26T15:54:21.850677,08/15 15:15,22.93,52.0,24.93,24.75,25.0,20.5,25.0,0.4084,0.102098,0.702047,0.102098,0.109053,0.0,0.0,2.886456,0.102098,0.3,low,0.030629,0.0,0.030629,0
2026-07-26T15:54:21.866676,08/15 16:15,22.9,52.0,24.88,24.6,25.0,20.5,25.0,0.4007,0.100185,0.702974,0.100185,0.112564,0.0,0.0,2.88002,0.100185,0.55,high,0.055102,0.0,0.055102,0
2026-07-26T15:54:21.883676,08/15 17:15,21.42,52.0,24.78,24.14,25.0,20.5,25.0,0.3863,0.096573,0.536142,0.096573,0.101706,0.0,0.0,2.130972,0.096573,0.55,high,0.053115,0.0,0.053115,0
2026-07-26T15:54:21.901676,08/15 18:15,20.45,52.0,24.44,23.63,25.0,20.5,25.0,0.3813,0.095318,0.470806,0.095318,0.097375,0.0,0.0,1.838697,0.095318,0.55,high,0.052425,0.0,0.052425,0
2026-07-26T15:54:38.044271,08/15 19:15,20.0,26.0,23.03,22.22,24.01,20.0,26.0,0.3764,0.094094,0.39861,0.094094,0.092918,0.0,0.0,1.488619,0.094094,0.55,high,0.051752,0.0,0.051752,0
2026-07-26T15:54:38.077271,08/15 20:15,19.85,0.0,,,,20.0,26.0,0.3764,0.094094,0.389449,0.094094,0.092918,0.0,0.0,1.445182,0.094094,0.55,high,0.051752,0.0,0.051752,0
2026-07-26T15:54:38.098272,08/15 21:15,19.27,0.0,,,,20.0,26.0,0.0,0.0,0.0,0.0,0.0,0.0,0.0,0.0,0.0,0.4,moderate,0.0,0.0,0.0,0
2026-07-26T15:54:38.114270,08/15 22:15,18.75,0.0,,,,20.0,26.0,0.0,0.0,0.0,0.0,0.0,0.0,0.0,0.0,0.0,0.4,moderate,0.0,0.0,0.0,0
2026-07-26T15:54:38.132271,08/15 23:15,18.03,0.0,,,,20.0,26.0,0.0,0.0,0.0,0.0,0.0,0.0,0.0,0.0,0.0,0.4,moderate,0.0,0.0,0.0,0
2026-07-26T15:54:38.147273,08/16 00:15,16.92,0.0,,,,20.0,26.0,0.0,0.0,0.0,0.0,0.0,0.0,0.0,0.0,0.0,0.34,low,0.0,0.0,0.0,0
2026-07-26T15:54:56.935287,08/16 01:15,15.83,0.0,,,,18.0,28.0,0.0,0.0,0.0,0.0,0.0,0.0,0.0,0.0,0.0,0.34,low,0.0,0.0,0.0,0
2026-07-26T15:54:56.963233,08/16 02:15,15.0,0.0,,,,18.0,28.0,0.0,0.0,0.0,0.0,0.0,0.0,0.0,0.0,0.0,0.34,low,0.0,0.0,0.0,0
2026-07-26T15:54:56.991652,08/16 03:15,15.0,0.0,,,,18.0,28.0,0.0,0.0,0.0,0.0,0.0,0.0,0.0,0.0,0.0,0.34,low,0.0,0.0,0.0,0
2026-07-26T15:54:57.017685,08/16 04:15,15.0,0.0,,,,18.0,28.0,0.0,0.0,0.0,0.0,0.0,0.0,0.0,0.0,0.0,0.34,low,0.0,0.0,0.0,0
2026-07-26T15:54:57.039896,08/16 05:15,15.15,0.0,,,,18.0,28.0,0.0,0.0,0.0,0.0,0.0,0.0,0.0,0.0,0.0,0.34,low,0.0,0.0,0.0,0
2026-07-26T15:54:57.063206,08/16 06:15,16.15,0.0,,,,18.0,28.0,0.0,0.0,0.0,0.0,0.0,0.0,0.0,0.0,0.0,0.43,moderate,0.0,0.0,0.0,0
2026-07-26T15:55:16.134619,08/16 07:15,18.08,0.0,,,,18.0,29.0,0.3764,0.094094,0.272653,0.094094,0.05335,0.0,0.0,0.89832,0.094094,0.43,moderate,0.04046,0.0,0.04046,0
2026-07-26T15:55:16.156614,08/16 08:15,19.32,0.0,,,,18.0,29.0,0.3764,0.094094,0.334195,0.094094,0.057959,0.0,0.0,1.210362,0.094094,0.43,moderate,0.04046,0.0,0.04046,0
2026-07-26T15:55:16.178092,08/16 09:23,20.88,52.0,22.6,21.56,23.17,20.5,26.0,0.3764,0.094094,0.361726,0.094094,0.065971,0.0,0.0,1.319127,0.094094,0.43,moderate,0.04046,0.0,0.04046,0
2026-07-26T15:55:16.199764,08/16 10:23,21.82,52.0,24.47,23.09,25.42,20.5,26.0,0.3764,0.094094,0.355112,0.094094,0.077564,0.0,0.0,1.264164,0.094094,0.3,low,0.028228,0.0,0.028228,0
2026-07-26T15:55:16.226980,08/16 11:23,22.07,52.0,25.09,23.85,25.5,20.5,25.5,0.3834,0.095839,0.402344,0.095839,0.089237,0.0,0.0,1.498811,0.095839,0.3,low,0.028752,0.0,0.028752,0
2026-07-26T15:55:16.248191,08/16 12:15,22.1,41.6,25.23,24.17,25.5,20.5,25.5,0.389,0.097247,0.422153,0.097247,0.086737,0.0,0.0,1.605319,0.097247,0.3,low,0.029174,0.0,0.029174,0
2026-07-26T15:55:32.268688,08/16 13:15,23.18,20.8,24.81,24.04,25.0,20.5,25.0,0.3941,0.098517,0.530276,0.098517,0.096109,0.0,0.0,2.085146,0.098517,0.3,low,0.029555,0.0,0.029555,0
2026-07-26T15:55:32.291465,08/16 14:15,22.93,41.6,24.95,24.78,25.0,20.5,25.0,0.4117,0.102921,0.596425,0.102921,0.095232,0.0,0.0,2.414922,0.102921,0.3,low,0.030876,0.0,0.030876,0
2026-07-26T15:55:32.314952,08/16 15:15,23.18,52.0,24.99,24.98,25.0,20.5,25.0,0.4268,0.106688,0.663672,0.106688,0.094173,0.0,0.0,2.723006,0.106688,0.3,low,0.032006,0.0,0.032006,0
2026-07-26T15:55:32.333582,08/16 16:15,22.65,52.0,24.93,24.66,25.0,20.5,25.0,0.4266,0.106651,0.622668,0.106651,0.088767,0.0,0.0,2.544253,0.106651,0.55,high,0.058658,0.0,0.058658,0
2026-07-26T15:55:32.351580,08/16 17:15,21.92,52.0,24.83,24.16,25.0,20.5,25.0,0.4124,0.103103,0.568728,0.103103,0.08928,0.0,0.0,2.295958,0.103103,0.55,high,0.056707,0.0,0.056707,0
2026-07-26T15:55:32.369582,08/16 18:15,20.98,52.0,24.74,23.75,25.0,20.5,25.0,0.3965,0.09913,0.494632,0.09913,0.089429,0.0,0.0,1.945319,0.09913,0.55,high,0.054522,0.0,0.054522,0
2026-07-26T15:55:49.161458,08/16 19:23,20.3,26.0,23.58,22.38,24.23,20.0,26.0,0.3764,0.094094,0.36478,0.094094,0.088353,0.0,0.0,1.318294,0.094094,0.55,high,0.051752,0.0,0.051752,0
2026-07-26T15:55:49.196860,08/16 20:23,19.12,0.0,,,,20.0,26.0,0.3764,0.094094,0.337097,0.094094,0.08572,0.0,0.0,1.18583,0.094094,0.55,high,0.051752,0.0,0.051752,0
2026-07-26T15:55:49.219353,08/16 21:15,18.18,0.0,,,,20.0,26.0,0.0,0.0,0.0,0.0,0.0,0.0,0.0,0.0,0.0,0.4,moderate,0.0,0.0,0.0,0
2026-07-26T15:55:49.238420,08/16 22:15,17.1,0.0,,,,20.0,26.0,0.0,0.0,0.0,0.0,0.0,0.0,0.0,0.0,0.0,0.4,moderate,0.0,0.0,0.0,0
2026-07-26T15:55:49.258262,08/16 23:15,14.72,0.0,,,,20.0,26.0,0.0,0.0,0.0,0.0,0.0,0.0,0.0,0.0,0.0,0.4,moderate,0.0,0.0,0.0,0
2026-07-26T15:55:49.276501,08/17 00:15,14.03,0.0,,,,20.0,26.0,0.0,0.0,0.0,0.0,0.0,0.0,0.0,0.0,0.0,0.34,low,0.0,0.0,0.0,0
2026-07-26T15:56:04.533853,08/17 01:15,14.4,0.0,,,,18.0,28.0,0.0,0.0,0.0,0.0,0.0,0.0,0.0,0.0,0.0,0.34,low,0.0,0.0,0.0,0
2026-07-26T15:56:04.553854,08/17 02:15,14.12,0.0,,,,18.0,28.0,0.0,0.0,0.0,0.0,0.0,0.0,0.0,0.0,0.0,0.34,low,0.0,0.0,0.0,0
2026-07-26T15:56:04.576854,08/17 03:15,13.03,0.0,,,,18.0,28.0,0.0,0.0,0.0,0.0,0.0,0.0,0.0,0.0,0.0,0.34,low,0.0,0.0,0.0,0
2026-07-26T15:56:04.595853,08/17 04:15,12.2,0.0,,,,18.0,28.0,0.0,0.0,0.0,0.0,0.0,0.0,0.0,0.0,0.0,0.34,low,0.0,0.0,0.0,0
2026-07-26T15:56:04.610855,08/17 05:15,12.62,0.0,,,,18.0,28.0,0.0,0.0,0.0,0.0,0.0,0.0,0.0,0.0,0.0,0.34,low,0.0,0.0,0.0,0
2026-07-26T15:56:04.626855,08/17 06:15,14.73,0.0,,,,18.0,28.0,0.0,0.0,0.0,0.0,0.0,0.0,0.0,0.0,0.0,0.43,moderate,0.0,0.0,0.0,0
2026-07-26T15:56:19.767977,08/17 07:23,17.75,0.0,,,,18.0,29.0,0.0,0.0,0.0,0.0,0.0,0.0,0.0,0.0,0.0,0.43,moderate,0.0,0.0,0.0,0
2026-07-26T15:56:19.790268,08/17 08:23,19.97,0.0,,,,18.0,29.0,0.0,0.0,0.0,0.0,0.0,0.0,0.0,0.0,0.0,0.43,moderate,0.0,0.0,0.0,0
2026-07-26T15:56:19.809246,08/17 09:23,22.1,0.0,,,,18.0,29.0,0.0,0.0,0.0,0.0,0.0,0.0,0.0,0.0,0.0,0.43,moderate,0.0,0.0,0.0,0
2026-07-26T15:56:19.827791,08/17 10:15,23.45,0.0,,,,18.0,29.0,0.0,0.0,0.0,0.0,0.0,0.0,0.0,0.0,0.0,0.3,low,0.0,0.0,0.0,0
2026-07-26T15:56:19.845472,08/17 11:23,24.17,0.0,,,,18.0,29.0,0.0,0.0,0.0,0.0,0.0,0.0,0.0,0.0,0.0,0.3,low,0.0,0.0,0.0,0
2026-07-26T15:56:19.863213,08/17 12:23,25.15,0.0,,,,18.0,29.0,0.0,0.0,0.0,0.0,0.0,0.0,0.0,0.0,0.0,0.3,low,0.0,0.0,0.0,0
2026-07-26T15:56:34.663316,08/17 13:15,25.45,0.0,,,,18.0,29.0,0.0,0.0,0.0,0.0,0.0,0.0,0.0,0.0,0.0,0.3,low,0.0,0.0,0.0,0
2026-07-26T15:56:34.688932,08/17 14:15,24.85,0.0,,,,18.0,29.0,0.0,0.0,0.0,0.0,0.0,0.0,0.0,0.0,0.0,0.3,low,0.0,0.0,0.0,0
2026-07-26T15:56:34.706893,08/17 15:15,24.27,0.0,,,,18.0,29.0,0.0,0.0,0.0,0.0,0.0,0.0,0.0,0.0,0.0,0.3,low,0.0,0.0,0.0,0
2026-07-26T15:56:34.722053,08/17 16:15,23.62,0.0,,,,18.0,29.0,0.0,0.0,0.0,0.0,0.0,0.0,0.0,0.0,0.0,0.55,high,0.0,0.0,0.0,0
2026-07-26T15:56:34.737719,08/17 17:15,22.53,0.0,,,,18.0,29.0,0.0,0.0,0.0,0.0,0.0,0.0,0.0,0.0,0.0,0.55,high,0.0,0.0,0.0,0
2026-07-26T15:56:34.756210,08/17 18:23,21.42,0.0,,,,18.0,29.0,0.0,0.0,0.0,0.0,0.0,0.0,0.0,0.0,0.0,0.55,high,0.0,0.0,0.0,0
2026-07-26T15:56:49.189009,08/17 19:23,20.18,0.0,,,,18.0,29.0,0.0,0.0,0.0,0.0,0.0,0.0,0.0,0.0,0.0,0.55,high,0.0,0.0,0.0,0
2026-07-26T15:56:49.215128,08/17 20:23,18.75,0.0,,,,18.0,29.0,0.0,0.0,0.0,0.0,0.0,0.0,0.0,0.0,0.0,0.55,high,0.0,0.0,0.0,0
2026-07-26T15:56:49.239128,08/17 21:15,18.18,0.0,,,,18.0,29.0,0.0,0.0,0.0,0.0,0.0,0.0,0.0,0.0,0.0,0.4,moderate,0.0,0.0,0.0,0
2026-07-26T15:56:49.252588,08/17 22:15,17.53,0.0,,,,18.0,29.0,0.0,0.0,0.0,0.0,0.0,0.0,0.0,0.0,0.0,0.4,moderate,0.0,0.0,0.0,0
2026-07-26T15:56:49.267246,08/17 23:15,16.82,0.0,,,,18.0,29.0,0.0,0.0,0.0,0.0,0.0,0.0,0.0,0.0,0.0,0.4,moderate,0.0,0.0,0.0,0
2026-07-26T15:56:49.282678,08/18 00:15,16.65,0.0,,,,18.0,29.0,0.0,0.0,0.0,0.0,0.0,0.0,0.0,0.0,0.0,0.34,low,0.0,0.0,0.0,0
2026-07-26T15:57:03.930944,08/18 01:15,14.72,0.0,,,,18.0,29.0,0.0,0.0,0.0,0.0,0.0,0.0,0.0,0.0,0.0,0.34,low,0.0,0.0,0.0,0
2026-07-26T15:57:03.949944,08/18 02:15,13.75,0.0,,,,18.0,29.0,0.0,0.0,0.0,0.0,0.0,0.0,0.0,0.0,0.0,0.34,low,0.0,0.0,0.0,0
2026-07-26T15:57:03.966944,08/18 03:15,13.3,0.0,,,,18.0,29.0,0.0,0.0,0.0,0.0,0.0,0.0,0.0,0.0,0.0,0.34,low,0.0,0.0,0.0,0
2026-07-26T15:57:03.982944,08/18 04:15,13.3,0.0,,,,18.0,29.0,0.0,0.0,0.0,0.0,0.0,0.0,0.0,0.0,0.0,0.34,low,0.0,0.0,0.0,0
2026-07-26T15:57:03.997945,08/18 05:15,13.58,0.0,,,,18.0,29.0,0.0,0.0,0.0,0.0,0.0,0.0,0.0,0.0,0.0,0.34,low,0.0,0.0,0.0,0
2026-07-26T15:57:04.012943,08/18 06:23,15.38,0.0,,,,18.0,29.0,0.0,0.0,0.0,0.0,0.0,0.0,0.0,0.0,0.0,0.43,moderate,0.0,0.0,0.0,0
2026-07-26T15:57:19.004348,08/18 07:20,18.88,0.0,,,,18.0,29.0,0.0,0.0,0.0,0.0,0.0,0.0,0.0,0.0,0.0,0.43,moderate,0.0,0.0,0.0,0
2026-07-26T15:57:19.029441,08/18 08:23,21.15,0.0,,,,18.0,29.0,0.0,0.0,0.0,0.0,0.0,0.0,0.0,0.0,0.0,0.43,moderate,0.0,0.0,0.0,0
2026-07-26T15:57:19.051011,08/18 09:23,23.08,0.0,,,,18.0,29.0,0.0,0.0,0.0,0.0,0.0,0.0,0.0,0.0,0.0,0.43,moderate,0.0,0.0,0.0,0
2026-07-26T15:57:19.069878,08/18 10:15,24.17,0.0,,,,18.0,29.0,0.0,0.0,0.0,0.0,0.0,0.0,0.0,0.0,0.0,0.3,low,0.0,0.0,0.0,0
2026-07-26T15:57:19.087395,08/18 11:15,25.0,0.0,,,,18.0,29.0,0.0,0.0,0.0,0.0,0.0,0.0,0.0,0.0,0.0,0.3,low,0.0,0.0,0.0,0
2026-07-26T15:57:19.104798,08/18 12:23,25.0,0.0,,,,18.0,29.0,0.0,0.0,0.0,0.0,0.0,0.0,0.0,0.0,0.0,0.3,low,0.0,0.0,0.0,0
2026-07-26T15:57:34.660409,08/18 13:23,24.85,0.0,,,,18.0,29.0,0.0,0.0,0.0,0.0,0.0,0.0,0.0,0.0,0.0,0.3,low,0.0,0.0,0.0,0
2026-07-26T15:57:34.680446,08/18 14:15,24.4,0.0,,,,18.0,29.0,0.0,0.0,0.0,0.0,0.0,0.0,0.0,0.0,0.0,0.3,low,0.0,0.0,0.0,0
2026-07-26T15:57:34.700465,08/18 15:23,24.4,0.0,,,,18.0,29.0,0.0,0.0,0.0,0.0,0.0,0.0,0.0,0.0,0.0,0.3,low,0.0,0.0,0.0,0
2026-07-26T15:57:34.720172,08/18 16:23,24.12,0.0,,,,18.0,29.0,0.0,0.0,0.0,0.0,0.0,0.0,0.0,0.0,0.0,0.55,high,0.0,0.0,0.0,0
2026-07-26T15:57:34.737920,08/18 17:15,23.03,0.0,,,,18.0,29.0,0.0,0.0,0.0,0.0,0.0,0.0,0.0,0.0,0.0,0.55,high,0.0,0.0,0.0,0
2026-07-26T15:57:34.753974,08/18 18:15,21.8,0.0,,,,18.0,29.0,0.0,0.0,0.0,0.0,0.0,0.0,0.0,0.0,0.0,0.55,high,0.0,0.0,0.0,0
2026-07-26T15:57:50.357022,08/18 19:20,20.3,0.0,,,,18.0,29.0,0.0,0.0,0.0,0.0,0.0,0.0,0.0,0.0,0.0,0.55,high,0.0,0.0,0.0,0
2026-07-26T15:57:50.377881,08/18 20:23,19.12,0.0,,,,18.0,29.0,0.0,0.0,0.0,0.0,0.0,0.0,0.0,0.0,0.0,0.55,high,0.0,0.0,0.0,0
2026-07-26T15:57:50.398251,08/18 21:23,18.3,0.0,,,,18.0,29.0,0.0,0.0,0.0,0.0,0.0,0.0,0.0,0.0,0.0,0.4,moderate,0.0,0.0,0.0,0
2026-07-26T15:57:50.415135,08/18 22:15,17.75,0.0,,,,18.0,29.0,0.0,0.0,0.0,0.0,0.0,0.0,0.0,0.0,0.0,0.4,moderate,0.0,0.0,0.0,0
2026-07-26T15:57:50.437177,08/18 23:15,16.1,0.0,,,,18.0,29.0,0.0,0.0,0.0,0.0,0.0,0.0,0.0,0.0,0.0,0.4,moderate,0.0,0.0,0.0,0
2026-07-26T15:57:50.456182,08/19 00:15,15.68,0.0,,,,18.0,29.0,0.0,0.0,0.0,0.0,0.0,0.0,0.0,0.0,0.0,0.34,low,0.0,0.0,0.0,0
2026-07-26T15:58:06.263328,08/19 01:15,14.28,0.0,,,,18.0,29.0,0.0,0.0,0.0,0.0,0.0,0.0,0.0,0.0,0.0,0.34,low,0.0,0.0,0.0,0
2026-07-26T15:58:06.289328,08/19 02:15,13.9,0.0,,,,18.0,29.0,0.0,0.0,0.0,0.0,0.0,0.0,0.0,0.0,0.0,0.34,low,0.0,0.0,0.0,0
2026-07-26T15:58:06.308282,08/19 03:15,13.75,0.0,,,,18.0,29.0,0.0,0.0,0.0,0.0,0.0,0.0,0.0,0.0,0.0,0.34,low,0.0,0.0,0.0,0
2026-07-26T15:58:06.324608,08/19 04:15,13.45,0.0,,,,18.0,29.0,0.0,0.0,0.0,0.0,0.0,0.0,0.0,0.0,0.0,0.34,low,0.0,0.0,0.0,0
2026-07-26T15:58:06.342647,08/19 05:15,14.03,0.0,,,,18.0,29.0,0.0,0.0,0.0,0.0,0.0,0.0,0.0,0.0,0.0,0.34,low,0.0,0.0,0.0,0
2026-07-26T15:58:06.364611,08/19 06:23,15.25,0.0,,,,18.0,29.0,0.0,0.0,0.0,0.0,0.0,0.0,0.0,0.0,0.0,0.43,moderate,0.0,0.0,0.0,0
2026-07-26T15:58:22.905456,08/19 07:23,18.5,0.0,,,,18.0,29.0,0.3764,0.094094,0.286296,0.094094,0.054366,0.0,0.0,0.973993,0.094094,0.43,moderate,0.04046,0.0,0.04046,0
2026-07-26T15:58:22.929456,08/19 08:23,21.15,0.0,,,,18.0,29.0,0.3764,0.094094,0.355173,0.094094,0.060795,0.0,0.0,1.302328,0.094094,0.43,moderate,0.04046,0.0,0.04046,0
2026-07-26T15:58:22.957456,08/19 09:23,23.2,52.0,23.51,21.71,25.52,20.0,25.5,0.3817,0.09543,0.433243,0.09543,0.074945,0.0,0.0,1.659262,0.09543,0.43,moderate,0.041035,0.0,0.041035,0
2026-07-26T15:58:22.985455,08/19 10:23,24.55,52.0,24.79,23.29,25.5,20.0,25.5,0.3905,0.097624,0.480943,0.097624,0.086893,0.0,0.0,1.856961,0.097624,0.3,low,0.029287,0.0,0.029287,0
2026-07-26T15:58:23.007455,08/19 11:23,25.15,52.0,25.24,24.22,25.5,20.0,25.5,0.4061,0.101526,0.572315,0.101526,0.095053,0.0,0.0,2.276596,0.101526,0.3,low,0.030458,0.0,0.030458,0
2026-07-26T15:58:23.027455,08/19 12:15,25.6,41.6,25.3,24.53,25.5,20.0,25.5,0.407,0.101744,0.616795,0.101744,0.097103,0.0,0.0,2.458969,0.101744,0.3,low,0.030523,0.0,0.030523,0
2026-07-26T15:58:41.267778,08/19 13:15,25.73,20.8,24.89,24.43,25.0,20.5,25.0,0.408,0.102004,0.617901,0.102004,0.097103,0.0,0.0,2.443309,0.102004,0.3,low,0.030601,0.0,0.030601,0
2026-07-26T15:58:41.292779,08/19 14:15,26.1,41.6,25.0,25.0,25.0,20.5,25.0,0.4294,0.107354,0.742594,0.107354,0.102148,0.0,0.0,3.001833,0.107354,0.3,low,0.032206,0.0,0.032206,0
2026-07-26T15:58:41.314786,08/19 15:15,25.98,52.0,25.0,25.0,25.0,20.5,25.0,0.4376,0.109401,0.799079,0.109401,0.103391,0.0,0.0,3.242552,0.109401,0.3,low,0.03282,0.0,0.03282,0
2026-07-26T15:58:41.334778,08/19 16:15,25.45,52.0,25.0,25.0,25.0,20.5,25.0,0.4209,0.105213,0.715836,0.105213,0.100555,0.0,0.0,2.888812,0.105213,0.55,high,0.057867,0.0,0.057867,0
2026-07-26T15:58:41.354778,08/19 17:15,24.85,52.0,24.88,24.46,25.0,20.5,25.0,0.3945,0.09863,0.598382,0.09863,0.101696,0.0,0.0,2.371975,0.09863,0.55,high,0.054247,0.0,0.054247,0
2026-07-26T15:58:41.373784,08/19 18:15,24.27,52.0,24.66,23.97,25.0,20.5,25.0,0.3848,0.096196,0.530643,0.096196,0.100427,0.0,0.0,2.067982,0.096196,0.55,high,0.052908,0.0,0.052908,0
2026-07-26T15:59:01.531142,08/19 19:15,23.9,26.0,23.4,22.61,24.15,20.0,26.0,0.3764,0.094094,0.461306,0.094094,0.099631,0.0,0.0,1.752409,0.094094,0.55,high,0.051752,0.0,0.051752,0
2026-07-26T15:59:01.550142,08/19 20:15,23.75,0.0,,,,20.0,26.0,0.3764,0.094094,0.45668,0.094094,0.099631,0.0,0.0,1.73061,0.094094,0.55,high,0.051752,0.0,0.051752,0
2026-07-26T15:59:01.565141,08/19 21:15,23.18,0.0,,,,20.0,26.0,0.0,0.0,0.0,0.0,0.0,0.0,0.0,0.0,0.0,0.4,moderate,0.0,0.0,0.0,0
2026-07-26T15:59:01.581141,08/19 22:15,22.53,0.0,,,,20.0,26.0,0.0,0.0,0.0,0.0,0.0,0.0,0.0,0.0,0.0,0.4,moderate,0.0,0.0,0.0,0
2026-07-26T15:59:01.606140,08/19 23:15,21.27,0.0,,,,20.0,26.0,0.0,0.0,0.0,0.0,0.0,0.0,0.0,0.0,0.0,0.4,moderate,0.0,0.0,0.0,0
2026-07-26T15:59:01.629141,08/20 00:15,20.0,0.0,,,,20.0,26.0,0.0,0.0,0.0,0.0,0.0,0.0,0.0,0.0,0.0,0.34,low,0.0,0.0,0.0,0
2026-07-26T15:59:18.250039,08/20 01:15,20.27,0.0,,,,18.0,28.0,0.0,0.0,0.0,0.0,0.0,0.0,0.0,0.0,0.0,0.34,low,0.0,0.0,0.0,0
2026-07-26T15:59:18.276039,08/20 02:15,21.1,0.0,,,,18.0,28.0,0.0,0.0,0.0,0.0,0.0,0.0,0.0,0.0,0.0,0.34,low,0.0,0.0,0.0,0
2026-07-26T15:59:18.296038,08/20 03:15,21.25,0.0,,,,18.0,28.0,0.0,0.0,0.0,0.0,0.0,0.0,0.0,0.0,0.0,0.34,low,0.0,0.0,0.0,0
2026-07-26T15:59:18.317037,08/20 04:15,21.7,0.0,,,,18.0,28.0,0.0,0.0,0.0,0.0,0.0,0.0,0.0,0.0,0.0,0.34,low,0.0,0.0,0.0,0
2026-07-26T15:59:18.347036,08/20 05:15,21.7,0.0,,,,18.0,28.0,0.0,0.0,0.0,0.0,0.0,0.0,0.0,0.0,0.0,0.34,low,0.0,0.0,0.0,0
2026-07-26T15:59:18.369036,08/20 06:15,21.82,0.0,,,,18.0,28.0,0.0,0.0,0.0,0.0,0.0,0.0,0.0,0.0,0.0,0.43,moderate,0.0,0.0,0.0,0
2026-07-26T15:59:35.517732,08/20 07:15,22.35,0.0,,,,18.0,29.0,0.3764,0.094094,0.572647,0.094094,0.097684,0.0,0.0,2.312428,0.094094,0.43,moderate,0.04046,0.0,0.04046,0
2026-07-26T15:59:35.541666,08/20 08:15,23.2,0.0,,,,18.0,29.0,0.3764,0.094094,0.609932,0.094094,0.099577,0.0,0.0,2.475401,0.094094,0.43,moderate,0.04046,0.0,0.04046,0
2026-07-26T15:59:35.564812,08/20 09:23,24.82,52.0,23.21,22.23,23.96,20.0,26.0,0.3764,0.094094,0.657787,0.094094,0.112139,0.0,0.0,2.645693,0.094094,0.43,moderate,0.04046,0.0,0.04046,0
2026-07-26T15:59:35.593826,08/20 10:23,26.25,52.0,24.95,23.74,25.67,20.0,26.0,0.3764,0.094094,0.656131,0.094094,0.122178,0.0,0.0,2.591102,0.094094,0.3,low,0.028228,0.0,0.028228,0
2026-07-26T15:59:35.622787,08/20 11:23,26.97,52.0,25.31,24.55,25.5,20.0,25.5,0.4025,0.100633,0.831133,0.100633,0.127171,0.0,0.0,3.351769,0.100633,0.3,low,0.03019,0.0,0.03019,0
2026-07-26T15:59:35.640842,08/20 12:15,28.08,41.6,25.36,24.79,25.5,20.0,25.5,0.4061,0.101514,0.87363,0.101514,0.126974,0.0,0.0,3.488674,0.101514,0.3,low,0.030454,0.0,0.030454,0
2026-07-26T15:59:50.838075,08/20 13:15,28.62,20.8,24.94,24.69,25.0,20.5,25.0,0.4128,0.103203,0.899273,0.103203,0.125825,0.0,0.0,3.542981,0.103203,0.3,low,0.030961,0.0,0.030961,0
2026-07-26T15:59:50.859075,08/20 14:15,28.08,41.6,25.0,25.0,25.0,20.5,25.0,0.4389,0.109717,0.920736,0.109717,0.118094,0.0,0.0,3.687651,0.109717,0.3,low,0.032915,0.0,0.032915,0
2026-07-26T15:59:50.877075,08/20 15:15,28.47,52.0,25.0,25.0,25.0,20.5,25.0,0.4543,0.113571,1.044864,0.113571,0.122647,0.0,0.0,4.142916,0.113571,0.3,low,0.034071,0.0,0.034071,0
2026-07-26T15:59:50.895074,08/20 16:15,27.35,52.0,25.0,25.0,25.0,20.5,25.0,0.4316,0.10789,0.893386,0.10789,0.115468,0.0,0.0,3.59116,0.10789,0.55,high,0.05934,0.0,0.05934,0
2026-07-26T15:59:50.917074,08/20 17:15,27.38,52.0,24.93,24.67,25.0,20.5,25.0,0.4059,0.101485,0.787735,0.101485,0.115255,0.0,0.0,3.128297,0.101485,0.55,high,0.055817,0.0,0.055817,0
2026-07-26T15:59:50.935074,08/20 18:15,25.4,52.0,24.79,24.18,25.0,20.5,25.0,0.3903,0.097564,0.587522,0.097564,0.102261,0.0,0.0,2.294971,0.097564,0.55,high,0.05366,0.0,0.05366,0
2026-07-26T16:00:05.639827,08/20 19:23,23.03,26.0,23.51,22.7,24.21,20.0,26.0,0.3764,0.094094,0.449211,0.094094,0.098194,0.0,0.0,1.700103,0.094094,0.55,high,0.051752,0.0,0.051752,0
2026-07-26T16:00:05.659826,08/20 20:15,21.65,0.0,,,,20.0,26.0,0.3764,0.094094,0.420733,0.094094,0.095648,0.0,0.0,1.576976,0.094094,0.55,high,0.051752,0.0,0.051752,0
2026-07-26T16:00:05.675826,08/20 21:15,19.85,0.0,,,,20.0,26.0,0.0,0.0,0.0,0.0,0.0,0.0,0.0,0.0,0.0,0.4,moderate,0.0,0.0,0.0,0
2026-07-26T16:00:05.692827,08/20 22:15,19.12,0.0,,,,20.0,26.0,0.0,0.0,0.0,0.0,0.0,0.0,0.0,0.0,0.0,0.4,moderate,0.0,0.0,0.0,0
2026-07-26T16:00:05.710825,08/20 23:15,18.45,0.0,,,,20.0,26.0,0.0,0.0,0.0,0.0,0.0,0.0,0.0,0.0,0.0,0.4,moderate,0.0,0.0,0.0,0
2026-07-26T16:00:05.724826,08/21 00:15,18.62,0.0,,,,20.0,26.0,0.0,0.0,0.0,0.0,0.0,0.0,0.0,0.0,0.0,0.34,low,0.0,0.0,0.0,0
2026-07-26T16:00:20.570717,08/21 01:15,17.65,0.0,,,,18.0,28.0,0.0,0.0,0.0,0.0,0.0,0.0,0.0,0.0,0.0,0.34,low,0.0,0.0,0.0,0
2026-07-26T16:00:20.591717,08/21 02:15,16.92,0.0,,,,18.0,28.0,0.0,0.0,0.0,0.0,0.0,0.0,0.0,0.0,0.0,0.34,low,0.0,0.0,0.0,0
2026-07-26T16:00:20.613716,08/21 03:15,16.1,0.0,,,,18.0,28.0,0.0,0.0,0.0,0.0,0.0,0.0,0.0,0.0,0.0,0.34,low,0.0,0.0,0.0,0
2026-07-26T16:00:20.628715,08/21 04:15,16.25,0.0,,,,18.0,28.0,0.0,0.0,0.0,0.0,0.0,0.0,0.0,0.0,0.0,0.34,low,0.0,0.0,0.0,0
2026-07-26T16:00:20.645716,08/21 05:15,16.7,0.0,,,,18.0,28.0,0.0,0.0,0.0,0.0,0.0,0.0,0.0,0.0,0.0,0.34,low,0.0,0.0,0.0,0
2026-07-26T16:00:20.662715,08/21 06:15,17.8,0.0,,,,18.0,28.0,0.0,0.0,0.0,0.0,0.0,0.0,0.0,0.0,0.0,0.43,moderate,0.0,0.0,0.0,0
2026-07-26T16:00:34.572414,08/21 07:23,21.53,0.0,,,,18.0,29.0,0.3764,0.094094,0.428702,0.094094,0.074063,0.0,0.0,1.662149,0.094094,0.43,moderate,0.04046,0.0,0.04046,0
2026-07-26T16:00:34.597413,08/21 08:23,23.5,0.0,,,,18.0,29.0,0.3764,0.094094,0.428089,0.094094,0.071115,0.0,0.0,1.630957,0.094094,0.43,moderate,0.04046,0.0,0.04046,0
2026-07-26T16:00:34.623413,08/21 09:23,26.0,52.0,23.74,22.07,25.51,20.0,25.5,0.3811,0.09527,0.490844,0.09527,0.083593,0.0,0.0,1.894101,0.09527,0.43,moderate,0.040966,0.0,0.040966,0
2026-07-26T16:00:34.648415,08/21 10:23,27.47,52.0,24.98,23.67,25.5,20.0,25.5,0.3949,0.098727,0.593839,0.098727,0.098078,0.0,0.0,2.321941,0.098727,0.3,low,0.029618,0.0,0.029618,0
2026-07-26T16:00:34.665413,08/21 11:23,28.45,52.0,25.29,24.46,25.5,20.0,25.5,0.4184,0.104607,0.741329,0.104607,0.105487,0.0,0.0,2.943023,0.104607,0.3,low,0.031382,0.0,0.031382,0
2026-07-26T16:00:34.680414,08/21 12:15,29.02,41.6,25.36,24.78,25.5,20.0,25.5,0.4198,0.104944,0.791846,0.104944,0.107416,0.0,0.0,3.128177,0.104944,0.3,low,0.031483,0.0,0.031483,0
2026-07-26T16:00:50.522775,08/21 13:15,29.7,20.8,24.93,24.67,25.0,20.5,25.0,0.4223,0.105574,0.891966,0.105574,0.117977,0.0,0.0,3.502395,0.105574,0.3,low,0.031672,0.0,0.031672,0
2026-07-26T16:00:50.544782,08/21 14:15,30.3,41.6,25.0,25.0,25.0,20.5,25.0,0.4521,0.113016,1.014212,0.113016,0.117433,0.0,0.0,3.957294,0.113016,0.3,low,0.033905,0.0,0.033905,0
2026-07-26T16:00:50.564775,08/21 15:15,29.27,52.0,25.0,25.0,25.0,20.5,25.0,0.462,0.115496,0.986844,0.115496,0.110285,0.0,0.0,3.905848,0.115496,0.3,low,0.034649,0.0,0.034649,0
2026-07-26T16:00:50.583776,08/21 16:15,28.62,52.0,25.0,25.0,25.0,20.5,25.0,0.4494,0.112355,0.932929,0.112355,0.108895,0.0,0.0,3.699176,0.112355,0.55,high,0.061795,0.0,0.061795,0
2026-07-26T16:00:50.602775,08/21 17:15,27.65,52.0,24.94,24.72,25.0,20.5,25.0,0.41,0.102499,0.788938,0.102499,0.112286,0.0,0.0,3.133886,0.102499,0.55,high,0.056374,0.0,0.056374,0
2026-07-26T16:00:50.618775,08/21 18:15,26.92,52.0,24.84,24.29,25.0,20.5,25.0,0.3943,0.098565,0.705322,0.098565,0.112618,0.0,0.0,2.789587,0.098565,0.55,high,0.054211,0.0,0.054211,0
2026-07-26T16:01:07.651659,08/21 19:15,25.83,26.0,23.72,22.92,24.29,20.0,26.0,0.3764,0.094094,0.598207,0.094094,0.115843,0.0,0.0,2.342715,0.094094,0.55,high,0.051752,0.0,0.051752,0
2026-07-26T16:01:07.674659,08/21 20:15,24.73,0.0,,,,20.0,26.0,0.3764,0.094094,0.611191,0.094094,0.119292,0.0,0.0,2.42029,0.094094,0.55,high,0.051752,0.0,0.051752,0
2026-07-26T16:01:07.695658,08/21 21:15,24.02,0.0,,,,20.0,26.0,0.0,0.0,0.0,0.0,0.0,0.0,0.0,0.0,0.0,0.4,moderate,0.0,0.0,0.0,0
2026-07-26T16:01:07.712658,08/21 22:15,24.27,0.0,,,,20.0,26.0,0.0,0.0,0.0,0.0,0.0,0.0,0.0,0.0,0.0,0.4,moderate,0.0,0.0,0.0,0
2026-07-26T16:01:07.728658,08/21 23:15,23.9,0.0,,,,20.0,26.0,0.0,0.0,0.0,0.0,0.0,0.0,0.0,0.0,0.0,0.4,moderate,0.0,0.0,0.0,0
2026-07-26T16:01:07.747658,08/22 00:15,23.62,0.0,,,,20.0,26.0,0.0,0.0,0.0,0.0,0.0,0.0,0.0,0.0,0.0,0.34,low,0.0,0.0,0.0,0
2026-07-26T16:01:24.305481,08/22 01:15,22.8,0.0,,,,18.0,28.0,0.0,0.0,0.0,0.0,0.0,0.0,0.0,0.0,0.0,0.34,low,0.0,0.0,0.0,0
2026-07-26T16:01:24.328482,08/22 02:15,22.93,0.0,,,,18.0,28.0,0.0,0.0,0.0,0.0,0.0,0.0,0.0,0.0,0.0,0.34,low,0.0,0.0,0.0,0
2026-07-26T16:01:24.346480,08/22 03:15,23.18,0.0,,,,18.0,28.0,0.0,0.0,0.0,0.0,0.0,0.0,0.0,0.0,0.0,0.34,low,0.0,0.0,0.0,0
2026-07-26T16:01:24.365482,08/22 04:15,22.8,0.0,,,,18.0,28.0,0.0,0.0,0.0,0.0,0.0,0.0,0.0,0.0,0.0,0.34,low,0.0,0.0,0.0,0
2026-07-26T16:01:24.385481,08/22 05:15,22.8,0.0,,,,18.0,28.0,0.0,0.0,0.0,0.0,0.0,0.0,0.0,0.0,0.0,0.34,low,0.0,0.0,0.0,0
2026-07-26T16:01:24.402481,08/22 06:15,22.65,0.0,,,,18.0,28.0,0.0,0.0,0.0,0.0,0.0,0.0,0.0,0.0,0.0,0.43,moderate,0.0,0.0,0.0,0
2026-07-26T16:01:40.717689,08/22 07:15,22.07,0.0,,,,18.0,29.0,0.3764,0.094094,0.573462,0.094094,0.099392,0.0,0.0,2.313916,0.094094,0.43,moderate,0.04046,0.0,0.04046,0
2026-07-26T16:01:40.766697,08/22 08:15,21.82,0.0,,,,18.0,29.0,0.3764,0.094094,0.562651,0.094094,0.094536,0.0,0.0,2.274973,0.094094,0.43,moderate,0.04046,0.0,0.04046,0
2026-07-26T16:01:40.817686,08/22 09:23,22.47,52.0,22.7,21.87,23.35,20.0,26.0,0.3764,0.094094,0.607823,0.094094,0.105682,0.0,0.0,2.46414,0.094094,0.43,moderate,0.04046,0.0,0.04046,0
2026-07-26T16:01:40.856686,08/22 10:15,23.45,52.0,24.36,23.41,25.19,20.0,26.0,0.3764,0.094094,0.631212,0.094094,0.118128,0.0,0.0,2.541134,0.094094,0.3,low,0.028228,0.0,0.028228,0
2026-07-26T16:01:40.880708,08/22 11:15,24.17,52.0,25.0,24.15,25.5,20.0,25.5,0.3811,0.095286,0.711962,0.095286,0.129892,0.0,0.0,2.889469,0.095286,0.3,low,0.028586,0.0,0.028586,0
2026-07-26T16:01:40.900690,08/22 12:15,25.15,41.6,25.24,24.58,25.5,20.0,25.5,0.3893,0.097321,0.832901,0.097321,0.137177,0.0,0.0,3.394287,0.097321,0.3,low,0.029196,0.0,0.029196,0
2026-07-26T16:01:59.435500,08/22 13:15,25.88,20.8,24.81,24.31,25.0,20.5,25.0,0.3929,0.098215,0.896797,0.098215,0.142802,0.0,0.0,3.628093,0.098215,0.3,low,0.029464,0.0,0.029464,0
2026-07-26T16:01:59.457587,08/22 14:15,27.1,41.6,24.95,24.79,25.0,20.5,25.0,0.4106,0.102654,0.980866,0.102654,0.141565,0.0,0.0,3.952361,0.102654,0.3,low,0.030796,0.0,0.030796,0
2026-07-26T16:01:59.476588,08/22 15:15,28.3,52.0,25.0,25.0,25.0,20.5,25.0,0.4341,0.108518,1.16975,0.108518,0.147458,0.0,0.0,4.637724,0.108518,0.3,low,0.032555,0.0,0.032555,0
2026-07-26T16:01:59.496161,08/22 16:15,28.45,52.0,24.98,24.91,25.0,20.5,25.0,0.4301,0.107527,1.164138,0.107527,0.147458,0.0,0.0,4.61139,0.107527,0.55,high,0.05914,0.0,0.05914,0
2026-07-26T16:01:59.515271,08/22 17:15,28.62,52.0,24.9,24.49,25.0,20.5,25.0,0.4141,0.103513,1.121864,0.103513,0.147458,0.0,0.0,4.41801,0.103513,0.55,high,0.056932,0.0,0.056932,0
2026-07-26T16:01:59.536280,08/22 18:15,27.53,52.0,24.83,24.15,25.0,20.5,25.0,0.3983,0.099577,1.000245,0.099577,0.14722,0.0,0.0,3.975236,0.099577,0.55,high,0.054767,0.0,0.054767,0
2026-07-26T16:02:19.093113,08/22 19:23,26.42,26.0,23.81,22.84,24.24,20.0,26.0,0.3764,0.094094,0.818239,0.094094,0.14463,0.0,0.0,3.267186,0.094094,0.55,high,0.051752,0.0,0.051752,0
2026-07-26T16:02:19.113112,08/22 20:15,25.3,0.0,,,,20.0,26.0,0.3764,0.094094,0.784275,0.094094,0.142886,0.0,0.0,3.152866,0.094094,0.55,high,0.051752,0.0,0.051752,0
2026-07-26T16:02:19.133113,08/22 21:15,24.4,0.0,,,,20.0,26.0,0.0,0.0,0.0,0.0,0.0,0.0,0.0,0.0,0.0,0.4,moderate,0.0,0.0,0.0,0
2026-07-26T16:02:19.151113,08/22 22:15,24.4,0.0,,,,20.0,26.0,0.0,0.0,0.0,0.0,0.0,0.0,0.0,0.0,0.0,0.4,moderate,0.0,0.0,0.0,0
2026-07-26T16:02:19.171112,08/22 23:15,24.0,0.0,,,,20.0,26.0,0.0,0.0,0.0,0.0,0.0,0.0,0.0,0.0,0.0,0.4,moderate,0.0,0.0,0.0,0
2026-07-26T16:02:19.186114,08/23 00:15,22.8,0.0,,,,20.0,26.0,0.0,0.0,0.0,0.0,0.0,0.0,0.0,0.0,0.0,0.34,low,0.0,0.0,0.0,0
2026-07-26T16:02:35.658965,08/23 01:15,22.8,0.0,,,,18.0,28.0,0.0,0.0,0.0,0.0,0.0,0.0,0.0,0.0,0.0,0.34,low,0.0,0.0,0.0,0
2026-07-26T16:02:35.679947,08/23 02:15,22.8,0.0,,,,18.0,28.0,0.0,0.0,0.0,0.0,0.0,0.0,0.0,0.0,0.0,0.34,low,0.0,0.0,0.0,0
2026-07-26T16:02:35.697946,08/23 03:15,22.65,0.0,,,,18.0,28.0,0.0,0.0,0.0,0.0,0.0,0.0,0.0,0.0,0.0,0.34,low,0.0,0.0,0.0,0
2026-07-26T16:02:35.716946,08/23 04:15,22.07,0.0,,,,18.0,28.0,0.0,0.0,0.0,0.0,0.0,0.0,0.0,0.0,0.0,0.34,low,0.0,0.0,0.0,0
2026-07-26T16:02:35.735946,08/23 05:15,21.7,0.0,,,,18.0,28.0,0.0,0.0,0.0,0.0,0.0,0.0,0.0,0.0,0.0,0.34,low,0.0,0.0,0.0,0
2026-07-26T16:02:35.753947,08/23 06:15,21.7,0.0,,,,18.0,28.0,0.0,0.0,0.0,0.0,0.0,0.0,0.0,0.0,0.0,0.43,moderate,0.0,0.0,0.0,0
2026-07-26T16:02:52.869253,08/23 07:15,21.7,0.0,,,,18.0,29.0,0.3764,0.094094,0.520773,0.094094,0.092394,0.0,0.0,2.076516,0.094094,0.43,moderate,0.04046,0.0,0.04046,0
2026-07-26T16:02:52.890253,08/23 08:15,21.82,0.0,,,,18.0,29.0,0.3764,0.094094,0.519538,0.094094,0.08828,0.0,0.0,2.075162,0.094094,0.43,moderate,0.04046,0.0,0.04046,0
2026-07-26T16:02:52.916251,08/23 09:23,21.92,52.0,22.62,21.78,23.24,20.0,26.0,0.3764,0.094094,0.533933,0.094094,0.094807,0.0,0.0,2.124179,0.094094,0.43,moderate,0.04046,0.0,0.04046,0
2026-07-26T16:02:52.935253,08/23 10:15,21.1,52.0,23.88,22.89,24.65,20.0,26.0,0.3764,0.094094,0.516851,0.094094,0.103624,0.0,0.0,2.048664,0.094094,0.3,low,0.028228,0.0,0.028228,0
2026-07-26T16:02:52.953251,08/23 11:15,21.1,52.0,24.5,23.49,25.25,20.0,26.0,0.3764,0.094094,0.500371,0.094094,0.107612,0.0,0.0,1.968148,0.094094,0.3,low,0.028228,0.0,0.028228,0
2026-07-26T16:02:52.971252,08/23 12:15,21.1,41.6,24.66,23.66,25.44,20.0,26.0,0.3764,0.094094,0.511003,0.094094,0.107623,0.0,0.0,2.022401,0.094094,0.3,low,0.028228,0.0,0.028228,0
2026-07-26T16:03:11.242938,08/23 13:15,21.25,20.8,24.47,23.68,25.0,20.5,25.0,0.3805,0.095132,0.493908,0.095132,0.102253,0.0,0.0,1.939591,0.095132,0.3,low,0.02854,0.0,0.02854,0
2026-07-26T16:03:11.263953,08/23 14:15,21.7,41.6,24.73,24.2,25.0,20.5,25.0,0.3953,0.098835,0.598947,0.098835,0.106284,0.0,0.0,2.4369,0.098835,0.3,low,0.02965,0.0,0.02965,0
2026-07-26T16:03:11.284946,08/23 15:15,21.42,52.0,24.8,24.46,25.0,20.5,25.0,0.3997,0.099932,0.61468,0.099932,0.104457,0.0,0.0,2.50935,0.099932,0.3,low,0.02998,0.0,0.02998,0
2026-07-26T16:03:11.303957,08/23 16:15,20.6,52.0,24.71,24.18,25.0,20.5,25.0,0.3898,0.09744,0.525524,0.09744,0.099034,0.0,0.0,2.10116,0.09744,0.55,high,0.053592,0.0,0.053592,0
2026-07-26T16:03:11.324220,08/23 17:15,20.6,52.0,24.39,23.66,25.0,20.5,25.0,0.3804,0.095096,0.47391,0.095096,0.099034,0.0,0.0,1.854802,0.095096,0.55,high,0.052303,0.0,0.052303,0
2026-07-26T16:03:11.342538,08/23 18:15,20.45,52.0,24.13,23.32,25.0,20.5,25.0,0.3795,0.094881,0.46986,0.094881,0.099034,0.0,0.0,1.834535,0.094881,0.55,high,0.052185,0.0,0.052185,0
2026-07-26T16:03:27.215701,08/23 19:15,20.0,26.0,22.77,21.93,23.83,20.0,26.0,0.3764,0.094094,0.385792,0.094094,0.091313,0.0,0.0,1.423056,0.094094,0.55,high,0.051752,0.0,0.051752,0
2026-07-26T16:03:27.240701,08/23 20:15,20.0,0.0,,,,20.0,26.0,0.3764,0.094094,0.386215,0.094094,0.090589,0.0,0.0,1.435646,0.094094,0.55,high,0.051752,0.0,0.051752,0
2026-07-26T16:03:27.262703,08/23 21:15,20.15,0.0,,,,20.0,26.0,0.0,0.0,0.0,0.0,0.0,0.0,0.0,0.0,0.0,0.4,moderate,0.0,0.0,0.0,0
2026-07-26T16:03:27.278700,08/23 22:15,20.73,0.0,,,,20.0,26.0,0.0,0.0,0.0,0.0,0.0,0.0,0.0,0.0,0.0,0.4,moderate,0.0,0.0,0.0,0
2026-07-26T16:03:27.295700,08/23 23:15,21.1,0.0,,,,20.0,26.0,0.0,0.0,0.0,0.0,0.0,0.0,0.0,0.0,0.0,0.4,moderate,0.0,0.0,0.0,0
2026-07-26T16:03:27.309700,08/24 00:15,20.98,0.0,,,,20.0,26.0,0.0,0.0,0.0,0.0,0.0,0.0,0.0,0.0,0.0,0.34,low,0.0,0.0,0.0,0
2026-07-26T16:03:42.675932,08/24 01:15,20.45,0.0,,,,18.0,28.0,0.0,0.0,0.0,0.0,0.0,0.0,0.0,0.0,0.0,0.34,low,0.0,0.0,0.0,0
2026-07-26T16:03:42.699395,08/24 02:15,20.0,0.0,,,,18.0,28.0,0.0,0.0,0.0,0.0,0.0,0.0,0.0,0.0,0.0,0.34,low,0.0,0.0,0.0,0
2026-07-26T16:03:42.718435,08/24 03:15,19.85,0.0,,,,18.0,28.0,0.0,0.0,0.0,0.0,0.0,0.0,0.0,0.0,0.0,0.34,low,0.0,0.0,0.0,0
2026-07-26T16:03:42.735633,08/24 04:15,19.55,0.0,,,,18.0,28.0,0.0,0.0,0.0,0.0,0.0,0.0,0.0,0.0,0.0,0.34,low,0.0,0.0,0.0,0
2026-07-26T16:03:42.754637,08/24 05:15,20.0,0.0,,,,18.0,28.0,0.0,0.0,0.0,0.0,0.0,0.0,0.0,0.0,0.0,0.34,low,0.0,0.0,0.0,0
2026-07-26T16:03:42.771687,08/24 06:15,20.15,0.0,,,,18.0,28.0,0.0,0.0,0.0,0.0,0.0,0.0,0.0,0.0,0.0,0.43,moderate,0.0,0.0,0.0,0
2026-07-26T16:03:56.743715,08/24 07:15,20.6,0.0,,,,18.0,29.0,0.0,0.0,0.0,0.0,0.0,0.0,0.0,0.0,0.0,0.43,moderate,0.0,0.0,0.0,0
2026-07-26T16:03:56.771078,08/24 08:15,20.73,0.0,,,,18.0,29.0,0.0,0.0,0.0,0.0,0.0,0.0,0.0,0.0,0.0,0.43,moderate,0.0,0.0,0.0,0
2026-07-26T16:03:56.796089,08/24 09:15,21.25,0.0,,,,18.0,29.0,0.0,0.0,0.0,0.0,0.0,0.0,0.0,0.0,0.0,0.43,moderate,0.0,0.0,0.0,0
2026-07-26T16:03:56.815473,08/24 10:23,21.7,0.0,,,,18.0,29.0,0.0,0.0,0.0,0.0,0.0,0.0,0.0,0.0,0.0,0.3,low,0.0,0.0,0.0,0
2026-07-26T16:03:56.831525,08/24 11:15,21.82,0.0,,,,18.0,29.0,0.0,0.0,0.0,0.0,0.0,0.0,0.0,0.0,0.0,0.3,low,0.0,0.0,0.0,0
2026-07-26T16:03:56.853815,08/24 12:15,22.35,0.0,,,,18.0,29.0,0.0,0.0,0.0,0.0,0.0,0.0,0.0,0.0,0.0,0.3,low,0.0,0.0,0.0,0
2026-07-26T16:04:11.447192,08/24 13:15,22.65,0.0,,,,18.0,29.0,0.0,0.0,0.0,0.0,0.0,0.0,0.0,0.0,0.0,0.3,low,0.0,0.0,0.0,0
2026-07-26T16:04:11.465296,08/24 14:15,22.2,0.0,,,,18.0,29.0,0.0,0.0,0.0,0.0,0.0,0.0,0.0,0.0,0.0,0.3,low,0.0,0.0,0.0,0
2026-07-26T16:04:11.488294,08/24 15:15,22.35,0.0,,,,18.0,29.0,0.0,0.0,0.0,0.0,0.0,0.0,0.0,0.0,0.0,0.3,low,0.0,0.0,0.0,0
2026-07-26T16:04:11.508294,08/24 16:23,22.65,0.0,,,,18.0,29.0,0.0,0.0,0.0,0.0,0.0,0.0,0.0,0.0,0.0,0.55,high,0.0,0.0,0.0,0
2026-07-26T16:04:11.525294,08/24 17:15,22.07,0.0,,,,18.0,29.0,0.0,0.0,0.0,0.0,0.0,0.0,0.0,0.0,0.0,0.55,high,0.0,0.0,0.0,0
2026-07-26T16:04:11.542295,08/24 18:15,21.42,0.0,,,,18.0,29.0,0.0,0.0,0.0,0.0,0.0,0.0,0.0,0.0,0.0,0.55,high,0.0,0.0,0.0,0
2026-07-26T16:04:25.928714,08/24 19:23,20.6,0.0,,,,18.0,29.0,0.0,0.0,0.0,0.0,0.0,0.0,0.0,0.0,0.0,0.55,high,0.0,0.0,0.0,0
2026-07-26T16:04:25.954710,08/24 20:23,20.45,0.0,,,,18.0,29.0,0.0,0.0,0.0,0.0,0.0,0.0,0.0,0.0,0.0,0.55,high,0.0,0.0,0.0,0
2026-07-26T16:04:25.979193,08/24 21:15,19.85,0.0,,,,18.0,29.0,0.0,0.0,0.0,0.0,0.0,0.0,0.0,0.0,0.0,0.4,moderate,0.0,0.0,0.0,0
2026-07-26T16:04:25.995485,08/24 22:15,19.82,0.0,,,,18.0,29.0,0.0,0.0,0.0,0.0,0.0,0.0,0.0,0.0,0.0,0.4,moderate,0.0,0.0,0.0,0
2026-07-26T16:04:26.010497,08/24 23:15,20.83,0.0,,,,18.0,29.0,0.0,0.0,0.0,0.0,0.0,0.0,0.0,0.0,0.0,0.4,moderate,0.0,0.0,0.0,0
2026-07-26T16:04:26.023537,08/25 00:15,19.85,0.0,,,,18.0,29.0,0.0,0.0,0.0,0.0,0.0,0.0,0.0,0.0,0.0,0.34,low,0.0,0.0,0.0,0
2026-07-26T16:04:40.778415,08/25 01:15,19.12,0.0,,,,18.0,29.0,0.0,0.0,0.0,0.0,0.0,0.0,0.0,0.0,0.0,0.34,low,0.0,0.0,0.0,0
2026-07-26T16:04:40.805416,08/25 02:15,18.45,0.0,,,,18.0,29.0,0.0,0.0,0.0,0.0,0.0,0.0,0.0,0.0,0.0,0.34,low,0.0,0.0,0.0,0
2026-07-26T16:04:40.827419,08/25 03:15,18.9,0.0,,,,18.0,29.0,0.0,0.0,0.0,0.0,0.0,0.0,0.0,0.0,0.0,0.34,low,0.0,0.0,0.0,0
2026-07-26T16:04:40.844415,08/25 04:15,18.47,0.0,,,,18.0,29.0,0.0,0.0,0.0,0.0,0.0,0.0,0.0,0.0,0.0,0.34,low,0.0,0.0,0.0,0
2026-07-26T16:04:40.862417,08/25 05:15,17.47,0.0,,,,18.0,29.0,0.0,0.0,0.0,0.0,0.0,0.0,0.0,0.0,0.0,0.34,low,0.0,0.0,0.0,0
2026-07-26T16:04:40.880417,08/25 06:23,18.58,0.0,,,,18.0,29.0,0.0,0.0,0.0,0.0,0.0,0.0,0.0,0.0,0.0,0.43,moderate,0.0,0.0,0.0,0
2026-07-26T16:04:56.615787,08/25 07:23,19.82,0.0,,,,18.0,29.0,0.0,0.0,0.0,0.0,0.0,0.0,0.0,0.0,0.0,0.43,moderate,0.0,0.0,0.0,0
2026-07-26T16:04:56.643788,08/25 08:23,21.38,0.0,,,,18.0,29.0,0.0,0.0,0.0,0.0,0.0,0.0,0.0,0.0,0.0,0.43,moderate,0.0,0.0,0.0,0
2026-07-26T16:04:56.668865,08/25 09:23,22.47,0.0,,,,18.0,29.0,0.0,0.0,0.0,0.0,0.0,0.0,0.0,0.0,0.0,0.43,moderate,0.0,0.0,0.0,0
2026-07-26T16:04:56.685281,08/25 10:15,23.45,0.0,,,,18.0,29.0,0.0,0.0,0.0,0.0,0.0,0.0,0.0,0.0,0.0,0.3,low,0.0,0.0,0.0,0
2026-07-26T16:04:56.701813,08/25 11:15,24.02,0.0,,,,18.0,29.0,0.0,0.0,0.0,0.0,0.0,0.0,0.0,0.0,0.0,0.3,low,0.0,0.0,0.0,0
2026-07-26T16:04:56.717810,08/25 12:15,24.55,0.0,,,,18.0,29.0,0.0,0.0,0.0,0.0,0.0,0.0,0.0,0.0,0.0,0.3,low,0.0,0.0,0.0,0
2026-07-26T16:05:12.073022,08/25 13:23,24.85,0.0,,,,18.0,29.0,0.0,0.0,0.0,0.0,0.0,0.0,0.0,0.0,0.0,0.3,low,0.0,0.0,0.0,0
2026-07-26T16:05:12.094073,08/25 14:15,24.4,0.0,,,,18.0,29.0,0.0,0.0,0.0,0.0,0.0,0.0,0.0,0.0,0.0,0.3,low,0.0,0.0,0.0,0
2026-07-26T16:05:12.118528,08/25 15:23,24.12,0.0,,,,18.0,29.0,0.0,0.0,0.0,0.0,0.0,0.0,0.0,0.0,0.0,0.3,low,0.0,0.0,0.0,0
2026-07-26T16:05:12.138590,08/25 16:23,23.18,0.0,,,,18.0,29.0,0.0,0.0,0.0,0.0,0.0,0.0,0.0,0.0,0.0,0.55,high,0.0,0.0,0.0,0
2026-07-26T16:05:12.158082,08/25 17:15,22.53,0.0,,,,18.0,29.0,0.0,0.0,0.0,0.0,0.0,0.0,0.0,0.0,0.0,0.55,high,0.0,0.0,0.0,0
2026-07-26T16:05:12.174171,08/25 18:15,21.42,0.0,,,,18.0,29.0,0.0,0.0,0.0,0.0,0.0,0.0,0.0,0.0,0.0,0.55,high,0.0,0.0,0.0,0
2026-07-26T16:05:28.609263,08/25 19:23,20.45,0.0,,,,18.0,29.0,0.0,0.0,0.0,0.0,0.0,0.0,0.0,0.0,0.0,0.55,high,0.0,0.0,0.0,0
2026-07-26T16:05:28.638262,08/25 20:23,19.73,0.0,,,,18.0,29.0,0.0,0.0,0.0,0.0,0.0,0.0,0.0,0.0,0.0,0.55,high,0.0,0.0,0.0,0
2026-07-26T16:05:28.660264,08/25 21:15,19.02,0.0,,,,18.0,29.0,0.0,0.0,0.0,0.0,0.0,0.0,0.0,0.0,0.0,0.4,moderate,0.0,0.0,0.0,0
2026-07-26T16:05:28.681264,08/25 22:15,19.27,0.0,,,,18.0,29.0,0.0,0.0,0.0,0.0,0.0,0.0,0.0,0.0,0.0,0.4,moderate,0.0,0.0,0.0,0
2026-07-26T16:05:28.701263,08/25 23:15,18.62,0.0,,,,18.0,29.0,0.0,0.0,0.0,0.0,0.0,0.0,0.0,0.0,0.0,0.4,moderate,0.0,0.0,0.0,0
2026-07-26T16:05:28.719262,08/26 00:15,17.93,0.0,,,,18.0,29.0,0.0,0.0,0.0,0.0,0.0,0.0,0.0,0.0,0.0,0.34,low,0.0,0.0,0.0,0
2026-07-26T16:05:45.100717,08/26 01:15,18.03,0.0,,,,18.0,29.0,0.0,0.0,0.0,0.0,0.0,0.0,0.0,0.0,0.0,0.34,low,0.0,0.0,0.0,0
2026-07-26T16:05:45.120725,08/26 02:15,17.2,0.0,,,,18.0,29.0,0.0,0.0,0.0,0.0,0.0,0.0,0.0,0.0,0.0,0.34,low,0.0,0.0,0.0,0
2026-07-26T16:05:45.139716,08/26 03:15,17.2,0.0,,,,18.0,29.0,0.0,0.0,0.0,0.0,0.0,0.0,0.0,0.0,0.0,0.34,low,0.0,0.0,0.0,0
2026-07-26T16:05:45.156716,08/26 04:15,17.62,0.0,,,,18.0,29.0,0.0,0.0,0.0,0.0,0.0,0.0,0.0,0.0,0.0,0.34,low,0.0,0.0,0.0,0
2026-07-26T16:05:45.175716,08/26 05:15,18.9,0.0,,,,18.0,29.0,0.0,0.0,0.0,0.0,0.0,0.0,0.0,0.0,0.0,0.34,low,0.0,0.0,0.0,0
2026-07-26T16:05:45.192719,08/26 06:15,19.32,0.0,,,,18.0,29.0,0.0,0.0,0.0,0.0,0.0,0.0,0.0,0.0,0.0,0.43,moderate,0.0,0.0,0.0,0
2026-07-26T16:06:01.055928,08/26 07:15,20.6,0.0,,,,18.0,29.0,0.3764,0.094094,0.339302,0.094094,0.06356,0.0,0.0,1.214323,0.094094,0.43,moderate,0.04046,0.0,0.04046,0
2026-07-26T16:06:01.075929,08/26 08:15,20.88,0.0,,,,18.0,29.0,0.3764,0.094094,0.338708,0.094094,0.060112,0.0,0.0,1.214453,0.094094,0.43,moderate,0.04046,0.0,0.04046,0
2026-07-26T16:06:01.100927,08/26 09:23,21.82,52.0,22.52,21.68,23.17,20.0,26.0,0.3764,0.094094,0.380922,0.094094,0.070068,0.0,0.0,1.405643,0.094094,0.43,moderate,0.04046,0.0,0.04046,0
2026-07-26T16:06:01.121928,08/26 10:23,22.35,52.0,24.17,23.21,24.98,20.0,26.0,0.3764,0.094094,0.410788,0.094094,0.085506,0.0,0.0,1.533775,0.094094,0.3,low,0.028228,0.0,0.028228,0
2026-07-26T16:06:01.142927,08/26 11:23,23.08,52.0,24.89,24.0,25.5,20.0,25.5,0.3812,0.095288,0.489075,0.095288,0.101841,0.0,0.0,1.904824,0.095288,0.3,low,0.028586,0.0,0.028586,0
2026-07-26T16:06:01.163927,08/26 12:15,24.17,41.6,25.07,24.25,25.5,20.0,25.5,0.3817,0.095433,0.563814,0.095433,0.109036,0.0,0.0,2.235329,0.095433,0.3,low,0.02863,0.0,0.02863,0
2026-07-26T16:06:18.015520,08/26 13:15,25.43,20.8,24.72,24.1,25.0,20.5,25.0,0.3892,0.097294,0.652188,0.097294,0.114286,0.0,0.0,2.61433,0.097294,0.3,low,0.029188,0.0,0.029188,0
2026-07-26T16:06:18.041518,08/26 14:15,26.42,41.6,24.92,24.63,25.0,20.5,25.0,0.4082,0.102049,0.808589,0.102049,0.121284,0.0,0.0,3.25099,0.102049,0.3,low,0.030615,0.0,0.030615,0
2026-07-26T16:06:18.067515,08/26 15:15,25.45,52.0,24.93,24.71,25.0,20.5,25.0,0.4102,0.102559,0.800777,0.102559,0.11861,0.0,0.0,3.248399,0.102559,0.3,low,0.030768,0.0,0.030768,0
2026-07-26T16:06:18.092515,08/26 16:15,24.45,52.0,24.83,24.5,25.0,20.5,25.0,0.3997,0.099913,0.758778,0.099913,0.119215,0.0,0.0,3.076671,0.099913,0.55,high,0.054952,0.0,0.054952,0
2026-07-26T16:06:18.110515,08/26 17:15,22.93,52.0,24.49,23.71,25.0,20.5,25.0,0.3817,0.09543,0.615278,0.09543,0.115272,0.0,0.0,2.479553,0.09543,0.55,high,0.052487,0.0,0.052487,0
2026-07-26T16:06:18.134515,08/26 18:15,23.03,52.0,24.29,23.39,25.0,20.5,25.0,0.3804,0.095112,0.615034,0.095112,0.115769,0.0,0.0,2.472523,0.095112,0.55,high,0.052312,0.0,0.052312,0
2026-07-26T16:06:34.953154,08/26 19:15,22.2,26.0,23.02,22.09,23.97,20.0,26.0,0.3764,0.094094,0.554757,0.094094,0.112769,0.0,0.0,2.210131,0.094094,0.55,high,0.051752,0.0,0.051752,0
2026-07-26T16:06:34.976155,08/26 20:15,22.2,0.0,,,,20.0,26.0,0.3764,0.094094,0.507579,0.094094,0.107826,0.0,0.0,1.988944,0.094094,0.55,high,0.051752,0.0,0.051752,0
2026-07-26T16:06:34.996155,08/26 21:15,22.07,0.0,,,,20.0,26.0,0.0,0.0,0.0,0.0,0.0,0.0,0.0,0.0,0.0,0.4,moderate,0.0,0.0,0.0,0
2026-07-26T16:06:35.016157,08/26 22:15,21.55,0.0,,,,20.0,26.0,0.0,0.0,0.0,0.0,0.0,0.0,0.0,0.0,0.0,0.4,moderate,0.0,0.0,0.0,0
2026-07-26T16:06:35.033154,08/26 23:15,21.1,0.0,,,,20.0,26.0,0.0,0.0,0.0,0.0,0.0,0.0,0.0,0.0,0.0,0.4,moderate,0.0,0.0,0.0,0
2026-07-26T16:06:35.050158,08/27 00:15,20.83,0.0,,,,20.0,26.0,0.0,0.0,0.0,0.0,0.0,0.0,0.0,0.0,0.0,0.34,low,0.0,0.0,0.0,0
2026-07-26T16:06:51.607953,08/27 01:15,20.15,0.0,,,,18.0,28.0,0.0,0.0,0.0,0.0,0.0,0.0,0.0,0.0,0.0,0.34,low,0.0,0.0,0.0,0
2026-07-26T16:06:51.625948,08/27 02:15,20.3,0.0,,,,18.0,28.0,0.0,0.0,0.0,0.0,0.0,0.0,0.0,0.0,0.0,0.34,low,0.0,0.0,0.0,0
2026-07-26T16:06:51.643952,08/27 03:15,19.4,0.0,,,,18.0,28.0,0.0,0.0,0.0,0.0,0.0,0.0,0.0,0.0,0.0,0.34,low,0.0,0.0,0.0,0
2026-07-26T16:06:51.661947,08/27 04:15,19.27,0.0,,,,18.0,28.0,0.0,0.0,0.0,0.0,0.0,0.0,0.0,0.0,0.0,0.34,low,0.0,0.0,0.0,0
2026-07-26T16:06:51.679949,08/27 05:15,18.9,0.0,,,,18.0,28.0,0.0,0.0,0.0,0.0,0.0,0.0,0.0,0.0,0.0,0.34,low,0.0,0.0,0.0,0
2026-07-26T16:06:51.695950,08/27 06:15,20.0,0.0,,,,18.0,28.0,0.0,0.0,0.0,0.0,0.0,0.0,0.0,0.0,0.0,0.43,moderate,0.0,0.0,0.0,0
2026-07-26T16:07:09.459773,08/27 07:23,23.58,0.0,,,,18.0,29.0,0.3764,0.094094,0.597635,0.094094,0.099149,0.0,0.0,2.417238,0.094094,0.43,moderate,0.04046,0.0,0.04046,0
2026-07-26T16:07:09.481773,08/27 08:23,24.82,0.0,,,,18.0,29.0,0.3764,0.094094,0.620169,0.094094,0.099091,0.0,0.0,2.492277,0.094094,0.43,moderate,0.04046,0.0,0.04046,0
2026-07-26T16:07:09.507773,08/27 09:23,26.38,52.0,23.76,22.23,25.43,20.0,26.0,0.3764,0.094094,0.675129,0.094094,0.113744,0.0,0.0,2.688404,0.094094,0.43,moderate,0.04046,0.0,0.04046,0
2026-07-26T16:07:09.528773,08/27 10:23,27.47,52.0,25.02,23.89,25.5,20.0,25.5,0.3887,0.097175,0.792913,0.097175,0.129111,0.0,0.0,3.162264,0.097175,0.3,low,0.029152,0.0,0.029152,0
2026-07-26T16:07:09.547773,08/27 11:15,28.3,52.0,25.35,24.76,25.5,20.0,25.5,0.4141,0.103513,0.984406,0.103513,0.136712,0.0,0.0,3.921706,0.103513,0.3,low,0.031054,0.0,0.031054,0
2026-07-26T16:07:09.565773,08/27 12:15,28.03,41.6,25.42,25.09,25.5,20.0,25.5,0.4181,0.104521,1.019137,0.104521,0.136713,0.0,0.0,4.051586,0.104521,0.3,low,0.031356,0.0,0.031356,0
2026-07-26T16:07:25.989153,08/27 13:15,27.2,20.8,24.95,24.76,25.0,20.5,25.0,0.4141,0.103527,1.011642,0.103527,0.141199,0.0,0.0,4.044974,0.103527,0.3,low,0.031058,0.0,0.031058,0
2026-07-26T16:07:26.008206,08/27 14:15,27.2,41.6,25.0,25.0,25.0,20.5,25.0,0.4373,0.109337,1.079489,0.109337,0.138176,0.0,0.0,4.334318,0.109337,0.3,low,0.032801,0.0,0.032801,0
2026-07-26T16:07:26.026210,08/27 15:15,27.2,52.0,25.0,25.0,25.0,20.5,25.0,0.4521,0.113024,1.117189,0.113024,0.133694,0.0,0.0,4.488881,0.113024,0.3,low,0.033907,0.0,0.033907,0
2026-07-26T16:07:26.042345,08/27 16:15,26.92,52.0,25.0,25.0,25.0,20.5,25.0,0.4408,0.110211,1.123996,0.110211,0.138225,0.0,0.0,4.507065,0.110211,0.55,high,0.060616,0.0,0.060616,0
2026-07-26T16:07:26.062820,08/27 17:15,25.83,52.0,24.92,24.6,25.0,20.5,25.0,0.4084,0.102108,0.920911,0.102108,0.131701,0.0,0.0,3.722148,0.102108,0.55,high,0.056159,0.0,0.056159,0
2026-07-26T16:07:26.084011,08/27 18:15,24.57,52.0,24.78,24.11,25.0,20.5,25.0,0.3898,0.097438,0.761001,0.097438,0.125319,0.0,0.0,3.077796,0.097438,0.55,high,0.053591,0.0,0.053591,0
2026-07-26T16:07:43.513779,08/27 19:23,23.18,26.0,23.52,22.68,24.23,20.0,26.0,0.3764,0.094094,0.632487,0.094094,0.122241,0.0,0.0,2.545754,0.094094,0.55,high,0.051752,0.0,0.051752,0
2026-07-26T16:07:43.533779,08/27 20:15,22.65,0.0,,,,20.0,26.0,0.3764,0.094094,0.604588,0.094094,0.120363,0.0,0.0,2.428379,0.094094,0.55,high,0.051752,0.0,0.051752,0
2026-07-26T16:07:43.556778,08/27 21:15,22.2,0.0,,,,20.0,26.0,0.0,0.0,0.0,0.0,0.0,0.0,0.0,0.0,0.0,0.4,moderate,0.0,0.0,0.0,0
2026-07-26T16:07:43.571781,08/27 22:15,22.2,0.0,,,,20.0,26.0,0.0,0.0,0.0,0.0,0.0,0.0,0.0,0.0,0.0,0.4,moderate,0.0,0.0,0.0,0
2026-07-26T16:07:43.588778,08/27 23:15,22.07,0.0,,,,20.0,26.0,0.0,0.0,0.0,0.0,0.0,0.0,0.0,0.0,0.0,0.4,moderate,0.0,0.0,0.0,0
2026-07-26T16:07:43.603783,08/28 00:15,21.7,0.0,,,,20.0,26.0,0.0,0.0,0.0,0.0,0.0,0.0,0.0,0.0,0.0,0.34,low,0.0,0.0,0.0,0
2026-07-26T16:08:00.277302,08/28 01:15,21.7,0.0,,,,18.0,28.0,0.0,0.0,0.0,0.0,0.0,0.0,0.0,0.0,0.0,0.34,low,0.0,0.0,0.0,0
2026-07-26T16:08:00.311751,08/28 02:15,21.7,0.0,,,,18.0,28.0,0.0,0.0,0.0,0.0,0.0,0.0,0.0,0.0,0.0,0.34,low,0.0,0.0,0.0,0
2026-07-26T16:08:00.333744,08/28 03:15,21.7,0.0,,,,18.0,28.0,0.0,0.0,0.0,0.0,0.0,0.0,0.0,0.0,0.0,0.34,low,0.0,0.0,0.0,0
2026-07-26T16:08:00.353743,08/28 04:15,21.7,0.0,,,,18.0,28.0,0.0,0.0,0.0,0.0,0.0,0.0,0.0,0.0,0.0,0.34,low,0.0,0.0,0.0,0
2026-07-26T16:08:00.375956,08/28 05:15,21.7,0.0,,,,18.0,28.0,0.0,0.0,0.0,0.0,0.0,0.0,0.0,0.0,0.0,0.34,low,0.0,0.0,0.0,0
2026-07-26T16:08:00.395966,08/28 06:15,21.7,0.0,,,,18.0,28.0,0.0,0.0,0.0,0.0,0.0,0.0,0.0,0.0,0.0,0.43,moderate,0.0,0.0,0.0,0
2026-07-26T16:08:20.193000,08/28 07:15,21.7,0.0,,,,18.0,29.0,0.3764,0.094094,0.561103,0.094094,0.096524,0.0,0.0,2.266347,0.094094,0.43,moderate,0.04046,0.0,0.04046,0
2026-07-26T16:08:20.229737,08/28 08:15,22.1,0.0,,,,18.0,29.0,0.3764,0.094094,0.559819,0.094094,0.092795,0.0,0.0,2.263441,0.094094,0.43,moderate,0.04046,0.0,0.04046,0
2026-07-26T16:08:20.266688,08/28 09:23,23.58,52.0,22.65,21.85,23.3,20.0,26.0,0.3764,0.094094,0.678229,0.094094,0.11394,0.0,0.0,2.764483,0.094094,0.43,moderate,0.04046,0.0,0.04046,0
2026-07-26T16:08:20.298689,08/28 10:23,24.4,52.0,24.32,23.37,25.15,20.0,26.0,0.3764,0.094094,0.686543,0.094094,0.124351,0.0,0.0,2.763146,0.094094,0.3,low,0.028228,0.0,0.028228,0
2026-07-26T16:08:20.327708,08/28 11:15,24.82,52.0,24.86,23.94,25.51,20.0,25.5,0.3811,0.095264,0.754577,0.095264,0.135344,0.0,0.0,3.073463,0.095264,0.3,low,0.028579,0.0,0.028579,0
2026-07-26T16:08:20.353236,08/28 12:15,26.25,41.6,25.12,24.29,25.5,20.0,25.5,0.3837,0.095921,0.817493,0.095921,0.138804,0.0,0.0,3.292642,0.095921,0.3,low,0.028776,0.0,0.028776,0
2026-07-26T16:08:40.479534,08/28 13:15,27.1,20.8,24.74,24.11,25.0,20.5,25.0,0.3925,0.098132,0.893739,0.098132,0.141365,0.0,0.0,3.588104,0.098132,0.3,low,0.02944,0.0,0.02944,0
2026-07-26T16:08:40.502536,08/28 14:15,27.9,41.6,24.97,24.87,25.0,20.5,25.0,0.417,0.104253,1.082028,0.104253,0.147458,0.0,0.0,4.292706,0.104253,0.3,low,0.031276,0.0,0.031276,0
2026-07-26T16:08:40.523545,08/28 15:15,26.55,52.0,25.0,25.0,25.0,20.5,25.0,0.4193,0.104829,1.035522,0.104829,0.141432,0.0,0.0,4.171078,0.104829,0.3,low,0.031449,0.0,0.031449,0
2026-07-26T16:08:40.544070,08/28 16:15,26.1,52.0,24.91,24.72,25.0,20.5,25.0,0.4057,0.101417,0.954774,0.101417,0.138873,0.0,0.0,3.862447,0.101417,0.55,high,0.055779,0.0,0.055779,0
2026-07-26T16:08:40.566067,08/28 17:15,26.1,52.0,24.67,24.11,25.0,20.5,25.0,0.3875,0.096883,0.852598,0.096883,0.138872,0.0,0.0,3.434519,0.096883,0.55,high,0.053286,0.0,0.053286,0
2026-07-26T16:08:40.586066,08/28 18:15,25.83,52.0,24.52,23.78,25.0,20.5,25.0,0.3821,0.09552,0.796904,0.09552,0.136045,0.0,0.0,3.199623,0.09552,0.55,high,0.052536,0.0,0.052536,0
2026-07-26T16:08:58.678365,08/28 19:15,24.57,26.0,23.26,22.39,24.03,20.0,26.0,0.3764,0.094094,0.721167,0.094094,0.133146,0.0,0.0,2.900672,0.094094,0.55,high,0.051752,0.0,0.051752,0
2026-07-26T16:08:58.702361,08/28 20:15,23.18,0.0,,,,20.0,26.0,0.3764,0.094094,0.636345,0.094094,0.124687,0.0,0.0,2.559645,0.094094,0.55,high,0.051752,0.0,0.051752,0
2026-07-26T16:08:58.723359,08/28 21:15,22.65,0.0,,,,20.0,26.0,0.0,0.0,0.0,0.0,0.0,0.0,0.0,0.0,0.0,0.4,moderate,0.0,0.0,0.0,0
2026-07-26T16:08:58.743360,08/28 22:15,22.2,0.0,,,,20.0,26.0,0.0,0.0,0.0,0.0,0.0,0.0,0.0,0.0,0.0,0.4,moderate,0.0,0.0,0.0,0
2026-07-26T16:08:58.765360,08/28 23:15,22.2,0.0,,,,20.0,26.0,0.0,0.0,0.0,0.0,0.0,0.0,0.0,0.0,0.0,0.4,moderate,0.0,0.0,0.0,0
2026-07-26T16:08:58.789359,08/29 00:15,21.92,0.0,,,,20.0,26.0,0.0,0.0,0.0,0.0,0.0,0.0,0.0,0.0,0.0,0.34,low,0.0,0.0,0.0,0
2026-07-26T16:09:16.630777,08/29 01:15,21.1,0.0,,,,18.0,28.0,0.0,0.0,0.0,0.0,0.0,0.0,0.0,0.0,0.0,0.34,low,0.0,0.0,0.0,0
2026-07-26T16:09:16.650776,08/29 02:15,21.1,0.0,,,,18.0,28.0,0.0,0.0,0.0,0.0,0.0,0.0,0.0,0.0,0.0,0.34,low,0.0,0.0,0.0,0
2026-07-26T16:09:16.669776,08/29 03:15,21.1,0.0,,,,18.0,28.0,0.0,0.0,0.0,0.0,0.0,0.0,0.0,0.0,0.0,0.34,low,0.0,0.0,0.0,0
2026-07-26T16:09:16.687776,08/29 04:15,21.1,0.0,,,,18.0,28.0,0.0,0.0,0.0,0.0,0.0,0.0,0.0,0.0,0.0,0.34,low,0.0,0.0,0.0,0
2026-07-26T16:09:16.704783,08/29 05:15,21.1,0.0,,,,18.0,28.0,0.0,0.0,0.0,0.0,0.0,0.0,0.0,0.0,0.0,0.34,low,0.0,0.0,0.0,0
2026-07-26T16:09:16.722778,08/29 06:15,21.25,0.0,,,,18.0,28.0,0.0,0.0,0.0,0.0,0.0,0.0,0.0,0.0,0.0,0.43,moderate,0.0,0.0,0.0,0
2026-07-26T16:09:33.658719,08/29 07:15,21.97,0.0,,,,18.0,29.0,0.3764,0.094094,0.589295,0.094094,0.10085,0.0,0.0,2.39624,0.094094,0.43,moderate,0.04046,0.0,0.04046,0
2026-07-26T16:09:33.682833,08/29 08:15,22.93,0.0,,,,18.0,29.0,0.3764,0.094094,0.606693,0.094094,0.098974,0.0,0.0,2.46081,0.094094,0.43,moderate,0.04046,0.0,0.04046,0
2026-07-26T16:09:33.708054,08/29 09:23,23.88,52.0,22.5,21.62,23.06,20.0,26.0,0.3764,0.094094,0.678806,0.094094,0.113409,0.0,0.0,2.764171,0.094094,0.43,moderate,0.04046,0.0,0.04046,0
2026-07-26T16:09:33.732533,08/29 10:23,25.73,52.0,24.46,23.33,25.13,20.0,26.0,0.3764,0.094094,0.773278,0.094094,0.136013,0.0,0.0,3.109981,0.094094,0.3,low,0.028228,0.0,0.028228,0
2026-07-26T16:09:33.760393,08/29 11:23,26.53,52.0,25.21,24.14,25.5,20.0,25.5,0.3856,0.09641,0.851687,0.09641,0.143168,0.0,0.0,3.44445,0.09641,0.3,low,0.028923,0.0,0.028923,0
2026-07-26T16:09:33.780387,08/29 12:15,27.93,41.6,25.3,24.49,25.5,20.0,25.5,0.3984,0.099604,0.852752,0.099604,0.129751,0.0,0.0,3.398627,0.099604,0.3,low,0.029881,0.0,0.029881,0
2026-07-26T16:09:50.899692,08/29 13:15,28.58,20.8,24.89,24.45,25.0,20.5,25.0,0.4062,0.101551,0.89953,0.101551,0.130597,0.0,0.0,3.560808,0.101551,0.3,low,0.030465,0.0,0.030465,0
2026-07-26T16:09:50.925695,08/29 14:15,29.0,41.6,25.0,25.0,25.0,20.5,25.0,0.4303,0.10757,1.05593,0.10757,0.136055,0.0,0.0,4.15325,0.10757,0.3,low,0.032271,0.0,0.032271,0
2026-07-26T16:09:50.946692,08/29 15:15,27.65,52.0,25.0,25.0,25.0,20.5,25.0,0.4399,0.109969,1.016038,0.109969,0.126749,0.0,0.0,4.070582,0.109969,0.3,low,0.032991,0.0,0.032991,0
2026-07-26T16:09:50.964690,08/29 16:15,27.07,52.0,25.0,25.0,25.0,20.5,25.0,0.437,0.109239,0.936115,0.109239,0.118092,0.0,0.0,3.765902,0.109239,0.55,high,0.060081,0.0,0.060081,0
2026-07-26T16:09:50.983694,08/29 17:15,26.42,52.0,24.9,24.5,25.0,20.5,25.0,0.3998,0.09995,0.761379,0.09995,0.11737,0.0,0.0,3.040263,0.09995,0.55,high,0.054973,0.0,0.054973,0
2026-07-26T16:09:51.003691,08/29 18:15,25.18,52.0,24.65,24.0,25.0,20.5,25.0,0.3867,0.096663,0.62394,0.096663,0.110008,0.0,0.0,2.466577,0.096663,0.55,high,0.053165,0.0,0.053165,0
2026-07-26T16:10:10.343599,08/29 19:15,23.47,26.0,23.4,22.61,24.15,20.0,26.0,0.3764,0.094094,0.462085,0.094094,0.099585,0.0,0.0,1.75202,0.094094,0.55,high,0.051752,0.0,0.051752,0
2026-07-26T16:10:10.371586,08/29 20:15,21.92,0.0,,,,20.0,26.0,0.3764,0.094094,0.406169,0.094094,0.093753,0.0,0.0,1.504711,0.094094,0.55,high,0.051752,0.0,0.051752,0
2026-07-26T16:10:10.398029,08/29 21:15,20.83,0.0,,,,20.0,26.0,0.0,0.0,0.0,0.0,0.0,0.0,0.0,0.0,0.0,0.4,moderate,0.0,0.0,0.0,0
2026-07-26T16:10:10.419028,08/29 22:15,19.57,0.0,,,,20.0,26.0,0.0,0.0,0.0,0.0,0.0,0.0,0.0,0.0,0.0,0.4,moderate,0.0,0.0,0.0,0
2026-07-26T16:10:10.443031,08/29 23:15,18.18,0.0,,,,20.0,26.0,0.0,0.0,0.0,0.0,0.0,0.0,0.0,0.0,0.0,0.4,moderate,0.0,0.0,0.0,0
2026-07-26T16:10:10.467031,08/30 00:15,17.65,0.0,,,,20.0,26.0,0.0,0.0,0.0,0.0,0.0,0.0,0.0,0.0,0.0,0.34,low,0.0,0.0,0.0,0
2026-07-26T16:10:29.208319,08/30 01:15,17.2,0.0,,,,18.0,28.0,0.0,0.0,0.0,0.0,0.0,0.0,0.0,0.0,0.0,0.34,low,0.0,0.0,0.0,0
2026-07-26T16:10:29.231315,08/30 02:15,17.07,0.0,,,,18.0,28.0,0.0,0.0,0.0,0.0,0.0,0.0,0.0,0.0,0.0,0.34,low,0.0,0.0,0.0,0
2026-07-26T16:10:29.252314,08/30 03:15,16.42,0.0,,,,18.0,28.0,0.0,0.0,0.0,0.0,0.0,0.0,0.0,0.0,0.0,0.34,low,0.0,0.0,0.0,0
2026-07-26T16:10:29.271314,08/30 04:15,15.45,0.0,,,,18.0,28.0,0.0,0.0,0.0,0.0,0.0,0.0,0.0,0.0,0.0,0.34,low,0.0,0.0,0.0,0
2026-07-26T16:10:29.292314,08/30 05:15,15.0,0.0,,,,18.0,28.0,0.0,0.0,0.0,0.0,0.0,0.0,0.0,0.0,0.0,0.34,low,0.0,0.0,0.0,0
2026-07-26T16:10:29.312314,08/30 06:23,15.82,0.0,,,,18.0,28.0,0.0,0.0,0.0,0.0,0.0,0.0,0.0,0.0,0.0,0.43,moderate,0.0,0.0,0.0,0
2026-07-26T16:10:46.509040,08/30 07:23,18.73,0.0,,,,18.0,29.0,0.3764,0.094094,0.254217,0.094094,0.050662,0.0,0.0,0.802768,0.094094,0.43,moderate,0.04046,0.0,0.04046,0
2026-07-26T16:10:46.536299,08/30 08:23,20.43,0.0,,,,18.0,29.0,0.3764,0.094094,0.273936,0.094094,0.050192,0.0,0.0,0.891668,0.094094,0.43,moderate,0.04046,0.0,0.04046,0
2026-07-26T16:10:46.571832,08/30 09:23,21.97,52.0,23.36,21.65,25.51,20.0,25.5,0.3808,0.095208,0.321447,0.095208,0.061283,0.0,0.0,1.127048,0.095208,0.43,moderate,0.040939,0.0,0.040939,0
2026-07-26T16:10:46.595370,08/30 10:23,23.08,52.0,24.67,23.13,25.5,20.0,25.5,0.3883,0.097069,0.382642,0.097069,0.075446,0.0,0.0,1.399632,0.097069,0.3,low,0.029121,0.0,0.029121,0
2026-07-26T16:10:46.617913,08/30 11:23,24.17,52.0,25.19,23.96,25.5,20.0,25.5,0.3983,0.099584,0.467591,0.099584,0.087578,0.0,0.0,1.807647,0.099584,0.3,low,0.029875,0.0,0.029875,0
2026-07-26T16:10:46.638211,08/30 12:15,25.27,41.6,25.25,24.28,25.5,20.0,25.5,0.4003,0.100065,0.536459,0.100065,0.091832,0.0,0.0,2.107198,0.100065,0.3,low,0.030019,0.0,0.030019,0
2026-07-26T16:11:04.775216,08/30 13:15,26.53,20.8,24.82,24.09,25.0,20.5,25.0,0.4015,0.100387,0.563987,0.100387,0.093974,0.0,0.0,2.193221,0.100387,0.3,low,0.030116,0.0,0.030116,0
2026-07-26T16:11:04.804212,08/30 14:15,27.8,41.6,24.98,24.88,25.0,20.5,25.0,0.4282,0.107049,0.67777,0.107049,0.093734,0.0,0.0,2.68414,0.107049,0.3,low,0.032115,0.0,0.032115,0
2026-07-26T16:11:04.825213,08/30 15:15,27.8,52.0,25.0,25.0,25.0,20.5,25.0,0.4562,0.114062,0.804342,0.114062,0.094986,0.0,0.0,3.231754,0.114062,0.3,low,0.034219,0.0,0.034219,0
2026-07-26T16:11:04.846223,08/30 16:15,27.65,52.0,25.0,25.0,25.0,20.5,25.0,0.458,0.114494,0.853863,0.114494,0.098793,0.0,0.0,3.431253,0.114494,0.55,high,0.062972,0.0,0.062972,0
2026-07-26T16:11:04.865211,08/30 17:15,26.8,52.0,24.91,24.56,25.0,20.5,25.0,0.4349,0.108721,0.799417,0.108721,0.102057,0.0,0.0,3.205061,0.108721,0.55,high,0.059797,0.0,0.059797,0
2026-07-26T16:11:04.886211,08/30 18:15,25.03,52.0,24.83,24.13,25.0,20.5,25.0,0.4085,0.102115,0.704668,0.102115,0.105145,0.0,0.0,2.827915,0.102115,0.55,high,0.056163,0.0,0.056163,0
2026-07-26T16:11:25.461281,08/30 19:23,23.03,26.0,23.78,22.72,24.36,20.0,26.0,0.3764,0.094094,0.450953,0.094094,0.098092,0.0,0.0,1.707787,0.094094,0.55,high,0.051752,0.0,0.051752,0
2026-07-26T16:11:25.487280,08/30 20:23,21.65,0.0,,,,20.0,26.0,0.3764,0.094094,0.408298,0.094094,0.09372,0.0,0.0,1.515865,0.094094,0.55,high,0.051752,0.0,0.051752,0
2026-07-26T16:11:25.513281,08/30 21:15,20.0,0.0,,,,20.0,26.0,0.0,0.0,0.0,0.0,0.0,0.0,0.0,0.0,0.0,0.4,moderate,0.0,0.0,0.0,0
2026-07-26T16:11:25.533281,08/30 22:15,19.73,0.0,,,,20.0,26.0,0.0,0.0,0.0,0.0,0.0,0.0,0.0,0.0,0.0,0.4,moderate,0.0,0.0,0.0,0
2026-07-26T16:11:25.554279,08/30 23:15,18.9,0.0,,,,20.0,26.0,0.0,0.0,0.0,0.0,0.0,0.0,0.0,0.0,0.0,0.4,moderate,0.0,0.0,0.0,0
2026-07-26T16:11:25.575281,08/31 00:15,18.75,0.0,,,,20.0,26.0,0.0,0.0,0.0,0.0,0.0,0.0,0.0,0.0,0.0,0.34,low,0.0,0.0,0.0,0
2026-07-26T16:11:48.630708,08/31 01:15,18.18,0.0,,,,18.0,28.0,0.0,0.0,0.0,0.0,0.0,0.0,0.0,0.0,0.0,0.34,low,0.0,0.0,0.0,0
2026-07-26T16:11:48.654707,08/31 02:15,17.8,0.0,,,,18.0,28.0,0.0,0.0,0.0,0.0,0.0,0.0,0.0,0.0,0.0,0.34,low,0.0,0.0,0.0,0
2026-07-26T16:11:48.679708,08/31 03:15,17.53,0.0,,,,18.0,28.0,0.0,0.0,0.0,0.0,0.0,0.0,0.0,0.0,0.0,0.34,low,0.0,0.0,0.0,0
2026-07-26T16:11:48.702708,08/31 04:15,16.7,0.0,,,,18.0,28.0,0.0,0.0,0.0,0.0,0.0,0.0,0.0,0.0,0.0,0.34,low,0.0,0.0,0.0,0
2026-07-26T16:11:48.727713,08/31 05:15,16.7,0.0,,,,18.0,28.0,0.0,0.0,0.0,0.0,0.0,0.0,0.0,0.0,0.0,0.34,low,0.0,0.0,0.0,0
2026-07-26T16:11:48.757708,08/31 06:23,17.38,0.0,,,,18.0,28.0,0.0,0.0,0.0,0.0,0.0,0.0,0.0,0.0,0.0,0.43,moderate,0.0,0.0,0.0,0
2026-07-26T16:12:08.622692,08/31 07:20,20.25,0.0,,,,18.0,29.0,0.0,0.0,0.0,0.0,0.0,0.0,0.0,0.0,0.0,0.43,moderate,0.0,0.0,0.0,0
2026-07-26T16:12:08.650237,08/31 08:20,23.2,0.0,,,,18.0,29.0,0.0,0.0,0.0,0.0,0.0,0.0,0.0,0.0,0.0,0.43,moderate,0.0,0.0,0.0,0
2026-07-26T16:12:08.672223,08/31 09:23,25.37,0.0,,,,18.0,29.0,0.0,0.0,0.0,0.0,0.0,0.0,0.0,0.0,0.0,0.43,moderate,0.0,0.0,0.0,0
2026-07-26T16:12:08.695024,08/31 10:15,27.9,0.0,,,,18.0,29.0,0.0,0.0,0.0,0.0,0.0,0.0,0.0,0.0,0.0,0.3,low,0.0,0.0,0.0,0
2026-07-26T16:12:08.719142,08/31 11:23,26.42,0.0,,,,18.0,29.0,0.0,0.0,0.0,0.0,0.0,0.0,0.0,0.0,0.0,0.3,low,0.0,0.0,0.0,0
2026-07-26T16:12:08.741313,08/31 12:15,25.45,0.0,,,,18.0,29.0,0.0,0.0,0.0,0.0,0.0,0.0,0.0,0.0,0.0,0.3,low,0.0,0.0,0.0,0
2026-07-26T16:12:28.179788,08/31 13:15,24.73,0.0,,,,18.0,29.0,0.0,0.0,0.0,0.0,0.0,0.0,0.0,0.0,0.0,0.3,low,0.0,0.0,0.0,0
2026-07-26T16:12:28.201890,08/31 14:15,23.9,0.0,,,,18.0,29.0,0.0,0.0,0.0,0.0,0.0,0.0,0.0,0.0,0.0,0.3,low,0.0,0.0,0.0,0
2026-07-26T16:12:28.222881,08/31 15:15,23.9,0.0,,,,18.0,29.0,0.0,0.0,0.0,0.0,0.0,0.0,0.0,0.0,0.0,0.3,low,0.0,0.0,0.0,0
2026-07-26T16:12:28.250255,08/31 16:15,23.62,0.0,,,,18.0,29.0,0.0,0.0,0.0,0.0,0.0,0.0,0.0,0.0,0.0,0.55,high,0.0,0.0,0.0,0
2026-07-26T16:12:28.277310,08/31 17:15,22.53,0.0,,,,18.0,29.0,0.0,0.0,0.0,0.0,0.0,0.0,0.0,0.0,0.0,0.55,high,0.0,0.0,0.0,0
2026-07-26T16:12:28.301829,08/31 18:15,21.55,0.0,,,,18.0,29.0,0.0,0.0,0.0,0.0,0.0,0.0,0.0,0.0,0.0,0.55,high,0.0,0.0,0.0,0
2026-07-26T16:12:48.926618,08/31 19:15,20.98,0.0,,,,18.0,29.0,0.0,0.0,0.0,0.0,0.0,0.0,0.0,0.0,0.0,0.55,high,0.0,0.0,0.0,0
2026-07-26T16:12:48.957924,08/31 20:15,20.6,0.0,,,,18.0,29.0,0.0,0.0,0.0,0.0,0.0,0.0,0.0,0.0,0.0,0.55,high,0.0,0.0,0.0,0
2026-07-26T16:12:48.991225,08/31 21:15,20.25,0.0,,,,18.0,29.0,0.0,0.0,0.0,0.0,0.0,0.0,0.0,0.0,0.0,0.4,moderate,0.0,0.0,0.0,0
2026-07-26T16:12:49.023218,08/31 22:15,18.82,0.0,,,,18.0,29.0,0.0,0.0,0.0,0.0,0.0,0.0,0.0,0.0,0.0,0.4,moderate,0.0,0.0,0.0,0
2026-07-26T16:12:49.048219,08/31 23:15,17.35,0.0,,,,18.0,29.0,0.0,0.0,0.0,0.0,0.0,0.0,0.0,0.0,0.0,0.4,moderate,0.0,0.0,0.0,0
2026-07-26T16:12:49.072913,09/01 00:15,15.95,0.0,,,,18.0,29.0,0.0,0.0,0.0,0.0,0.0,0.0,0.0,0.0,0.0,0.34,low,0.0,0.0,0.0,0
2026-07-26T16:13:11.015259,09/01 01:15,14.55,0.0,,,,18.0,29.0,0.0,0.0,0.0,0.0,0.0,0.0,0.0,0.0,0.0,0.34,low,0.0,0.0,0.0,0
2026-07-26T16:13:11.040255,09/01 02:15,13.12,0.0,,,,18.0,29.0,0.0,0.0,0.0,0.0,0.0,0.0,0.0,0.0,0.0,0.34,low,0.0,0.0,0.0,0
2026-07-26T16:13:11.064255,09/01 03:15,11.65,0.0,,,,18.0,29.0,0.0,0.0,0.0,0.0,0.0,0.0,0.0,0.0,0.0,0.34,low,0.0,0.0,0.0,0
2026-07-26T16:13:11.086265,09/01 04:15,10.45,0.0,,,,18.0,29.0,0.0,0.0,0.0,0.0,0.0,0.0,0.0,0.0,0.0,0.34,low,0.0,0.0,0.0,0
2026-07-26T16:13:11.109266,09/01 05:15,10.15,0.0,,,,18.0,29.0,0.0,0.0,0.0,0.0,0.0,0.0,0.0,0.0,0.0,0.34,low,0.0,0.0,0.0,0
2026-07-26T16:13:11.132255,09/01 06:23,11.42,0.0,,,,18.0,29.0,0.0,0.0,0.0,0.0,0.0,0.0,0.0,0.0,0.0,0.43,moderate,0.0,0.0,0.0,0
2026-07-26T16:13:33.248338,09/01 07:20,14.6,0.0,,,,18.0,29.0,0.0,0.0,0.0,0.0,0.0,0.0,0.0,0.0,0.0,0.43,moderate,0.0,0.0,0.0,0
2026-07-26T16:13:33.277354,09/01 08:20,17.25,0.0,,,,18.0,29.0,0.0,0.0,0.0,0.0,0.0,0.0,0.0,0.0,0.0,0.43,moderate,0.0,0.0,0.0,0
2026-07-26T16:13:33.300338,09/01 09:23,19.32,0.0,,,,18.0,29.0,0.0,0.0,0.0,0.0,0.0,0.0,0.0,0.0,0.0,0.43,moderate,0.0,0.0,0.0,0
2026-07-26T16:13:33.323339,09/01 10:15,20.88,0.0,,,,18.0,29.0,0.0,0.0,0.0,0.0,0.0,0.0,0.0,0.0,0.0,0.3,low,0.0,0.0,0.0,0
2026-07-26T16:13:33.345337,09/01 11:15,21.97,0.0,,,,18.0,29.0,0.0,0.0,0.0,0.0,0.0,0.0,0.0,0.0,0.0,0.3,low,0.0,0.0,0.0,0
2026-07-26T16:13:33.373338,09/01 12:23,23.08,0.0,,,,18.0,29.0,0.0,0.0,0.0,0.0,0.0,0.0,0.0,0.0,0.0,0.3,low,0.0,0.0,0.0,0
2026-07-26T16:13:51.687164,09/01 13:23,24.17,0.0,,,,18.0,29.0,0.0,0.0,0.0,0.0,0.0,0.0,0.0,0.0,0.0,0.3,low,0.0,0.0,0.0,0
2026-07-26T16:13:51.711206,09/01 14:15,25.0,0.0,,,,18.0,29.0,0.0,0.0,0.0,0.0,0.0,0.0,0.0,0.0,0.0,0.3,low,0.0,0.0,0.0,0
2026-07-26T16:13:51.733014,09/01 15:23,25.15,0.0,,,,18.0,29.0,0.0,0.0,0.0,0.0,0.0,0.0,0.0,0.0,0.0,0.3,low,0.0,0.0,0.0,0
2026-07-26T16:13:51.755053,09/01 16:23,25.3,0.0,,,,18.0,29.0,0.0,0.0,0.0,0.0,0.0,0.0,0.0,0.0,0.0,0.55,high,0.0,0.0,0.0,0
2026-07-26T16:13:51.784036,09/01 17:15,23.85,0.0,,,,18.0,29.0,0.0,0.0,0.0,0.0,0.0,0.0,0.0,0.0,0.0,0.55,high,0.0,0.0,0.0,0
2026-07-26T16:13:51.804440,09/01 18:15,21.65,0.0,,,,18.0,29.0,0.0,0.0,0.0,0.0,0.0,0.0,0.0,0.0,0.0,0.55,high,0.0,0.0,0.0,0
2026-07-26T16:14:10.909854,09/01 19:23,20.0,0.0,,,,18.0,29.0,0.0,0.0,0.0,0.0,0.0,0.0,0.0,0.0,0.0,0.55,high,0.0,0.0,0.0,0
2026-07-26T16:14:10.938914,09/01 20:23,19.85,0.0,,,,18.0,29.0,0.0,0.0,0.0,0.0,0.0,0.0,0.0,0.0,0.0,0.55,high,0.0,0.0,0.0,0
2026-07-26T16:14:10.966821,09/01 21:15,19.4,0.0,,,,18.0,29.0,0.0,0.0,0.0,0.0,0.0,0.0,0.0,0.0,0.0,0.4,moderate,0.0,0.0,0.0,0
2026-07-26T16:14:10.988828,09/01 22:15,19.4,0.0,,,,18.0,29.0,0.0,0.0,0.0,0.0,0.0,0.0,0.0,0.0,0.0,0.4,moderate,0.0,0.0,0.0,0
2026-07-26T16:14:11.007820,09/01 23:15,19.0,0.0,,,,18.0,29.0,0.0,0.0,0.0,0.0,0.0,0.0,0.0,0.0,0.0,0.4,moderate,0.0,0.0,0.0,0
2026-07-26T16:14:11.029819,09/02 00:15,17.25,0.0,,,,18.0,29.0,0.0,0.0,0.0,0.0,0.0,0.0,0.0,0.0,0.0,0.34,low,0.0,0.0,0.0,0
2026-07-26T16:14:30.212302,09/02 01:15,15.45,0.0,,,,18.0,29.0,0.0,0.0,0.0,0.0,0.0,0.0,0.0,0.0,0.0,0.34,low,0.0,0.0,0.0,0
2026-07-26T16:14:30.237300,09/02 02:15,15.15,0.0,,,,18.0,29.0,0.0,0.0,0.0,0.0,0.0,0.0,0.0,0.0,0.0,0.34,low,0.0,0.0,0.0,0
2026-07-26T16:14:30.264300,09/02 03:15,15.72,0.0,,,,18.0,29.0,0.0,0.0,0.0,0.0,0.0,0.0,0.0,0.0,0.0,0.34,low,0.0,0.0,0.0,0
2026-07-26T16:14:30.291301,09/02 04:15,15.83,0.0,,,,18.0,29.0,0.0,0.0,0.0,0.0,0.0,0.0,0.0,0.0,0.0,0.34,low,0.0,0.0,0.0,0
2026-07-26T16:14:30.315434,09/02 05:15,15.0,0.0,,,,18.0,29.0,0.0,0.0,0.0,0.0,0.0,0.0,0.0,0.0,0.0,0.34,low,0.0,0.0,0.0,0
2026-07-26T16:14:30.339434,09/02 06:15,15.43,0.0,,,,18.0,29.0,0.0,0.0,0.0,0.0,0.0,0.0,0.0,0.0,0.0,0.43,moderate,0.0,0.0,0.0,0
2026-07-26T16:14:49.452181,09/02 07:15,16.7,0.0,,,,18.0,29.0,0.3764,0.094094,0.243689,0.094094,0.048987,0.0,0.0,0.747958,0.094094,0.43,moderate,0.04046,0.0,0.04046,0
2026-07-26T16:14:49.482199,09/02 08:15,17.1,0.0,,,,18.0,29.0,0.3764,0.094094,0.244513,0.094094,0.046235,0.0,0.0,0.748039,0.094094,0.43,moderate,0.04046,0.0,0.04046,0
2026-07-26T16:14:49.514189,09/02 09:23,18.3,52.0,22.68,21.48,23.49,20.5,26.0,0.3764,0.094094,0.252029,0.094094,0.05222,0.0,0.0,0.770174,0.094094,0.43,moderate,0.04046,0.0,0.04046,0
2026-07-26T16:14:49.581409,09/02 10:23,18.58,52.0,24.22,22.91,24.94,20.5,26.0,0.3764,0.094094,0.235791,0.094094,0.06241,0.0,0.0,0.672031,0.094094,0.3,low,0.028228,0.0,0.028228,0
2026-07-26T16:14:49.640387,09/02 11:15,19.55,52.0,24.83,23.48,25.38,20.5,26.0,0.3764,0.094094,0.277238,0.094094,0.076788,0.0,0.0,0.887605,0.094094,0.3,low,0.028228,0.0,0.028228,0
2026-07-26T16:14:49.677372,09/02 12:15,20.15,41.6,25.01,23.71,25.54,20.5,26.0,0.3764,0.094094,0.292599,0.094094,0.080027,0.0,0.0,0.960633,0.094094,0.3,low,0.028228,0.0,0.028228,0
2026-07-26T16:15:11.501524,09/02 13:15,20.3,20.8,24.72,23.55,25.35,20.5,25.5,0.3764,0.094094,0.294853,0.094094,0.07987,0.0,0.0,0.967917,0.094094,0.3,low,0.028228,0.0,0.028228,0
2026-07-26T16:15:11.536523,09/02 14:15,19.55,41.6,25.09,24.26,25.5,20.5,25.5,0.3825,0.095614,0.294382,0.095614,0.075846,0.0,0.0,0.975824,0.095614,0.3,low,0.028684,0.0,0.028684,0
2026-07-26T16:15:11.561523,09/02 15:15,19.85,52.0,25.25,24.56,25.5,20.5,25.5,0.3935,0.098367,0.361295,0.098367,0.077943,0.0,0.0,1.321488,0.098367,0.3,low,0.02951,0.0,0.02951,0
2026-07-26T16:15:11.588523,09/02 16:15,19.27,52.0,25.22,24.18,25.5,20.5,25.5,0.395,0.098747,0.363658,0.098747,0.076865,0.0,0.0,1.33901,0.098747,0.55,high,0.054311,0.0,0.054311,0
2026-07-26T16:15:11.610524,09/02 17:15,18.47,52.0,25.01,23.65,25.5,20.5,25.5,0.3893,0.09732,0.314483,0.09732,0.078161,0.0,0.0,1.077123,0.09732,0.55,high,0.053526,0.0,0.053526,0
2026-07-26T16:15:11.635522,09/02 18:15,16.8,52.0,24.84,23.24,25.5,20.5,25.5,0.3786,0.094655,0.244168,0.094655,0.073581,0.0,0.0,0.702745,0.094655,0.55,high,0.05206,0.0,0.05206,0
2026-07-26T16:15:36.197973,09/02 19:23,15.6,26.0,23.07,21.83,24.13,20.0,26.0,0.3764,0.094094,0.205197,0.094094,0.069927,0.0,0.0,0.507931,0.094094,0.55,high,0.051752,0.0,0.051752,0
2026-07-26T16:15:36.225015,09/02 20:23,15.02,0.0,,,,20.0,26.0,0.3764,0.094094,0.198193,0.094094,0.064439,0.0,0.0,0.48179,0.094094,0.55,high,0.051752,0.0,0.051752,0
2026-07-26T16:15:36.248023,09/02 21:15,13.3,0.0,,,,20.0,26.0,0.0,0.0,0.0,0.0,0.0,0.0,0.0,0.0,0.0,0.4,moderate,0.0,0.0,0.0,0
2026-07-26T16:15:36.269011,09/02 22:15,13.03,0.0,,,,20.0,26.0,0.0,0.0,0.0,0.0,0.0,0.0,0.0,0.0,0.0,0.4,moderate,0.0,0.0,0.0,0
2026-07-26T16:15:36.292005,09/02 23:15,11.8,0.0,,,,20.0,26.0,0.0,0.0,0.0,0.0,0.0,0.0,0.0,0.0,0.0,0.4,moderate,0.0,0.0,0.0,0
2026-07-26T16:15:36.313002,09/03 00:15,10.6,0.0,,,,20.0,26.0,0.0,0.0,0.0,0.0,0.0,0.0,0.0,0.0,0.0,0.34,low,0.0,0.0,0.0,0
2026-07-26T16:15:54.102879,09/03 01:15,10.45,0.0,,,,18.0,28.0,0.0,0.0,0.0,0.0,0.0,0.0,0.0,0.0,0.0,0.34,low,0.0,0.0,0.0,0
2026-07-26T16:15:54.125882,09/03 02:15,10.0,0.0,,,,18.0,28.0,0.0,0.0,0.0,0.0,0.0,0.0,0.0,0.0,0.0,0.34,low,0.0,0.0,0.0,0
2026-07-26T16:15:54.146877,09/03 03:15,9.85,0.0,,,,18.0,28.0,0.0,0.0,0.0,0.0,0.0,0.0,0.0,0.0,0.0,0.34,low,0.0,0.0,0.0,0
2026-07-26T16:15:54.167877,09/03 04:15,9.4,0.0,,,,18.0,28.0,0.0,0.0,0.0,0.0,0.0,0.0,0.0,0.0,0.0,0.34,low,0.0,0.0,0.0,0
2026-07-26T16:15:54.188877,09/03 05:15,9.4,0.0,,,,18.0,28.0,0.0,0.0,0.0,0.0,0.0,0.0,0.0,0.0,0.0,0.34,low,0.0,0.0,0.0,0
2026-07-26T16:15:54.215876,09/03 06:23,10.8,0.0,,,,18.0,28.0,0.0,0.0,0.0,0.0,0.0,0.0,0.0,0.0,0.0,0.43,moderate,0.0,0.0,0.0,0
2026-07-26T16:16:11.349275,09/03 07:23,15.82,0.0,,,,18.0,29.0,0.3764,0.094094,0.17885,0.094094,0.033738,0.0,0.0,0.453052,0.094094,0.43,moderate,0.04046,0.0,0.04046,0
2026-07-26T16:16:11.377274,09/03 08:23,18.73,0.0,,,,18.0,29.0,0.3764,0.094094,0.226018,0.094094,0.038169,0.0,0.0,0.655342,0.094094,0.43,moderate,0.04046,0.0,0.04046,0
2026-07-26T16:16:11.409275,09/03 09:23,20.27,52.0,23.07,21.25,25.77,20.5,26.0,0.3764,0.094094,0.253658,0.094094,0.052367,0.0,0.0,0.774888,0.094094,0.43,moderate,0.04046,0.0,0.04046,0
2026-07-26T16:16:11.435274,09/03 10:23,21.25,52.0,24.41,22.83,25.5,20.5,25.5,0.3873,0.096821,0.311224,0.096821,0.065049,0.0,0.0,1.061174,0.096821,0.3,low,0.029046,0.0,0.029046,0
2026-07-26T16:16:11.459274,09/03 11:23,21.7,52.0,25.07,23.65,25.5,20.5,25.5,0.389,0.097247,0.339617,0.097247,0.078153,0.0,0.0,1.191858,0.097247,0.3,low,0.029174,0.0,0.029174,0
2026-07-26T16:16:11.482274,09/03 12:23,21.82,41.6,25.19,23.96,25.5,20.5,25.5,0.3908,0.097712,0.356295,0.097712,0.085213,0.0,0.0,1.272773,0.097712,0.3,low,0.029314,0.0,0.029314,0
2026-07-26T16:16:28.347345,09/03 13:15,22.2,20.8,24.75,23.78,25.0,20.5,25.0,0.3926,0.098149,0.378855,0.098149,0.093106,0.0,0.0,1.367626,0.098149,0.3,low,0.029445,0.0,0.029445,0
2026-07-26T16:16:28.385345,09/03 14:15,22.07,41.6,24.91,24.54,25.0,20.5,25.0,0.4122,0.103041,0.448799,0.103041,0.088643,0.0,0.0,1.72596,0.103041,0.3,low,0.030912,0.0,0.030912,0
2026-07-26T16:16:28.429166,09/03 15:15,21.55,52.0,24.99,24.97,25.0,20.5,25.0,0.4304,0.107593,0.497012,0.107593,0.084806,0.0,0.0,1.974777,0.107593,0.3,low,0.032278,0.0,0.032278,0
2026-07-26T16:16:28.462643,09/03 16:15,20.98,52.0,24.92,24.6,25.0,20.5,25.0,0.4298,0.107457,0.489146,0.107457,0.084485,0.0,0.0,1.935127,0.107457,0.55,high,0.059101,0.0,0.059101,0
2026-07-26T16:16:28.491643,09/03 17:15,19.9,52.0,24.8,24.0,25.0,20.5,25.0,0.4042,0.101046,0.40399,0.101046,0.08454,0.0,0.0,1.513189,0.101046,0.55,high,0.055575,0.0,0.055575,0
2026-07-26T16:16:28.510692,09/03 18:15,17.53,52.0,24.61,23.46,25.0,20.5,25.0,0.3856,0.096391,0.285965,0.096391,0.079233,0.0,0.0,0.919484,0.096391,0.55,high,0.053015,0.0,0.053015,0
2026-07-26T16:16:45.654427,09/03 19:23,16.7,26.0,23.05,21.98,24.1,20.0,26.0,0.3764,0.094094,0.223042,0.094094,0.076122,0.0,0.0,0.599912,0.094094,0.55,high,0.051752,0.0,0.051752,0
2026-07-26T16:16:45.679672,09/03 20:23,16.27,0.0,,,,20.0,26.0,0.3764,0.094094,0.214444,0.094094,0.061412,0.0,0.0,0.573544,0.094094,0.55,high,0.051752,0.0,0.051752,0
2026-07-26T16:16:45.701601,09/03 21:15,15.28,0.0,,,,20.0,26.0,0.0,0.0,0.0,0.0,0.0,0.0,0.0,0.0,0.0,0.4,moderate,0.0,0.0,0.0,0
2026-07-26T16:16:45.721252,09/03 22:15,15.4,0.0,,,,20.0,26.0,0.0,0.0,0.0,0.0,0.0,0.0,0.0,0.0,0.0,0.4,moderate,0.0,0.0,0.0,0
2026-07-26T16:16:45.741243,09/03 23:15,13.03,0.0,,,,20.0,26.0,0.0,0.0,0.0,0.0,0.0,0.0,0.0,0.0,0.0,0.4,moderate,0.0,0.0,0.0,0
2026-07-26T16:16:45.760243,09/04 00:15,12.2,0.0,,,,20.0,26.0,0.0,0.0,0.0,0.0,0.0,0.0,0.0,0.0,0.0,0.34,low,0.0,0.0,0.0,0
2026-07-26T16:17:02.554852,09/04 01:15,12.35,0.0,,,,18.0,28.0,0.0,0.0,0.0,0.0,0.0,0.0,0.0,0.0,0.0,0.34,low,0.0,0.0,0.0,0
2026-07-26T16:17:02.577839,09/04 02:15,13.08,0.0,,,,18.0,28.0,0.0,0.0,0.0,0.0,0.0,0.0,0.0,0.0,0.0,0.34,low,0.0,0.0,0.0,0
2026-07-26T16:17:02.595840,09/04 03:15,13.75,0.0,,,,18.0,28.0,0.0,0.0,0.0,0.0,0.0,0.0,0.0,0.0,0.0,0.34,low,0.0,0.0,0.0,0
2026-07-26T16:17:02.613851,09/04 04:15,13.03,0.0,,,,18.0,28.0,0.0,0.0,0.0,0.0,0.0,0.0,0.0,0.0,0.0,0.34,low,0.0,0.0,0.0,0
2026-07-26T16:17:02.630838,09/04 05:15,12.47,0.0,,,,18.0,28.0,0.0,0.0,0.0,0.0,0.0,0.0,0.0,0.0,0.0,0.34,low,0.0,0.0,0.0,0
2026-07-26T16:17:02.648838,09/04 06:23,13.88,0.0,,,,18.0,28.0,0.0,0.0,0.0,0.0,0.0,0.0,0.0,0.0,0.0,0.43,moderate,0.0,0.0,0.0,0
2026-07-26T16:17:19.634679,09/04 07:23,16.27,0.0,,,,18.0,29.0,0.3764,0.094094,0.177533,0.094094,0.031388,0.0,0.0,0.403655,0.094094,0.43,moderate,0.04046,0.0,0.04046,0
2026-07-26T16:17:19.660030,09/04 08:23,19.0,0.0,,,,18.0,29.0,0.3764,0.094094,0.21956,0.094094,0.037338,0.0,0.0,0.622814,0.094094,0.43,moderate,0.04046,0.0,0.04046,0
2026-07-26T16:17:19.687935,09/04 09:23,21.53,52.0,23.15,21.34,25.52,20.5,25.5,0.3823,0.095584,0.297083,0.095584,0.053112,0.0,0.0,1.019484,0.095584,0.43,moderate,0.041101,0.0,0.041101,0
2026-07-26T16:17:19.716253,09/04 10:23,23.2,52.0,24.54,22.94,25.5,20.5,25.5,0.3899,0.097476,0.383538,0.097476,0.071722,0.0,0.0,1.407859,0.097476,0.3,low,0.029243,0.0,0.029243,0
2026-07-26T16:17:19.741248,09/04 11:23,24.82,52.0,25.15,23.81,25.5,20.5,25.5,0.3963,0.099076,0.49124,0.099076,0.090069,0.0,0.0,1.908709,0.099076,0.3,low,0.029723,0.0,0.029723,0
2026-07-26T16:17:19.765252,09/04 12:23,26.38,41.6,25.24,24.21,25.5,20.5,25.5,0.4026,0.100654,0.616502,0.100654,0.099678,0.0,0.0,2.449703,0.100654,0.3,low,0.030196,0.0,0.030196,0
2026-07-26T16:17:39.115431,09/04 13:15,27.47,20.8,24.82,24.12,25.0,20.5,25.0,0.4059,0.101473,0.638237,0.101473,0.099511,0.0,0.0,2.501468,0.101473,0.3,low,0.030442,0.0,0.030442,0
2026-07-26T16:17:39.140431,09/04 14:15,28.45,41.6,24.99,24.93,25.0,20.5,25.0,0.4331,0.108266,0.853598,0.108266,0.110948,0.0,0.0,3.404163,0.108266,0.3,low,0.03248,0.0,0.03248,0
2026-07-26T16:17:39.168441,09/04 15:15,28.62,52.0,25.0,25.0,25.0,20.5,25.0,0.4642,0.116049,0.967237,0.116049,0.108762,0.0,0.0,3.853116,0.116049,0.3,low,0.034815,0.0,0.034815,0
2026-07-26T16:17:39.191431,09/04 16:15,27.38,52.0,25.0,25.0,25.0,20.5,25.0,0.4631,0.115777,0.940209,0.115777,0.106661,0.0,0.0,3.777063,0.115777,0.55,high,0.063677,0.0,0.063677,0
2026-07-26T16:17:39.210437,09/04 17:15,25.83,52.0,24.9,24.5,25.0,20.5,25.0,0.4317,0.107931,0.777996,0.107931,0.102073,0.0,0.0,3.141949,0.107931,0.55,high,0.059362,0.0,0.059362,0
2026-07-26T16:17:39.231431,09/04 18:15,24.3,52.0,24.81,24.04,25.0,20.5,25.0,0.4029,0.100723,0.607536,0.100723,0.097162,0.0,0.0,2.406461,0.100723,0.55,high,0.055398,0.0,0.055398,0
2026-07-26T16:17:58.776902,09/04 19:23,21.92,26.0,23.64,22.6,24.3,20.0,26.0,0.3764,0.094094,0.398811,0.094094,0.091882,0.0,0.0,1.469164,0.094094,0.55,high,0.051752,0.0,0.051752,0
2026-07-26T16:17:58.804911,09/04 20:23,21.1,0.0,,,,20.0,26.0,0.3764,0.094094,0.401581,0.094094,0.093526,0.0,0.0,1.4962,0.094094,0.55,high,0.051752,0.0,0.051752,0
2026-07-26T16:17:58.831524,09/04 21:15,21.25,0.0,,,,20.0,26.0,0.0,0.0,0.0,0.0,0.0,0.0,0.0,0.0,0.0,0.4,moderate,0.0,0.0,0.0,0
2026-07-26T16:17:58.854958,09/04 22:15,21.12,0.0,,,,20.0,26.0,0.0,0.0,0.0,0.0,0.0,0.0,0.0,0.0,0.0,0.4,moderate,0.0,0.0,0.0,0
2026-07-26T16:17:58.881196,09/04 23:15,19.4,0.0,,,,20.0,26.0,0.0,0.0,0.0,0.0,0.0,0.0,0.0,0.0,0.0,0.4,moderate,0.0,0.0,0.0,0
2026-07-26T16:17:58.904727,09/05 00:15,19.4,0.0,,,,20.0,26.0,0.0,0.0,0.0,0.0,0.0,0.0,0.0,0.0,0.0,0.34,low,0.0,0.0,0.0,0
2026-07-26T16:18:19.467189,09/05 01:15,19.27,0.0,,,,18.0,28.0,0.0,0.0,0.0,0.0,0.0,0.0,0.0,0.0,0.0,0.34,low,0.0,0.0,0.0,0
2026-07-26T16:18:19.491351,09/05 02:15,18.62,0.0,,,,18.0,28.0,0.0,0.0,0.0,0.0,0.0,0.0,0.0,0.0,0.0,0.34,low,0.0,0.0,0.0,0
2026-07-26T16:18:19.515673,09/05 03:15,17.38,0.0,,,,18.0,28.0,0.0,0.0,0.0,0.0,0.0,0.0,0.0,0.0,0.0,0.34,low,0.0,0.0,0.0,0
2026-07-26T16:18:19.536228,09/05 04:15,15.83,0.0,,,,18.0,28.0,0.0,0.0,0.0,0.0,0.0,0.0,0.0,0.0,0.0,0.34,low,0.0,0.0,0.0,0
2026-07-26T16:18:19.557219,09/05 05:15,14.85,0.0,,,,18.0,28.0,0.0,0.0,0.0,0.0,0.0,0.0,0.0,0.0,0.0,0.34,low,0.0,0.0,0.0,0
2026-07-26T16:18:19.579566,09/05 06:15,15.38,0.0,,,,18.0,28.0,0.0,0.0,0.0,0.0,0.0,0.0,0.0,0.0,0.0,0.43,moderate,0.0,0.0,0.0,0
2026-07-26T16:18:39.032426,09/05 07:23,19.15,0.0,,,,18.0,29.0,0.3764,0.094094,0.294005,0.094094,0.05639,0.0,0.0,1.010805,0.094094,0.43,moderate,0.04046,0.0,0.04046,0
2026-07-26T16:18:39.060938,09/05 08:23,22.38,0.0,,,,18.0,29.0,0.3764,0.094094,0.361189,0.094094,0.061779,0.0,0.0,1.323244,0.094094,0.43,moderate,0.04046,0.0,0.04046,0
2026-07-26T16:18:39.089943,09/05 09:23,24.97,52.0,23.48,21.79,25.52,20.0,25.5,0.3827,0.095669,0.451061,0.095669,0.076491,0.0,0.0,1.731271,0.095669,0.43,moderate,0.041138,0.0,0.041138,0
2026-07-26T16:18:39.116938,09/05 10:23,27.1,52.0,24.88,23.41,25.5,20.0,25.5,0.3926,0.098159,0.570523,0.098159,0.095996,0.0,0.0,2.226865,0.098159,0.3,low,0.029448,0.0,0.029448,0
2026-07-26T16:18:39.141934,09/05 11:23,28.58,52.0,25.26,24.28,25.5,20.0,25.5,0.4161,0.104015,0.748714,0.104015,0.10811,0.0,0.0,2.969192,0.104015,0.3,low,0.031204,0.0,0.031204,0
2026-07-26T16:18:39.167752,09/05 12:15,29.7,41.6,25.33,24.66,25.5,20.0,25.5,0.4185,0.10462,0.759165,0.10462,0.104247,0.0,0.0,2.979375,0.10462,0.3,low,0.031386,0.0,0.031386,0
2026-07-26T16:18:56.447477,09/05 13:15,30.73,20.8,24.92,24.6,25.0,20.5,25.0,0.4219,0.105481,0.779511,0.105481,0.104406,0.0,0.0,3.012554,0.105481,0.3,low,0.031644,0.0,0.031644,0
2026-07-26T16:18:56.472475,09/05 14:15,30.98,41.6,25.0,25.0,25.0,20.5,25.0,0.4569,0.114237,0.857929,0.114237,0.098999,0.0,0.0,3.337311,0.114237,0.3,low,0.034271,0.0,0.034271,0
2026-07-26T16:18:56.493476,09/05 15:15,30.18,52.0,25.0,25.0,25.0,20.5,25.0,0.4845,0.121117,0.992053,0.121117,0.102849,0.0,0.0,3.888621,0.121117,0.3,low,0.036335,0.0,0.036335,0
2026-07-26T16:18:56.519475,09/05 16:15,28.47,52.0,25.0,25.0,25.0,20.5,25.0,0.4708,0.11771,0.943661,0.11771,0.103113,0.0,0.0,3.749721,0.11771,0.55,high,0.064741,0.0,0.064741,0
2026-07-26T16:18:56.539475,09/05 17:15,26.65,52.0,24.93,24.64,25.0,20.5,25.0,0.4294,0.107346,0.724387,0.107346,0.095842,0.0,0.0,2.883068,0.107346,0.55,high,0.05904,0.0,0.05904,0
2026-07-26T16:18:56.557475,09/05 18:15,24.45,52.0,24.82,24.12,25.0,20.5,25.0,0.3991,0.099773,0.52808,0.099773,0.089793,0.0,0.0,2.042562,0.099773,0.55,high,0.054875,0.0,0.054875,0
2026-07-26T16:19:16.299624,09/05 19:23,22.65,26.0,23.64,22.68,24.31,20.0,26.0,0.3764,0.094094,0.390697,0.094094,0.090617,0.0,0.0,1.42751,0.094094,0.55,high,0.051752,0.0,0.051752,0
2026-07-26T16:19:16.330614,09/05 20:23,21.92,0.0,,,,20.0,26.0,0.3764,0.094094,0.360392,0.094094,0.087545,0.0,0.0,1.282589,0.094094,0.55,high,0.051752,0.0,0.051752,0
2026-07-26T16:19:16.354615,09/05 21:15,21.1,0.0,,,,20.0,26.0,0.0,0.0,0.0,0.0,0.0,0.0,0.0,0.0,0.0,0.4,moderate,0.0,0.0,0.0,0
2026-07-26T16:19:16.371614,09/05 22:15,20.83,0.0,,,,20.0,26.0,0.0,0.0,0.0,0.0,0.0,0.0,0.0,0.0,0.0,0.4,moderate,0.0,0.0,0.0,0
2026-07-26T16:19:16.390622,09/05 23:15,19.57,0.0,,,,20.0,26.0,0.0,0.0,0.0,0.0,0.0,0.0,0.0,0.0,0.0,0.4,moderate,0.0,0.0,0.0,0
2026-07-26T16:19:16.409615,09/06 00:15,18.3,0.0,,,,20.0,26.0,0.0,0.0,0.0,0.0,0.0,0.0,0.0,0.0,0.0,0.34,low,0.0,0.0,0.0,0
2026-07-26T16:19:34.453662,09/06 01:15,18.45,0.0,,,,18.0,28.0,0.0,0.0,0.0,0.0,0.0,0.0,0.0,0.0,0.0,0.34,low,0.0,0.0,0.0,0
2026-07-26T16:19:34.478665,09/06 02:15,18.62,0.0,,,,18.0,28.0,0.0,0.0,0.0,0.0,0.0,0.0,0.0,0.0,0.0,0.34,low,0.0,0.0,0.0,0
2026-07-26T16:19:34.509662,09/06 03:15,17.93,0.0,,,,18.0,28.0,0.0,0.0,0.0,0.0,0.0,0.0,0.0,0.0,0.0,0.34,low,0.0,0.0,0.0,0
2026-07-26T16:19:34.530662,09/06 04:15,18.18,0.0,,,,18.0,28.0,0.0,0.0,0.0,0.0,0.0,0.0,0.0,0.0,0.0,0.34,low,0.0,0.0,0.0,0
2026-07-26T16:19:34.549662,09/06 05:15,17.8,0.0,,,,18.0,28.0,0.0,0.0,0.0,0.0,0.0,0.0,0.0,0.0,0.0,0.34,low,0.0,0.0,0.0,0
2026-07-26T16:19:34.572663,09/06 06:23,18.35,0.0,,,,18.0,28.0,0.0,0.0,0.0,0.0,0.0,0.0,0.0,0.0,0.0,0.43,moderate,0.0,0.0,0.0,0
2026-07-26T16:19:57.448263,09/06 07:23,20.55,0.0,,,,18.0,29.0,0.3764,0.094094,0.35987,0.094094,0.065263,0.0,0.0,1.327842,0.094094,0.43,moderate,0.04046,0.0,0.04046,0
2026-07-26T16:19:57.501765,09/06 08:23,22.9,0.0,,,,18.0,29.0,0.3764,0.094094,0.419899,0.094094,0.070665,0.0,0.0,1.601808,0.094094,0.43,moderate,0.04046,0.0,0.04046,0
2026-07-26T16:19:57.546648,09/06 09:23,25.7,52.0,23.56,21.83,25.5,20.0,25.5,0.3845,0.096133,0.508928,0.096133,0.084016,0.0,0.0,1.979885,0.096133,0.43,moderate,0.041337,0.0,0.041337,0
2026-07-26T16:19:57.610438,09/06 10:23,28.35,52.0,24.9,23.41,25.5,20.0,25.5,0.3941,0.098531,0.6471,0.098531,0.104059,0.0,0.0,2.543323,0.098531,0.3,low,0.029559,0.0,0.029559,0
2026-07-26T16:19:57.659785,09/06 11:23,29.85,52.0,25.26,24.31,25.5,20.0,25.5,0.419,0.104753,0.869779,0.104753,0.118602,0.0,0.0,3.412061,0.104753,0.3,low,0.031426,0.0,0.031426,0
2026-07-26T16:19:57.696504,09/06 12:15,29.12,41.6,25.34,24.73,25.5,20.0,25.5,0.4188,0.104709,0.879962,0.104709,0.117979,0.0,0.0,3.466405,0.104709,0.3,low,0.031413,0.0,0.031413,0
2026-07-26T16:20:18.380468,09/06 13:15,28.45,20.8,24.9,24.5,25.0,20.5,25.0,0.4141,0.103529,0.866064,0.103529,0.121348,0.0,0.0,3.428753,0.103529,0.3,low,0.031059,0.0,0.031059,0
2026-07-26T16:20:18.411482,09/06 14:15,28.2,41.6,25.0,25.0,25.0,20.5,25.0,0.4368,0.109199,0.87932,0.109199,0.111807,0.0,0.0,3.482507,0.109199,0.3,low,0.03276,0.0,0.03276,0
2026-07-26T16:20:18.442173,09/06 15:15,26.25,52.0,25.0,25.0,25.0,20.5,25.0,0.4293,0.107333,0.853617,0.107333,0.113311,0.0,0.0,3.46359,0.107333,0.3,low,0.0322,0.0,0.0322,0
2026-07-26T16:20:18.469128,09/06 16:15,26.42,52.0,25.0,25.0,25.0,20.5,25.0,0.421,0.105262,0.824919,0.105262,0.112069,0.0,0.0,3.326613,0.105262,0.55,high,0.057894,0.0,0.057894,0
2026-07-26T16:20:18.497936,09/06 17:15,25.3,52.0,24.89,24.46,25.0,20.5,25.0,0.3999,0.099979,0.81967,0.099979,0.125112,0.0,0.0,3.316639,0.099979,0.55,high,0.054988,0.0,0.054988,0
2026-07-26T16:20:18.525517,09/06 18:15,24.12,52.0,24.68,23.96,25.0,20.5,25.0,0.3869,0.096726,0.685347,0.096726,0.118377,0.0,0.0,2.761899,0.096726,0.55,high,0.053199,0.0,0.053199,0
2026-07-26T16:20:42.185694,09/06 19:15,22.9,26.0,23.42,22.6,24.18,20.0,26.0,0.3764,0.094094,0.583818,0.094094,0.115809,0.0,0.0,2.326554,0.094094,0.55,high,0.051752,0.0,0.051752,0
2026-07-26T16:20:42.218267,09/06 20:15,21.7,0.0,,,,20.0,26.0,0.3764,0.094094,0.538852,0.094094,0.112052,0.0,0.0,2.142211,0.094094,0.55,high,0.051752,0.0,0.051752,0
2026-07-26T16:20:42.246878,09/06 21:15,21.82,0.0,,,,20.0,26.0,0.0,0.0,0.0,0.0,0.0,0.0,0.0,0.0,0.0,0.4,moderate,0.0,0.0,0.0,0
2026-07-26T16:20:42.271657,09/06 22:15,22.07,0.0,,,,20.0,26.0,0.0,0.0,0.0,0.0,0.0,0.0,0.0,0.0,0.0,0.4,moderate,0.0,0.0,0.0,0
2026-07-26T16:20:42.294723,09/06 23:15,21.7,0.0,,,,20.0,26.0,0.0,0.0,0.0,0.0,0.0,0.0,0.0,0.0,0.0,0.4,moderate,0.0,0.0,0.0,0
2026-07-26T16:20:42.319283,09/07 00:15,21.55,0.0,,,,20.0,26.0,0.0,0.0,0.0,0.0,0.0,0.0,0.0,0.0,0.0,0.34,low,0.0,0.0,0.0,0
2026-07-26T16:21:07.254617,09/07 01:15,20.83,0.0,,,,18.0,28.0,0.0,0.0,0.0,0.0,0.0,0.0,0.0,0.0,0.0,0.34,low,0.0,0.0,0.0,0
2026-07-26T16:21:07.295261,09/07 02:15,19.85,0.0,,,,18.0,28.0,0.0,0.0,0.0,0.0,0.0,0.0,0.0,0.0,0.0,0.34,low,0.0,0.0,0.0,0
2026-07-26T16:21:07.330369,09/07 03:15,19.27,0.0,,,,18.0,28.0,0.0,0.0,0.0,0.0,0.0,0.0,0.0,0.0,0.0,0.34,low,0.0,0.0,0.0,0
2026-07-26T16:21:07.360981,09/07 04:15,19.02,0.0,,,,18.0,28.0,0.0,0.0,0.0,0.0,0.0,0.0,0.0,0.0,0.0,0.34,low,0.0,0.0,0.0,0
2026-07-26T16:21:07.391170,09/07 05:15,19.55,0.0,,,,18.0,28.0,0.0,0.0,0.0,0.0,0.0,0.0,0.0,0.0,0.0,0.34,low,0.0,0.0,0.0,0
2026-07-26T16:21:07.431520,09/07 06:15,20.15,0.0,,,,18.0,28.0,0.0,0.0,0.0,0.0,0.0,0.0,0.0,0.0,0.0,0.43,moderate,0.0,0.0,0.0,0
2026-07-26T16:21:27.483868,09/07 07:15,20.6,0.0,,,,18.0,29.0,0.0,0.0,0.0,0.0,0.0,0.0,0.0,0.0,0.0,0.43,moderate,0.0,0.0,0.0,0
2026-07-26T16:21:27.508943,09/07 08:15,20.88,0.0,,,,18.0,29.0,0.0,0.0,0.0,0.0,0.0,0.0,0.0,0.0,0.0,0.43,moderate,0.0,0.0,0.0,0
2026-07-26T16:21:27.535181,09/07 09:15,21.97,0.0,,,,18.0,29.0,0.0,0.0,0.0,0.0,0.0,0.0,0.0,0.0,0.0,0.43,moderate,0.0,0.0,0.0,0
2026-07-26T16:21:27.561474,09/07 10:15,23.08,0.0,,,,18.0,29.0,0.0,0.0,0.0,0.0,0.0,0.0,0.0,0.0,0.0,0.3,low,0.0,0.0,0.0,0
2026-07-26T16:21:27.588046,09/07 11:15,23.9,0.0,,,,18.0,29.0,0.0,0.0,0.0,0.0,0.0,0.0,0.0,0.0,0.0,0.3,low,0.0,0.0,0.0,0
2026-07-26T16:21:27.614425,09/07 12:15,23.75,0.0,,,,18.0,29.0,0.0,0.0,0.0,0.0,0.0,0.0,0.0,0.0,0.0,0.3,low,0.0,0.0,0.0,0
2026-07-26T16:21:46.864620,09/07 13:15,23.18,0.0,,,,18.0,29.0,0.0,0.0,0.0,0.0,0.0,0.0,0.0,0.0,0.0,0.3,low,0.0,0.0,0.0,0
2026-07-26T16:21:46.895204,09/07 14:15,22.65,0.0,,,,18.0,29.0,0.0,0.0,0.0,0.0,0.0,0.0,0.0,0.0,0.0,0.3,low,0.0,0.0,0.0,0
2026-07-26T16:21:46.921927,09/07 15:15,22.07,0.0,,,,18.0,29.0,0.0,0.0,0.0,0.0,0.0,0.0,0.0,0.0,0.0,0.3,low,0.0,0.0,0.0,0
2026-07-26T16:21:46.948316,09/07 16:15,21.7,0.0,,,,18.0,29.0,0.0,0.0,0.0,0.0,0.0,0.0,0.0,0.0,0.0,0.55,high,0.0,0.0,0.0,0
2026-07-26T16:21:46.971881,09/07 17:15,21.55,0.0,,,,18.0,29.0,0.0,0.0,0.0,0.0,0.0,0.0,0.0,0.0,0.0,0.55,high,0.0,0.0,0.0,0
2026-07-26T16:21:46.998440,09/07 18:15,20.98,0.0,,,,18.0,29.0,0.0,0.0,0.0,0.0,0.0,0.0,0.0,0.0,0.0,0.55,high,0.0,0.0,0.0,0
2026-07-26T16:22:10.482795,09/07 19:15,20.6,0.0,,,,18.0,29.0,0.0,0.0,0.0,0.0,0.0,0.0,0.0,0.0,0.0,0.55,high,0.0,0.0,0.0,0
2026-07-26T16:22:10.523685,09/07 20:15,20.45,0.0,,,,18.0,29.0,0.0,0.0,0.0,0.0,0.0,0.0,0.0,0.0,0.0,0.55,high,0.0,0.0,0.0,0
2026-07-26T16:22:10.554272,09/07 21:15,19.85,0.0,,,,18.0,29.0,0.0,0.0,0.0,0.0,0.0,0.0,0.0,0.0,0.0,0.4,moderate,0.0,0.0,0.0,0
2026-07-26T16:22:10.583493,09/07 22:15,19.4,0.0,,,,18.0,29.0,0.0,0.0,0.0,0.0,0.0,0.0,0.0,0.0,0.0,0.4,moderate,0.0,0.0,0.0,0
2026-07-26T16:22:10.612546,09/07 23:15,19.4,0.0,,,,18.0,29.0,0.0,0.0,0.0,0.0,0.0,0.0,0.0,0.0,0.0,0.4,moderate,0.0,0.0,0.0,0
2026-07-26T16:22:10.644380,09/08 00:15,19.4,0.0,,,,18.0,29.0,0.0,0.0,0.0,0.0,0.0,0.0,0.0,0.0,0.0,0.34,low,0.0,0.0,0.0,0
2026-07-26T16:22:37.849135,09/08 01:15,19.27,0.0,,,,18.0,29.0,0.0,0.0,0.0,0.0,0.0,0.0,0.0,0.0,0.0,0.34,low,0.0,0.0,0.0,0
2026-07-26T16:22:37.884084,09/08 02:15,18.75,0.0,,,,18.0,29.0,0.0,0.0,0.0,0.0,0.0,0.0,0.0,0.0,0.0,0.34,low,0.0,0.0,0.0,0
2026-07-26T16:22:37.915672,09/08 03:15,18.18,0.0,,,,18.0,29.0,0.0,0.0,0.0,0.0,0.0,0.0,0.0,0.0,0.0,0.34,low,0.0,0.0,0.0,0
2026-07-26T16:22:37.943250,09/08 04:15,17.8,0.0,,,,18.0,29.0,0.0,0.0,0.0,0.0,0.0,0.0,0.0,0.0,0.0,0.34,low,0.0,0.0,0.0,0
2026-07-26T16:22:37.972834,09/08 05:15,17.93,0.0,,,,18.0,29.0,0.0,0.0,0.0,0.0,0.0,0.0,0.0,0.0,0.0,0.34,low,0.0,0.0,0.0,0
2026-07-26T16:22:37.996893,09/08 06:15,18.45,0.0,,,,18.0,29.0,0.0,0.0,0.0,0.0,0.0,0.0,0.0,0.0,0.0,0.43,moderate,0.0,0.0,0.0,0
2026-07-26T16:22:58.332665,09/08 07:15,19.17,0.0,,,,18.0,29.0,0.0,0.0,0.0,0.0,0.0,0.0,0.0,0.0,0.0,0.43,moderate,0.0,0.0,0.0,0
2026-07-26T16:22:58.362285,09/08 08:15,20.15,0.0,,,,18.0,29.0,0.0,0.0,0.0,0.0,0.0,0.0,0.0,0.0,0.0,0.43,moderate,0.0,0.0,0.0,0
2026-07-26T16:22:58.398426,09/08 09:15,20.6,0.0,,,,18.0,29.0,0.0,0.0,0.0,0.0,0.0,0.0,0.0,0.0,0.0,0.43,moderate,0.0,0.0,0.0,0
2026-07-26T16:22:58.430566,09/08 10:23,21.15,0.0,,,,18.0,29.0,0.0,0.0,0.0,0.0,0.0,0.0,0.0,0.0,0.0,0.3,low,0.0,0.0,0.0,0
2026-07-26T16:22:58.464194,09/08 11:15,23.08,0.0,,,,18.0,29.0,0.0,0.0,0.0,0.0,0.0,0.0,0.0,0.0,0.0,0.3,low,0.0,0.0,0.0,0
2026-07-26T16:22:58.515453,09/08 12:15,24.17,0.0,,,,18.0,29.0,0.0,0.0,0.0,0.0,0.0,0.0,0.0,0.0,0.0,0.3,low,0.0,0.0,0.0,0
2026-07-26T16:23:19.508271,09/08 13:15,25.15,0.0,,,,18.0,29.0,0.0,0.0,0.0,0.0,0.0,0.0,0.0,0.0,0.0,0.3,low,0.0,0.0,0.0,0
2026-07-26T16:23:19.536947,09/08 14:15,25.73,0.0,,,,18.0,29.0,0.0,0.0,0.0,0.0,0.0,0.0,0.0,0.0,0.0,0.3,low,0.0,0.0,0.0,0
2026-07-26T16:23:19.568805,09/08 15:23,26.25,0.0,,,,18.0,29.0,0.0,0.0,0.0,0.0,0.0,0.0,0.0,0.0,0.0,0.3,low,0.0,0.0,0.0,0
2026-07-26T16:23:19.598437,09/08 16:15,26.42,0.0,,,,18.0,29.0,0.0,0.0,0.0,0.0,0.0,0.0,0.0,0.0,0.0,0.55,high,0.0,0.0,0.0,0
2026-07-26T16:23:19.626223,09/08 17:15,25.18,0.0,,,,18.0,29.0,0.0,0.0,0.0,0.0,0.0,0.0,0.0,0.0,0.0,0.55,high,0.0,0.0,0.0,0
2026-07-26T16:23:19.658011,09/08 18:23,23.35,0.0,,,,18.0,29.0,0.0,0.0,0.0,0.0,0.0,0.0,0.0,0.0,0.0,0.55,high,0.0,0.0,0.0,0
2026-07-26T16:23:43.470971,09/08 19:23,21.42,0.0,,,,18.0,29.0,0.0,0.0,0.0,0.0,0.0,0.0,0.0,0.0,0.0,0.55,high,0.0,0.0,0.0,0
2026-07-26T16:23:43.500560,09/08 20:15,20.18,0.0,,,,18.0,29.0,0.0,0.0,0.0,0.0,0.0,0.0,0.0,0.0,0.0,0.55,high,0.0,0.0,0.0,0
2026-07-26T16:23:43.528211,09/08 21:15,18.75,0.0,,,,18.0,29.0,0.0,0.0,0.0,0.0,0.0,0.0,0.0,0.0,0.0,0.4,moderate,0.0,0.0,0.0,0
2026-07-26T16:23:43.552808,09/08 22:15,18.45,0.0,,,,18.0,29.0,0.0,0.0,0.0,0.0,0.0,0.0,0.0,0.0,0.0,0.4,moderate,0.0,0.0,0.0,0
2026-07-26T16:23:43.583950,09/08 23:15,18.62,0.0,,,,18.0,29.0,0.0,0.0,0.0,0.0,0.0,0.0,0.0,0.0,0.0,0.4,moderate,0.0,0.0,0.0,0
2026-07-26T16:23:43.609520,09/09 00:15,17.8,0.0,,,,18.0,29.0,0.0,0.0,0.0,0.0,0.0,0.0,0.0,0.0,0.0,0.34,low,0.0,0.0,0.0,0
2026-07-26T16:24:05.562965,09/09 01:15,17.8,0.0,,,,18.0,29.0,0.0,0.0,0.0,0.0,0.0,0.0,0.0,0.0,0.0,0.34,low,0.0,0.0,0.0,0
2026-07-26T16:24:05.588052,09/09 02:15,17.53,0.0,,,,18.0,29.0,0.0,0.0,0.0,0.0,0.0,0.0,0.0,0.0,0.0,0.34,low,0.0,0.0,0.0,0
2026-07-26T16:24:05.611138,09/09 03:15,16.42,0.0,,,,18.0,29.0,0.0,0.0,0.0,0.0,0.0,0.0,0.0,0.0,0.0,0.34,low,0.0,0.0,0.0,0
2026-07-26T16:24:05.634181,09/09 04:15,15.3,0.0,,,,18.0,29.0,0.0,0.0,0.0,0.0,0.0,0.0,0.0,0.0,0.0,0.34,low,0.0,0.0,0.0,0
2026-07-26T16:24:05.654221,09/09 05:15,14.4,0.0,,,,18.0,29.0,0.0,0.0,0.0,0.0,0.0,0.0,0.0,0.0,0.0,0.34,low,0.0,0.0,0.0,0
2026-07-26T16:24:05.673796,09/09 06:23,15.1,0.0,,,,18.0,29.0,0.0,0.0,0.0,0.0,0.0,0.0,0.0,0.0,0.0,0.43,moderate,0.0,0.0,0.0,0
2026-07-26T16:24:25.072566,09/09 07:15,17.62,0.0,,,,18.0,29.0,0.3764,0.094094,0.291925,0.094094,0.057386,0.0,0.0,0.998551,0.094094,0.43,moderate,0.04046,0.0,0.04046,0
2026-07-26T16:24:25.101650,09/09 08:23,19.6,0.0,,,,18.0,29.0,0.3764,0.094094,0.320635,0.094094,0.057296,0.0,0.0,1.138079,0.094094,0.43,moderate,0.04046,0.0,0.04046,0
2026-07-26T16:24:25.136220,09/09 09:23,21.97,52.0,23.29,21.52,25.74,20.5,26.0,0.3764,0.094094,0.381335,0.094094,0.072063,0.0,0.0,1.40913,0.094094,0.43,moderate,0.04046,0.0,0.04046,0
2026-07-26T16:24:25.164782,09/09 10:23,22.93,52.0,24.63,23.1,25.5,20.5,25.5,0.3859,0.09647,0.445918,0.09647,0.08522,0.0,0.0,1.699327,0.09647,0.3,low,0.028941,0.0,0.028941,0
2026-07-26T16:24:25.193844,09/09 11:23,23.88,52.0,25.2,23.99,25.5,20.5,25.5,0.3921,0.098031,0.507357,0.098031,0.096111,0.0,0.0,2.002312,0.098031,0.3,low,0.029409,0.0,0.029409,0
2026-07-26T16:24:25.215890,09/09 12:15,25.3,41.6,25.28,24.4,25.5,20.5,25.5,0.4001,0.100034,0.58271,0.100034,0.097085,0.0,0.0,2.30521,0.100034,0.3,low,0.03001,0.0,0.03001,0
2026-07-26T16:24:45.412202,09/09 13:15,24.82,20.8,24.83,24.14,25.0,20.5,25.0,0.3996,0.099909,0.529774,0.099909,0.092003,0.0,0.0,2.061179,0.099909,0.3,low,0.029973,0.0,0.029973,0
2026-07-26T16:24:45.440264,09/09 14:15,25.13,41.6,24.98,24.89,25.0,20.5,25.0,0.4259,0.106469,0.70799,0.106469,0.099779,0.0,0.0,2.854478,0.106469,0.3,low,0.031941,0.0,0.031941,0
2026-07-26T16:24:45.463312,09/09 15:15,22.62,52.0,25.0,25.0,25.0,20.5,25.0,0.4365,0.109128,0.705864,0.109128,0.095553,0.0,0.0,2.932151,0.109128,0.3,low,0.032738,0.0,0.032738,0
2026-07-26T16:24:45.486351,09/09 16:15,23.47,52.0,24.96,24.81,25.0,20.5,25.0,0.4387,0.109671,0.729923,0.109671,0.095468,0.0,0.0,3.004002,0.109671,0.55,high,0.060319,0.0,0.060319,0
2026-07-26T16:24:45.507392,09/09 17:15,21.8,52.0,24.83,24.17,25.0,20.5,25.0,0.4099,0.10247,0.543126,0.10247,0.087545,0.0,0.0,2.164491,0.10247,0.55,high,0.056359,0.0,0.056359,0
2026-07-26T16:24:45.528448,09/09 18:15,20.6,52.0,24.7,23.65,25.0,20.5,25.0,0.3887,0.097171,0.412431,0.097171,0.084455,0.0,0.0,1.547193,0.097171,0.55,high,0.053444,0.0,0.053444,0
2026-07-26T16:25:06.617024,09/09 19:23,20.45,26.0,23.3,22.25,24.16,20.0,26.0,0.3764,0.094094,0.299446,0.094094,0.079891,0.0,0.0,0.987275,0.094094,0.55,high,0.051752,0.0,0.051752,0
2026-07-26T16:25:06.650613,09/09 20:23,19.57,0.0,,,,20.0,26.0,0.3764,0.094094,0.304922,0.094094,0.081502,0.0,0.0,1.022396,0.094094,0.55,high,0.051752,0.0,0.051752,0
2026-07-26T16:25:06.675653,09/09 21:15,17.75,0.0,,,,20.0,26.0,0.0,0.0,0.0,0.0,0.0,0.0,0.0,0.0,0.0,0.4,moderate,0.0,0.0,0.0,0
2026-07-26T16:25:06.698233,09/09 22:15,15.98,0.0,,,,20.0,26.0,0.0,0.0,0.0,0.0,0.0,0.0,0.0,0.0,0.0,0.4,moderate,0.0,0.0,0.0,0
2026-07-26T16:25:06.719279,09/09 23:15,15.3,0.0,,,,20.0,26.0,0.0,0.0,0.0,0.0,0.0,0.0,0.0,0.0,0.0,0.4,moderate,0.0,0.0,0.0,0
2026-07-26T16:25:06.744781,09/10 00:15,14.12,0.0,,,,20.0,26.0,0.0,0.0,0.0,0.0,0.0,0.0,0.0,0.0,0.0,0.34,low,0.0,0.0,0.0,0
2026-07-26T16:25:31.008272,09/10 01:15,13.3,0.0,,,,18.0,28.0,0.0,0.0,0.0,0.0,0.0,0.0,0.0,0.0,0.0,0.34,low,0.0,0.0,0.0,0
2026-07-26T16:25:31.039496,09/10 02:15,13.18,0.0,,,,18.0,28.0,0.0,0.0,0.0,0.0,0.0,0.0,0.0,0.0,0.0,0.34,low,0.0,0.0,0.0,0
2026-07-26T16:25:31.067079,09/10 03:15,12.93,0.0,,,,18.0,28.0,0.0,0.0,0.0,0.0,0.0,0.0,0.0,0.0,0.0,0.34,low,0.0,0.0,0.0,0
2026-07-26T16:25:31.094647,09/10 04:15,13.18,0.0,,,,18.0,28.0,0.0,0.0,0.0,0.0,0.0,0.0,0.0,0.0,0.0,0.34,low,0.0,0.0,0.0,0
2026-07-26T16:25:31.119231,09/10 05:15,12.8,0.0,,,,18.0,28.0,0.0,0.0,0.0,0.0,0.0,0.0,0.0,0.0,0.0,0.34,low,0.0,0.0,0.0,0
2026-07-26T16:25:31.145812,09/10 06:23,13.9,0.0,,,,18.0,28.0,0.0,0.0,0.0,0.0,0.0,0.0,0.0,0.0,0.0,0.43,moderate,0.0,0.0,0.0,0
2026-07-26T16:25:50.781539,09/10 07:23,18.17,0.0,,,,18.0,29.0,0.3764,0.094094,0.300341,0.094094,0.054494,0.0,0.0,1.059686,0.094094,0.43,moderate,0.04046,0.0,0.04046,0
2026-07-26T16:25:50.810624,09/10 08:23,21.53,0.0,,,,18.0,29.0,0.3764,0.094094,0.357783,0.094094,0.058812,0.0,0.0,1.311637,0.094094,0.43,moderate,0.04046,0.0,0.04046,0
2026-07-26T16:25:50.839616,09/10 09:23,23.2,52.0,23.33,21.62,25.69,20.5,26.0,0.3764,0.094094,0.354664,0.094094,0.065761,0.0,0.0,1.265755,0.094094,0.43,moderate,0.04046,0.0,0.04046,0
2026-07-26T16:25:50.868579,09/10 10:23,24.55,52.0,24.69,23.2,25.5,20.5,25.5,0.3856,0.096401,0.42488,0.096401,0.080551,0.0,0.0,1.584359,0.096401,0.3,low,0.02892,0.0,0.02892,0
2026-07-26T16:25:50.898361,09/10 11:23,25.27,52.0,25.2,24.03,25.5,20.5,25.5,0.397,0.099258,0.508952,0.099258,0.092653,0.0,0.0,1.98357,0.099258,0.3,low,0.029777,0.0,0.029777,0
2026-07-26T16:25:50.921746,09/10 12:23,26.25,41.6,25.29,24.45,25.5,20.5,25.5,0.4064,0.101599,0.59635,0.101599,0.095146,0.0,0.0,2.361101,0.101599,0.3,low,0.03048,0.0,0.03048,0
2026-07-26T16:26:10.549360,09/10 13:15,26.12,20.8,24.87,24.36,25.0,20.5,25.0,0.4091,0.102282,0.657422,0.102282,0.100612,0.0,0.0,2.596409,0.102282,0.3,low,0.030685,0.0,0.030685,0
2026-07-26T16:26:10.576368,09/10 14:15,24.0,41.6,24.95,24.74,25.0,20.5,25.0,0.4197,0.104931,0.647143,0.104931,0.096136,0.0,0.0,2.610277,0.104931,0.3,low,0.031479,0.0,0.031479,0
2026-07-26T16:26:10.603495,09/10 15:15,22.53,52.0,24.92,24.6,25.0,20.5,25.0,0.4113,0.102817,0.596113,0.102817,0.093389,0.0,0.0,2.408871,0.102817,0.3,low,0.030845,0.0,0.030845,0
2026-07-26T16:26:10.627091,09/10 16:15,21.55,52.0,24.75,24.23,25.0,20.5,25.0,0.3966,0.099158,0.488828,0.099158,0.088442,0.0,0.0,1.915373,0.099158,0.55,high,0.054537,0.0,0.054537,0
2026-07-26T16:26:10.653682,09/10 17:15,20.98,52.0,24.4,23.53,25.0,20.5,25.0,0.3819,0.095474,0.381118,0.095474,0.08539,0.0,0.0,1.397917,0.095474,0.55,high,0.052511,0.0,0.052511,0
2026-07-26T16:26:10.675536,09/10 18:15,20.6,52.0,24.08,23.09,25.0,20.5,25.0,0.3804,0.095109,0.364028,0.095109,0.084473,0.0,0.0,1.317165,0.095109,0.55,high,0.05231,0.0,0.05231,0
2026-07-26T16:26:31.258433,09/10 19:15,20.6,26.0,22.83,21.85,23.93,20.0,26.0,0.3764,0.094094,0.348779,0.094094,0.086808,0.0,0.0,1.240802,0.094094,0.55,high,0.051752,0.0,0.051752,0
2026-07-26T16:26:31.292648,09/10 20:15,20.73,0.0,,,,20.0,26.0,0.3764,0.094094,0.356161,0.094094,0.087641,0.0,0.0,1.278375,0.094094,0.55,high,0.051752,0.0,0.051752,0
2026-07-26T16:26:31.320238,09/10 21:15,20.98,0.0,,,,20.0,26.0,0.0,0.0,0.0,0.0,0.0,0.0,0.0,0.0,0.0,0.4,moderate,0.0,0.0,0.0,0
2026-07-26T16:26:31.344287,09/10 22:15,20.18,0.0,,,,20.0,26.0,0.0,0.0,0.0,0.0,0.0,0.0,0.0,0.0,0.0,0.4,moderate,0.0,0.0,0.0,0
2026-07-26T16:26:31.365335,09/10 23:15,18.75,0.0,,,,20.0,26.0,0.0,0.0,0.0,0.0,0.0,0.0,0.0,0.0,0.0,0.4,moderate,0.0,0.0,0.0,0
2026-07-26T16:26:31.390469,09/11 00:15,17.75,0.0,,,,20.0,26.0,0.0,0.0,0.0,0.0,0.0,0.0,0.0,0.0,0.0,0.34,low,0.0,0.0,0.0,0
2026-07-26T16:26:51.360984,09/11 01:15,15.98,0.0,,,,18.0,28.0,0.0,0.0,0.0,0.0,0.0,0.0,0.0,0.0,0.0,0.34,low,0.0,0.0,0.0,0
2026-07-26T16:26:51.386030,09/11 02:15,15.45,0.0,,,,18.0,28.0,0.0,0.0,0.0,0.0,0.0,0.0,0.0,0.0,0.0,0.34,low,0.0,0.0,0.0,0
2026-07-26T16:26:51.410097,09/11 03:15,14.85,0.0,,,,18.0,28.0,0.0,0.0,0.0,0.0,0.0,0.0,0.0,0.0,0.0,0.34,low,0.0,0.0,0.0,0
2026-07-26T16:26:51.434146,09/11 04:15,14.55,0.0,,,,18.0,28.0,0.0,0.0,0.0,0.0,0.0,0.0,0.0,0.0,0.0,0.34,low,0.0,0.0,0.0,0
2026-07-26T16:26:51.455185,09/11 05:15,14.72,0.0,,,,18.0,28.0,0.0,0.0,0.0,0.0,0.0,0.0,0.0,0.0,0.0,0.34,low,0.0,0.0,0.0,0
2026-07-26T16:26:51.476221,09/11 06:23,14.6,0.0,,,,18.0,28.0,0.0,0.0,0.0,0.0,0.0,0.0,0.0,0.0,0.0,0.43,moderate,0.0,0.0,0.0,0
2026-07-26T16:27:11.284009,09/11 07:23,17.52,0.0,,,,18.0,29.0,0.3764,0.094094,0.281875,0.094094,0.054186,0.0,0.0,0.957188,0.094094,0.43,moderate,0.04046,0.0,0.04046,0
2026-07-26T16:27:11.317125,09/11 08:23,20.55,0.0,,,,18.0,29.0,0.3764,0.094094,0.386166,0.094094,0.064946,0.0,0.0,1.463423,0.094094,0.43,moderate,0.04046,0.0,0.04046,0
2026-07-26T16:27:11.351246,09/11 09:23,22.47,52.0,23.17,21.41,25.45,20.5,26.0,0.3764,0.094094,0.439371,0.094094,0.07842,0.0,0.0,1.680811,0.094094,0.43,moderate,0.04046,0.0,0.04046,0
2026-07-26T16:27:11.382821,09/11 10:23,23.3,52.0,24.56,23.01,25.5,20.5,25.5,0.3849,0.096224,0.495274,0.096224,0.092267,0.0,0.0,1.926509,0.096224,0.3,low,0.028867,0.0,0.028867,0
2026-07-26T16:27:11.413410,09/11 11:23,23.73,52.0,25.15,23.81,25.5,20.5,25.5,0.3895,0.097364,0.526028,0.097364,0.100151,0.0,0.0,2.075269,0.097364,0.3,low,0.029209,0.0,0.029209,0
2026-07-26T16:27:11.442618,09/11 12:15,25.27,41.6,25.24,24.2,25.5,20.5,25.5,0.3972,0.099311,0.637501,0.099311,0.106205,0.0,0.0,2.559738,0.099311,0.3,low,0.029793,0.0,0.029793,0
2026-07-26T16:27:34.647464,09/11 13:15,26.25,20.8,24.81,24.04,25.0,20.5,25.0,0.3996,0.099908,0.652511,0.099908,0.105841,0.0,0.0,2.583364,0.099908,0.3,low,0.029972,0.0,0.029972,0
2026-07-26T16:27:34.678557,09/11 14:15,26.82,41.6,24.93,24.68,25.0,20.5,25.0,0.4195,0.104881,0.73856,0.104881,0.10568,0.0,0.0,2.963607,0.104881,0.3,low,0.031464,0.0,0.031464,0
2026-07-26T16:27:34.703134,09/11 15:15,27.2,52.0,25.0,25.0,25.0,20.5,25.0,0.4452,0.11129,0.837143,0.11129,0.103436,0.0,0.0,3.382068,0.11129,0.3,low,0.033387,0.0,0.033387,0
2026-07-26T16:27:34.727183,09/11 16:15,26.8,52.0,24.98,24.91,25.0,20.5,25.0,0.4477,0.111926,0.79847,0.111926,0.09712,0.0,0.0,3.21342,0.111926,0.55,high,0.061559,0.0,0.061559,0
2026-07-26T16:27:34.751785,09/11 17:15,25.03,52.0,24.87,24.35,25.0,20.5,25.0,0.4146,0.103645,0.661794,0.103645,0.097191,0.0,0.0,2.645261,0.103645,0.55,high,0.057005,0.0,0.057005,0
2026-07-26T16:27:34.776381,09/11 18:15,23.3,52.0,24.75,23.85,25.0,20.5,25.0,0.3891,0.097281,0.51812,0.097281,0.0962,0.0,0.0,2.024189,0.097281,0.55,high,0.053505,0.0,0.053505,0
2026-07-26T16:28:00.457418,09/11 19:15,22.48,26.0,23.47,22.5,24.22,20.0,26.0,0.3764,0.094094,0.433766,0.094094,0.096199,0.0,0.0,1.629878,0.094094,0.55,high,0.051752,0.0,0.051752,0
2026-07-26T16:28:00.489038,09/11 20:23,20.0,0.0,,,,20.0,26.0,0.3764,0.094094,0.36473,0.094094,0.08904,0.0,0.0,1.317222,0.094094,0.55,high,0.051752,0.0,0.051752,0
2026-07-26T16:28:00.513093,09/11 21:15,19.73,0.0,,,,20.0,26.0,0.0,0.0,0.0,0.0,0.0,0.0,0.0,0.0,0.0,0.4,moderate,0.0,0.0,0.0,0
2026-07-26T16:28:00.537132,09/11 22:15,18.62,0.0,,,,20.0,26.0,0.0,0.0,0.0,0.0,0.0,0.0,0.0,0.0,0.0,0.4,moderate,0.0,0.0,0.0,0
2026-07-26T16:28:00.560343,09/11 23:15,17.53,0.0,,,,20.0,26.0,0.0,0.0,0.0,0.0,0.0,0.0,0.0,0.0,0.0,0.4,moderate,0.0,0.0,0.0,0
2026-07-26T16:28:00.583967,09/12 00:15,16.27,0.0,,,,20.0,26.0,0.0,0.0,0.0,0.0,0.0,0.0,0.0,0.0,0.0,0.34,low,0.0,0.0,0.0,0
2026-07-26T16:28:27.598577,09/12 01:15,14.85,0.0,,,,18.0,28.0,0.0,0.0,0.0,0.0,0.0,0.0,0.0,0.0,0.0,0.34,low,0.0,0.0,0.0,0
2026-07-26T16:28:27.644798,09/12 02:15,14.4,0.0,,,,18.0,28.0,0.0,0.0,0.0,0.0,0.0,0.0,0.0,0.0,0.0,0.34,low,0.0,0.0,0.0,0
2026-07-26T16:28:27.678776,09/12 03:15,14.83,0.0,,,,18.0,28.0,0.0,0.0,0.0,0.0,0.0,0.0,0.0,0.0,0.0,0.34,low,0.0,0.0,0.0,0
2026-07-26T16:28:27.713899,09/12 04:15,16.25,0.0,,,,18.0,28.0,0.0,0.0,0.0,0.0,0.0,0.0,0.0,0.0,0.0,0.34,low,0.0,0.0,0.0,0
2026-07-26T16:28:27.748630,09/12 05:15,16.55,0.0,,,,18.0,28.0,0.0,0.0,0.0,0.0,0.0,0.0,0.0,0.0,0.0,0.34,low,0.0,0.0,0.0,0
2026-07-26T16:28:27.775788,09/12 06:15,16.1,0.0,,,,18.0,28.0,0.0,0.0,0.0,0.0,0.0,0.0,0.0,0.0,0.0,0.43,moderate,0.0,0.0,0.0,0
2026-07-26T16:28:54.321527,09/12 07:15,16.65,0.0,,,,18.0,29.0,0.3764,0.094094,0.272083,0.094094,0.053349,0.0,0.0,0.894475,0.094094,0.43,moderate,0.04046,0.0,0.04046,0
2026-07-26T16:28:54.364705,09/12 08:23,19.0,0.0,,,,18.0,29.0,0.3764,0.094094,0.30887,0.094094,0.05422,0.0,0.0,1.082074,0.094094,0.43,moderate,0.04046,0.0,0.04046,0
2026-07-26T16:28:54.412929,09/12 09:20,21.38,52.0,22.88,21.39,24.64,20.5,26.0,0.3764,0.094094,0.354456,0.094094,0.065999,0.0,0.0,1.277145,0.094094,0.43,moderate,0.04046,0.0,0.04046,0
2026-07-26T16:28:54.461363,09/12 10:23,22.62,52.0,24.39,22.84,25.5,20.5,25.5,0.3836,0.095893,0.386814,0.095893,0.078116,0.0,0.0,1.424717,0.095893,0.3,low,0.028768,0.0,0.028768,0
2026-07-26T16:28:54.496567,09/12 11:23,24.32,52.0,25.1,23.7,25.5,20.5,25.5,0.3875,0.096865,0.430917,0.096865,0.089494,0.0,0.0,1.619102,0.096865,0.3,low,0.02906,0.0,0.02906,0
2026-07-26T16:28:54.532041,09/12 12:15,25.3,41.6,25.23,24.15,25.5,20.5,25.5,0.3958,0.098949,0.557604,0.098949,0.097164,0.0,0.0,2.191798,0.098949,0.3,low,0.029685,0.0,0.029685,0
2026-07-26T16:29:20.233865,09/12 13:15,24.55,20.8,24.79,23.96,25.0,20.5,25.0,0.3946,0.098644,0.465021,0.098644,0.087027,0.0,0.0,1.754324,0.098644,0.3,low,0.029593,0.0,0.029593,0
2026-07-26T16:29:20.264030,09/12 14:15,25.27,41.6,24.92,24.59,25.0,20.5,25.0,0.4126,0.103161,0.546306,0.103161,0.08776,0.0,0.0,2.150712,0.103161,0.3,low,0.030948,0.0,0.030948,0
2026-07-26T16:29:20.293833,09/12 15:15,25.68,52.0,25.0,24.99,25.0,20.5,25.0,0.4285,0.107114,0.607774,0.107114,0.092506,0.0,0.0,2.408134,0.107114,0.3,low,0.032134,0.0,0.032134,0
2026-07-26T16:29:20.323556,09/12 16:15,24.0,52.0,24.92,24.63,25.0,20.5,25.0,0.4278,0.106954,0.548916,0.106954,0.096988,0.0,0.0,2.153881,0.106954,0.55,high,0.058825,0.0,0.058825,0
2026-07-26T16:29:20.352137,09/12 17:15,21.95,52.0,24.81,24.05,25.0,20.5,25.0,0.3987,0.099677,0.425812,0.099677,0.084514,0.0,0.0,1.602256,0.099677,0.55,high,0.054822,0.0,0.054822,0
2026-07-26T16:29:20.380730,09/12 18:15,19.27,52.0,24.58,23.49,25.0,20.5,25.0,0.3839,0.09597,0.303388,0.09597,0.078093,0.0,0.0,1.006714,0.09597,0.55,high,0.052784,0.0,0.052784,0
2026-07-26T16:29:45.256182,09/12 19:15,18.07,26.0,23.1,22.09,24.09,20.0,26.0,0.3764,0.094094,0.256116,0.094094,0.075835,0.0,0.0,0.774126,0.094094,0.55,high,0.051752,0.0,0.051752,0
2026-07-26T16:29:45.305944,09/12 20:23,15.17,0.0,,,,20.0,26.0,0.3764,0.094094,0.200715,0.094094,0.065794,0.0,0.0,0.486794,0.094094,0.55,high,0.051752,0.0,0.051752,0
2026-07-26T16:29:45.347057,09/12 21:15,13.9,0.0,,,,20.0,26.0,0.0,0.0,0.0,0.0,0.0,0.0,0.0,0.0,0.0,0.4,moderate,0.0,0.0,0.0,0
2026-07-26T16:29:45.385646,09/12 22:15,13.9,0.0,,,,20.0,26.0,0.0,0.0,0.0,0.0,0.0,0.0,0.0,0.0,0.0,0.4,moderate,0.0,0.0,0.0,0
2026-07-26T16:29:45.455102,09/12 23:15,13.62,0.0,,,,20.0,26.0,0.0,0.0,0.0,0.0,0.0,0.0,0.0,0.0,0.0,0.4,moderate,0.0,0.0,0.0,0
2026-07-26T16:29:45.498449,09/13 00:15,12.53,0.0,,,,20.0,26.0,0.0,0.0,0.0,0.0,0.0,0.0,0.0,0.0,0.0,0.34,low,0.0,0.0,0.0,0
2026-07-26T16:30:08.329545,09/13 01:15,11.42,0.0,,,,18.0,28.0,0.0,0.0,0.0,0.0,0.0,0.0,0.0,0.0,0.0,0.34,low,0.0,0.0,0.0,0
2026-07-26T16:30:08.364443,09/13 02:15,10.6,0.0,,,,18.0,28.0,0.0,0.0,0.0,0.0,0.0,0.0,0.0,0.0,0.0,0.34,low,0.0,0.0,0.0,0
2026-07-26T16:30:08.395015,09/13 03:15,10.3,0.0,,,,18.0,28.0,0.0,0.0,0.0,0.0,0.0,0.0,0.0,0.0,0.0,0.34,low,0.0,0.0,0.0,0
2026-07-26T16:30:08.428656,09/13 04:15,9.4,0.0,,,,18.0,28.0,0.0,0.0,0.0,0.0,0.0,0.0,0.0,0.0,0.0,0.34,low,0.0,0.0,0.0,0
2026-07-26T16:30:08.456646,09/13 05:15,9.4,0.0,,,,18.0,28.0,0.0,0.0,0.0,0.0,0.0,0.0,0.0,0.0,0.0,0.34,low,0.0,0.0,0.0,0
2026-07-26T16:30:08.485501,09/13 06:23,10.53,0.0,,,,18.0,28.0,0.0,0.0,0.0,0.0,0.0,0.0,0.0,0.0,0.0,0.43,moderate,0.0,0.0,0.0,0
2026-07-26T16:30:32.353428,09/13 07:15,14.73,0.0,,,,18.0,29.0,0.3764,0.094094,0.154673,0.094094,0.030809,0.0,0.0,0.302363,0.094094,0.43,moderate,0.04046,0.0,0.04046,0
2026-07-26T16:30:32.386468,09/13 08:15,17.47,0.0,,,,18.0,29.0,0.3764,0.094094,0.198841,0.094094,0.033176,0.0,0.0,0.522252,0.094094,0.43,moderate,0.04046,0.0,0.04046,0
2026-07-26T16:30:32.430867,09/13 09:23,18.03,52.0,22.33,21.12,23.13,21.0,26.0,0.3764,0.094094,0.224907,0.094094,0.043459,0.0,0.0,0.63427,0.094094,0.43,moderate,0.04046,0.0,0.04046,0
2026-07-26T16:30:32.463303,09/13 10:23,16.92,52.0,23.58,22.3,24.29,21.0,26.0,0.3764,0.094094,0.237459,0.094094,0.059257,0.0,0.0,0.688745,0.094094,0.3,low,0.028228,0.0,0.028228,0
2026-07-26T16:30:32.490363,09/13 11:15,16.1,52.0,23.94,22.74,24.92,21.0,26.0,0.3764,0.094094,0.235046,0.094094,0.067076,0.0,0.0,0.673908,0.094094,0.3,low,0.028228,0.0,0.028228,0
2026-07-26T16:30:32.516886,09/13 12:15,16.53,41.6,23.99,22.86,25.03,21.0,26.0,0.3764,0.094094,0.213368,0.094094,0.070583,0.0,0.0,0.551502,0.094094,0.3,low,0.028228,0.0,0.028228,0
2026-07-26T16:30:56.923156,09/13 13:15,18.5,20.8,23.85,22.8,24.7,21.5,25.0,0.3764,0.094094,0.231365,0.094094,0.073068,0.0,0.0,0.651544,0.094094,0.3,low,0.028228,0.0,0.028228,0
2026-07-26T16:30:56.954837,09/13 14:15,20.6,41.6,24.5,23.7,25.0,21.5,25.0,0.3833,0.095826,0.302135,0.095826,0.078051,0.0,0.0,1.016766,0.095826,0.3,low,0.028748,0.0,0.028748,0
2026-07-26T16:30:56.980111,09/13 15:15,20.45,52.0,24.74,24.06,25.0,21.5,25.0,0.4001,0.100016,0.38771,0.100016,0.079085,0.0,0.0,1.450502,0.100016,0.3,low,0.030005,0.0,0.030005,0
2026-07-26T16:30:57.012011,09/13 16:15,20.15,52.0,24.67,23.92,25.0,21.5,25.0,0.3913,0.097831,0.356967,0.097831,0.076838,0.0,0.0,1.291808,0.097831,0.55,high,0.053807,0.0,0.053807,0
2026-07-26T16:30:57.035562,09/13 17:15,20.18,52.0,24.36,23.45,25.0,21.5,25.0,0.3804,0.09511,0.323617,0.09511,0.079886,0.0,0.0,1.118612,0.09511,0.55,high,0.052311,0.0,0.052311,0
2026-07-26T16:30:57.060244,09/13 18:15,18.47,52.0,24.13,23.1,25.0,21.5,25.0,0.3798,0.094939,0.302368,0.094939,0.077677,0.0,0.0,1.015001,0.094939,0.55,high,0.052216,0.0,0.052216,0
2026-07-26T16:31:23.698134,09/13 19:15,17.47,26.0,22.7,21.8,23.88,20.0,26.0,0.3764,0.094094,0.23702,0.094094,0.072956,0.0,0.0,0.672758,0.094094,0.55,high,0.051752,0.0,0.051752,0
2026-07-26T16:31:23.753373,09/13 20:15,18.18,0.0,,,,20.0,26.0,0.3764,0.094094,0.238406,0.094094,0.071671,0.0,0.0,0.69055,0.094094,0.55,high,0.051752,0.0,0.051752,0
2026-07-26T16:31:23.790752,09/13 21:15,16.83,0.0,,,,20.0,26.0,0.0,0.0,0.0,0.0,0.0,0.0,0.0,0.0,0.0,0.4,moderate,0.0,0.0,0.0,0
2026-07-26T16:31:23.824207,09/13 22:15,13.62,0.0,,,,20.0,26.0,0.0,0.0,0.0,0.0,0.0,0.0,0.0,0.0,0.0,0.4,moderate,0.0,0.0,0.0,0
2026-07-26T16:31:23.857007,09/13 23:15,12.53,0.0,,,,20.0,26.0,0.0,0.0,0.0,0.0,0.0,0.0,0.0,0.0,0.0,0.4,moderate,0.0,0.0,0.0,0
2026-07-26T16:31:23.891936,09/14 00:15,11.42,0.0,,,,20.0,26.0,0.0,0.0,0.0,0.0,0.0,0.0,0.0,0.0,0.0,0.34,low,0.0,0.0,0.0,0
2026-07-26T16:31:49.363746,09/14 01:15,10.6,0.0,,,,18.0,28.0,0.0,0.0,0.0,0.0,0.0,0.0,0.0,0.0,0.0,0.34,low,0.0,0.0,0.0,0
2026-07-26T16:31:49.406000,09/14 02:15,10.45,0.0,,,,18.0,28.0,0.0,0.0,0.0,0.0,0.0,0.0,0.0,0.0,0.0,0.34,low,0.0,0.0,0.0,0
2026-07-26T16:31:49.435215,09/14 03:15,9.72,0.0,,,,18.0,28.0,0.0,0.0,0.0,0.0,0.0,0.0,0.0,0.0,0.0,0.34,low,0.0,0.0,0.0,0
2026-07-26T16:31:49.464433,09/14 04:15,8.9,0.0,,,,18.0,28.0,0.0,0.0,0.0,0.0,0.0,0.0,0.0,0.0,0.0,0.34,low,0.0,0.0,0.0,0
2026-07-26T16:31:49.495304,09/14 05:15,8.9,0.0,,,,18.0,28.0,0.0,0.0,0.0,0.0,0.0,0.0,0.0,0.0,0.0,0.34,low,0.0,0.0,0.0,0
2026-07-26T16:31:49.524035,09/14 06:23,10.0,0.0,,,,18.0,28.0,0.0,0.0,0.0,0.0,0.0,0.0,0.0,0.0,0.0,0.43,moderate,0.0,0.0,0.0,0
2026-07-26T16:32:14.085246,09/14 07:20,14.43,0.0,,,,18.0,29.0,0.0,0.0,0.0,0.0,0.0,0.0,0.0,0.0,0.0,0.43,moderate,0.0,0.0,0.0,0
2026-07-26T16:32:14.125095,09/14 08:20,18.5,0.0,,,,18.0,29.0,0.0,0.0,0.0,0.0,0.0,0.0,0.0,0.0,0.0,0.43,moderate,0.0,0.0,0.0,0
2026-07-26T16:32:14.155819,09/14 09:23,20.88,0.0,,,,18.0,29.0,0.0,0.0,0.0,0.0,0.0,0.0,0.0,0.0,0.0,0.43,moderate,0.0,0.0,0.0,0
2026-07-26T16:32:14.185352,09/14 10:23,21.97,0.0,,,,18.0,29.0,0.0,0.0,0.0,0.0,0.0,0.0,0.0,0.0,0.0,0.3,low,0.0,0.0,0.0,0
2026-07-26T16:32:14.214979,09/14 11:23,23.08,0.0,,,,18.0,29.0,0.0,0.0,0.0,0.0,0.0,0.0,0.0,0.0,0.0,0.3,low,0.0,0.0,0.0,0
2026-07-26T16:32:14.243603,09/14 12:23,23.9,0.0,,,,18.0,29.0,0.0,0.0,0.0,0.0,0.0,0.0,0.0,0.0,0.0,0.3,low,0.0,0.0,0.0,0
2026-07-26T16:32:36.449004,09/14 13:23,23.9,0.0,,,,18.0,29.0,0.0,0.0,0.0,0.0,0.0,0.0,0.0,0.0,0.0,0.3,low,0.0,0.0,0.0,0
2026-07-26T16:32:36.479084,09/14 14:15,23.75,0.0,,,,18.0,29.0,0.0,0.0,0.0,0.0,0.0,0.0,0.0,0.0,0.0,0.3,low,0.0,0.0,0.0,0
2026-07-26T16:32:36.497627,09/14 15:23,23.3,0.0,,,,18.0,29.0,0.0,0.0,0.0,0.0,0.0,0.0,0.0,0.0,0.0,0.3,low,0.0,0.0,0.0,0
2026-07-26T16:32:36.518678,09/14 16:15,22.9,0.0,,,,18.0,29.0,0.0,0.0,0.0,0.0,0.0,0.0,0.0,0.0,0.0,0.55,high,0.0,0.0,0.0,0
2026-07-26T16:32:36.540754,09/14 17:23,21.42,0.0,,,,18.0,29.0,0.0,0.0,0.0,0.0,0.0,0.0,0.0,0.0,0.0,0.55,high,0.0,0.0,0.0,0
2026-07-26T16:32:36.563802,09/14 18:23,20.45,0.0,,,,18.0,29.0,0.0,0.0,0.0,0.0,0.0,0.0,0.0,0.0,0.0,0.55,high,0.0,0.0,0.0,0
2026-07-26T16:32:55.506887,09/14 19:15,20.0,0.0,,,,18.0,29.0,0.0,0.0,0.0,0.0,0.0,0.0,0.0,0.0,0.0,0.55,high,0.0,0.0,0.0,0
2026-07-26T16:32:55.534459,09/14 20:15,19.85,0.0,,,,18.0,29.0,0.0,0.0,0.0,0.0,0.0,0.0,0.0,0.0,0.0,0.55,high,0.0,0.0,0.0,0
2026-07-26T16:32:55.556506,09/14 21:15,19.12,0.0,,,,18.0,29.0,0.0,0.0,0.0,0.0,0.0,0.0,0.0,0.0,0.0,0.4,moderate,0.0,0.0,0.0,0
2026-07-26T16:32:55.576544,09/14 22:15,18.3,0.0,,,,18.0,29.0,0.0,0.0,0.0,0.0,0.0,0.0,0.0,0.0,0.0,0.4,moderate,0.0,0.0,0.0,0
2026-07-26T16:32:55.595585,09/14 23:15,18.3,0.0,,,,18.0,29.0,0.0,0.0,0.0,0.0,0.0,0.0,0.0,0.0,0.0,0.4,moderate,0.0,0.0,0.0,0
2026-07-26T16:32:55.615618,09/15 00:15,18.3,0.0,,,,18.0,29.0,0.0,0.0,0.0,0.0,0.0,0.0,0.0,0.0,0.0,0.34,low,0.0,0.0,0.0,0
2026-07-26T16:33:13.770486,09/15 01:15,18.3,0.0,,,,18.0,29.0,0.0,0.0,0.0,0.0,0.0,0.0,0.0,0.0,0.0,0.34,low,0.0,0.0,0.0,0
2026-07-26T16:33:13.805090,09/15 02:15,18.3,0.0,,,,18.0,29.0,0.0,0.0,0.0,0.0,0.0,0.0,0.0,0.0,0.0,0.34,low,0.0,0.0,0.0,0
2026-07-26T16:33:13.827130,09/15 03:15,18.3,0.0,,,,18.0,29.0,0.0,0.0,0.0,0.0,0.0,0.0,0.0,0.0,0.0,0.34,low,0.0,0.0,0.0,0
2026-07-26T16:33:13.847195,09/15 04:15,18.3,0.0,,,,18.0,29.0,0.0,0.0,0.0,0.0,0.0,0.0,0.0,0.0,0.0,0.34,low,0.0,0.0,0.0,0
2026-07-26T16:33:13.869273,09/15 05:15,18.3,0.0,,,,18.0,29.0,0.0,0.0,0.0,0.0,0.0,0.0,0.0,0.0,0.0,0.34,low,0.0,0.0,0.0,0
2026-07-26T16:33:13.889345,09/15 06:15,18.45,0.0,,,,18.0,29.0,0.0,0.0,0.0,0.0,0.0,0.0,0.0,0.0,0.0,0.43,moderate,0.0,0.0,0.0,0
2026-07-26T16:33:32.781598,09/15 07:15,19.17,0.0,,,,18.0,29.0,0.0,0.0,0.0,0.0,0.0,0.0,0.0,0.0,0.0,0.43,moderate,0.0,0.0,0.0,0
2026-07-26T16:33:32.817204,09/15 08:23,20.55,0.0,,,,18.0,29.0,0.0,0.0,0.0,0.0,0.0,0.0,0.0,0.0,0.0,0.43,moderate,0.0,0.0,0.0,0
2026-07-26T16:33:32.850007,09/15 09:23,22.62,0.0,,,,18.0,29.0,0.0,0.0,0.0,0.0,0.0,0.0,0.0,0.0,0.0,0.43,moderate,0.0,0.0,0.0,0
2026-07-26T16:33:32.878066,09/15 10:23,24.17,0.0,,,,18.0,29.0,0.0,0.0,0.0,0.0,0.0,0.0,0.0,0.0,0.0,0.3,low,0.0,0.0,0.0,0
2026-07-26T16:33:32.902683,09/15 11:15,25.27,0.0,,,,18.0,29.0,0.0,0.0,0.0,0.0,0.0,0.0,0.0,0.0,0.0,0.3,low,0.0,0.0,0.0,0
2026-07-26T16:33:32.927283,09/15 12:23,26.1,0.0,,,,18.0,29.0,0.0,0.0,0.0,0.0,0.0,0.0,0.0,0.0,0.0,0.3,low,0.0,0.0,0.0,0
2026-07-26T16:33:53.902830,09/15 13:15,25.98,0.0,,,,18.0,29.0,0.0,0.0,0.0,0.0,0.0,0.0,0.0,0.0,0.0,0.3,low,0.0,0.0,0.0,0
2026-07-26T16:33:53.929852,09/15 14:15,25.6,0.0,,,,18.0,29.0,0.0,0.0,0.0,0.0,0.0,0.0,0.0,0.0,0.0,0.3,low,0.0,0.0,0.0,0
2026-07-26T16:33:53.954915,09/15 15:15,25.45,0.0,,,,18.0,29.0,0.0,0.0,0.0,0.0,0.0,0.0,0.0,0.0,0.0,0.3,low,0.0,0.0,0.0,0
2026-07-26T16:33:53.977971,09/15 16:15,24.85,0.0,,,,18.0,29.0,0.0,0.0,0.0,0.0,0.0,0.0,0.0,0.0,0.0,0.55,high,0.0,0.0,0.0,0
2026-07-26T16:33:54.004095,09/15 17:15,24.27,0.0,,,,18.0,29.0,0.0,0.0,0.0,0.0,0.0,0.0,0.0,0.0,0.0,0.55,high,0.0,0.0,0.0,0
2026-07-26T16:33:54.027164,09/15 18:15,23.62,0.0,,,,18.0,29.0,0.0,0.0,0.0,0.0,0.0,0.0,0.0,0.0,0.0,0.55,high,0.0,0.0,0.0,0
2026-07-26T16:34:16.340165,09/15 19:15,22.53,0.0,,,,18.0,29.0,0.0,0.0,0.0,0.0,0.0,0.0,0.0,0.0,0.0,0.55,high,0.0,0.0,0.0,0
2026-07-26T16:34:16.367187,09/15 20:15,21.55,0.0,,,,18.0,29.0,0.0,0.0,0.0,0.0,0.0,0.0,0.0,0.0,0.0,0.55,high,0.0,0.0,0.0,0
2026-07-26T16:34:16.391769,09/15 21:15,21.1,0.0,,,,18.0,29.0,0.0,0.0,0.0,0.0,0.0,0.0,0.0,0.0,0.0,0.4,moderate,0.0,0.0,0.0,0
2026-07-26T16:34:16.415818,09/15 22:15,21.1,0.0,,,,18.0,29.0,0.0,0.0,0.0,0.0,0.0,0.0,0.0,0.0,0.0,0.4,moderate,0.0,0.0,0.0,0
2026-07-26T16:34:16.437425,09/15 23:15,20.98,0.0,,,,18.0,29.0,0.0,0.0,0.0,0.0,0.0,0.0,0.0,0.0,0.0,0.4,moderate,0.0,0.0,0.0,0
2026-07-26T16:34:16.465003,09/16 00:15,20.6,0.0,,,,18.0,29.0,0.0,0.0,0.0,0.0,0.0,0.0,0.0,0.0,0.0,0.34,low,0.0,0.0,0.0,0
2026-07-26T16:34:39.557559,09/16 01:15,20.45,0.0,,,,18.0,29.0,0.0,0.0,0.0,0.0,0.0,0.0,0.0,0.0,0.0,0.34,low,0.0,0.0,0.0,0
2026-07-26T16:34:39.585167,09/16 02:15,20.0,0.0,,,,18.0,29.0,0.0,0.0,0.0,0.0,0.0,0.0,0.0,0.0,0.0,0.34,low,0.0,0.0,0.0,0
2026-07-26T16:34:39.611756,09/16 03:15,20.0,0.0,,,,18.0,29.0,0.0,0.0,0.0,0.0,0.0,0.0,0.0,0.0,0.0,0.34,low,0.0,0.0,0.0,0
2026-07-26T16:34:39.637309,09/16 04:15,20.0,0.0,,,,18.0,29.0,0.0,0.0,0.0,0.0,0.0,0.0,0.0,0.0,0.0,0.34,low,0.0,0.0,0.0,0
2026-07-26T16:34:39.659876,09/16 05:15,20.0,0.0,,,,18.0,29.0,0.0,0.0,0.0,0.0,0.0,0.0,0.0,0.0,0.0,0.34,low,0.0,0.0,0.0,0
2026-07-26T16:34:39.681928,09/16 06:15,20.0,0.0,,,,18.0,29.0,0.0,0.0,0.0,0.0,0.0,0.0,0.0,0.0,0.0,0.43,moderate,0.0,0.0,0.0,0
2026-07-26T16:35:01.289769,09/16 07:15,20.15,0.0,,,,18.0,29.0,0.3764,0.094094,0.486497,0.094094,0.085642,0.0,0.0,1.93839,0.094094,0.43,moderate,0.04046,0.0,0.04046,0
2026-07-26T16:35:01.321444,09/16 08:15,20.45,0.0,,,,18.0,29.0,0.3764,0.094094,0.494852,0.094094,0.083122,0.0,0.0,1.974528,0.094094,0.43,moderate,0.04046,0.0,0.04046,0
2026-07-26T16:35:01.485398,09/16 09:23,20.0,52.0,22.28,21.44,22.97,20.5,26.0,0.3764,0.094094,0.492205,0.094094,0.087834,0.0,0.0,1.956406,0.094094,0.43,moderate,0.04046,0.0,0.04046,0
2026-07-26T16:35:01.535091,09/16 10:15,20.15,52.0,23.66,22.66,24.49,20.5,26.0,0.3764,0.094094,0.515572,0.094094,0.101889,0.0,0.0,2.059878,0.094094,0.3,low,0.028228,0.0,0.028228,0
2026-07-26T16:35:01.581215,09/16 11:15,20.6,52.0,24.24,23.21,25.1,20.5,26.0,0.3764,0.094094,0.544428,0.094094,0.111948,0.0,0.0,2.183628,0.094094,0.3,low,0.028228,0.0,0.028228,0
2026-07-26T16:35:01.607046,09/16 12:15,20.6,41.6,24.37,23.35,25.22,20.5,26.0,0.3764,0.094094,0.548826,0.094094,0.113237,0.0,0.0,2.206442,0.094094,0.3,low,0.028228,0.0,0.028228,0
2026-07-26T16:35:24.495256,09/16 13:15,20.73,20.8,24.14,23.18,24.91,20.5,25.0,0.3764,0.094094,0.522091,0.094094,0.109658,0.0,0.0,2.078822,0.094094,0.3,low,0.028228,0.0,0.028228,0
2026-07-26T16:35:24.524861,09/16 14:15,21.25,41.6,24.59,23.89,25.0,20.5,25.0,0.3885,0.097114,0.614917,0.097114,0.113482,0.0,0.0,2.516786,0.097114,0.3,low,0.029134,0.0,0.029134,0
2026-07-26T16:35:24.553485,09/16 15:15,21.82,52.0,24.73,24.29,25.0,20.5,25.0,0.3975,0.099371,0.685854,0.099371,0.115279,0.0,0.0,2.83245,0.099371,0.3,low,0.029811,0.0,0.029811,0
2026-07-26T16:35:24.581099,09/16 16:15,22.2,52.0,24.7,24.07,25.0,20.5,25.0,0.3919,0.097982,0.673427,0.097982,0.11614,0.0,0.0,2.76102,0.097982,0.55,high,0.05389,0.0,0.05389,0
2026-07-26T16:35:24.609271,09/16 17:15,22.2,52.0,24.48,23.65,25.0,20.5,25.0,0.3804,0.09509,0.607966,0.09509,0.116151,0.0,0.0,2.459084,0.09509,0.55,high,0.052299,0.0,0.052299,0
2026-07-26T16:35:24.637318,09/16 18:15,22.07,52.0,24.17,23.27,25.0,20.5,25.0,0.3796,0.094911,0.582818,0.094911,0.113126,0.0,0.0,2.342477,0.094911,0.55,high,0.052201,0.0,0.052201,0
2026-07-26T16:35:48.305360,09/16 19:15,21.55,26.0,22.84,21.99,23.84,20.0,26.0,0.3764,0.094094,0.548871,0.094094,0.112371,0.0,0.0,2.190591,0.094094,0.55,high,0.051752,0.0,0.051752,0
2026-07-26T16:35:48.339481,09/16 20:15,21.1,0.0,,,,20.0,26.0,0.3764,0.094094,0.541444,0.094094,0.112251,0.0,0.0,2.165751,0.094094,0.55,high,0.051752,0.0,0.051752,0
2026-07-26T16:35:48.370071,09/16 21:15,20.83,0.0,,,,20.0,26.0,0.0,0.0,0.0,0.0,0.0,0.0,0.0,0.0,0.0,0.4,moderate,0.0,0.0,0.0,0
2026-07-26T16:35:48.401471,09/16 22:15,19.73,0.0,,,,20.0,26.0,0.0,0.0,0.0,0.0,0.0,0.0,0.0,0.0,0.0,0.4,moderate,0.0,0.0,0.0,0
2026-07-26T16:35:48.432072,09/16 23:15,19.02,0.0,,,,20.0,26.0,0.0,0.0,0.0,0.0,0.0,0.0,0.0,0.0,0.0,0.4,moderate,0.0,0.0,0.0,0
2026-07-26T16:35:48.463336,09/17 00:15,19.7,0.0,,,,20.0,26.0,0.0,0.0,0.0,0.0,0.0,0.0,0.0,0.0,0.0,0.34,low,0.0,0.0,0.0,0
2026-07-26T16:36:10.367687,09/17 01:15,20.3,0.0,,,,18.0,28.0,0.0,0.0,0.0,0.0,0.0,0.0,0.0,0.0,0.0,0.34,low,0.0,0.0,0.0,0
2026-07-26T16:36:10.401824,09/17 02:15,19.4,0.0,,,,18.0,28.0,0.0,0.0,0.0,0.0,0.0,0.0,0.0,0.0,0.0,0.34,low,0.0,0.0,0.0,0
2026-07-26T16:36:10.434444,09/17 03:15,19.4,0.0,,,,18.0,28.0,0.0,0.0,0.0,0.0,0.0,0.0,0.0,0.0,0.0,0.34,low,0.0,0.0,0.0,0
2026-07-26T16:36:10.459036,09/17 04:15,19.4,0.0,,,,18.0,28.0,0.0,0.0,0.0,0.0,0.0,0.0,0.0,0.0,0.0,0.34,low,0.0,0.0,0.0,0
2026-07-26T16:36:10.485683,09/17 05:15,19.4,0.0,,,,18.0,28.0,0.0,0.0,0.0,0.0,0.0,0.0,0.0,0.0,0.0,0.34,low,0.0,0.0,0.0,0
2026-07-26T16:36:10.509236,09/17 06:15,19.4,0.0,,,,18.0,28.0,0.0,0.0,0.0,0.0,0.0,0.0,0.0,0.0,0.0,0.43,moderate,0.0,0.0,0.0,0
2026-07-26T16:36:30.593475,09/17 07:15,19.4,0.0,,,,18.0,29.0,0.3764,0.094094,0.413871,0.094094,0.074795,0.0,0.0,1.592805,0.094094,0.43,moderate,0.04046,0.0,0.04046,0
2026-07-26T16:36:30.620058,09/17 08:15,19.27,0.0,,,,18.0,29.0,0.3764,0.094094,0.412685,0.094094,0.071032,0.0,0.0,1.590332,0.094094,0.43,moderate,0.04046,0.0,0.04046,0
2026-07-26T16:36:30.654227,09/17 09:23,18.9,52.0,21.9,21.04,22.82,20.5,26.0,0.3764,0.094094,0.431968,0.094094,0.077846,0.0,0.0,1.679026,0.094094,0.43,moderate,0.04046,0.0,0.04046,0
2026-07-26T16:36:30.680853,09/17 10:15,19.6,52.0,23.34,22.33,24.33,20.5,26.0,0.3764,0.094094,0.436859,0.094094,0.08881,0.0,0.0,1.693485,0.094094,0.3,low,0.028228,0.0,0.028228,0
2026-07-26T16:36:30.709279,09/17 11:15,21.55,52.0,24.32,23.32,25.07,20.5,26.0,0.3764,0.094094,0.533208,0.094094,0.109001,0.0,0.0,2.122186,0.094094,0.3,low,0.028228,0.0,0.028228,0
2026-07-26T16:36:30.735614,09/17 12:15,21.1,41.6,24.67,23.71,25.5,20.5,26.0,0.3764,0.094094,0.464117,0.094094,0.102632,0.0,0.0,1.794399,0.094094,0.3,low,0.028228,0.0,0.028228,0
2026-07-26T16:36:51.280972,09/17 13:15,21.25,20.8,24.37,23.52,25.0,20.5,25.0,0.3788,0.09469,0.504831,0.09469,0.105351,0.0,0.0,1.992892,0.09469,0.3,low,0.028407,0.0,0.028407,0
2026-07-26T16:36:51.313599,09/17 14:15,21.55,41.6,24.64,23.94,25.0,20.5,25.0,0.3895,0.097374,0.557589,0.097374,0.104857,0.0,0.0,2.240997,0.097374,0.3,low,0.029212,0.0,0.029212,0
2026-07-26T16:36:51.350726,09/17 15:15,20.83,52.0,24.6,23.88,25.0,20.5,25.0,0.3908,0.097692,0.574379,0.097692,0.105357,0.0,0.0,2.329723,0.097692,0.3,low,0.029308,0.0,0.029308,0
2026-07-26T16:36:51.382340,09/17 16:15,20.15,52.0,24.52,23.8,25.0,20.5,25.0,0.3858,0.096456,0.551105,0.096456,0.105544,0.0,0.0,2.230662,0.096456,0.55,high,0.053051,0.0,0.053051,0
2026-07-26T16:36:51.411957,09/17 17:15,20.45,52.0,24.17,23.35,25.0,20.5,25.0,0.3795,0.094867,0.509104,0.094867,0.104505,0.0,0.0,2.021242,0.094867,0.55,high,0.052177,0.0,0.052177,0
2026-07-26T16:36:51.443166,09/17 18:15,19.85,52.0,23.85,22.87,25.0,20.5,25.0,0.3785,0.094619,0.49001,0.094619,0.102922,0.0,0.0,1.936092,0.094619,0.55,high,0.05204,0.0,0.05204,0
2026-07-26T16:37:13.930451,09/17 19:15,19.4,26.0,22.57,21.66,23.74,20.0,26.0,0.3764,0.094094,0.440427,0.094094,0.098854,0.0,0.0,1.699249,0.094094,0.55,high,0.051752,0.0,0.051752,0
2026-07-26T16:37:13.958016,09/17 20:15,19.27,0.0,,,,20.0,26.0,0.3764,0.094094,0.443688,0.094094,0.097679,0.0,0.0,1.724523,0.094094,0.55,high,0.051752,0.0,0.051752,0
2026-07-26T16:37:13.980574,09/17 21:15,18.75,0.0,,,,20.0,26.0,0.0,0.0,0.0,0.0,0.0,0.0,0.0,0.0,0.0,0.4,moderate,0.0,0.0,0.0,0
2026-07-26T16:37:14.002632,09/17 22:15,18.18,0.0,,,,20.0,26.0,0.0,0.0,0.0,0.0,0.0,0.0,0.0,0.0,0.0,0.4,moderate,0.0,0.0,0.0,0
2026-07-26T16:37:14.022715,09/17 23:15,17.8,0.0,,,,20.0,26.0,0.0,0.0,0.0,0.0,0.0,0.0,0.0,0.0,0.0,0.4,moderate,0.0,0.0,0.0,0
2026-07-26T16:37:14.045741,09/18 00:15,17.93,0.0,,,,20.0,26.0,0.0,0.0,0.0,0.0,0.0,0.0,0.0,0.0,0.0,0.34,low,0.0,0.0,0.0,0
2026-07-26T16:37:37.105115,09/18 01:15,18.3,0.0,,,,18.0,28.0,0.0,0.0,0.0,0.0,0.0,0.0,0.0,0.0,0.0,0.34,low,0.0,0.0,0.0,0
2026-07-26T16:37:37.134690,09/18 02:15,18.3,0.0,,,,18.0,28.0,0.0,0.0,0.0,0.0,0.0,0.0,0.0,0.0,0.0,0.34,low,0.0,0.0,0.0,0
2026-07-26T16:37:37.161248,09/18 03:15,18.3,0.0,,,,18.0,28.0,0.0,0.0,0.0,0.0,0.0,0.0,0.0,0.0,0.0,0.34,low,0.0,0.0,0.0,0
2026-07-26T16:37:37.181812,09/18 04:15,18.18,0.0,,,,18.0,28.0,0.0,0.0,0.0,0.0,0.0,0.0,0.0,0.0,0.0,0.34,low,0.0,0.0,0.0,0
2026-07-26T16:37:37.202870,09/18 05:15,17.65,0.0,,,,18.0,28.0,0.0,0.0,0.0,0.0,0.0,0.0,0.0,0.0,0.0,0.34,low,0.0,0.0,0.0,0
2026-07-26T16:37:37.225915,09/18 06:15,17.07,0.0,,,,18.0,28.0,0.0,0.0,0.0,0.0,0.0,0.0,0.0,0.0,0.0,0.43,moderate,0.0,0.0,0.0,0
2026-07-26T16:37:57.611723,09/18 07:15,16.7,0.0,,,,18.0,29.0,0.3764,0.094094,0.300363,0.094094,0.059013,0.0,0.0,1.032284,0.094094,0.43,moderate,0.04046,0.0,0.04046,0
2026-07-26T16:37:57.636768,09/18 08:15,16.97,0.0,,,,18.0,29.0,0.3764,0.094094,0.298293,0.094094,0.05515,0.0,0.0,1.029699,0.094094,0.43,moderate,0.04046,0.0,0.04046,0
2026-07-26T16:37:57.667333,09/18 09:23,17.8,52.0,21.99,21.15,22.78,20.5,26.0,0.3764,0.094094,0.309595,0.094094,0.060581,0.0,0.0,1.071337,0.094094,0.43,moderate,0.04046,0.0,0.04046,0
2026-07-26T16:37:57.691896,09/18 10:15,17.93,52.0,23.5,22.52,24.33,20.5,26.0,0.3764,0.094094,0.314485,0.094094,0.071893,0.0,0.0,1.087988,0.094094,0.3,low,0.028228,0.0,0.028228,0
2026-07-26T16:37:57.715957,09/18 11:15,18.58,52.0,24.28,23.29,25.0,20.5,26.0,0.3764,0.094094,0.340335,0.094094,0.08277,0.0,0.0,1.213141,0.094094,0.3,low,0.028228,0.0,0.028228,0
2026-07-26T16:37:57.741551,09/18 12:15,19.55,41.6,24.56,23.59,25.35,20.5,26.0,0.3764,0.094094,0.377275,0.094094,0.091745,0.0,0.0,1.392409,0.094094,0.3,low,0.028228,0.0,0.028228,0
2026-07-26T16:38:21.411130,09/18 13:15,19.73,20.8,24.26,23.34,25.0,20.5,25.0,0.3769,0.094215,0.380794,0.094215,0.09144,0.0,0.0,1.402047,0.094215,0.3,low,0.028264,0.0,0.028264,0
2026-07-26T16:38:21.436210,09/18 14:15,18.75,41.6,24.38,23.49,25.0,20.5,25.0,0.3838,0.095939,0.415463,0.095939,0.09102,0.0,0.0,1.589377,0.095939,0.3,low,0.028782,0.0,0.028782,0
2026-07-26T16:38:21.456256,09/18 15:15,18.3,52.0,24.4,23.53,25.0,20.5,25.0,0.3863,0.096566,0.438487,0.096566,0.091704,0.0,0.0,1.709263,0.096566,0.3,low,0.02897,0.0,0.02897,0
2026-07-26T16:38:21.479829,09/18 16:15,18.18,52.0,24.19,23.24,25.0,20.5,25.0,0.3829,0.095725,0.440695,0.095725,0.093835,0.0,0.0,1.71933,0.095725,0.55,high,0.052649,0.0,0.052649,0
2026-07-26T16:38:21.500880,09/18 17:15,17.65,52.0,23.79,22.75,25.0,20.5,25.0,0.3779,0.094469,0.373161,0.094469,0.088664,0.0,0.0,1.378531,0.094469,0.55,high,0.051958,0.0,0.051958,0
2026-07-26T16:38:21.520434,09/18 18:15,17.07,52.0,23.54,22.43,25.0,20.5,25.0,0.3767,0.094171,0.353066,0.094171,0.087086,0.0,0.0,1.281592,0.094171,0.55,high,0.051794,0.0,0.051794,0
2026-07-26T16:38:43.464844,09/18 19:15,16.7,26.0,22.3,21.35,23.66,20.0,26.0,0.3764,0.094094,0.342477,0.094094,0.086658,0.0,0.0,1.230783,0.094094,0.55,high,0.051752,0.0,0.051752,0
2026-07-26T16:38:43.498068,09/18 20:15,16.55,0.0,,,,20.0,26.0,0.3764,0.094094,0.31172,0.094094,0.078513,0.0,0.0,1.079146,0.094094,0.55,high,0.051752,0.0,0.051752,0
2026-07-26T16:38:43.525156,09/18 21:15,16.1,0.0,,,,20.0,26.0,0.0,0.0,0.0,0.0,0.0,0.0,0.0,0.0,0.0,0.4,moderate,0.0,0.0,0.0,0
2026-07-26T16:38:43.546200,09/18 22:15,15.83,0.0,,,,20.0,26.0,0.0,0.0,0.0,0.0,0.0,0.0,0.0,0.0,0.0,0.4,moderate,0.0,0.0,0.0,0
2026-07-26T16:38:43.566242,09/18 23:15,14.72,0.0,,,,20.0,26.0,0.0,0.0,0.0,0.0,0.0,0.0,0.0,0.0,0.0,0.4,moderate,0.0,0.0,0.0,0
2026-07-26T16:38:43.587330,09/19 00:15,13.62,0.0,,,,20.0,26.0,0.0,0.0,0.0,0.0,0.0,0.0,0.0,0.0,0.0,0.34,low,0.0,0.0,0.0,0
2026-07-26T16:39:02.272073,09/19 01:15,12.53,0.0,,,,18.0,28.0,0.0,0.0,0.0,0.0,0.0,0.0,0.0,0.0,0.0,0.34,low,0.0,0.0,0.0,0
2026-07-26T16:39:02.297142,09/19 02:15,11.55,0.0,,,,18.0,28.0,0.0,0.0,0.0,0.0,0.0,0.0,0.0,0.0,0.0,0.34,low,0.0,0.0,0.0,0
2026-07-26T16:39:02.322714,09/19 03:15,11.1,0.0,,,,18.0,28.0,0.0,0.0,0.0,0.0,0.0,0.0,0.0,0.0,0.0,0.34,low,0.0,0.0,0.0,0
2026-07-26T16:39:02.348271,09/19 04:15,11.1,0.0,,,,18.0,28.0,0.0,0.0,0.0,0.0,0.0,0.0,0.0,0.0,0.0,0.34,low,0.0,0.0,0.0,0
2026-07-26T16:39:02.367311,09/19 05:15,10.97,0.0,,,,18.0,28.0,0.0,0.0,0.0,0.0,0.0,0.0,0.0,0.0,0.0,0.34,low,0.0,0.0,0.0,0
2026-07-26T16:39:02.388358,09/19 06:23,11.0,0.0,,,,18.0,28.0,0.0,0.0,0.0,0.0,0.0,0.0,0.0,0.0,0.0,0.43,moderate,0.0,0.0,0.0,0
2026-07-26T16:39:24.314241,09/19 07:23,12.75,0.0,,,,18.0,29.0,0.3764,0.094094,0.128129,0.094094,0.028369,0.0,0.0,0.12712,0.094094,0.43,moderate,0.04046,0.0,0.04046,0
2026-07-26T16:39:24.353843,09/19 08:23,14.98,0.0,,,,18.0,29.0,0.3764,0.094094,0.158812,0.094094,0.029181,0.0,0.0,0.303958,0.094094,0.43,moderate,0.04046,0.0,0.04046,0
2026-07-26T16:39:24.395975,09/19 09:23,17.1,52.0,22.82,21.01,25.85,21.0,26.0,0.3764,0.094094,0.200567,0.094094,0.041501,0.0,0.0,0.511349,0.094094,0.43,moderate,0.04046,0.0,0.04046,0
2026-07-26T16:39:24.427546,09/19 10:23,18.58,52.0,24.12,22.44,25.5,21.0,25.5,0.3867,0.096685,0.261459,0.096685,0.055783,0.0,0.0,0.820631,0.096685,0.3,low,0.029005,0.0,0.029005,0
2026-07-26T16:39:24.459840,09/19 11:23,19.7,52.0,24.85,23.35,25.5,21.0,25.5,0.3838,0.095943,0.281689,0.095943,0.070675,0.0,0.0,0.908493,0.095943,0.3,low,0.028783,0.0,0.028783,0
2026-07-26T16:39:24.487956,09/19 12:15,20.6,41.6,25.15,23.84,25.5,21.0,25.5,0.3828,0.095699,0.304755,0.095699,0.082528,0.0,0.0,1.017999,0.095699,0.3,low,0.02871,0.0,0.02871,0
2026-07-26T16:39:48.567330,09/19 13:15,20.88,20.8,24.75,23.74,25.0,21.0,25.0,0.3886,0.097161,0.330978,0.097161,0.086545,0.0,0.0,1.14662,0.097161,0.3,low,0.029148,0.0,0.029148,0
2026-07-26T16:39:48.600971,09/19 14:15,21.12,41.6,24.83,24.19,25.0,21.0,25.0,0.4033,0.100816,0.403524,0.100816,0.084442,0.0,0.0,1.510843,0.100816,0.3,low,0.030245,0.0,0.030245,0
2026-07-26T16:39:48.629543,09/19 15:15,19.12,52.0,24.77,24.24,25.0,21.0,25.0,0.4,0.099998,0.35731,0.099998,0.080092,0.0,0.0,1.289493,0.099998,0.3,low,0.029999,0.0,0.029999,0
2026-07-26T16:39:48.655610,09/19 16:15,18.03,52.0,24.55,23.74,25.0,21.0,25.0,0.386,0.096497,0.289071,0.096497,0.080234,0.0,0.0,0.941947,0.096497,0.55,high,0.053073,0.0,0.053073,0
2026-07-26T16:39:48.682770,09/19 17:15,16.8,52.0,23.98,23.0,25.0,21.0,25.0,0.3799,0.094979,0.245349,0.094979,0.074538,0.0,0.0,0.721311,0.094979,0.55,high,0.052238,0.0,0.052238,0
2026-07-26T16:39:48.707818,09/19 18:15,15.17,52.0,23.6,22.52,25.0,21.0,25.0,0.3784,0.0946,0.213417,0.0946,0.069947,0.0,0.0,0.552855,0.0946,0.55,high,0.05203,0.0,0.05203,0
2026-07-26T16:40:10.079462,09/19 19:15,13.48,26.0,22.26,21.32,23.73,20.0,26.0,0.3764,0.094094,0.176724,0.094094,0.065656,0.0,0.0,0.354316,0.094094,0.55,high,0.051752,0.0,0.051752,0
2026-07-26T16:40:10.109529,09/19 20:15,12.35,0.0,,,,20.0,26.0,0.3764,0.094094,0.146621,0.094094,0.051878,0.0,0.0,0.196215,0.094094,0.55,high,0.051752,0.0,0.051752,0
2026-07-26T16:40:10.132112,09/19 21:15,12.65,0.0,,,,20.0,26.0,0.0,0.0,0.0,0.0,0.0,0.0,0.0,0.0,0.0,0.4,moderate,0.0,0.0,0.0,0
2026-07-26T16:40:10.152147,09/19 22:15,12.2,0.0,,,,20.0,26.0,0.0,0.0,0.0,0.0,0.0,0.0,0.0,0.0,0.0,0.4,moderate,0.0,0.0,0.0,0
2026-07-26T16:40:10.173187,09/19 23:15,12.2,0.0,,,,20.0,26.0,0.0,0.0,0.0,0.0,0.0,0.0,0.0,0.0,0.0,0.4,moderate,0.0,0.0,0.0,0
2026-07-26T16:40:10.196869,09/20 00:15,12.07,0.0,,,,20.0,26.0,0.0,0.0,0.0,0.0,0.0,0.0,0.0,0.0,0.0,0.34,low,0.0,0.0,0.0,0
2026-07-26T16:40:29.968127,09/20 01:15,11.82,0.0,,,,18.0,28.0,0.0,0.0,0.0,0.0,0.0,0.0,0.0,0.0,0.0,0.34,low,0.0,0.0,0.0,0
2026-07-26T16:40:29.997210,09/20 02:15,12.07,0.0,,,,18.0,28.0,0.0,0.0,0.0,0.0,0.0,0.0,0.0,0.0,0.0,0.34,low,0.0,0.0,0.0,0
2026-07-26T16:40:30.023773,09/20 03:15,11.7,0.0,,,,18.0,28.0,0.0,0.0,0.0,0.0,0.0,0.0,0.0,0.0,0.0,0.34,low,0.0,0.0,0.0,0
2026-07-26T16:40:30.045820,09/20 04:15,11.7,0.0,,,,18.0,28.0,0.0,0.0,0.0,0.0,0.0,0.0,0.0,0.0,0.0,0.34,low,0.0,0.0,0.0,0
2026-07-26T16:40:30.065860,09/20 05:15,11.7,0.0,,,,18.0,28.0,0.0,0.0,0.0,0.0,0.0,0.0,0.0,0.0,0.0,0.34,low,0.0,0.0,0.0,0
2026-07-26T16:40:30.089412,09/20 06:15,11.82,0.0,,,,18.0,28.0,0.0,0.0,0.0,0.0,0.0,0.0,0.0,0.0,0.0,0.43,moderate,0.0,0.0,0.0,0
2026-07-26T16:40:51.088475,09/20 07:15,12.35,0.0,,,,18.0,29.0,0.3764,0.094094,0.128581,0.094094,0.026332,0.0,0.0,0.123788,0.094094,0.43,moderate,0.04046,0.0,0.04046,0
2026-07-26T16:40:51.120858,09/20 08:15,13.08,0.0,,,,18.0,29.0,0.3764,0.094094,0.136365,0.094094,0.025234,0.0,0.0,0.170858,0.094094,0.43,moderate,0.04046,0.0,0.04046,0
2026-07-26T16:40:51.167959,09/20 09:23,14.18,52.0,21.67,21.0,22.47,21.0,26.0,0.3764,0.094094,0.156955,0.094094,0.032903,0.011501,0.009289,0.278343,0.105595,0.43,moderate,0.04046,0.002082,0.042542,0
2026-07-26T16:40:51.195564,09/20 10:23,14.45,52.0,23.37,22.24,24.12,21.0,26.0,0.3764,0.094094,0.178743,0.094094,0.047024,0.0,0.0,0.386035,0.094094,0.3,low,0.028228,0.0,0.028228,0
2026-07-26T16:40:51.219620,09/20 11:15,13.78,52.0,23.8,22.63,24.79,21.0,26.0,0.3764,0.094094,0.152741,0.094094,0.050476,0.0,0.0,0.22847,0.094094,0.3,low,0.028228,0.0,0.028228,0
2026-07-26T16:40:51.247740,09/20 12:15,16.27,41.6,24.25,23.12,24.97,21.0,26.0,0.3764,0.094094,0.210666,0.094094,0.066253,0.0,0.0,0.551373,0.094094,0.3,low,0.028228,0.0,0.028228,0
2026-07-26T16:41:13.980281,09/20 13:15,15.28,20.8,23.9,22.87,24.69,20.5,25.0,0.3764,0.094094,0.189517,0.094094,0.064913,0.0,0.0,0.426693,0.094094,0.3,low,0.028228,0.0,0.028228,0
2026-07-26T16:41:14.008344,09/20 14:15,16.25,41.6,24.22,23.24,25.0,20.5,25.0,0.3798,0.094961,0.217708,0.094961,0.063901,0.0,0.0,0.588796,0.094961,0.3,low,0.028488,0.0,0.028488,0
2026-07-26T16:41:14.035464,09/20 15:15,16.42,52.0,24.28,23.35,25.0,20.5,25.0,0.3832,0.095812,0.24143,0.095812,0.068398,0.0,0.0,0.710258,0.095812,0.3,low,0.028744,0.0,0.028744,0
2026-07-26T16:41:14.063053,09/20 16:15,15.6,52.0,24.07,23.19,25.0,20.5,25.0,0.3813,0.095337,0.220194,0.095337,0.0704,0.0,0.0,0.591239,0.095337,0.55,high,0.052435,0.0,0.052435,0
2026-07-26T16:41:14.087129,09/20 17:15,15.3,52.0,23.91,22.85,25.0,20.5,25.0,0.3772,0.094299,0.204747,0.094299,0.069367,0.0,0.0,0.510331,0.094299,0.55,high,0.051864,0.0,0.051864,0
2026-07-26T16:41:14.110700,09/20 18:15,14.0,52.0,23.46,22.45,24.99,20.5,25.0,0.3764,0.094094,0.184175,0.094094,0.066296,0.0,0.0,0.396845,0.094094,0.55,high,0.051752,0.0,0.051752,0
2026-07-26T16:41:35.938273,09/20 19:15,12.53,26.0,22.11,21.28,23.61,20.0,26.0,0.3764,0.094094,0.159017,0.094094,0.063289,0.0,0.0,0.256312,0.094094,0.55,high,0.051752,0.0,0.051752,0
2026-07-26T16:41:35.963840,09/20 20:15,11.55,0.0,,,,20.0,26.0,0.3764,0.094094,0.137834,0.094094,0.051794,0.0,0.0,0.147364,0.094094,0.55,high,0.051752,0.0,0.051752,0
2026-07-26T16:41:35.986431,09/20 21:15,11.1,0.0,,,,20.0,26.0,0.0,0.0,0.0,0.0,0.0,0.0,0.0,0.0,0.0,0.4,moderate,0.0,0.0,0.0,0
2026-07-26T16:41:36.007474,09/20 22:15,11.1,0.0,,,,20.0,26.0,0.0,0.0,0.0,0.0,0.0,0.0,0.0,0.0,0.0,0.4,moderate,0.0,0.0,0.0,0
2026-07-26T16:41:36.026515,09/20 23:15,10.97,0.0,,,,20.0,26.0,0.0,0.0,0.0,0.0,0.0,0.0,0.0,0.0,0.0,0.4,moderate,0.0,0.0,0.0,0
2026-07-26T16:41:36.047555,09/21 00:15,10.45,0.0,,,,20.0,26.0,0.0,0.0,0.0,0.0,0.0,0.0,0.0,0.0,0.0,0.34,low,0.0,0.0,0.0,0
2026-07-26T16:41:56.459529,09/21 01:15,10.0,0.0,,,,18.0,28.0,0.0,0.0,0.0,0.0,0.0,0.0,0.0,0.0,0.0,0.34,low,0.0,0.0,0.0,0
2026-07-26T16:41:56.483155,09/21 02:15,10.0,0.0,,,,18.0,28.0,0.0,0.0,0.0,0.0,0.0,0.0,0.0,0.0,0.0,0.34,low,0.0,0.0,0.0,0
2026-07-26T16:41:56.503230,09/21 03:15,10.0,0.0,,,,18.0,28.0,0.0,0.0,0.0,0.0,0.0,0.0,0.0,0.0,0.0,0.34,low,0.0,0.0,0.0,0
2026-07-26T16:41:56.524295,09/21 04:15,10.0,0.0,,,,18.0,28.0,0.0,0.0,0.0,0.0,0.0,0.0,0.0,0.0,0.0,0.34,low,0.0,0.0,0.0,0
2026-07-26T16:41:56.542317,09/21 05:15,10.15,0.0,,,,18.0,28.0,0.0,0.0,0.0,0.0,0.0,0.0,0.0,0.0,0.0,0.34,low,0.0,0.0,0.0,0
2026-07-26T16:41:56.566111,09/21 06:15,10.88,0.0,,,,18.0,28.0,0.0,0.0,0.0,0.0,0.0,0.0,0.0,0.0,0.0,0.43,moderate,0.0,0.0,0.0,0
2026-07-26T16:42:16.066065,09/21 07:15,11.82,0.0,,,,18.0,29.0,0.0,0.0,0.0,0.0,0.0,0.0,0.0,0.0,0.0,0.43,moderate,0.0,0.0,0.0,0
2026-07-26T16:42:16.095694,09/21 08:15,12.62,0.0,,,,18.0,29.0,0.0,0.0,0.0,0.0,0.0,0.0,0.0,0.0,0.0,0.43,moderate,0.0,0.0,0.0,0
2026-07-26T16:42:16.125561,09/21 09:15,14.03,0.0,,,,18.0,29.0,0.0,0.0,0.0,0.0,0.0,0.0,0.0,0.0,0.0,0.43,moderate,0.0,0.0,0.0,0
2026-07-26T16:42:16.151130,09/21 10:15,14.4,0.0,,,,18.0,29.0,0.0,0.0,0.0,0.0,0.0,0.0,0.0,0.0,0.0,0.3,low,0.0,0.0,0.0,0
2026-07-26T16:42:16.175183,09/21 11:15,14.4,0.0,,,,18.0,29.0,0.0,0.0,0.0,0.0,0.0,0.0,0.0,0.0,0.0,0.3,low,0.0,0.0,0.0,0
2026-07-26T16:42:16.199270,09/21 12:15,14.83,0.0,,,,18.0,29.0,0.0,0.0,0.0,0.0,0.0,0.0,0.0,0.0,0.0,0.3,low,0.0,0.0,0.0,0
2026-07-26T16:42:38.504386,09/21 13:15,15.83,0.0,,,,18.0,29.0,0.0,0.0,0.0,0.0,0.0,0.0,0.0,0.0,0.0,0.3,low,0.0,0.0,0.0,0
2026-07-26T16:42:38.537530,09/21 14:15,15.28,0.0,,,,18.0,29.0,0.0,0.0,0.0,0.0,0.0,0.0,0.0,0.0,0.0,0.3,low,0.0,0.0,0.0,0
2026-07-26T16:42:38.565094,09/21 15:15,15.98,0.0,,,,18.0,29.0,0.0,0.0,0.0,0.0,0.0,0.0,0.0,0.0,0.0,0.3,low,0.0,0.0,0.0,0
2026-07-26T16:42:38.590400,09/21 16:15,15.3,0.0,,,,18.0,29.0,0.0,0.0,0.0,0.0,0.0,0.0,0.0,0.0,0.0,0.55,high,0.0,0.0,0.0,0
2026-07-26T16:42:38.613967,09/21 17:15,14.28,0.0,,,,18.0,29.0,0.0,0.0,0.0,0.0,0.0,0.0,0.0,0.0,0.0,0.55,high,0.0,0.0,0.0,0
2026-07-26T16:42:38.638039,09/21 18:15,13.9,0.0,,,,18.0,29.0,0.0,0.0,0.0,0.0,0.0,0.0,0.0,0.0,0.0,0.55,high,0.0,0.0,0.0,0
2026-07-26T16:43:00.144725,09/21 19:15,13.9,0.0,,,,18.0,29.0,0.0,0.0,0.0,0.0,0.0,0.0,0.0,0.0,0.0,0.55,high,0.0,0.0,0.0,0
2026-07-26T16:43:00.175318,09/21 20:15,13.75,0.0,,,,18.0,29.0,0.0,0.0,0.0,0.0,0.0,0.0,0.0,0.0,0.0,0.55,high,0.0,0.0,0.0,0
2026-07-26T16:43:00.201421,09/21 21:15,13.45,0.0,,,,18.0,29.0,0.0,0.0,0.0,0.0,0.0,0.0,0.0,0.0,0.0,0.4,moderate,0.0,0.0,0.0,0
2026-07-26T16:43:00.221491,09/21 22:15,13.9,0.0,,,,18.0,29.0,0.0,0.0,0.0,0.0,0.0,0.0,0.0,0.0,0.0,0.4,moderate,0.0,0.0,0.0,0
2026-07-26T16:43:00.242061,09/21 23:15,13.9,0.0,,,,18.0,29.0,0.0,0.0,0.0,0.0,0.0,0.0,0.0,0.0,0.0,0.4,moderate,0.0,0.0,0.0,0
2026-07-26T16:43:00.266126,09/22 00:15,13.9,0.0,,,,18.0,29.0,0.0,0.0,0.0,0.0,0.0,0.0,0.0,0.0,0.0,0.34,low,0.0,0.0,0.0,0
2026-07-26T16:43:22.051223,09/22 01:15,13.9,0.0,,,,18.0,29.0,0.0,0.0,0.0,0.0,0.0,0.0,0.0,0.0,0.0,0.34,low,0.0,0.0,0.0,0
2026-07-26T16:43:22.076248,09/22 02:15,13.75,0.0,,,,18.0,29.0,0.0,0.0,0.0,0.0,0.0,0.0,0.0,0.0,0.0,0.34,low,0.0,0.0,0.0,0
2026-07-26T16:43:22.103811,09/22 03:15,13.3,0.0,,,,18.0,29.0,0.0,0.0,0.0,0.0,0.0,0.0,0.0,0.0,0.0,0.34,low,0.0,0.0,0.0,0
2026-07-26T16:43:22.126880,09/22 04:15,13.3,0.0,,,,18.0,29.0,0.0,0.0,0.0,0.0,0.0,0.0,0.0,0.0,0.0,0.34,low,0.0,0.0,0.0,0
2026-07-26T16:43:22.148419,09/22 05:15,13.3,0.0,,,,18.0,29.0,0.0,0.0,0.0,0.0,0.0,0.0,0.0,0.0,0.0,0.34,low,0.0,0.0,0.0,0
2026-07-26T16:43:22.169463,09/22 06:15,13.45,0.0,,,,18.0,29.0,0.0,0.0,0.0,0.0,0.0,0.0,0.0,0.0,0.0,0.43,moderate,0.0,0.0,0.0,0
2026-07-26T16:43:42.878092,09/22 07:15,14.03,0.0,,,,18.0,29.0,0.0,0.0,0.0,0.0,0.0,0.0,0.0,0.0,0.0,0.43,moderate,0.0,0.0,0.0,0
2026-07-26T16:43:42.915638,09/22 08:23,14.7,0.0,,,,18.0,29.0,0.0,0.0,0.0,0.0,0.0,0.0,0.0,0.0,0.0,0.43,moderate,0.0,0.0,0.0,0
2026-07-26T16:43:42.948246,09/22 09:23,15.88,0.0,,,,18.0,29.0,0.0,0.0,0.0,0.0,0.0,0.0,0.0,0.0,0.0,0.43,moderate,0.0,0.0,0.0,0
2026-07-26T16:43:42.974352,09/22 10:15,17.38,0.0,,,,18.0,29.0,0.0,0.0,0.0,0.0,0.0,0.0,0.0,0.0,0.0,0.3,low,0.0,0.0,0.0,0
2026-07-26T16:43:43.000492,09/22 11:15,19.27,0.0,,,,18.0,29.0,0.0,0.0,0.0,0.0,0.0,0.0,0.0,0.0,0.0,0.3,low,0.0,0.0,0.0,0
2026-07-26T16:43:43.024533,09/22 12:15,18.9,0.0,,,,18.0,29.0,0.0,0.0,0.0,0.0,0.0,0.0,0.0,0.0,0.0,0.3,low,0.0,0.0,0.0,0
2026-07-26T16:44:05.013124,09/22 13:15,19.45,0.0,,,,18.0,29.0,0.0,0.0,0.0,0.0,0.0,0.0,0.0,0.0,0.0,0.3,low,0.0,0.0,0.0,0
2026-07-26T16:44:05.036199,09/22 14:15,20.0,0.0,,,,18.0,29.0,0.0,0.0,0.0,0.0,0.0,0.0,0.0,0.0,0.0,0.3,low,0.0,0.0,0.0,0
2026-07-26T16:44:05.059749,09/22 15:15,16.82,0.0,,,,18.0,29.0,0.0,0.0,0.0,0.0,0.0,0.0,0.0,0.0,0.0,0.3,low,0.0,0.0,0.0,0
2026-07-26T16:44:05.084313,09/22 16:15,17.2,0.0,,,,18.0,29.0,0.0,0.0,0.0,0.0,0.0,0.0,0.0,0.0,0.0,0.55,high,0.0,0.0,0.0,0
2026-07-26T16:44:05.107381,09/22 17:15,16.8,0.0,,,,18.0,29.0,0.0,0.0,0.0,0.0,0.0,0.0,0.0,0.0,0.0,0.55,high,0.0,0.0,0.0,0
2026-07-26T16:44:05.128427,09/22 18:15,15.02,0.0,,,,18.0,29.0,0.0,0.0,0.0,0.0,0.0,0.0,0.0,0.0,0.0,0.55,high,0.0,0.0,0.0,0
2026-07-26T16:44:26.211690,09/22 19:15,13.18,0.0,,,,18.0,29.0,0.0,0.0,0.0,0.0,0.0,0.0,0.0,0.0,0.0,0.55,high,0.0,0.0,0.0,0
2026-07-26T16:44:26.238744,09/22 20:15,12.65,0.0,,,,18.0,29.0,0.0,0.0,0.0,0.0,0.0,0.0,0.0,0.0,0.0,0.55,high,0.0,0.0,0.0,0
2026-07-26T16:44:26.261321,09/22 21:15,12.07,0.0,,,,18.0,29.0,0.0,0.0,0.0,0.0,0.0,0.0,0.0,0.0,0.0,0.4,moderate,0.0,0.0,0.0,0
2026-07-26T16:44:26.283386,09/22 22:15,11.55,0.0,,,,18.0,29.0,0.0,0.0,0.0,0.0,0.0,0.0,0.0,0.0,0.0,0.4,moderate,0.0,0.0,0.0,0
2026-07-26T16:44:26.304942,09/22 23:15,11.25,0.0,,,,18.0,29.0,0.0,0.0,0.0,0.0,0.0,0.0,0.0,0.0,0.0,0.4,moderate,0.0,0.0,0.0,0
2026-07-26T16:44:26.329567,09/23 00:15,11.7,0.0,,,,18.0,29.0,0.0,0.0,0.0,0.0,0.0,0.0,0.0,0.0,0.0,0.34,low,0.0,0.0,0.0,0
2026-07-26T16:44:48.531739,09/23 01:15,11.55,0.0,,,,18.0,29.0,0.0,0.0,0.0,0.0,0.0,0.0,0.0,0.0,0.0,0.34,low,0.0,0.0,0.0,0
2026-07-26T16:44:48.572903,09/23 02:15,10.97,0.0,,,,18.0,29.0,0.0,0.0,0.0,0.0,0.0,0.0,0.0,0.0,0.0,0.34,low,0.0,0.0,0.0,0
2026-07-26T16:44:48.606994,09/23 03:15,10.45,0.0,,,,18.0,29.0,0.0,0.0,0.0,0.0,0.0,0.0,0.0,0.0,0.0,0.34,low,0.0,0.0,0.0,0
2026-07-26T16:44:48.651648,09/23 04:15,10.0,0.0,,,,18.0,29.0,0.0,0.0,0.0,0.0,0.0,0.0,0.0,0.0,0.0,0.34,low,0.0,0.0,0.0,0
2026-07-26T16:44:48.686995,09/23 05:15,10.0,0.0,,,,18.0,29.0,0.0,0.0,0.0,0.0,0.0,0.0,0.0,0.0,0.0,0.34,low,0.0,0.0,0.0,0
2026-07-26T16:44:48.725880,09/23 06:23,10.55,0.0,,,,18.0,29.0,0.0,0.0,0.0,0.0,0.0,0.0,0.0,0.0,0.0,0.43,moderate,0.0,0.0,0.0,0
2026-07-26T16:45:09.268356,09/23 07:23,13.05,0.0,,,,18.0,29.0,0.3764,0.094094,0.124883,0.094094,0.023709,0.0,0.0,0.119186,0.094094,0.43,moderate,0.04046,0.0,0.04046,0
2026-07-26T16:45:09.317070,09/23 08:23,16.15,0.0,,,,18.0,29.0,0.3764,0.094094,0.174597,0.094094,0.029917,0.0,0.0,0.392564,0.094094,0.43,moderate,0.04046,0.0,0.04046,0
2026-07-26T16:45:09.370346,09/23 09:23,18.2,52.0,22.82,21.01,25.94,21.0,26.0,0.3768,0.094207,0.215759,0.094207,0.039882,0.002734,0.000971,0.600516,0.096941,0.43,moderate,0.040509,0.000495,0.041004,0
2026-07-26T16:45:09.411508,09/23 10:23,19.82,52.0,24.1,22.41,25.5,21.0,25.5,0.3883,0.097072,0.281864,0.097072,0.055293,0.0,0.0,0.924817,0.097072,0.3,low,0.029122,0.0,0.029122,0
2026-07-26T16:45:09.455392,09/23 11:23,21.38,52.0,24.82,23.24,25.5,21.0,25.5,0.3865,0.096613,0.318079,0.096613,0.072228,0.0,0.0,1.086988,0.096613,0.3,low,0.028984,0.0,0.028984,0
2026-07-26T16:45:09.501428,09/23 12:23,22.2,41.6,25.13,23.67,25.5,21.0,25.5,0.3831,0.095786,0.332378,0.095786,0.082087,0.0,0.0,1.154684,0.095786,0.3,low,0.028736,0.0,0.028736,0
2026-07-26T16:45:33.000703,09/23 13:15,22.47,20.8,24.71,23.54,25.0,20.5,25.0,0.3898,0.097446,0.362889,0.097446,0.084017,0.0,0.0,1.300033,0.097446,0.3,low,0.029234,0.0,0.029234,0
2026-07-26T16:45:33.029507,09/23 14:15,23.58,41.6,24.85,24.27,25.0,20.5,25.0,0.4156,0.103894,0.472058,0.103894,0.085224,0.0,0.0,1.832709,0.103894,0.3,low,0.031168,0.0,0.031168,0
2026-07-26T16:45:33.055653,09/23 15:15,24.27,52.0,24.97,24.85,25.0,20.5,25.0,0.4389,0.109726,0.596234,0.109726,0.088816,0.0,0.0,2.404309,0.109726,0.3,low,0.032918,0.0,0.032918,0
2026-07-26T16:45:33.079713,09/23 16:15,23.47,52.0,24.89,24.46,25.0,20.5,25.0,0.4395,0.109874,0.578129,0.109874,0.091448,0.0,0.0,2.308399,0.109874,0.55,high,0.060431,0.0,0.060431,0
2026-07-26T16:45:33.104800,09/23 17:15,22.2,52.0,24.76,23.86,25.0,20.5,25.0,0.4077,0.101924,0.458527,0.101924,0.0821,0.0,0.0,1.768811,0.101924,0.55,high,0.056058,0.0,0.056058,0
2026-07-26T16:45:33.127861,09/23 18:23,21.65,52.0,24.5,23.43,25.0,20.5,25.0,0.3852,0.09631,0.354818,0.09631,0.082099,0.0,0.0,1.252085,0.09631,0.55,high,0.052971,0.0,0.052971,0
2026-07-26T16:45:56.035828,09/23 19:15,19.85,26.0,23.1,22.08,24.04,20.0,26.0,0.3764,0.094094,0.273862,0.094094,0.077964,0.0,0.0,0.85827,0.094094,0.55,high,0.051752,0.0,0.051752,0
2026-07-26T16:45:56.069404,09/23 20:15,18.45,0.0,,,,20.0,26.0,0.3764,0.094094,0.258479,0.094094,0.074466,0.0,0.0,0.787747,0.094094,0.55,high,0.051752,0.0,0.051752,0
2026-07-26T16:45:56.095987,09/23 21:15,15.3,0.0,,,,20.0,26.0,0.0,0.0,0.0,0.0,0.0,0.0,0.0,0.0,0.0,0.4,moderate,0.0,0.0,0.0,0
2026-07-26T16:45:56.119571,09/23 22:15,14.55,0.0,,,,20.0,26.0,0.0,0.0,0.0,0.0,0.0,0.0,0.0,0.0,0.0,0.4,moderate,0.0,0.0,0.0,0
2026-07-26T16:45:56.146162,09/23 23:15,14.85,0.0,,,,20.0,26.0,0.0,0.0,0.0,0.0,0.0,0.0,0.0,0.0,0.0,0.4,moderate,0.0,0.0,0.0,0
2026-07-26T16:45:56.171785,09/24 00:15,14.28,0.0,,,,20.0,26.0,0.0,0.0,0.0,0.0,0.0,0.0,0.0,0.0,0.0,0.34,low,0.0,0.0,0.0,0
2026-07-26T16:46:18.014131,09/24 01:15,13.75,0.0,,,,18.0,28.0,0.0,0.0,0.0,0.0,0.0,0.0,0.0,0.0,0.0,0.34,low,0.0,0.0,0.0,0
2026-07-26T16:46:18.044227,09/24 02:15,13.03,0.0,,,,18.0,28.0,0.0,0.0,0.0,0.0,0.0,0.0,0.0,0.0,0.0,0.34,low,0.0,0.0,0.0,0
2026-07-26T16:46:18.070796,09/24 03:15,11.92,0.0,,,,18.0,28.0,0.0,0.0,0.0,0.0,0.0,0.0,0.0,0.0,0.0,0.34,low,0.0,0.0,0.0,0
2026-07-26T16:46:18.094861,09/24 04:15,10.97,0.0,,,,18.0,28.0,0.0,0.0,0.0,0.0,0.0,0.0,0.0,0.0,0.0,0.34,low,0.0,0.0,0.0,0
2026-07-26T16:46:18.120940,09/24 05:15,10.45,0.0,,,,18.0,28.0,0.0,0.0,0.0,0.0,0.0,0.0,0.0,0.0,0.0,0.34,low,0.0,0.0,0.0,0
2026-07-26T16:46:18.147005,09/24 06:15,10.97,0.0,,,,18.0,28.0,0.0,0.0,0.0,0.0,0.0,0.0,0.0,0.0,0.0,0.43,moderate,0.0,0.0,0.0,0
2026-07-26T16:46:37.714985,09/24 07:23,14.73,0.0,,,,18.0,29.0,0.3764,0.094094,0.164497,0.094094,0.033927,0.0,0.0,0.36447,0.094094,0.43,moderate,0.04046,0.0,0.04046,0
2026-07-26T16:46:37.742068,09/24 08:15,17.35,0.0,,,,18.0,29.0,0.3764,0.094094,0.258664,0.094094,0.044361,0.0,0.0,0.838168,0.094094,0.43,moderate,0.04046,0.0,0.04046,0
2026-07-26T16:46:37.774634,09/24 09:23,18.2,52.0,22.44,21.07,23.77,21.0,26.0,0.3764,0.094094,0.264272,0.094094,0.050658,0.0,0.0,0.837068,0.094094,0.43,moderate,0.04046,0.0,0.04046,0
2026-07-26T16:46:37.801208,09/24 10:23,19.4,52.0,24.13,22.5,25.53,21.0,25.5,0.3821,0.095524,0.265017,0.095524,0.059058,0.0,0.0,0.835557,0.095524,0.3,low,0.028657,0.0,0.028657,0
2026-07-26T16:46:37.825245,09/24 11:23,19.27,52.0,24.77,23.21,25.5,21.0,25.5,0.383,0.095743,0.278391,0.095743,0.071634,0.0,0.0,0.890822,0.095743,0.3,low,0.028723,0.0,0.028723,0
2026-07-26T16:46:37.851316,09/24 12:15,19.32,41.6,25.03,23.54,25.5,21.0,25.5,0.3796,0.094909,0.280158,0.094909,0.076345,0.0,0.0,0.89981,0.094909,0.3,low,0.028473,0.0,0.028473,0
2026-07-26T16:46:57.632084,09/24 13:15,20.3,20.8,24.66,23.34,25.0,20.5,25.0,0.3848,0.0962,0.326135,0.0962,0.077847,0.0,0.0,1.142591,0.0962,0.3,low,0.02886,0.0,0.02886,0
2026-07-26T16:46:57.657634,09/24 14:15,19.4,41.6,24.77,24.02,25.0,20.5,25.0,0.4065,0.101634,0.390563,0.101634,0.076878,0.0,0.0,1.470854,0.101634,0.3,low,0.03049,0.0,0.03049,0
2026-07-26T16:46:57.682217,09/24 15:15,19.12,52.0,24.86,24.55,25.0,20.5,25.0,0.416,0.104005,0.4154,0.104005,0.079512,0.0,0.0,1.593143,0.104005,0.3,low,0.031202,0.0,0.031202,0
2026-07-26T16:46:57.703257,09/24 16:15,18.03,52.0,24.81,24.08,25.0,20.5,25.0,0.4096,0.102405,0.371842,0.102405,0.080986,0.0,0.0,1.372411,0.102405,0.55,high,0.056323,0.0,0.056323,0
2026-07-26T16:46:57.724302,09/24 17:15,16.5,52.0,24.53,23.43,25.0,20.5,25.0,0.388,0.097003,0.281017,0.097003,0.079502,0.0,0.0,0.90024,0.097003,0.55,high,0.053352,0.0,0.053352,0
2026-07-26T16:46:57.748481,09/24 18:15,14.0,52.0,23.92,22.82,25.0,20.5,25.0,0.3801,0.095036,0.205003,0.095036,0.07044,0.0,0.0,0.505031,0.095036,0.55,high,0.05227,0.0,0.05227,0
2026-07-26T16:47:18.441807,09/24 19:23,12.65,26.0,22.43,21.5,23.84,20.0,26.0,0.3764,0.094094,0.16089,0.094094,0.059814,0.0,0.0,0.272449,0.094094,0.55,high,0.051752,0.0,0.051752,0
2026-07-26T16:47:18.473942,09/24 20:23,11.8,0.0,,,,20.0,26.0,0.3764,0.094094,0.144847,0.094094,0.042783,0.0,0.0,0.199036,0.094094,0.55,high,0.051752,0.0,0.051752,0
2026-07-26T16:47:18.501520,09/24 21:15,10.6,0.0,,,,20.0,26.0,0.0,0.0,0.0,0.0,0.0,0.0,0.0,0.0,0.0,0.4,moderate,0.0,0.0,0.0,0
2026-07-26T16:47:18.534097,09/24 22:15,10.45,0.0,,,,20.0,26.0,0.0,0.0,0.0,0.0,0.0,0.0,0.0,0.0,0.0,0.4,moderate,0.0,0.0,0.0,0
2026-07-26T16:47:18.562418,09/24 23:15,9.72,0.0,,,,20.0,26.0,0.0,0.0,0.0,0.0,0.0,0.0,0.0,0.0,0.0,0.4,moderate,0.0,0.0,0.0,0
2026-07-26T16:47:18.594565,09/25 00:15,8.9,0.0,,,,20.0,26.0,0.0,0.0,0.0,0.0,0.0,0.0,0.0,0.0,0.0,0.34,low,0.0,0.0,0.0,0
2026-07-26T16:47:41.103672,09/25 01:15,8.9,0.0,,,,18.0,28.0,0.0,0.0,0.0,0.0,0.0,0.0,0.0,0.0,0.0,0.34,low,0.0,0.0,0.0,0
2026-07-26T16:47:41.131257,09/25 02:15,8.75,0.0,,,,18.0,28.0,0.0,0.0,0.0,0.0,0.0,0.0,0.0,0.0,0.0,0.34,low,0.0,0.0,0.0,0
2026-07-26T16:47:41.154301,09/25 03:15,8.03,0.0,,,,18.0,28.0,0.0,0.0,0.0,0.0,0.0,0.0,0.0,0.0,0.0,0.34,low,0.0,0.0,0.0,0
2026-07-26T16:47:41.179866,09/25 04:15,7.2,0.0,,,,18.0,28.0,0.0,0.0,0.0,0.0,0.0,0.0,0.0,0.0,0.0,0.34,low,0.0,0.0,0.0,0
2026-07-26T16:47:41.202440,09/25 05:15,7.08,0.0,,,,18.0,28.0,0.0,0.0,0.0,0.0,0.0,0.0,0.0,0.0,0.0,0.34,low,0.0,0.0,0.0,0
2026-07-26T16:47:41.224484,09/25 06:15,7.1,0.0,,,,18.0,28.0,0.0,0.0,0.0,0.0,0.0,0.0,0.0,0.0,0.0,0.43,moderate,0.0,0.0,0.0,0
2026-07-26T16:48:02.560118,09/25 07:23,9.28,0.0,,,,18.0,29.0,0.3764,0.094094,0.0,0.094094,0.000381,0.24236,0.195276,0.0,0.336454,0.43,moderate,0.04046,0.043867,0.084328,0
2026-07-26T16:48:02.595251,09/25 08:23,13.17,0.0,,,,18.0,29.0,0.3764,0.094094,0.124247,0.094094,0.028813,0.0,0.0,0.114582,0.094094,0.43,moderate,0.04046,0.0,0.04046,0
2026-07-26T16:48:02.630338,09/25 09:23,16.38,52.0,22.39,21.0,24.76,21.0,26.0,0.3764,0.094094,0.186635,0.094094,0.041968,0.016409,0.016252,0.448316,0.110503,0.43,moderate,0.04046,0.00297,0.04343,0
2026-07-26T16:48:02.658397,09/25 10:23,17.35,52.0,23.9,22.22,25.5,21.0,25.5,0.3832,0.0958,0.226561,0.0958,0.044246,0.0,0.0,0.659371,0.0958,0.3,low,0.02874,0.0,0.02874,0
2026-07-26T16:48:02.684501,09/25 11:23,18.08,52.0,24.6,22.99,25.5,21.0,25.5,0.3842,0.096041,0.252898,0.096041,0.058769,0.0,0.0,0.76906,0.096041,0.3,low,0.028812,0.0,0.028812,0
2026-07-26T16:48:02.710168,09/25 12:23,19.17,41.6,24.87,23.3,25.5,21.0,25.5,0.3798,0.094951,0.263561,0.094951,0.071832,0.0,0.0,0.8155,0.094951,0.3,low,0.028485,0.0,0.028485,0
2026-07-26T16:48:23.187156,09/25 13:15,20.15,20.8,24.63,23.2,25.0,21.0,25.0,0.3828,0.095691,0.295805,0.095691,0.080502,0.0,0.0,0.982482,0.095691,0.3,low,0.028707,0.0,0.028707,0
2026-07-26T16:48:23.218245,09/25 14:15,20.6,41.6,24.77,23.97,25.0,21.0,25.0,0.4107,0.102686,0.406633,0.102686,0.082546,0.0,0.0,1.54084,0.102686,0.3,low,0.030806,0.0,0.030806,0
2026-07-26T16:48:23.245838,09/25 15:15,20.6,52.0,24.92,24.66,25.0,21.0,25.0,0.4294,0.107348,0.461428,0.107348,0.064342,0.0,0.0,1.833768,0.107348,0.3,low,0.032204,0.0,0.032204,0
2026-07-26T16:48:23.272916,09/25 16:15,20.3,52.0,24.85,24.27,25.0,21.0,25.0,0.431,0.107758,0.472164,0.107758,0.065465,0.0,0.0,1.877533,0.107758,0.55,high,0.059267,0.0,0.059267,0
2026-07-26T16:48:23.301059,09/25 17:15,18.45,52.0,24.68,23.66,25.0,21.0,25.0,0.4026,0.100657,0.371737,0.100657,0.064827,0.0,0.0,1.369348,0.100657,0.55,high,0.055361,0.0,0.055361,0
2026-07-26T16:48:23.332676,09/25 18:23,14.75,52.0,24.26,23.07,25.0,21.0,25.0,0.3818,0.095445,0.233231,0.095445,0.063336,0.0,0.0,0.652433,0.095445,0.55,high,0.052495,0.0,0.052495,0
2026-07-26T16:48:44.295663,09/25 19:23,12.2,26.0,22.7,21.65,23.99,20.0,26.0,0.3764,0.094094,0.153938,0.094094,0.050073,0.0,0.0,0.235936,0.094094,0.55,high,0.051752,0.0,0.051752,0
2026-07-26T16:48:44.319755,09/25 20:23,11.8,0.0,,,,20.0,26.0,0.3764,0.094094,0.148354,0.094094,0.05139,0.0,0.0,0.20865,0.094094,0.55,high,0.051752,0.0,0.051752,0
2026-07-26T16:48:44.340814,09/25 21:15,10.72,0.0,,,,20.0,26.0,0.0,0.0,0.0,0.0,0.0,0.0,0.0,0.0,0.0,0.4,moderate,0.0,0.0,0.0,0
2026-07-26T16:48:44.361855,09/25 22:15,10.82,0.0,,,,20.0,26.0,0.0,0.0,0.0,0.0,0.0,0.0,0.0,0.0,0.0,0.4,moderate,0.0,0.0,0.0,0
2026-07-26T16:48:44.381900,09/25 23:15,10.0,0.0,,,,20.0,26.0,0.0,0.0,0.0,0.0,0.0,0.0,0.0,0.0,0.0,0.4,moderate,0.0,0.0,0.0,0
2026-07-26T16:48:44.402588,09/26 00:15,9.72,0.0,,,,20.0,26.0,0.0,0.0,0.0,0.0,0.0,0.0,0.0,0.0,0.0,0.34,low,0.0,0.0,0.0,0
2026-07-26T16:49:04.667528,09/26 01:15,8.75,0.0,,,,18.0,28.0,0.0,0.0,0.0,0.0,0.0,0.0,0.0,0.0,0.0,0.34,low,0.0,0.0,0.0,0
2026-07-26T16:49:04.697120,09/26 02:15,8.18,0.0,,,,18.0,28.0,0.0,0.0,0.0,0.0,0.0,0.0,0.0,0.0,0.0,0.34,low,0.0,0.0,0.0,0
2026-07-26T16:49:04.723072,09/26 03:15,7.92,0.0,,,,18.0,28.0,0.0,0.0,0.0,0.0,0.0,0.0,0.0,0.0,0.0,0.34,low,0.0,0.0,0.0,0
2026-07-26T16:49:04.747109,09/26 04:15,8.3,0.0,,,,18.0,28.0,0.0,0.0,0.0,0.0,0.0,0.0,0.0,0.0,0.0,0.34,low,0.0,0.0,0.0,0
2026-07-26T16:49:04.773703,09/26 05:15,8.3,0.0,,,,18.0,28.0,0.0,0.0,0.0,0.0,0.0,0.0,0.0,0.0,0.0,0.34,low,0.0,0.0,0.0,0
2026-07-26T16:49:04.800279,09/26 06:15,9.0,0.0,,,,18.0,28.0,0.0,0.0,0.0,0.0,0.0,0.0,0.0,0.0,0.0,0.43,moderate,0.0,0.0,0.0,0
2026-07-26T16:49:25.425609,09/26 07:23,12.22,0.0,,,,18.0,29.0,0.3764,0.094094,0.11903,0.094094,0.03175,0.0,0.0,0.029039,0.094094,0.43,moderate,0.04046,0.0,0.04046,0
2026-07-26T16:49:25.457772,09/26 08:23,16.42,0.0,,,,18.0,29.0,0.3764,0.094094,0.177026,0.094094,0.049343,0.0,0.0,0.38793,0.094094,0.43,moderate,0.04046,0.0,0.04046,0
2026-07-26T16:49:25.496072,09/26 09:23,19.72,52.0,22.72,21.02,25.63,21.0,26.0,0.3764,0.094094,0.234197,0.094094,0.063825,0.0,0.0,0.675824,0.094094,0.43,moderate,0.04046,0.0,0.04046,0
2026-07-26T16:49:25.523671,09/26 10:23,22.62,52.0,24.17,22.52,25.5,21.0,25.5,0.3878,0.09696,0.322751,0.09696,0.061492,0.0,0.0,1.13311,0.09696,0.3,low,0.029088,0.0,0.029088,0
2026-07-26T16:49:25.547731,09/26 11:23,24.32,52.0,24.97,23.45,25.5,21.0,25.5,0.3877,0.096929,0.370631,0.096929,0.072177,0.0,0.0,1.325971,0.096929,0.3,low,0.029079,0.0,0.029079,0
2026-07-26T16:49:25.572854,09/26 12:23,25.88,41.6,25.18,23.9,25.5,21.0,25.5,0.3924,0.098096,0.429233,0.098096,0.087396,0.0,0.0,1.594015,0.098096,0.3,low,0.029429,0.0,0.029429,0
2026-07-26T16:49:46.934073,09/26 13:15,26.97,20.8,24.77,23.84,25.0,21.0,25.0,0.4027,0.100664,0.49575,0.100664,0.089287,0.0,0.0,1.890888,0.100664,0.3,low,0.030199,0.0,0.030199,0
2026-07-26T16:49:46.962258,09/26 14:15,27.93,41.6,24.92,24.59,25.0,21.0,25.0,0.4349,0.108723,0.667163,0.108723,0.089153,0.0,0.0,2.644913,0.108723,0.3,low,0.032617,0.0,0.032617,0
2026-07-26T16:49:46.988844,09/26 15:15,28.45,52.0,25.0,25.0,25.0,21.0,25.0,0.4635,0.115868,0.76817,0.115868,0.095875,0.0,0.0,3.052878,0.115868,0.3,low,0.03476,0.0,0.03476,0
2026-07-26T16:49:47.018421,09/26 16:15,28.35,52.0,24.98,24.93,25.0,21.0,25.0,0.4498,0.112459,0.742619,0.112459,0.099535,0.0,0.0,2.913244,0.112459,0.55,high,0.061852,0.0,0.061852,0
2026-07-26T16:49:47.040888,09/26 17:15,26.12,52.0,24.86,24.32,25.0,21.0,25.0,0.4026,0.100659,0.535383,0.100659,0.089701,0.0,0.0,2.057923,0.100659,0.55,high,0.055362,0.0,0.055362,0
2026-07-26T16:49:47.068965,09/26 18:15,24.4,52.0,24.57,23.77,25.0,21.0,25.0,0.3855,0.096369,0.448242,0.096369,0.089986,0.0,0.0,1.685744,0.096369,0.55,high,0.053003,0.0,0.053003,0
2026-07-26T16:50:13.763649,09/26 19:15,24.27,26.0,23.35,22.5,24.12,20.0,26.0,0.3764,0.094094,0.381658,0.094094,0.088986,0.0,0.0,1.368574,0.094094,0.55,high,0.051752,0.0,0.051752,0
2026-07-26T16:50:13.800058,09/26 20:15,23.2,0.0,,,,20.0,26.0,0.3764,0.094094,0.349542,0.094094,0.085696,0.0,0.0,1.215669,0.094094,0.55,high,0.051752,0.0,0.051752,0
2026-07-26T16:50:13.831467,09/26 21:15,20.98,0.0,,,,20.0,26.0,0.0,0.0,0.0,0.0,0.0,0.0,0.0,0.0,0.0,0.4,moderate,0.0,0.0,0.0,0
2026-07-26T16:50:13.856515,09/26 22:15,20.45,0.0,,,,20.0,26.0,0.0,0.0,0.0,0.0,0.0,0.0,0.0,0.0,0.0,0.4,moderate,0.0,0.0,0.0,0
2026-07-26T16:50:13.882091,09/26 23:15,19.85,0.0,,,,20.0,26.0,0.0,0.0,0.0,0.0,0.0,0.0,0.0,0.0,0.0,0.4,moderate,0.0,0.0,0.0,0
2026-07-26T16:50:13.914812,09/27 00:15,19.0,0.0,,,,20.0,26.0,0.0,0.0,0.0,0.0,0.0,0.0,0.0,0.0,0.0,0.34,low,0.0,0.0,0.0,0
2026-07-26T16:50:34.622113,09/27 01:15,17.53,0.0,,,,18.0,28.0,0.0,0.0,0.0,0.0,0.0,0.0,0.0,0.0,0.0,0.34,low,0.0,0.0,0.0,0
2026-07-26T16:50:34.645179,09/27 02:15,16.82,0.0,,,,18.0,28.0,0.0,0.0,0.0,0.0,0.0,0.0,0.0,0.0,0.0,0.34,low,0.0,0.0,0.0,0
2026-07-26T16:50:34.663231,09/27 03:15,17.62,0.0,,,,18.0,28.0,0.0,0.0,0.0,0.0,0.0,0.0,0.0,0.0,0.0,0.34,low,0.0,0.0,0.0,0
2026-07-26T16:50:34.683913,09/27 04:15,18.75,0.0,,,,18.0,28.0,0.0,0.0,0.0,0.0,0.0,0.0,0.0,0.0,0.0,0.34,low,0.0,0.0,0.0,0
2026-07-26T16:50:34.703949,09/27 05:15,18.18,0.0,,,,18.0,28.0,0.0,0.0,0.0,0.0,0.0,0.0,0.0,0.0,0.0,0.34,low,0.0,0.0,0.0,0
2026-07-26T16:50:34.722508,09/27 06:15,18.08,0.0,,,,18.0,28.0,0.0,0.0,0.0,0.0,0.0,0.0,0.0,0.0,0.0,0.43,moderate,0.0,0.0,0.0,0
2026-07-26T16:50:53.862903,09/27 07:23,19.45,0.0,,,,18.0,29.0,0.3764,0.094094,0.310086,0.094094,0.058717,0.0,0.0,1.084336,0.094094,0.43,moderate,0.04046,0.0,0.04046,0
2026-07-26T16:50:53.899987,09/27 08:23,21.65,0.0,,,,18.0,29.0,0.3764,0.094094,0.360177,0.094094,0.062118,0.0,0.0,1.321874,0.094094,0.43,moderate,0.04046,0.0,0.04046,0
2026-07-26T16:50:53.940611,09/27 09:23,23.58,52.0,23.25,21.55,25.51,20.5,25.5,0.3806,0.095161,0.439396,0.095161,0.076041,0.0,0.0,1.681544,0.095161,0.43,moderate,0.040919,0.0,0.040919,0
2026-07-26T16:50:53.975231,09/27 10:23,24.12,52.0,24.67,23.17,25.5,20.5,25.5,0.3855,0.096387,0.474751,0.096387,0.088811,0.0,0.0,1.815567,0.096387,0.3,low,0.028916,0.0,0.028916,0
2026-07-26T16:50:54.008835,09/27 11:23,23.88,52.0,25.2,24.0,25.5,20.5,25.5,0.3929,0.098232,0.495519,0.098232,0.094155,0.0,0.0,1.940932,0.098232,0.3,low,0.02947,0.0,0.02947,0
2026-07-26T16:50:54.040460,09/27 12:15,26.43,41.6,25.27,24.37,25.5,20.5,25.5,0.3981,0.099526,0.598734,0.099526,0.100461,0.0,0.0,2.376744,0.099526,0.3,low,0.029858,0.0,0.029858,0
2026-07-26T16:51:20.371951,09/27 13:15,28.9,20.8,24.84,24.19,25.0,20.5,25.0,0.4056,0.101398,0.651103,0.101398,0.100292,0.0,0.0,2.520864,0.101398,0.3,low,0.030419,0.0,0.030419,0
2026-07-26T16:51:20.398022,09/27 14:15,29.45,41.6,24.95,24.77,25.0,20.5,25.0,0.4363,0.109066,0.800477,0.109066,0.104339,0.0,0.0,3.17092,0.109066,0.3,low,0.03272,0.0,0.03272,0
2026-07-26T16:51:20.420584,09/27 15:15,31.25,52.0,25.0,25.0,25.0,20.5,25.0,0.4734,0.118353,0.910454,0.118353,0.098997,0.0,0.0,3.553354,0.118353,0.3,low,0.035506,0.0,0.035506,0
2026-07-26T16:51:20.447607,09/27 16:15,31.0,52.0,24.99,24.97,25.0,20.5,25.0,0.4714,0.117851,0.915476,0.117851,0.098514,0.0,0.0,3.539423,0.117851,0.55,high,0.064818,0.0,0.064818,0
2026-07-26T16:51:20.471710,09/27 17:15,27.92,52.0,24.89,24.43,25.0,20.5,25.0,0.4236,0.105894,0.717242,0.105894,0.09755,0.0,0.0,2.803526,0.105894,0.55,high,0.058242,0.0,0.058242,0
2026-07-26T16:51:20.492565,09/27 18:15,24.73,52.0,24.69,23.88,25.0,20.5,25.0,0.3896,0.0974,0.489145,0.0974,0.091859,0.0,0.0,1.862252,0.0974,0.55,high,0.05357,0.0,0.05357,0
2026-07-26T16:51:40.996670,09/27 19:15,23.2,26.0,23.48,22.56,24.2,20.0,26.0,0.3764,0.094094,0.369838,0.094094,0.087585,0.0,0.0,1.314261,0.094094,0.55,high,0.051752,0.0,0.051752,0
2026-07-26T16:51:41.025121,09/27 20:15,20.4,0.0,,,,20.0,26.0,0.3764,0.094094,0.327169,0.094094,0.083771,0.0,0.0,1.123961,0.094094,0.55,high,0.051752,0.0,0.051752,0
2026-07-26T16:51:41.047169,09/27 21:15,18.58,0.0,,,,20.0,26.0,0.0,0.0,0.0,0.0,0.0,0.0,0.0,0.0,0.0,0.4,moderate,0.0,0.0,0.0,0
2026-07-26T16:51:41.067212,09/27 22:15,19.0,0.0,,,,20.0,26.0,0.0,0.0,0.0,0.0,0.0,0.0,0.0,0.0,0.0,0.4,moderate,0.0,0.0,0.0,0
2026-07-26T16:51:41.081756,09/27 23:15,17.38,0.0,,,,20.0,26.0,0.0,0.0,0.0,0.0,0.0,0.0,0.0,0.0,0.0,0.4,moderate,0.0,0.0,0.0,0
2026-07-26T16:51:41.100824,09/28 00:15,15.83,0.0,,,,20.0,26.0,0.0,0.0,0.0,0.0,0.0,0.0,0.0,0.0,0.0,0.34,low,0.0,0.0,0.0,0
2026-07-26T16:52:03.409014,09/28 01:15,14.85,0.0,,,,18.0,28.0,0.0,0.0,0.0,0.0,0.0,0.0,0.0,0.0,0.0,0.34,low,0.0,0.0,0.0,0
2026-07-26T16:52:03.441191,09/28 02:15,14.28,0.0,,,,18.0,28.0,0.0,0.0,0.0,0.0,0.0,0.0,0.0,0.0,0.0,0.34,low,0.0,0.0,0.0,0
2026-07-26T16:52:03.469811,09/28 03:15,13.9,0.0,,,,18.0,28.0,0.0,0.0,0.0,0.0,0.0,0.0,0.0,0.0,0.0,0.34,low,0.0,0.0,0.0,0
2026-07-26T16:52:03.493948,09/28 04:15,14.18,0.0,,,,18.0,28.0,0.0,0.0,0.0,0.0,0.0,0.0,0.0,0.0,0.0,0.34,low,0.0,0.0,0.0,0
2026-07-26T16:52:03.521041,09/28 05:15,15.15,0.0,,,,18.0,28.0,0.0,0.0,0.0,0.0,0.0,0.0,0.0,0.0,0.0,0.34,low,0.0,0.0,0.0,0
2026-07-26T16:52:03.544112,09/28 06:15,16.0,0.0,,,,18.0,28.0,0.0,0.0,0.0,0.0,0.0,0.0,0.0,0.0,0.0,0.43,moderate,0.0,0.0,0.0,0
2026-07-26T16:52:26.213742,09/28 07:20,18.05,0.0,,,,18.0,29.0,0.0,0.0,0.0,0.0,0.0,0.0,0.0,0.0,0.0,0.43,moderate,0.0,0.0,0.0,0
2026-07-26T16:52:26.237829,09/28 08:20,21.0,0.0,,,,18.0,29.0,0.0,0.0,0.0,0.0,0.0,0.0,0.0,0.0,0.0,0.43,moderate,0.0,0.0,0.0,0
2026-07-26T16:52:26.260348,09/28 09:23,22.07,0.0,,,,18.0,29.0,0.0,0.0,0.0,0.0,0.0,0.0,0.0,0.0,0.0,0.43,moderate,0.0,0.0,0.0,0
2026-07-26T16:52:26.282411,09/28 10:15,22.52,0.0,,,,18.0,29.0,0.0,0.0,0.0,0.0,0.0,0.0,0.0,0.0,0.0,0.3,low,0.0,0.0,0.0,0
2026-07-26T16:52:26.303453,09/28 11:15,24.85,0.0,,,,18.0,29.0,0.0,0.0,0.0,0.0,0.0,0.0,0.0,0.0,0.0,0.3,low,0.0,0.0,0.0,0
2026-07-26T16:52:26.322495,09/28 12:15,24.97,0.0,,,,18.0,29.0,0.0,0.0,0.0,0.0,0.0,0.0,0.0,0.0,0.0,0.3,low,0.0,0.0,0.0,0
2026-07-26T16:52:45.138300,09/28 13:23,26.82,0.0,,,,18.0,29.0,0.0,0.0,0.0,0.0,0.0,0.0,0.0,0.0,0.0,0.3,low,0.0,0.0,0.0,0
2026-07-26T16:52:45.161873,09/28 14:15,27.2,0.0,,,,18.0,29.0,0.0,0.0,0.0,0.0,0.0,0.0,0.0,0.0,0.0,0.3,low,0.0,0.0,0.0,0
2026-07-26T16:52:45.181933,09/28 15:15,26.8,0.0,,,,18.0,29.0,0.0,0.0,0.0,0.0,0.0,0.0,0.0,0.0,0.0,0.3,low,0.0,0.0,0.0,0
2026-07-26T16:52:45.202010,09/28 16:15,25.3,0.0,,,,18.0,29.0,0.0,0.0,0.0,0.0,0.0,0.0,0.0,0.0,0.0,0.55,high,0.0,0.0,0.0,0
2026-07-26T16:52:45.220548,09/28 17:15,24.12,0.0,,,,18.0,29.0,0.0,0.0,0.0,0.0,0.0,0.0,0.0,0.0,0.0,0.55,high,0.0,0.0,0.0,0
2026-07-26T16:52:45.240092,09/28 18:15,22.33,0.0,,,,18.0,29.0,0.0,0.0,0.0,0.0,0.0,0.0,0.0,0.0,0.0,0.55,high,0.0,0.0,0.0,0
2026-07-26T16:53:04.932225,09/28 19:15,19.12,0.0,,,,18.0,29.0,0.0,0.0,0.0,0.0,0.0,0.0,0.0,0.0,0.0,0.55,high,0.0,0.0,0.0,0
2026-07-26T16:53:04.960809,09/28 20:15,18.18,0.0,,,,18.0,29.0,0.0,0.0,0.0,0.0,0.0,0.0,0.0,0.0,0.0,0.55,high,0.0,0.0,0.0,0
2026-07-26T16:53:04.987892,09/28 21:15,17.65,0.0,,,,18.0,29.0,0.0,0.0,0.0,0.0,0.0,0.0,0.0,0.0,0.0,0.4,moderate,0.0,0.0,0.0,0
2026-07-26T16:53:05.013490,09/28 22:15,17.2,0.0,,,,18.0,29.0,0.0,0.0,0.0,0.0,0.0,0.0,0.0,0.0,0.0,0.4,moderate,0.0,0.0,0.0,0
2026-07-26T16:53:05.043626,09/28 23:15,17.2,0.0,,,,18.0,29.0,0.0,0.0,0.0,0.0,0.0,0.0,0.0,0.0,0.0,0.4,moderate,0.0,0.0,0.0,0
2026-07-26T16:53:05.071224,09/29 00:15,17.2,0.0,,,,18.0,29.0,0.0,0.0,0.0,0.0,0.0,0.0,0.0,0.0,0.0,0.34,low,0.0,0.0,0.0,0
2026-07-26T16:53:25.211416,09/29 01:15,17.07,0.0,,,,18.0,29.0,0.0,0.0,0.0,0.0,0.0,0.0,0.0,0.0,0.0,0.34,low,0.0,0.0,0.0,0
2026-07-26T16:53:25.238494,09/29 02:15,16.7,0.0,,,,18.0,29.0,0.0,0.0,0.0,0.0,0.0,0.0,0.0,0.0,0.0,0.34,low,0.0,0.0,0.0,0
2026-07-26T16:53:25.261580,09/29 03:15,16.55,0.0,,,,18.0,29.0,0.0,0.0,0.0,0.0,0.0,0.0,0.0,0.0,0.0,0.34,low,0.0,0.0,0.0,0
2026-07-26T16:53:25.285689,09/29 04:15,16.1,0.0,,,,18.0,29.0,0.0,0.0,0.0,0.0,0.0,0.0,0.0,0.0,0.0,0.34,low,0.0,0.0,0.0,0
2026-07-26T16:53:25.306803,09/29 05:15,15.68,0.0,,,,18.0,29.0,0.0,0.0,0.0,0.0,0.0,0.0,0.0,0.0,0.0,0.34,low,0.0,0.0,0.0,0
2026-07-26T16:53:25.331318,09/29 06:15,14.4,0.0,,,,18.0,29.0,0.0,0.0,0.0,0.0,0.0,0.0,0.0,0.0,0.0,0.43,moderate,0.0,0.0,0.0,0
2026-07-26T16:53:44.440689,09/29 07:20,14.83,0.0,,,,18.0,29.0,0.0,0.0,0.0,0.0,0.0,0.0,0.0,0.0,0.0,0.43,moderate,0.0,0.0,0.0,0
2026-07-26T16:53:44.469274,09/29 08:20,16.38,0.0,,,,18.0,29.0,0.0,0.0,0.0,0.0,0.0,0.0,0.0,0.0,0.0,0.43,moderate,0.0,0.0,0.0,0
2026-07-26T16:53:44.492889,09/29 09:23,17.47,0.0,,,,18.0,29.0,0.0,0.0,0.0,0.0,0.0,0.0,0.0,0.0,0.0,0.43,moderate,0.0,0.0,0.0,0
2026-07-26T16:53:44.524458,09/29 10:15,17.9,0.0,,,,18.0,29.0,0.0,0.0,0.0,0.0,0.0,0.0,0.0,0.0,0.0,0.3,low,0.0,0.0,0.0,0
2026-07-26T16:53:44.548525,09/29 11:23,16.82,0.0,,,,18.0,29.0,0.0,0.0,0.0,0.0,0.0,0.0,0.0,0.0,0.0,0.3,low,0.0,0.0,0.0,0
2026-07-26T16:53:44.572628,09/29 12:15,17.47,0.0,,,,18.0,29.0,0.0,0.0,0.0,0.0,0.0,0.0,0.0,0.0,0.0,0.3,low,0.0,0.0,0.0,0
2026-07-26T16:54:06.941045,09/29 13:15,18.18,0.0,,,,18.0,29.0,0.0,0.0,0.0,0.0,0.0,0.0,0.0,0.0,0.0,0.3,low,0.0,0.0,0.0,0
2026-07-26T16:54:06.978857,09/29 14:15,18.08,0.0,,,,18.0,29.0,0.0,0.0,0.0,0.0,0.0,0.0,0.0,0.0,0.0,0.3,low,0.0,0.0,0.0,0
2026-07-26T16:54:07.004496,09/29 15:15,18.9,0.0,,,,18.0,29.0,0.0,0.0,0.0,0.0,0.0,0.0,0.0,0.0,0.0,0.3,low,0.0,0.0,0.0,0
2026-07-26T16:54:07.030229,09/29 16:15,18.75,0.0,,,,18.0,29.0,0.0,0.0,0.0,0.0,0.0,0.0,0.0,0.0,0.0,0.55,high,0.0,0.0,0.0,0
2026-07-26T16:54:07.054301,09/29 17:15,18.03,0.0,,,,18.0,29.0,0.0,0.0,0.0,0.0,0.0,0.0,0.0,0.0,0.0,0.55,high,0.0,0.0,0.0,0
2026-07-26T16:54:07.078379,09/29 18:23,16.8,0.0,,,,18.0,29.0,0.0,0.0,0.0,0.0,0.0,0.0,0.0,0.0,0.0,0.55,high,0.0,0.0,0.0,0
2026-07-26T16:54:26.303436,09/29 19:15,15.45,0.0,,,,18.0,29.0,0.0,0.0,0.0,0.0,0.0,0.0,0.0,0.0,0.0,0.55,high,0.0,0.0,0.0,0
2026-07-26T16:54:26.325485,09/29 20:15,15.28,0.0,,,,18.0,29.0,0.0,0.0,0.0,0.0,0.0,0.0,0.0,0.0,0.0,0.55,high,0.0,0.0,0.0,0
2026-07-26T16:54:26.346535,09/29 21:15,15.83,0.0,,,,18.0,29.0,0.0,0.0,0.0,0.0,0.0,0.0,0.0,0.0,0.0,0.4,moderate,0.0,0.0,0.0,0
2026-07-26T16:54:26.366093,09/29 22:15,14.72,0.0,,,,18.0,29.0,0.0,0.0,0.0,0.0,0.0,0.0,0.0,0.0,0.0,0.4,moderate,0.0,0.0,0.0,0
2026-07-26T16:54:26.386131,09/29 23:15,13.48,0.0,,,,18.0,29.0,0.0,0.0,0.0,0.0,0.0,0.0,0.0,0.0,0.0,0.4,moderate,0.0,0.0,0.0,0
2026-07-26T16:54:26.406180,09/30 00:15,12.07,0.0,,,,18.0,29.0,0.0,0.0,0.0,0.0,0.0,0.0,0.0,0.0,0.0,0.34,low,0.0,0.0,0.0,0
2026-07-26T16:54:45.367180,09/30 01:15,11.55,0.0,,,,18.0,29.0,0.0,0.0,0.0,0.0,0.0,0.0,0.0,0.0,0.0,0.34,low,0.0,0.0,0.0,0
2026-07-26T16:54:45.391774,09/30 02:15,11.1,0.0,,,,18.0,29.0,0.0,0.0,0.0,0.0,0.0,0.0,0.0,0.0,0.0,0.34,low,0.0,0.0,0.0,0
2026-07-26T16:54:45.414854,09/30 03:15,10.97,0.0,,,,18.0,29.0,0.0,0.0,0.0,0.0,0.0,0.0,0.0,0.0,0.0,0.34,low,0.0,0.0,0.0,0
2026-07-26T16:54:45.438932,09/30 04:15,10.6,0.0,,,,18.0,29.0,0.0,0.0,0.0,0.0,0.0,0.0,0.0,0.0,0.0,0.34,low,0.0,0.0,0.0,0
2026-07-26T16:54:45.460497,09/30 05:15,10.45,0.0,,,,18.0,29.0,0.0,0.0,0.0,0.0,0.0,0.0,0.0,0.0,0.0,0.34,low,0.0,0.0,0.0,0
2026-07-26T16:54:45.484100,09/30 06:15,10.43,0.0,,,,18.0,29.0,0.0,0.0,0.0,0.0,0.0,0.0,0.0,0.0,0.0,0.43,moderate,0.0,0.0,0.0,0
2026-07-26T16:55:05.017188,09/30 07:15,11.97,0.0,,,,18.0,29.0,0.3764,0.094094,0.11944,0.094094,0.023098,0.0,0.0,0.082612,0.094094,0.43,moderate,0.04046,0.0,0.04046,0
2026-07-26T16:55:05.042786,09/30 08:15,12.8,0.0,,,,18.0,29.0,0.3764,0.094094,0.13662,0.094094,0.027386,0.0,0.0,0.169591,0.094094,0.43,moderate,0.04046,0.0,0.04046,0
2026-07-26T16:55:05.115988,09/30 09:23,13.08,52.0,21.82,21.0,22.49,21.0,26.0,0.3764,0.094094,0.14283,0.094094,0.037074,0.016121,0.016426,0.190879,0.110215,0.43,moderate,0.04046,0.002918,0.043378,0
2026-07-26T16:55:05.145547,09/30 10:23,14.6,52.0,23.63,22.18,24.78,21.0,26.0,0.3764,0.094094,0.159746,0.094094,0.038826,0.0,0.0,0.299155,0.094094,0.3,low,0.028228,0.0,0.028228,0
2026-07-26T16:55:05.173717,09/30 11:23,16.82,52.0,24.52,23.03,25.5,21.0,25.5,0.3791,0.094777,0.213089,0.094777,0.045626,0.0,0.0,0.588262,0.094777,0.3,low,0.028433,0.0,0.028433,0
2026-07-26T16:55:05.201875,09/30 12:23,17.62,41.6,24.8,23.34,25.5,21.0,25.5,0.3771,0.094265,0.222892,0.094265,0.05424,0.0,0.0,0.614663,0.094265,0.3,low,0.028279,0.0,0.028279,0
2026-07-26T16:55:29.403277,09/30 13:15,18.75,20.8,24.53,23.18,24.95,21.0,25.0,0.3764,0.094094,0.249339,0.094094,0.065389,0.0,0.0,0.747372,0.094094,0.3,low,0.028228,0.0,0.028228,0
2026-07-26T16:55:29.431440,09/30 14:15,18.3,41.6,24.7,23.89,25.0,21.0,25.0,0.4,0.099995,0.32438,0.099995,0.071903,0.0,0.0,1.147841,0.099995,0.3,low,0.029998,0.0,0.029998,0
2026-07-26T16:55:29.483780,09/30 15:15,17.75,52.0,24.8,24.41,25.0,21.0,25.0,0.4085,0.102125,0.355974,0.102125,0.071889,0.0,0.0,1.304874,0.102125,0.3,low,0.030637,0.0,0.030637,0
2026-07-26T16:55:29.515539,09/30 16:15,16.1,52.0,24.67,23.89,25.0,21.0,25.0,0.3944,0.098593,0.281023,0.098593,0.068545,0.0,0.0,0.914864,0.098593,0.55,high,0.054226,0.0,0.054226,0
2026-07-26T16:55:29.544128,09/30 17:15,15.55,52.0,24.28,23.21,25.0,21.0,25.0,0.3807,0.09517,0.229987,0.09517,0.068541,0.0,0.0,0.64419,0.09517,0.55,high,0.052344,0.0,0.052344,0
2026-07-26T16:55:29.571613,09/30 18:15,13.35,52.0,23.69,22.66,25.0,21.0,25.0,0.379,0.09475,0.190365,0.09475,0.064996,0.0,0.0,0.428561,0.09475,0.55,high,0.052113,0.0,0.052113,0
2026-07-26T16:55:54.599499,09/30 19:15,11.12,26.0,22.24,21.37,23.75,20.0,26.0,0.3764,0.094094,0.142492,0.094094,0.039516,0.0,0.0,0.179064,0.094094,0.55,high,0.051752,0.0,0.051752,0
2026-07-26T16:55:54.629062,09/30 20:15,9.12,0.0,,,,20.0,26.0,0.3764,0.094094,0.0,0.094094,4e-05,0.022798,0.026483,0.0,0.116892,0.55,high,0.051752,0.004126,0.055878,0
2026-07-26T16:55:54.655329,09/30 21:15,8.48,0.0,,,,20.0,26.0,0.0,0.0,0.0,0.0,0.0,0.0,0.0,0.0,0.0,0.4,moderate,0.0,0.0,0.0,0
2026-07-26T16:55:54.677382,09/30 22:15,9.18,0.0,,,,20.0,26.0,0.0,0.0,0.0,0.0,0.0,0.0,0.0,0.0,0.0,0.4,moderate,0.0,0.0,0.0,0
2026-07-26T16:55:54.698517,09/30 23:15,9.88,0.0,,,,20.0,26.0,0.0,0.0,0.0,0.0,0.0,0.0,0.0,0.0,0.0,0.4,moderate,0.0,0.0,0.0,0
2026-07-26T16:55:54.722146,10/01 00:15,10.6,0.0,,,,20.0,26.0,0.0,0.0,0.0,0.0,0.0,0.0,0.0,0.0,0.0,0.34,low,0.0,0.0,0.0,0
2026-07-26T16:56:15.784822,10/01 01:15,11.37,0.0,,,,18.0,28.0,0.3764,0.094094,0.0,0.094094,0.0,0.0,0.0,0.0,0.094094,0.34,low,0.031992,0.0,0.031992,0
2026-07-26T16:56:15.808907,10/01 02:15,12.08,0.0,,,,18.0,28.0,0.3764,0.094094,0.0,0.094094,0.0,0.0,0.0,0.0,0.094094,0.34,low,0.031992,0.0,0.031992,0
2026-07-26T16:56:15.856556,10/01 03:15,12.77,0.0,,,,18.0,28.0,0.3764,0.094094,0.0,0.094094,0.0,0.0,0.0,0.0,0.094094,0.34,low,0.031992,0.0,0.031992,0
2026-07-26T16:56:15.877619,10/01 04:15,12.75,0.0,,,,18.0,28.0,0.3764,0.094094,0.0,0.094094,0.0,0.0,0.0,0.0,0.094094,0.34,low,0.031992,0.0,0.031992,0
2026-07-26T16:56:15.898691,10/01 05:15,10.82,0.0,,,,18.0,28.0,0.3764,0.094094,0.0,0.094094,0.0,0.0,0.0,0.0,0.094094,0.34,low,0.031992,0.0,0.031992,0
2026-07-26T16:56:15.918258,10/01 06:15,10.43,0.0,,,,18.0,28.0,0.3764,0.094094,0.0,0.094094,0.0,0.0,0.0,0.0,0.094094,0.43,moderate,0.04046,0.0,0.04046,0
2026-07-26T16:56:35.091462,10/01 07:23,12.37,0.0,,,,18.0,29.0,0.3764,0.094094,0.107359,0.094094,0.010893,0.271677,0.214794,0.015827,0.365771,0.43,moderate,0.04046,0.049174,0.089634,0
2026-07-26T16:56:35.122669,10/01 08:23,14.83,0.0,,,,18.0,29.0,0.3764,0.094094,0.141351,0.094094,0.015859,0.267081,0.212231,0.229485,0.361175,0.43,moderate,0.04046,0.048342,0.088802,0
2026-07-26T16:56:35.150224,10/01 09:23,16.25,52.0,22.95,21.46,25.76,20.5,26.0,0.3764,0.094094,0.170528,0.094094,0.023908,0.228487,0.186974,0.363897,0.322581,0.43,moderate,0.04046,0.041356,0.081817,0
2026-07-26T16:56:35.177324,10/01 10:23,17.1,52.0,24.31,23.01,25.5,20.5,25.5,0.3911,0.097769,0.181563,0.097769,0.030145,0.009417,0.010958,0.41092,0.107186,0.3,low,0.029331,0.001704,0.031035,0
2026-07-26T16:56:35.203929,10/01 11:23,18.58,52.0,25.03,23.85,25.5,20.5,25.5,0.3911,0.097782,0.213473,0.097782,0.035764,0.0,0.0,0.588797,0.097782,0.3,low,0.029335,0.0,0.029335,0
2026-07-26T16:56:35.228982,10/01 12:23,19.4,41.6,25.26,24.31,25.5,20.5,25.5,0.3994,0.099851,0.259992,0.099851,0.04516,0.0,0.0,0.830356,0.099851,0.3,low,0.029955,0.0,0.029955,0
2026-07-26T16:56:56.873255,10/01 13:15,19.4,20.8,24.84,24.19,25.0,20.5,25.0,0.4079,0.101979,0.288092,0.101979,0.043052,0.0,0.0,0.964281,0.101979,0.3,low,0.030594,0.0,0.030594,0
2026-07-26T16:56:56.902175,10/01 14:15,19.4,41.6,24.96,24.81,25.0,20.5,25.0,0.4487,0.112177,0.371812,0.112177,0.048289,0.0,0.0,1.401844,0.112177,0.3,low,0.033653,0.0,0.033653,0
2026-07-26T16:56:56.926789,10/01 15:15,19.0,52.0,25.0,25.0,25.0,20.5,25.0,0.4777,0.11942,0.419858,0.11942,0.045658,0.0,0.0,1.65892,0.11942,0.3,low,0.035826,0.0,0.035826,0
2026-07-26T16:56:56.947979,10/01 16:15,17.53,52.0,24.95,24.74,25.0,20.5,25.0,0.4511,0.112777,0.360413,0.112777,0.041272,0.0,0.0,1.349405,0.112777,0.55,high,0.062027,0.0,0.062027,0
2026-07-26T16:56:56.970156,10/01 17:15,16.27,52.0,24.77,24.06,25.0,20.5,25.0,0.4014,0.100352,0.245549,0.100352,0.040079,0.0,0.0,0.734154,0.100352,0.55,high,0.055194,0.0,0.055194,0
2026-07-26T16:56:56.992632,10/01 18:15,14.72,52.0,24.34,23.51,25.0,20.5,25.0,0.3851,0.096282,0.170726,0.096282,0.034797,0.0,0.0,0.343176,0.096282,0.55,high,0.052955,0.0,0.052955,0
2026-07-26T16:57:18.596521,10/01 19:15,13.48,26.0,22.95,22.19,24.11,20.0,26.0,0.3764,0.094094,0.141443,0.094094,0.027791,0.12319,0.107527,0.189624,0.217284,0.55,high,0.051752,0.022297,0.074049,0
2026-07-26T16:57:18.634642,10/01 20:23,12.2,0.0,,,,20.0,26.0,0.3764,0.094094,0.118868,0.094094,0.021496,0.163611,0.134391,0.055342,0.257705,0.55,high,0.051752,0.029614,0.081365,0
2026-07-26T16:57:18.657247,10/01 21:15,11.92,0.0,,,,20.0,26.0,0.3764,0.094094,0.0,0.094094,0.0,0.0,0.0,0.0,0.094094,0.4,moderate,0.037638,0.0,0.037638,0
2026-07-26T16:57:18.680381,10/01 22:15,11.1,0.0,,,,20.0,26.0,0.3764,0.094094,0.0,0.094094,0.0,0.0,0.0,0.0,0.094094,0.4,moderate,0.037638,0.0,0.037638,0
2026-07-26T16:57:18.703491,10/01 23:15,10.82,0.0,,,,20.0,26.0,0.3764,0.094094,0.0,0.094094,0.0,0.0,0.0,0.0,0.094094,0.4,moderate,0.037638,0.0,0.037638,0
2026-07-26T16:57:18.753694,10/02 00:15,10.15,0.0,,,,20.0,26.0,0.3764,0.094094,0.0,0.094094,0.0,0.0,0.0,0.0,0.094094,0.34,low,0.031992,0.0,0.031992,0
2026-07-26T16:57:40.111185,10/02 01:15,10.3,0.0,,,,18.0,28.0,0.3764,0.094094,0.0,0.094094,0.0,0.0,0.0,0.0,0.094094,0.34,low,0.031992,0.0,0.031992,0
2026-07-26T16:57:40.138285,10/02 02:15,9.28,0.0,,,,18.0,28.0,0.3764,0.094094,0.0,0.094094,0.0,0.0,0.0,0.0,0.094094,0.34,low,0.031992,0.0,0.031992,0
2026-07-26T16:57:40.162337,10/02 03:15,8.9,0.0,,,,18.0,28.0,0.3764,0.094094,0.0,0.094094,0.0,0.0,0.0,0.0,0.094094,0.34,low,0.031992,0.0,0.031992,0
2026-07-26T16:57:40.185400,10/02 04:15,8.9,0.0,,,,18.0,28.0,0.3764,0.094094,0.0,0.094094,0.0,0.0,0.0,0.0,0.094094,0.34,low,0.031992,0.0,0.031992,0
2026-07-26T16:57:40.206462,10/02 05:15,9.03,0.0,,,,18.0,28.0,0.3764,0.094094,0.0,0.094094,0.0,0.0,0.0,0.0,0.094094,0.34,low,0.031992,0.0,0.031992,0
2026-07-26T16:57:40.226415,10/02 06:15,9.83,0.0,,,,18.0,28.0,0.3764,0.094094,0.0,0.094094,0.0,0.0,0.0,0.0,0.094094,0.43,moderate,0.04046,0.0,0.04046,0
2026-07-26T16:57:59.799597,10/02 07:23,11.92,0.0,,,,18.0,29.0,0.3764,0.094094,0.0,0.094094,0.000531,0.317069,0.250513,0.0,0.411163,0.43,moderate,0.04046,0.057389,0.09785,0
2026-07-26T16:57:59.830714,10/02 08:23,15.1,0.0,,,,18.0,29.0,0.3764,0.094094,0.138241,0.094094,0.013179,0.264168,0.216264,0.229769,0.358262,0.43,moderate,0.04046,0.047814,0.088275,0
2026-07-26T16:57:59.863819,10/02 09:23,17.75,52.0,22.88,21.38,25.54,20.5,26.0,0.3764,0.094094,0.193631,0.094094,0.022796,0.22881,0.190755,0.498341,0.322904,0.43,moderate,0.04046,0.041415,0.081875,0
2026-07-26T16:57:59.894450,10/02 10:23,19.7,52.0,24.27,22.98,25.5,20.5,25.5,0.387,0.09676,0.230629,0.09676,0.028746,0.057767,0.058104,0.682244,0.154527,0.3,low,0.029028,0.010456,0.039484,0
2026-07-26T16:57:59.922025,10/02 11:23,21.0,52.0,24.99,23.79,25.5,20.5,25.5,0.3882,0.09706,0.254398,0.09706,0.033442,0.0,0.0,0.799016,0.09706,0.3,low,0.029118,0.0,0.029118,0
2026-07-26T16:57:59.945069,10/02 12:15,22.35,41.6,25.23,24.14,25.5,20.5,25.5,0.3897,0.09743,0.287326,0.09743,0.037789,0.0,0.0,0.973415,0.09743,0.3,low,0.029229,0.0,0.029229,0
2026-07-26T16:58:19.588678,10/02 13:15,22.65,20.8,24.8,23.99,25.0,20.5,25.0,0.3993,0.099835,0.322688,0.099835,0.038478,0.0,0.0,1.129043,0.099835,0.3,low,0.02995,0.0,0.02995,0
2026-07-26T16:58:19.616776,10/02 14:15,22.07,41.6,24.93,24.67,25.0,20.5,25.0,0.4413,0.110313,0.401226,0.110313,0.039666,0.0,0.0,1.530585,0.110313,0.3,low,0.033094,0.0,0.033094,0
2026-07-26T16:58:19.670959,10/02 15:15,21.42,52.0,25.0,25.0,25.0,20.5,25.0,0.4402,0.110046,0.401207,0.110046,0.040848,0.0,0.0,1.523513,0.110046,0.3,low,0.033014,0.0,0.033014,0
2026-07-26T16:58:19.696013,10/02 16:15,20.45,52.0,24.85,24.58,25.0,20.5,25.0,0.4076,0.101899,0.319223,0.101899,0.04136,0.0,0.0,1.110744,0.101899,0.55,high,0.056044,0.0,0.056044,0
2026-07-26T16:58:19.721084,10/02 17:15,19.18,52.0,24.55,23.92,25.0,20.5,25.0,0.385,0.096243,0.243393,0.096243,0.038712,0.0,0.0,0.735375,0.096243,0.55,high,0.052934,0.0,0.052934,0
2026-07-26T16:58:19.746195,10/02 18:15,16.55,52.0,24.16,23.41,25.0,20.5,25.0,0.3833,0.095813,0.219248,0.095813,0.035131,0.0,0.0,0.613679,0.095813,0.55,high,0.052697,0.0,0.052697,0
2026-07-26T16:58:42.832768,10/02 19:15,16.1,26.0,22.92,22.17,24.06,20.0,26.0,0.3764,0.094094,0.227539,0.094094,0.035856,0.12993,0.112135,0.672938,0.224024,0.55,high,0.051752,0.023517,0.075269,0
2026-07-26T16:58:42.866396,10/02 20:15,16.1,0.0,,,,20.0,26.0,0.3764,0.094094,0.228275,0.094094,0.032581,0.164652,0.13504,0.673049,0.258746,0.55,high,0.051752,0.029802,0.081554,0
2026-07-26T16:58:42.909546,10/02 21:15,15.98,0.0,,,,20.0,26.0,0.3764,0.094094,0.0,0.094094,0.0,0.0,0.0,0.0,0.094094,0.4,moderate,0.037638,0.0,0.037638,0
2026-07-26T16:58:42.935686,10/02 22:15,15.45,0.0,,,,20.0,26.0,0.3764,0.094094,0.0,0.094094,0.0,0.0,0.0,0.0,0.094094,0.4,moderate,0.037638,0.0,0.037638,0
2026-07-26T16:58:42.958673,10/02 23:15,15.0,0.0,,,,20.0,26.0,0.3764,0.094094,0.0,0.094094,0.0,0.0,0.0,0.0,0.094094,0.4,moderate,0.037638,0.0,0.037638,0
2026-07-26T16:58:42.982262,10/03 00:15,15.0,0.0,,,,20.0,26.0,0.3764,0.094094,0.0,0.094094,0.0,0.0,0.0,0.0,0.094094,0.34,low,0.031992,0.0,0.031992,0
2026-07-26T16:59:04.609376,10/03 01:15,15.0,0.0,,,,18.0,28.0,0.3764,0.094094,0.0,0.094094,0.0,0.0,0.0,0.0,0.094094,0.34,low,0.031992,0.0,0.031992,0
2026-07-26T16:59:04.632967,10/03 02:15,15.0,0.0,,,,18.0,28.0,0.3764,0.094094,0.0,0.094094,0.0,0.0,0.0,0.0,0.094094,0.34,low,0.031992,0.0,0.031992,0
2026-07-26T16:59:04.653022,10/03 03:15,15.0,0.0,,,,18.0,28.0,0.3764,0.094094,0.0,0.094094,0.0,0.0,0.0,0.0,0.094094,0.34,low,0.031992,0.0,0.031992,0
2026-07-26T16:59:04.673069,10/03 04:15,15.0,0.0,,,,18.0,28.0,0.3764,0.094094,0.0,0.094094,0.0,0.0,0.0,0.0,0.094094,0.34,low,0.031992,0.0,0.031992,0
2026-07-26T16:59:04.691813,10/03 05:15,15.0,0.0,,,,18.0,28.0,0.3764,0.094094,0.0,0.094094,0.0,0.0,0.0,0.0,0.094094,0.34,low,0.031992,0.0,0.031992,0
2026-07-26T16:59:04.710356,10/03 06:15,15.15,0.0,,,,18.0,28.0,0.3764,0.094094,0.0,0.094094,0.0,0.0,0.0,0.0,0.094094,0.43,moderate,0.04046,0.0,0.04046,0
2026-07-26T16:59:24.296965,10/03 07:15,15.6,0.0,,,,18.0,29.0,0.3764,0.094094,0.219525,0.094094,0.023674,0.264823,0.203021,0.635993,0.358917,0.43,moderate,0.04046,0.047933,0.088393,0
2026-07-26T16:59:24.322558,10/03 08:15,15.6,0.0,,,,18.0,29.0,0.3764,0.094094,0.220252,0.094094,0.023922,0.260204,0.203879,0.635993,0.354298,0.43,moderate,0.04046,0.047097,0.087557,0
2026-07-26T16:59:24.350667,10/03 09:23,15.45,52.0,22.25,21.65,22.81,20.5,26.0,0.3764,0.094094,0.209835,0.094094,0.024859,0.227641,0.184355,0.570793,0.321735,0.43,moderate,0.04046,0.041203,0.081663,0
2026-07-26T16:59:24.375737,10/03 10:15,15.15,52.0,23.81,23.08,24.44,20.5,26.0,0.3764,0.094094,0.187692,0.094094,0.023426,0.201074,0.165839,0.449055,0.295168,0.3,low,0.028228,0.036394,0.064623,0
2026-07-26T16:59:24.398802,10/03 11:15,16.0,52.0,24.55,23.77,25.1,20.5,26.0,0.3764,0.094094,0.196741,0.094094,0.025866,0.178562,0.14897,0.505674,0.272656,0.3,low,0.028228,0.03232,0.060548,0
2026-07-26T16:59:24.438905,10/03 12:15,17.47,41.6,24.9,24.04,25.36,20.5,26.0,0.3764,0.094094,0.218085,0.094094,0.029718,0.160014,0.134386,0.619098,0.254108,0.3,low,0.028228,0.028963,0.057191,0
2026-07-26T16:59:45.994655,10/03 13:15,18.58,20.8,24.69,23.9,25.0,20.5,25.0,0.3791,0.094778,0.20432,0.094778,0.030877,0.092745,0.083713,0.5383,0.187523,0.3,low,0.028433,0.016787,0.04522,0
2026-07-26T16:59:46.019749,10/03 14:15,19.12,41.6,24.85,24.47,25.0,20.5,25.0,0.4122,0.103047,0.289407,0.103047,0.043433,0.0,0.0,0.973015,0.103047,0.3,low,0.030914,0.0,0.030914,0
2026-07-26T16:59:46.043387,10/03 15:15,18.03,52.0,24.95,24.76,25.0,20.5,25.0,0.4301,0.107521,0.307305,0.107521,0.03073,0.0,0.0,1.092359,0.107521,0.3,low,0.032256,0.0,0.032256,0
2026-07-26T16:59:46.067006,10/03 16:15,16.92,52.0,24.86,24.36,25.0,20.5,25.0,0.4066,0.101646,0.252741,0.101646,0.030888,0.0,0.0,0.784173,0.101646,0.55,high,0.055905,0.0,0.055905,0
2026-07-26T16:59:46.090634,10/03 17:15,15.68,52.0,24.55,23.75,25.0,20.5,25.0,0.3863,0.096567,0.186066,0.096567,0.030909,0.0,0.0,0.426102,0.096567,0.55,high,0.053112,0.0,0.053112,0
2026-07-26T16:59:46.116758,10/03 18:15,14.12,52.0,24.05,23.26,25.0,20.5,25.0,0.3821,0.095523,0.149894,0.095523,0.029029,0.00725,0.008428,0.228663,0.102773,0.55,high,0.052538,0.001312,0.05385,0
2026-07-26T17:00:07.646677,10/03 19:15,13.03,26.0,22.69,21.98,23.97,20.0,26.0,0.3764,0.094094,0.133443,0.094094,0.026436,0.142569,0.118561,0.141913,0.236663,0.55,high,0.051752,0.025805,0.077557,0
2026-07-26T17:00:07.675261,10/03 20:15,11.8,0.0,,,,20.0,26.0,0.3764,0.094094,0.118345,0.094094,0.023186,0.178447,0.14247,0.055229,0.272541,0.55,high,0.051752,0.032299,0.084051,0
2026-07-26T17:00:07.699326,10/03 21:15,10.45,0.0,,,,20.0,26.0,0.3764,0.094094,0.0,0.094094,0.0,0.0,0.0,0.0,0.094094,0.4,moderate,0.037638,0.0,0.037638,0
2026-07-26T17:00:07.738936,10/03 22:15,10.0,0.0,,,,20.0,26.0,0.3764,0.094094,0.0,0.094094,0.0,0.0,0.0,0.0,0.094094,0.4,moderate,0.037638,0.0,0.037638,0
2026-07-26T17:00:07.758993,10/03 23:15,9.72,0.0,,,,20.0,26.0,0.3764,0.094094,0.0,0.094094,0.0,0.0,0.0,0.0,0.094094,0.4,moderate,0.037638,0.0,0.037638,0
2026-07-26T17:00:07.780547,10/04 00:15,9.03,0.0,,,,20.0,26.0,0.3764,0.094094,0.0,0.094094,2.5e-05,0.017233,0.020083,0.0,0.111327,0.34,low,0.031992,0.003119,0.035111,0
2026-07-26T17:00:28.671096,10/04 01:15,9.4,0.0,,,,18.0,28.0,0.3764,0.094094,0.0,0.094094,0.0,0.0,0.0,0.0,0.094094,0.34,low,0.031992,0.0,0.031992,0
2026-07-26T17:00:28.708704,10/04 02:15,9.4,0.0,,,,18.0,28.0,0.3764,0.094094,0.0,0.094094,0.0,0.0,0.0,0.0,0.094094,0.34,low,0.031992,0.0,0.031992,0
2026-07-26T17:00:28.730755,10/04 03:15,9.55,0.0,,,,18.0,28.0,0.3764,0.094094,0.0,0.094094,0.0,0.0,0.0,0.0,0.094094,0.34,low,0.031992,0.0,0.031992,0
2026-07-26T17:00:28.753881,10/04 04:15,9.72,0.0,,,,18.0,28.0,0.3764,0.094094,0.0,0.094094,0.0,0.0,0.0,0.0,0.094094,0.34,low,0.031992,0.0,0.031992,0
2026-07-26T17:00:28.776922,10/04 05:15,8.9,0.0,,,,18.0,28.0,0.3764,0.094094,0.0,0.094094,0.0,0.0,0.0,0.0,0.094094,0.34,low,0.031992,0.0,0.031992,0
2026-07-26T17:00:28.798968,10/04 06:15,9.18,0.0,,,,18.0,28.0,0.3764,0.094094,0.0,0.094094,0.0,0.0,0.0,0.0,0.094094,0.43,moderate,0.04046,0.0,0.04046,0
2026-07-26T17:00:50.765447,10/04 07:15,10.15,0.0,,,,18.0,29.0,0.3764,0.094094,0.0,0.094094,0.000808,0.448053,0.339542,0.0,0.542147,0.43,moderate,0.04046,0.081098,0.121558,0
2026-07-26T17:00:50.793673,10/04 08:15,11.15,0.0,,,,18.0,29.0,0.3764,0.094094,0.0,0.094094,0.000654,0.356405,0.292379,0.0,0.450499,0.43,moderate,0.04046,0.064509,0.10497,0
2026-07-26T17:00:50.825256,10/04 09:23,12.93,52.0,21.83,21.07,22.49,21.0,26.0,0.3764,0.094094,0.119673,0.094094,0.015005,0.245233,0.201263,0.102729,0.339327,0.43,moderate,0.04046,0.044387,0.084848,0
2026-07-26T17:00:50.854890,10/04 10:23,13.58,52.0,23.55,22.54,24.22,21.0,26.0,0.3764,0.094094,0.130256,0.094094,0.017037,0.217382,0.179761,0.141992,0.311476,0.3,low,0.028228,0.039346,0.067574,0
2026-07-26T17:00:50.879513,10/04 11:15,14.28,52.0,24.06,23.15,24.86,21.0,26.0,0.3764,0.094094,0.145261,0.094094,0.020786,0.195102,0.16216,0.228722,0.289196,0.3,low,0.028228,0.035313,0.063542,0
2026-07-26T17:00:50.905158,10/04 12:15,14.18,41.6,24.2,23.36,25.02,21.0,26.0,0.3764,0.094094,0.140685,0.094094,0.021613,0.178262,0.148583,0.189387,0.272356,0.3,low,0.028228,0.032265,0.060494,0
2026-07-26T17:01:13.549240,10/04 13:15,15.15,20.8,23.99,23.21,24.71,21.0,25.0,0.3764,0.094094,0.159903,0.094094,0.031979,0.169743,0.140985,0.276331,0.263837,0.3,low,0.028228,0.030723,0.058952,0
2026-07-26T17:01:13.578355,10/04 14:15,15.88,41.6,24.62,23.96,25.0,21.0,25.0,0.3864,0.096598,0.165928,0.096598,0.035651,0.0,0.0,0.328236,0.096598,0.3,low,0.028979,0.0,0.028979,0
2026-07-26T17:01:13.600920,10/04 15:15,16.7,52.0,24.75,24.3,25.0,21.0,25.0,0.4037,0.10093,0.220451,0.10093,0.037212,0.0,0.0,0.644349,0.10093,0.3,low,0.030279,0.0,0.030279,0
2026-07-26T17:01:13.625020,10/04 16:15,16.27,52.0,24.82,24.11,25.0,21.0,25.0,0.403,0.100748,0.228141,0.100748,0.039336,0.0,0.0,0.659112,0.100748,0.55,high,0.055411,0.0,0.055411,0
2026-07-26T17:01:13.663122,10/04 17:15,14.72,52.0,24.5,23.58,25.0,21.0,25.0,0.3844,0.09611,0.162253,0.09611,0.033022,0.0,0.0,0.293639,0.09611,0.55,high,0.052861,0.0,0.052861,0
2026-07-26T17:01:13.684676,10/04 18:15,13.9,52.0,24.01,23.16,25.0,21.0,25.0,0.3808,0.095195,0.13932,0.095195,0.025515,0.039321,0.03893,0.189578,0.134516,0.55,high,0.052357,0.007117,0.059474,0
2026-07-26T17:01:33.697548,10/04 19:15,13.75,26.0,22.69,21.95,23.93,20.0,26.0,0.3764,0.094094,0.140693,0.094094,0.028353,0.149161,0.122332,0.189582,0.243255,0.55,high,0.051752,0.026998,0.07875,0
2026-07-26T17:01:33.722112,10/04 20:15,13.18,0.0,,,,20.0,26.0,0.3764,0.094094,0.132382,0.094094,0.024102,0.183569,0.145256,0.142228,0.277663,0.55,high,0.051752,0.033226,0.084978,0
2026-07-26T17:01:33.742155,10/04 21:15,12.93,0.0,,,,20.0,26.0,0.3764,0.094094,0.0,0.094094,0.0,0.0,0.0,0.0,0.094094,0.4,moderate,0.037638,0.0,0.037638,0
2026-07-26T17:01:33.760698,10/04 22:15,13.3,0.0,,,,20.0,26.0,0.3764,0.094094,0.0,0.094094,0.0,0.0,0.0,0.0,0.094094,0.4,moderate,0.037638,0.0,0.037638,0
2026-07-26T17:01:33.778749,10/04 23:15,13.03,0.0,,,,20.0,26.0,0.3764,0.094094,0.0,0.094094,0.0,0.0,0.0,0.0,0.094094,0.4,moderate,0.037638,0.0,0.037638,0
2026-07-26T17:01:33.796323,10/05 00:15,12.47,0.0,,,,20.0,26.0,0.3764,0.094094,0.0,0.094094,0.0,0.0,0.0,0.0,0.094094,0.34,low,0.031992,0.0,0.031992,0
2026-07-26T17:01:53.538236,10/05 01:15,13.18,0.0,,,,18.0,28.0,0.3764,0.094094,0.0,0.094094,0.0,0.0,0.0,0.0,0.094094,0.34,low,0.031992,0.0,0.031992,0
2026-07-26T17:01:53.563821,10/05 02:15,12.8,0.0,,,,18.0,28.0,0.3764,0.094094,0.0,0.094094,0.0,0.0,0.0,0.0,0.094094,0.34,low,0.031992,0.0,0.031992,0
2026-07-26T17:01:53.586871,10/05 03:15,13.08,0.0,,,,18.0,28.0,0.3764,0.094094,0.0,0.094094,0.0,0.0,0.0,0.0,0.094094,0.34,low,0.031992,0.0,0.031992,0
2026-07-26T17:01:53.625521,10/05 04:15,14.18,0.0,,,,18.0,28.0,0.3764,0.094094,0.0,0.094094,0.0,0.0,0.0,0.0,0.094094,0.34,low,0.031992,0.0,0.031992,0
2026-07-26T17:01:53.646568,10/05 05:15,14.85,0.0,,,,18.0,28.0,0.3764,0.094094,0.0,0.094094,0.0,0.0,0.0,0.0,0.094094,0.34,low,0.031992,0.0,0.031992,0
2026-07-26T17:01:53.665605,10/05 06:15,14.4,0.0,,,,18.0,28.0,0.3764,0.094094,0.0,0.094094,0.0,0.0,0.0,0.0,0.094094,0.43,moderate,0.04046,0.0,0.04046,0
2026-07-26T17:02:14.686337,10/05 07:15,14.55,0.0,,,,18.0,29.0,0.3764,0.094094,0.0,0.094094,0.0,0.0,0.0,0.0,0.094094,0.43,moderate,0.04046,0.0,0.04046,0
2026-07-26T17:02:14.712934,10/05 08:23,15.15,0.0,,,,18.0,29.0,0.3764,0.094094,0.0,0.094094,0.0,0.0,0.0,0.0,0.094094,0.43,moderate,0.04046,0.0,0.04046,0
2026-07-26T17:02:14.738017,10/05 09:23,15.6,0.0,,,,18.0,29.0,0.3764,0.094094,0.0,0.094094,0.0,0.0,0.0,0.0,0.094094,0.43,moderate,0.04046,0.0,0.04046,0
2026-07-26T17:02:14.761580,10/05 10:15,15.45,0.0,,,,18.0,29.0,0.3764,0.094094,0.0,0.094094,0.0,0.0,0.0,0.0,0.094094,0.3,low,0.028228,0.0,0.028228,0
2026-07-26T17:02:14.785193,10/05 11:15,15.0,0.0,,,,18.0,29.0,0.3764,0.094094,0.0,0.094094,0.0,0.0,0.0,0.0,0.094094,0.3,low,0.028228,0.0,0.028228,0
2026-07-26T17:02:14.806254,10/05 12:23,14.45,0.0,,,,18.0,29.0,0.3764,0.094094,0.0,0.094094,0.0,0.0,0.0,0.0,0.094094,0.3,low,0.028228,0.0,0.028228,0
2026-07-26T17:02:37.071411,10/05 13:15,12.65,0.0,,,,18.0,29.0,0.3764,0.094094,0.0,0.094094,0.0,0.0,0.0,0.0,0.094094,0.3,low,0.028228,0.0,0.028228,0
2026-07-26T17:02:37.117520,10/05 14:15,12.2,0.0,,,,18.0,29.0,0.3764,0.094094,0.0,0.094094,0.0,0.0,0.0,0.0,0.094094,0.3,low,0.028228,0.0,0.028228,0
2026-07-26T17:02:37.143140,10/05 15:15,12.07,0.0,,,,18.0,29.0,0.3764,0.094094,0.0,0.094094,0.0,0.0,0.0,0.0,0.094094,0.3,low,0.028228,0.0,0.028228,0
2026-07-26T17:02:37.168236,10/05 16:15,11.7,0.0,,,,18.0,29.0,0.3764,0.094094,0.0,0.094094,0.0,0.0,0.0,0.0,0.094094,0.55,high,0.051752,0.0,0.051752,0
2026-07-26T17:02:37.192833,10/05 17:15,11.55,0.0,,,,18.0,29.0,0.3764,0.094094,0.0,0.094094,0.0,0.0,0.0,0.0,0.094094,0.55,high,0.051752,0.0,0.051752,0
2026-07-26T17:02:37.219424,10/05 18:15,11.1,0.0,,,,18.0,29.0,0.3764,0.094094,0.0,0.094094,0.0,0.0,0.0,0.0,0.094094,0.55,high,0.051752,0.0,0.051752,0
2026-07-26T17:02:58.451857,10/05 19:15,11.1,0.0,,,,18.0,29.0,0.3764,0.094094,0.0,0.094094,0.0,0.0,0.0,0.0,0.094094,0.55,high,0.051752,0.0,0.051752,0
2026-07-26T17:02:58.494972,10/05 20:15,10.97,0.0,,,,18.0,29.0,0.3764,0.094094,0.0,0.094094,0.0,0.0,0.0,0.0,0.094094,0.55,high,0.051752,0.0,0.051752,0
2026-07-26T17:02:58.516526,10/05 21:15,10.6,0.0,,,,18.0,29.0,0.3764,0.094094,0.0,0.094094,0.0,0.0,0.0,0.0,0.094094,0.4,moderate,0.037638,0.0,0.037638,0
2026-07-26T17:02:58.536571,10/05 22:15,10.72,0.0,,,,18.0,29.0,0.3764,0.094094,0.0,0.094094,0.0,0.0,0.0,0.0,0.094094,0.4,moderate,0.037638,0.0,0.037638,0
2026-07-26T17:02:58.555610,10/05 23:15,11.1,0.0,,,,18.0,29.0,0.3764,0.094094,0.0,0.094094,0.0,0.0,0.0,0.0,0.094094,0.4,moderate,0.037638,0.0,0.037638,0
2026-07-26T17:02:58.575666,10/06 00:15,11.1,0.0,,,,18.0,29.0,0.3764,0.094094,0.0,0.094094,0.0,0.0,0.0,0.0,0.094094,0.34,low,0.031992,0.0,0.031992,0
2026-07-26T17:03:18.755991,10/06 01:15,11.1,0.0,,,,18.0,29.0,0.3764,0.094094,0.0,0.094094,0.0,0.0,0.0,0.0,0.094094,0.34,low,0.031992,0.0,0.031992,0
2026-07-26T17:03:18.779035,10/06 02:15,10.97,0.0,,,,18.0,29.0,0.3764,0.094094,0.0,0.094094,0.0,0.0,0.0,0.0,0.094094,0.34,low,0.031992,0.0,0.031992,0
2026-07-26T17:03:18.802635,10/06 03:15,10.6,0.0,,,,18.0,29.0,0.3764,0.094094,0.0,0.094094,0.0,0.0,0.0,0.0,0.094094,0.34,low,0.031992,0.0,0.031992,0
2026-07-26T17:03:18.823713,10/06 04:15,10.6,0.0,,,,18.0,29.0,0.3764,0.094094,0.0,0.094094,0.0,0.0,0.0,0.0,0.094094,0.34,low,0.031992,0.0,0.031992,0
2026-07-26T17:03:18.844871,10/06 05:15,10.45,0.0,,,,18.0,29.0,0.3764,0.094094,0.0,0.094094,0.0,0.0,0.0,0.0,0.094094,0.34,low,0.031992,0.0,0.031992,0
2026-07-26T17:03:18.865959,10/06 06:15,10.0,0.0,,,,18.0,29.0,0.3764,0.094094,0.0,0.094094,0.0,0.0,0.0,0.0,0.094094,0.43,moderate,0.04046,0.0,0.04046,0
2026-07-26T17:03:36.005720,10/06 07:15,10.28,0.0,,,,18.0,29.0,0.3764,0.094094,0.0,0.094094,0.0,0.0,0.0,0.0,0.094094,0.43,moderate,0.04046,0.0,0.04046,0
2026-07-26T17:03:36.028795,10/06 08:20,11.52,0.0,,,,18.0,29.0,0.3764,0.094094,0.0,0.094094,0.0,0.0,0.0,0.0,0.094094,0.43,moderate,0.04046,0.0,0.04046,0
2026-07-26T17:03:36.049187,10/06 09:23,12.93,0.0,,,,18.0,29.0,0.3764,0.094094,0.0,0.094094,0.0,0.0,0.0,0.0,0.094094,0.43,moderate,0.04046,0.0,0.04046,0
2026-07-26T17:03:36.067984,10/06 10:15,13.18,0.0,,,,18.0,29.0,0.3764,0.094094,0.0,0.094094,0.0,0.0,0.0,0.0,0.094094,0.3,low,0.028228,0.0,0.028228,0
2026-07-26T17:03:36.087599,10/06 11:15,12.65,0.0,,,,18.0,29.0,0.3764,0.094094,0.0,0.094094,0.0,0.0,0.0,0.0,0.094094,0.3,low,0.028228,0.0,0.028228,0
2026-07-26T17:03:36.106331,10/06 12:15,11.92,0.0,,,,18.0,29.0,0.3764,0.094094,0.0,0.094094,0.0,0.0,0.0,0.0,0.094094,0.3,low,0.028228,0.0,0.028228,0
2026-07-26T17:03:54.415217,10/06 13:15,11.25,0.0,,,,18.0,29.0,0.3764,0.094094,0.0,0.094094,0.0,0.0,0.0,0.0,0.094094,0.3,low,0.028228,0.0,0.028228,0
2026-07-26T17:03:54.438341,10/06 14:15,11.42,0.0,,,,18.0,29.0,0.3764,0.094094,0.0,0.094094,0.0,0.0,0.0,0.0,0.094094,0.3,low,0.028228,0.0,0.028228,0
2026-07-26T17:03:54.457562,10/06 15:15,10.6,0.0,,,,18.0,29.0,0.3764,0.094094,0.0,0.094094,0.0,0.0,0.0,0.0,0.094094,0.3,low,0.028228,0.0,0.028228,0
2026-07-26T17:03:54.475640,10/06 16:15,10.6,0.0,,,,18.0,29.0,0.3764,0.094094,0.0,0.094094,0.0,0.0,0.0,0.0,0.094094,0.55,high,0.051752,0.0,0.051752,0
2026-07-26T17:03:54.492840,10/06 17:15,10.45,0.0,,,,18.0,29.0,0.3764,0.094094,0.0,0.094094,0.0,0.0,0.0,0.0,0.094094,0.55,high,0.051752,0.0,0.051752,0
2026-07-26T17:03:54.511817,10/06 18:15,10.0,0.0,,,,18.0,29.0,0.3764,0.094094,0.0,0.094094,0.0,0.0,0.0,0.0,0.094094,0.55,high,0.051752,0.0,0.051752,0
2026-07-26T17:04:13.539151,10/06 19:15,10.0,0.0,,,,18.0,29.0,0.3764,0.094094,0.0,0.094094,0.0,0.0,0.0,0.0,0.094094,0.55,high,0.051752,0.0,0.051752,0
2026-07-26T17:04:13.562766,10/06 20:15,9.85,0.0,,,,18.0,29.0,0.3764,0.094094,0.0,0.094094,0.0,0.0,0.0,0.0,0.094094,0.55,high,0.051752,0.0,0.051752,0
2026-07-26T17:04:13.588350,10/06 21:15,9.28,0.0,,,,18.0,29.0,0.3764,0.094094,0.0,0.094094,0.0,0.0,0.0,0.0,0.094094,0.4,moderate,0.037638,0.0,0.037638,0
2026-07-26T17:04:13.610905,10/06 22:15,8.48,0.0,,,,18.0,29.0,0.3764,0.094094,0.0,0.094094,0.0,0.0,0.0,0.0,0.094094,0.4,moderate,0.037638,0.0,0.037638,0
2026-07-26T17:04:13.632969,10/06 23:15,6.93,0.0,,,,18.0,29.0,0.3764,0.094094,0.0,0.094094,0.0,0.0,0.0,0.0,0.094094,0.4,moderate,0.037638,0.0,0.037638,0
2026-07-26T17:04:13.653010,10/07 00:15,5.97,0.0,,,,18.0,29.0,0.3764,0.094094,0.0,0.094094,0.0,0.0,0.0,0.0,0.094094,0.34,low,0.031992,0.0,0.031992,0
2026-07-26T17:04:38.666192,10/07 01:15,5.45,0.0,,,,18.0,29.0,0.3764,0.094094,0.0,0.094094,0.0,0.0,0.0,0.0,0.094094,0.34,low,0.031992,0.0,0.031992,0
2026-07-26T17:04:38.695772,10/07 02:15,5.42,0.0,,,,18.0,29.0,0.3764,0.094094,0.0,0.094094,0.0,0.0,0.0,0.0,0.094094,0.34,low,0.031992,0.0,0.031992,0
2026-07-26T17:04:38.720854,10/07 03:15,6.55,0.0,,,,18.0,29.0,0.3764,0.094094,0.0,0.094094,0.0,0.0,0.0,0.0,0.094094,0.34,low,0.031992,0.0,0.031992,0
2026-07-26T17:04:38.744917,10/07 04:15,5.97,0.0,,,,18.0,29.0,0.3764,0.094094,0.0,0.094094,0.0,0.0,0.0,0.0,0.094094,0.34,low,0.031992,0.0,0.031992,0
2026-07-26T17:04:38.767001,10/07 05:15,5.3,0.0,,,,18.0,29.0,0.3764,0.094094,0.0,0.094094,0.0,0.0,0.0,0.0,0.094094,0.34,low,0.031992,0.0,0.031992,0
2026-07-26T17:04:38.789076,10/07 06:15,4.83,0.0,,,,18.0,29.0,0.3764,0.094094,0.0,0.094094,0.0,0.0,0.0,0.0,0.094094,0.43,moderate,0.04046,0.0,0.04046,0
2026-07-26T17:04:59.948038,10/07 07:23,6.65,0.0,,,,18.0,29.0,0.3764,0.094094,0.0,0.094094,0.004958,0.377138,0.647538,0.0,0.471232,0.43,moderate,0.04046,0.068262,0.108722,0
2026-07-26T17:04:59.977648,10/07 08:15,8.58,0.0,,,,18.0,29.0,0.3764,0.094094,0.0,0.094094,0.001527,0.717759,0.484256,0.0,0.811853,0.43,moderate,0.04046,0.129914,0.170375,0
2026-07-26T17:05:00.016319,10/07 09:23,9.83,52.0,22.03,21.01,23.62,21.0,26.0,0.3764,0.094094,0.0,0.094094,0.001116,0.023029,0.37645,0.0,0.117123,0.43,moderate,0.04046,0.004168,0.044629,0
2026-07-26T17:05:00.046903,10/07 10:23,11.38,52.0,23.47,22.41,24.42,21.0,26.0,0.3764,0.094094,0.0,0.094094,0.000485,0.272421,0.217248,0.0,0.366515,0.3,low,0.028228,0.049308,0.077536,0
2026-07-26T17:05:00.077520,10/07 11:23,11.92,52.0,24.15,23.16,24.81,21.0,26.0,0.3764,0.094094,0.115261,0.094094,0.022002,0.197345,0.164839,0.055071,0.291439,0.3,low,0.028228,0.035719,0.063948,0
2026-07-26T17:05:00.103729,10/07 12:15,11.1,41.6,24.25,23.34,25.0,21.0,26.0,0.3764,0.094094,0.0,0.094094,0.000363,0.229089,0.182544,0.0,0.323183,0.3,low,0.028228,0.041465,0.069693,0
2026-07-26T17:05:19.176303,10/07 13:15,10.82,20.8,23.87,23.08,24.7,21.0,25.0,0.3764,0.094094,0.0,0.094094,0.000337,0.216092,0.174003,0.0,0.310186,0.3,low,0.028228,0.039113,0.067341,0
2026-07-26T17:05:19.205316,10/07 14:15,10.0,41.6,24.12,23.37,25.0,21.0,25.0,0.3805,0.09513,0.0,0.09513,0.000394,0.254362,0.199406,0.0,0.349492,0.3,low,0.028539,0.04604,0.074579,0
2026-07-26T17:05:19.250990,10/07 15:15,10.0,52.0,24.06,23.33,25.0,21.0,25.0,0.3844,0.096104,0.0,0.096104,0.000256,0.167995,0.141502,0.0,0.264099,0.3,low,0.028831,0.030407,0.059238,0
2026-07-26T17:05:19.274153,10/07 16:15,9.72,52.0,23.85,23.12,25.0,21.0,25.0,0.3816,0.095402,0.0,0.095402,0.000334,0.220328,0.176184,0.0,0.31573,0.55,high,0.052471,0.039879,0.09235,0
2026-07-26T17:05:19.297201,10/07 17:15,8.75,52.0,23.39,22.61,24.93,21.0,25.0,0.3764,0.094094,0.0,0.094094,0.000793,0.469001,0.334915,0.0,0.563095,0.55,high,0.051752,0.084889,0.136641,0
2026-07-26T17:05:19.320755,10/07 18:15,8.18,52.0,23.09,22.23,24.83,21.0,25.0,0.3764,0.094094,0.0,0.094094,0.000979,0.514281,0.386088,0.0,0.608375,0.55,high,0.051752,0.093085,0.144837,0
2026-07-26T17:05:41.455480,10/07 19:15,7.65,26.0,21.82,21.08,23.51,20.0,26.0,0.3764,0.094094,0.0,0.094094,0.001196,0.571039,0.438434,0.0,0.665133,0.55,high,0.051752,0.103358,0.15511,0
2026-07-26T17:05:41.488615,10/07 20:15,6.8,0.0,,,,20.0,26.0,0.3764,0.094094,0.0,0.094094,0.001512,0.654487,0.504374,0.0,0.748581,0.55,high,0.051752,0.118462,0.170214,0
2026-07-26T17:05:41.514224,10/07 21:15,4.9,0.0,,,,20.0,26.0,0.3764,0.094094,0.0,0.094094,0.0,0.0,0.0,0.0,0.094094,0.4,moderate,0.037638,0.0,0.037638,0
2026-07-26T17:05:41.541796,10/07 22:15,2.8,0.0,,,,20.0,26.0,0.3764,0.094094,0.0,0.094094,0.000244,0.117993,0.174955,0.0,0.212087,0.4,moderate,0.037638,0.021357,0.058994,0
2026-07-26T17:05:41.565870,10/07 23:15,2.65,0.0,,,,20.0,26.0,0.3764,0.094094,0.0,0.094094,0.000605,0.400616,0.397664,0.0,0.49471,0.4,moderate,0.037638,0.072511,0.110149,0
2026-07-26T17:05:41.616958,10/08 00:15,2.08,0.0,,,,20.0,26.0,0.3764,0.094094,0.0,0.094094,0.000894,0.667914,0.552687,0.0,0.762008,0.34,low,0.031992,0.120892,0.152884,0
2026-07-26T17:06:02.020807,10/08 01:15,1.55,0.0,,,,18.0,28.0,0.3764,0.094094,0.0,0.094094,0.0,0.0,0.0,0.0,0.094094,0.34,low,0.031992,0.0,0.031992,0
2026-07-26T17:06:02.048883,10/08 02:15,1.1,0.0,,,,18.0,28.0,0.3764,0.094094,0.0,0.094094,0.0,0.0,0.0,0.0,0.094094,0.34,low,0.031992,0.0,0.031992,0
2026-07-26T17:06:02.071442,10/08 03:15,1.1,0.0,,,,18.0,28.0,0.3764,0.094094,0.0,0.094094,0.0,0.0,0.0,0.0,0.094094,0.34,low,0.031992,0.0,0.031992,0
2026-07-26T17:06:02.094574,10/08 04:15,0.98,0.0,,,,18.0,28.0,0.3764,0.094094,0.0,0.094094,0.0,0.0,0.0,0.0,0.094094,0.34,low,0.031992,0.0,0.031992,0
2026-07-26T17:06:02.116178,10/08 05:15,0.45,0.0,,,,18.0,28.0,0.3764,0.094094,0.0,0.094094,0.0,0.0,0.0,0.0,0.094094,0.34,low,0.031992,0.0,0.031992,0
2026-07-26T17:06:02.137215,10/08 06:15,0.42,0.0,,,,18.0,28.0,0.3764,0.094094,0.0,0.094094,0.0,0.0,0.0,0.0,0.094094,0.43,moderate,0.04046,0.0,0.04046,0
2026-07-26T17:06:20.817946,10/08 07:23,2.95,0.0,,,,18.0,29.0,0.3764,0.094094,0.0,0.094094,0.004388,1.27769,1.015246,0.0,1.371784,0.43,moderate,0.04046,0.231262,0.271722,0
2026-07-26T17:06:20.848017,10/08 08:23,7.38,0.0,,,,18.0,29.0,0.3764,0.094094,0.0,0.094094,0.002237,0.673366,0.620713,0.0,0.76746,0.43,moderate,0.04046,0.121879,0.16234,0
2026-07-26T17:06:20.879580,10/08 09:23,9.7,52.0,22.28,21.0,25.63,21.0,26.0,0.3764,0.094094,0.0,0.094094,0.001178,0.132065,0.411027,0.0,0.226159,0.43,moderate,0.04046,0.023904,0.064364,0
2026-07-26T17:06:20.904140,10/08 10:23,11.0,52.0,23.57,22.08,25.5,21.0,25.5,0.3901,0.097513,0.0,0.097513,0.000328,0.187388,0.161241,0.0,0.284901,0.3,low,0.029254,0.033917,0.063171,0
2026-07-26T17:06:20.928690,10/08 11:23,12.35,52.0,24.36,22.94,25.5,21.0,25.5,0.3897,0.097431,0.111234,0.097431,0.010845,0.029247,0.031119,0.055007,0.126678,0.3,low,0.029229,0.005294,0.034523,0
2026-07-26T17:06:20.953245,10/08 12:23,12.8,41.6,24.75,23.29,25.5,21.0,25.5,0.3826,0.095645,0.122805,0.095645,0.014552,0.065806,0.062211,0.102094,0.161451,0.3,low,0.028693,0.011911,0.040604,0
2026-07-26T17:06:38.726947,10/08 13:15,13.2,20.8,24.49,23.16,25.0,21.0,25.0,0.3923,0.098082,0.135973,0.098082,0.015508,0.0,0.0,0.185517,0.098082,0.3,low,0.029425,0.0,0.029425,0
2026-07-26T17:06:38.753016,10/08 14:15,14.28,41.6,24.77,23.95,25.0,21.0,25.0,0.4324,0.10811,0.236894,0.10811,0.01934,0.0,0.0,0.761971,0.10811,0.3,low,0.032433,0.0,0.032433,0
2026-07-26T17:06:38.799911,10/08 15:15,13.75,52.0,24.9,24.74,25.04,21.0,25.0,0.4472,0.111808,0.266666,0.111808,0.01969,0.0,0.0,0.901528,0.111808,0.3,low,0.033542,0.0,0.033542,0
2026-07-26T17:06:38.818951,10/08 16:15,13.03,52.0,24.82,24.27,25.0,21.0,25.0,0.4328,0.108193,0.243872,0.108193,0.019485,0.0,0.0,0.759085,0.108193,0.55,high,0.059506,0.0,0.059506,0
2026-07-26T17:06:38.843508,10/08 17:15,11.5,52.0,24.49,23.58,25.0,21.0,25.0,0.3964,0.0991,0.179202,0.0991,0.038461,0.0,0.0,0.267197,0.0991,0.55,high,0.054505,0.0,0.054505,0
2026-07-26T17:06:38.868058,10/08 18:15,9.12,52.0,23.91,23.0,25.0,21.0,25.0,0.3822,0.095548,0.0,0.095548,0.000342,0.224018,0.17145,0.0,0.319566,0.55,high,0.052551,0.040547,0.093099,0
2026-07-26T17:06:57.262491,10/08 19:23,7.9,26.0,22.43,21.63,23.95,20.0,26.0,0.3764,0.094094,0.0,0.094094,0.000948,0.544227,0.372652,0.0,0.638321,0.55,high,0.051752,0.098505,0.150257,0
2026-07-26T17:06:57.290061,10/08 20:23,6.7,0.0,,,,20.0,26.0,0.3764,0.094094,0.0,0.094094,0.001633,0.736204,0.525777,0.0,0.830298,0.55,high,0.051752,0.133253,0.185005,0
2026-07-26T17:06:57.327144,10/08 21:15,6.28,0.0,,,,20.0,26.0,0.3764,0.094094,0.0,0.094094,0.0,0.0,0.0,0.0,0.094094,0.4,moderate,0.037638,0.0,0.037638,0
2026-07-26T17:06:57.347189,10/08 22:15,5.0,0.0,,,,20.0,26.0,0.3764,0.094094,0.0,0.094094,0.0,0.0,0.0,0.0,0.094094,0.4,moderate,0.037638,0.0,0.037638,0
2026-07-26T17:06:57.369752,10/08 23:15,5.0,0.0,,,,20.0,26.0,0.3764,0.094094,0.0,0.094094,0.000252,0.12976,0.180541,0.0,0.223854,0.4,moderate,0.037638,0.023487,0.061124,0
2026-07-26T17:06:57.394316,10/09 00:15,5.28,0.0,,,,20.0,26.0,0.3764,0.094094,0.0,0.094094,0.000511,0.343901,0.344978,0.0,0.437995,0.34,low,0.031992,0.062246,0.094238,0
2026-07-26T17:07:15.221877,10/09 01:15,6.37,0.0,,,,18.0,28.0,0.3764,0.094094,0.0,0.094094,0.0,0.0,0.0,0.0,0.094094,0.34,low,0.031992,0.0,0.031992,0
2026-07-26T17:07:15.245450,10/09 02:15,7.48,0.0,,,,18.0,28.0,0.3764,0.094094,0.0,0.094094,0.0,0.0,0.0,0.0,0.094094,0.34,low,0.031992,0.0,0.031992,0
2026-07-26T17:07:15.271551,10/09 03:15,8.45,0.0,,,,18.0,28.0,0.3764,0.094094,0.0,0.094094,0.0,0.0,0.0,0.0,0.094094,0.34,low,0.031992,0.0,0.031992,0
2026-07-26T17:07:15.294609,10/09 04:15,9.03,0.0,,,,18.0,28.0,0.3764,0.094094,0.0,0.094094,0.0,0.0,0.0,0.0,0.094094,0.34,low,0.031992,0.0,0.031992,0
2026-07-26T17:07:15.319656,10/09 05:15,9.55,0.0,,,,18.0,28.0,0.3764,0.094094,0.0,0.094094,0.0,0.0,0.0,0.0,0.094094,0.34,low,0.031992,0.0,0.031992,0
2026-07-26T17:07:15.339698,10/09 06:15,10.0,0.0,,,,18.0,28.0,0.3764,0.094094,0.0,0.094094,0.0,0.0,0.0,0.0,0.094094,0.43,moderate,0.04046,0.0,0.04046,0
2026-07-26T17:07:34.609597,10/09 07:15,10.43,0.0,,,,18.0,29.0,0.3764,0.094094,0.0,0.094094,0.000824,0.473,0.344144,0.0,0.567094,0.43,moderate,0.04046,0.085613,0.126073,0
2026-07-26T17:07:34.647684,10/09 08:23,12.25,0.0,,,,18.0,29.0,0.3764,0.094094,0.106231,0.094094,0.004496,0.260903,0.224033,0.015667,0.354997,0.43,moderate,0.04046,0.047223,0.087684,0
2026-07-26T17:07:34.677245,10/09 09:20,14.33,52.0,22.3,21.13,24.23,21.0,26.0,0.3764,0.094094,0.133141,0.094094,0.010585,0.248637,0.199788,0.189178,0.342731,0.43,moderate,0.04046,0.045003,0.085464,0
2026-07-26T17:07:34.704330,10/09 10:23,16.15,52.0,23.98,22.64,25.5,21.0,25.5,0.3862,0.096542,0.178695,0.096542,0.032356,0.094372,0.088783,0.323683,0.190914,0.3,low,0.028963,0.017081,0.046044,0
2026-07-26T17:07:34.746409,10/09 11:23,18.5,52.0,24.75,23.49,25.5,21.0,25.5,0.3865,0.09663,0.196119,0.09663,0.036392,0.035438,0.036448,0.497737,0.132068,0.3,low,0.028989,0.006414,0.035403,0
2026-07-26T17:07:34.789253,10/09 12:23,20.73,41.6,25.13,23.96,25.5,21.0,25.5,0.3859,0.096464,0.238781,0.096464,0.040016,0.003775,0.004591,0.71975,0.100239,0.3,low,0.028939,0.000683,0.029622,0
2026-07-26T17:07:54.882628,10/09 13:15,21.38,20.8,24.77,23.88,25.0,21.0,25.0,0.4057,0.101418,0.293771,0.101418,0.039465,0.0,0.0,1.016021,0.101418,0.3,low,0.030425,0.0,0.030425,0
2026-07-26T17:07:54.924250,10/09 14:15,22.35,41.6,24.92,24.61,25.0,21.0,25.0,0.4588,0.11471,0.413761,0.11471,0.042583,0.0,0.0,1.603625,0.11471,0.3,low,0.034413,0.0,0.034413,0
2026-07-26T17:07:54.945300,10/09 15:15,22.8,52.0,25.03,25.0,25.17,21.0,25.0,0.4775,0.11938,0.464273,0.11938,0.044416,0.0,0.0,1.834391,0.11938,0.3,low,0.035814,0.0,0.035814,0
2026-07-26T17:07:54.967335,10/09 16:15,22.38,52.0,24.96,24.78,25.0,21.0,25.0,0.4488,0.112206,0.429476,0.112206,0.044298,0.0,0.0,1.656223,0.112206,0.55,high,0.061713,0.0,0.061713,0
2026-07-26T17:07:54.987371,10/09 17:15,20.55,52.0,24.82,24.18,25.0,21.0,25.0,0.4035,0.100867,0.314137,0.100867,0.043031,0.0,0.0,1.07437,0.100867,0.55,high,0.055477,0.0,0.055477,0
2026-07-26T17:07:55.008913,10/09 18:15,18.62,52.0,24.44,23.7,25.0,21.0,25.0,0.3844,0.09609,0.224643,0.09609,0.039965,0.0,0.0,0.624245,0.09609,0.55,high,0.05285,0.0,0.05285,0
2026-07-26T17:08:13.975421,10/09 19:15,17.65,26.0,23.15,22.45,24.12,20.0,26.0,0.3764,0.094094,0.198273,0.094094,0.036719,0.13038,0.109371,0.498095,0.224474,0.55,high,0.051752,0.023599,0.07535,0
2026-07-26T17:08:14.007000,10/09 20:15,17.07,0.0,,,,20.0,26.0,0.3764,0.094094,0.189416,0.094094,0.036032,0.1635,0.131396,0.450287,0.257594,0.55,high,0.051752,0.029594,0.081345,0
2026-07-26T17:08:14.047159,10/09 21:15,16.55,0.0,,,,20.0,26.0,0.3764,0.094094,0.0,0.094094,0.0,0.0,0.0,0.0,0.094094,0.4,moderate,0.037638,0.0,0.037638,0
2026-07-26T17:08:14.066193,10/09 22:15,15.68,0.0,,,,20.0,26.0,0.3764,0.094094,0.0,0.094094,0.0,0.0,0.0,0.0,0.094094,0.4,moderate,0.037638,0.0,0.037638,0
2026-07-26T17:08:14.088230,10/09 23:15,14.28,0.0,,,,20.0,26.0,0.3764,0.094094,0.0,0.094094,0.0,0.0,0.0,0.0,0.094094,0.4,moderate,0.037638,0.0,0.037638,0
2026-07-26T17:08:14.109278,10/10 00:15,13.75,0.0,,,,20.0,26.0,0.3764,0.094094,0.0,0.094094,0.0,0.0,0.0,0.0,0.094094,0.34,low,0.031992,0.0,0.031992,0
2026-07-26T17:08:31.345080,10/10 01:15,13.45,0.0,,,,18.0,28.0,0.3764,0.094094,0.0,0.094094,0.0,0.0,0.0,0.0,0.094094,0.34,low,0.031992,0.0,0.031992,0
2026-07-26T17:08:31.368631,10/10 02:15,14.18,0.0,,,,18.0,28.0,0.3764,0.094094,0.0,0.094094,0.0,0.0,0.0,0.0,0.094094,0.34,low,0.031992,0.0,0.031992,0
2026-07-26T17:08:31.392189,10/10 03:15,14.85,0.0,,,,18.0,28.0,0.3764,0.094094,0.0,0.094094,0.0,0.0,0.0,0.0,0.094094,0.34,low,0.031992,0.0,0.031992,0
2026-07-26T17:08:31.411218,10/10 04:15,14.4,0.0,,,,18.0,28.0,0.3764,0.094094,0.0,0.094094,0.0,0.0,0.0,0.0,0.094094,0.34,low,0.031992,0.0,0.031992,0
2026-07-26T17:08:31.431260,10/10 05:15,14.0,0.0,,,,18.0,28.0,0.3764,0.094094,0.0,0.094094,0.0,0.0,0.0,0.0,0.094094,0.34,low,0.031992,0.0,0.031992,0
2026-07-26T17:08:31.447792,10/10 06:15,12.93,0.0,,,,18.0,28.0,0.3764,0.094094,0.0,0.094094,0.0,0.0,0.0,0.0,0.094094,0.43,moderate,0.04046,0.0,0.04046,0
2026-07-26T17:08:47.121178,10/10 07:15,13.58,0.0,,,,18.0,29.0,0.3764,0.094094,0.129936,0.094094,0.014693,0.271614,0.20465,0.142161,0.365708,0.43,moderate,0.04046,0.049162,0.089623,0
2026-07-26T17:08:47.143288,10/10 08:15,14.83,0.0,,,,18.0,29.0,0.3764,0.094094,0.145277,0.094094,0.018591,0.266798,0.206763,0.229159,0.360892,0.43,moderate,0.04046,0.04829,0.088751,0
2026-07-26T17:08:47.167324,10/10 09:23,16.25,52.0,21.97,21.36,22.7,20.5,26.0,0.3764,0.094094,0.169576,0.094094,0.023908,0.241218,0.189475,0.363812,0.335312,0.43,moderate,0.04046,0.04366,0.084121,0
2026-07-26T17:08:47.190869,10/10 10:15,16.55,52.0,23.56,22.84,24.31,20.5,26.0,0.3764,0.094094,0.179415,0.094094,0.025375,0.213504,0.172281,0.411567,0.307598,0.3,low,0.028228,0.038644,0.066872,0
2026-07-26T17:08:47.211412,10/10 11:15,16.1,52.0,24.29,23.55,24.97,20.5,26.0,0.3764,0.094094,0.171597,0.094094,0.023737,0.189516,0.15566,0.364226,0.28361,0.3,low,0.028228,0.034302,0.062531,0
2026-07-26T17:08:47.231452,10/10 12:15,15.98,41.6,24.54,23.8,25.17,20.5,26.0,0.3764,0.094094,0.171446,0.094094,0.024559,0.170131,0.141182,0.364226,0.264225,0.3,low,0.028228,0.030794,0.059022,0
2026-07-26T17:09:04.649583,10/10 13:15,15.6,20.8,24.26,23.55,24.87,20.5,25.0,0.3764,0.094094,0.164795,0.094094,0.024476,0.159999,0.132641,0.324654,0.254093,0.3,low,0.028228,0.02896,0.057188,0
2026-07-26T17:09:04.673141,10/10 14:15,15.72,41.6,24.59,23.98,25.0,20.5,25.0,0.3874,0.096855,0.168126,0.096855,0.024456,0.0,0.0,0.353199,0.096855,0.3,low,0.029056,0.0,0.029056,0
2026-07-26T17:09:04.696184,10/10 15:15,15.98,52.0,24.69,24.22,25.0,20.5,25.0,0.3979,0.099467,0.199228,0.099467,0.027584,0.0,0.0,0.54253,0.099467,0.3,low,0.02984,0.0,0.02984,0
2026-07-26T17:09:04.718732,10/10 16:15,15.6,52.0,24.68,23.97,25.0,20.5,25.0,0.3984,0.099601,0.200847,0.099601,0.027233,0.0,0.0,0.517298,0.099601,0.55,high,0.054781,0.0,0.054781,0
2026-07-26T17:09:04.736768,10/10 17:15,15.6,52.0,24.2,23.41,25.0,20.5,25.0,0.3811,0.095278,0.164746,0.095278,0.028162,0.037839,0.037495,0.324418,0.133117,0.55,high,0.052403,0.006849,0.059252,0
2026-07-26T17:09:04.754798,10/10 18:15,15.72,52.0,23.87,23.1,25.0,20.5,25.0,0.379,0.094757,0.165878,0.094757,0.032109,0.081755,0.072641,0.323863,0.176512,0.55,high,0.052116,0.014798,0.066914,0
2026-07-26T17:09:22.052663,10/10 19:15,16.1,26.0,22.65,21.95,23.85,20.0,26.0,0.3764,0.094094,0.17285,0.094094,0.035497,0.155939,0.125263,0.363046,0.250033,0.55,high,0.051752,0.028225,0.079977,0
2026-07-26T17:09:22.099755,10/10 20:15,15.98,0.0,,,,20.0,26.0,0.3764,0.094094,0.172722,0.094094,0.035322,0.186754,0.146139,0.363046,0.280848,0.55,high,0.051752,0.033802,0.085554,0
2026-07-26T17:09:22.120301,10/10 21:15,15.3,0.0,,,,20.0,26.0,0.3764,0.094094,0.0,0.094094,0.0,0.0,0.0,0.0,0.094094,0.4,moderate,0.037638,0.0,0.037638,0
2026-07-26T17:09:22.140339,10/10 22:15,14.4,0.0,,,,20.0,26.0,0.3764,0.094094,0.0,0.094094,0.0,0.0,0.0,0.0,0.094094,0.4,moderate,0.037638,0.0,0.037638,0
2026-07-26T17:09:22.158388,10/10 23:15,14.4,0.0,,,,20.0,26.0,0.3764,0.094094,0.0,0.094094,0.0,0.0,0.0,0.0,0.094094,0.4,moderate,0.037638,0.0,0.037638,0
2026-07-26T17:09:22.175454,10/11 00:15,14.28,0.0,,,,20.0,26.0,0.3764,0.094094,0.0,0.094094,0.0,0.0,0.0,0.0,0.094094,0.34,low,0.031992,0.0,0.031992,0
2026-07-26T17:09:39.268679,10/11 01:15,13.48,0.0,,,,18.0,28.0,0.3764,0.094094,0.0,0.094094,0.0,0.0,0.0,0.0,0.094094,0.34,low,0.031992,0.0,0.031992,0
2026-07-26T17:09:39.296250,10/11 02:15,12.2,0.0,,,,18.0,28.0,0.3764,0.094094,0.0,0.094094,0.0,0.0,0.0,0.0,0.094094,0.34,low,0.031992,0.0,0.031992,0
2026-07-26T17:09:39.318294,10/11 03:15,11.92,0.0,,,,18.0,28.0,0.3764,0.094094,0.0,0.094094,0.0,0.0,0.0,0.0,0.094094,0.34,low,0.031992,0.0,0.031992,0
2026-07-26T17:09:39.339849,10/11 04:15,11.52,0.0,,,,18.0,28.0,0.3764,0.094094,0.0,0.094094,0.0,0.0,0.0,0.0,0.094094,0.34,low,0.031992,0.0,0.031992,0
2026-07-26T17:09:39.361399,10/11 05:15,12.93,0.0,,,,18.0,28.0,0.3764,0.094094,0.0,0.094094,0.0,0.0,0.0,0.0,0.094094,0.34,low,0.031992,0.0,0.031992,0
2026-07-26T17:09:39.397979,10/11 06:15,13.3,0.0,,,,18.0,28.0,0.3764,0.094094,0.0,0.094094,0.0,0.0,0.0,0.0,0.094094,0.43,moderate,0.04046,0.0,0.04046,0
2026-07-26T17:09:56.712500,10/11 07:15,13.45,0.0,,,,18.0,29.0,0.3764,0.094094,0.130023,0.094094,0.012619,0.280478,0.210538,0.142424,0.374572,0.43,moderate,0.04046,0.050767,0.091227,0
2026-07-26T17:09:56.738550,10/11 08:23,14.33,0.0,,,,18.0,29.0,0.3764,0.094094,0.13732,0.094094,0.013371,0.273103,0.211701,0.190036,0.367197,0.43,moderate,0.04046,0.049432,0.089892,0
2026-07-26T17:09:56.766620,10/11 09:20,15.88,52.0,22.51,21.45,23.92,20.5,26.0,0.3764,0.094094,0.161905,0.094094,0.018914,0.239996,0.189442,0.3249,0.33409,0.43,moderate,0.04046,0.043439,0.0839,0
2026-07-26T17:09:56.808708,10/11 10:23,16.42,52.0,24.2,22.96,25.5,20.5,25.5,0.3793,0.094837,0.179525,0.094837,0.02263,0.159032,0.135388,0.411942,0.253869,0.3,low,0.028451,0.028785,0.057236,0
2026-07-26T17:09:56.835275,10/11 11:15,15.6,52.0,24.68,23.59,25.31,20.5,25.5,0.3764,0.094094,0.165508,0.094094,0.022955,0.177566,0.146209,0.32468,0.27166,0.3,low,0.028228,0.032139,0.060368,0
2026-07-26T17:09:56.856316,10/11 12:15,15.72,41.6,24.75,23.81,25.31,20.5,25.5,0.3764,0.094094,0.164011,0.094094,0.023053,0.160116,0.133013,0.324908,0.25421,0.3,low,0.028228,0.028981,0.057209,0
2026-07-26T17:10:15.915103,10/11 13:15,16.25,20.8,24.4,23.58,24.97,20.5,25.0,0.3764,0.094094,0.177969,0.094094,0.025836,0.151643,0.125943,0.405164,0.245737,0.3,low,0.028228,0.027447,0.055676,0
2026-07-26T17:10:15.947255,10/11 14:15,16.7,41.6,24.61,23.93,25.0,20.5,25.0,0.3884,0.097093,0.208163,0.097093,0.029377,0.0,0.0,0.571861,0.097093,0.3,low,0.029128,0.0,0.029128,0
2026-07-26T17:10:15.975817,10/11 15:15,16.7,52.0,24.69,24.11,25.0,20.5,25.0,0.3931,0.098266,0.214278,0.098266,0.028264,0.0,0.0,0.598413,0.098266,0.3,low,0.02948,0.0,0.02948,0
2026-07-26T17:10:15.998365,10/11 16:15,16.55,52.0,24.63,24.04,25.0,20.5,25.0,0.3908,0.097688,0.210958,0.097688,0.030024,0.0,0.0,0.575459,0.097688,0.55,high,0.053728,0.0,0.053728,0
2026-07-26T17:10:16.021908,10/11 17:15,15.98,52.0,24.26,23.49,25.0,20.5,25.0,0.3812,0.095306,0.172755,0.095306,0.029295,0.03482,0.03455,0.364346,0.130126,0.55,high,0.052418,0.006302,0.058721,0
2026-07-26T17:10:16.042960,10/11 18:15,15.45,52.0,23.88,23.14,25.0,20.5,25.0,0.3792,0.094795,0.164992,0.094795,0.02812,0.07905,0.070123,0.324719,0.173845,0.55,high,0.052137,0.014308,0.066445,0
2026-07-26T17:10:35.931877,10/11 19:15,15.0,26.0,22.61,21.9,23.86,20.0,26.0,0.3764,0.094094,0.155656,0.094094,0.024069,0.15779,0.125968,0.27736,0.251884,0.55,high,0.051752,0.02856,0.080312,0
2026-07-26T17:10:35.965481,10/11 20:15,15.0,0.0,,,,20.0,26.0,0.3764,0.094094,0.154861,0.094094,0.021394,0.1894,0.147473,0.27736,0.283494,0.55,high,0.051752,0.034281,0.086033,0
2026-07-26T17:10:35.986076,10/11 21:15,14.72,0.0,,,,20.0,26.0,0.3764,0.094094,0.0,0.094094,0.0,0.0,0.0,0.0,0.094094,0.4,moderate,0.037638,0.0,0.037638,0
2026-07-26T17:10:36.005626,10/11 22:15,13.9,0.0,,,,20.0,26.0,0.3764,0.094094,0.0,0.094094,0.0,0.0,0.0,0.0,0.094094,0.4,moderate,0.037638,0.0,0.037638,0
2026-07-26T17:10:36.023664,10/11 23:15,14.03,0.0,,,,20.0,26.0,0.3764,0.094094,0.0,0.094094,0.0,0.0,0.0,0.0,0.094094,0.4,moderate,0.037638,0.0,0.037638,0
2026-07-26T17:10:36.066623,10/12 00:15,14.4,0.0,,,,20.0,26.0,0.3764,0.094094,0.0,0.094094,0.0,0.0,0.0,0.0,0.094094,0.34,low,0.031992,0.0,0.031992,0
2026-07-26T17:10:54.358113,10/12 01:15,14.28,0.0,,,,18.0,28.0,0.3764,0.094094,0.0,0.094094,0.0,0.0,0.0,0.0,0.094094,0.34,low,0.031992,0.0,0.031992,0
2026-07-26T17:10:54.379721,10/12 02:15,13.75,0.0,,,,18.0,28.0,0.3764,0.094094,0.0,0.094094,0.0,0.0,0.0,0.0,0.094094,0.34,low,0.031992,0.0,0.031992,0
2026-07-26T17:10:54.409294,10/12 03:15,12.63,0.0,,,,18.0,28.0,0.3764,0.094094,0.0,0.094094,0.0,0.0,0.0,0.0,0.094094,0.34,low,0.031992,0.0,0.031992,0
2026-07-26T17:10:54.428852,10/12 04:15,10.3,0.0,,,,18.0,28.0,0.3764,0.094094,0.0,0.094094,0.0,0.0,0.0,0.0,0.094094,0.34,low,0.031992,0.0,0.031992,0
2026-07-26T17:10:54.469962,10/12 05:15,9.55,0.0,,,,18.0,28.0,0.3764,0.094094,0.0,0.094094,0.0,0.0,0.0,0.0,0.094094,0.34,low,0.031992,0.0,0.031992,0
2026-07-26T17:10:54.492336,10/12 06:15,10.15,0.0,,,,18.0,28.0,0.3764,0.094094,0.0,0.094094,0.0,0.0,0.0,0.0,0.094094,0.43,moderate,0.04046,0.0,0.04046,0
2026-07-26T17:11:10.985979,10/12 07:15,10.88,0.0,,,,18.0,29.0,0.3764,0.094094,0.0,0.094094,0.0,0.0,0.0,0.0,0.094094,0.43,moderate,0.04046,0.0,0.04046,0
2026-07-26T17:11:11.008030,10/12 08:15,12.37,0.0,,,,18.0,29.0,0.3764,0.094094,0.0,0.094094,0.0,0.0,0.0,0.0,0.094094,0.43,moderate,0.04046,0.0,0.04046,0
2026-07-26T17:11:11.028086,10/12 09:15,14.7,0.0,,,,18.0,29.0,0.3764,0.094094,0.0,0.094094,0.0,0.0,0.0,0.0,0.094094,0.43,moderate,0.04046,0.0,0.04046,0
2026-07-26T17:11:11.064167,10/12 10:15,15.88,0.0,,,,18.0,29.0,0.3764,0.094094,0.0,0.094094,0.0,0.0,0.0,0.0,0.094094,0.3,low,0.028228,0.0,0.028228,0
2026-07-26T17:11:11.082204,10/12 11:15,16.7,0.0,,,,18.0,29.0,0.3764,0.094094,0.0,0.094094,0.0,0.0,0.0,0.0,0.094094,0.3,low,0.028228,0.0,0.028228,0
2026-07-26T17:11:11.099713,10/12 12:15,16.27,0.0,,,,18.0,29.0,0.3764,0.094094,0.0,0.094094,0.0,0.0,0.0,0.0,0.094094,0.3,low,0.028228,0.0,0.028228,0
2026-07-26T17:11:27.473959,10/12 13:15,14.45,0.0,,,,18.0,29.0,0.3764,0.094094,0.0,0.094094,0.0,0.0,0.0,0.0,0.094094,0.3,low,0.028228,0.0,0.028228,0
2026-07-26T17:11:27.501519,10/12 14:15,12.8,0.0,,,,18.0,29.0,0.3764,0.094094,0.0,0.094094,0.0,0.0,0.0,0.0,0.094094,0.3,low,0.028228,0.0,0.028228,0
2026-07-26T17:11:27.525580,10/12 15:15,12.93,0.0,,,,18.0,29.0,0.3764,0.094094,0.0,0.094094,0.0,0.0,0.0,0.0,0.094094,0.3,low,0.028228,0.0,0.028228,0
2026-07-26T17:11:27.546635,10/12 16:15,12.9,0.0,,,,18.0,29.0,0.3764,0.094094,0.0,0.094094,0.0,0.0,0.0,0.0,0.094094,0.55,high,0.051752,0.0,0.051752,0
2026-07-26T17:11:27.565664,10/12 17:15,11.7,0.0,,,,18.0,29.0,0.3764,0.094094,0.0,0.094094,0.0,0.0,0.0,0.0,0.094094,0.55,high,0.051752,0.0,0.051752,0
2026-07-26T17:11:27.583714,10/12 18:15,11.55,0.0,,,,18.0,29.0,0.3764,0.094094,0.0,0.094094,0.0,0.0,0.0,0.0,0.094094,0.55,high,0.051752,0.0,0.051752,0
2026-07-26T17:11:43.574383,10/12 19:15,11.25,0.0,,,,18.0,29.0,0.3764,0.094094,0.0,0.094094,0.0,0.0,0.0,0.0,0.094094,0.55,high,0.051752,0.0,0.051752,0
2026-07-26T17:11:43.594928,10/12 20:15,11.55,0.0,,,,18.0,29.0,0.3764,0.094094,0.0,0.094094,0.0,0.0,0.0,0.0,0.094094,0.55,high,0.051752,0.0,0.051752,0
2026-07-26T17:11:43.616965,10/12 21:15,10.82,0.0,,,,18.0,29.0,0.3764,0.094094,0.0,0.094094,0.0,0.0,0.0,0.0,0.094094,0.4,moderate,0.037638,0.0,0.037638,0
2026-07-26T17:11:43.634991,10/12 22:15,9.57,0.0,,,,18.0,29.0,0.3764,0.094094,0.0,0.094094,0.0,0.0,0.0,0.0,0.094094,0.4,moderate,0.037638,0.0,0.037638,0
2026-07-26T17:11:43.656028,10/12 23:15,8.18,0.0,,,,18.0,29.0,0.3764,0.094094,0.0,0.094094,0.0,0.0,0.0,0.0,0.094094,0.4,moderate,0.037638,0.0,0.037638,0
2026-07-26T17:11:43.675077,10/13 00:15,7.8,0.0,,,,18.0,29.0,0.3764,0.094094,0.0,0.094094,0.0,0.0,0.0,0.0,0.094094,0.34,low,0.031992,0.0,0.031992,0
2026-07-26T17:12:00.112746,10/13 01:15,7.52,0.0,,,,18.0,29.0,0.3764,0.094094,0.0,0.094094,0.0,0.0,0.0,0.0,0.094094,0.34,low,0.031992,0.0,0.031992,0
2026-07-26T17:12:00.137798,10/13 02:15,6.55,0.0,,,,18.0,29.0,0.3764,0.094094,0.0,0.094094,0.0,0.0,0.0,0.0,0.094094,0.34,low,0.031992,0.0,0.031992,0
2026-07-26T17:12:00.162356,10/13 03:15,5.82,0.0,,,,18.0,29.0,0.3764,0.094094,0.0,0.094094,0.0,0.0,0.0,0.0,0.094094,0.34,low,0.031992,0.0,0.031992,0
2026-07-26T17:12:00.197927,10/13 04:15,4.85,0.0,,,,18.0,29.0,0.3764,0.094094,0.0,0.094094,0.0,0.0,0.0,0.0,0.094094,0.34,low,0.031992,0.0,0.031992,0
2026-07-26T17:12:00.216488,10/13 05:15,4.28,0.0,,,,18.0,29.0,0.3764,0.094094,0.0,0.094094,0.0,0.0,0.0,0.0,0.094094,0.34,low,0.031992,0.0,0.031992,0
2026-07-26T17:12:00.236543,10/13 06:15,4.32,0.0,,,,18.0,29.0,0.3764,0.094094,0.0,0.094094,0.0,0.0,0.0,0.0,0.094094,0.43,moderate,0.04046,0.0,0.04046,0
2026-07-26T17:12:16.703389,10/13 07:23,6.55,0.0,,,,18.0,29.0,0.3764,0.094094,0.0,0.094094,0.0,0.0,0.0,0.0,0.094094,0.43,moderate,0.04046,0.0,0.04046,0
2026-07-26T17:12:16.728434,10/13 08:23,9.98,0.0,,,,18.0,29.0,0.3764,0.094094,0.0,0.094094,0.0,0.0,0.0,0.0,0.094094,0.43,moderate,0.04046,0.0,0.04046,0
2026-07-26T17:12:16.752982,10/13 09:23,12.52,0.0,,,,18.0,29.0,0.3764,0.094094,0.0,0.094094,0.0,0.0,0.0,0.0,0.094094,0.43,moderate,0.04046,0.0,0.04046,0
2026-07-26T17:12:16.773018,10/13 10:15,15.15,0.0,,,,18.0,29.0,0.3764,0.094094,0.0,0.094094,0.0,0.0,0.0,0.0,0.094094,0.3,low,0.028228,0.0,0.028228,0
2026-07-26T17:12:16.791542,10/13 11:15,15.6,0.0,,,,18.0,29.0,0.3764,0.094094,0.0,0.094094,0.0,0.0,0.0,0.0,0.094094,0.3,low,0.028228,0.0,0.028228,0
2026-07-26T17:12:16.808576,10/13 12:15,15.88,0.0,,,,18.0,29.0,0.3764,0.094094,0.0,0.094094,0.0,0.0,0.0,0.0,0.094094,0.3,low,0.028228,0.0,0.028228,0
2026-07-26T17:12:33.261508,10/13 13:15,16.55,0.0,,,,18.0,29.0,0.3764,0.094094,0.0,0.094094,0.0,0.0,0.0,0.0,0.094094,0.3,low,0.028228,0.0,0.028228,0
2026-07-26T17:12:33.286080,10/13 14:15,15.83,0.0,,,,18.0,29.0,0.3764,0.094094,0.0,0.094094,0.0,0.0,0.0,0.0,0.094094,0.3,low,0.028228,0.0,0.028228,0
2026-07-26T17:12:33.307125,10/13 15:15,14.57,0.0,,,,18.0,29.0,0.3764,0.094094,0.0,0.094094,0.0,0.0,0.0,0.0,0.094094,0.3,low,0.028228,0.0,0.028228,0
2026-07-26T17:12:33.350239,10/13 16:15,13.03,0.0,,,,18.0,29.0,0.3764,0.094094,0.0,0.094094,0.0,0.0,0.0,0.0,0.094094,0.55,high,0.051752,0.0,0.051752,0
2026-07-26T17:12:33.371791,10/13 17:23,12.07,0.0,,,,18.0,29.0,0.3764,0.094094,0.0,0.094094,0.0,0.0,0.0,0.0,0.094094,0.55,high,0.051752,0.0,0.051752,0
2026-07-26T17:12:33.394851,10/13 18:15,11.12,0.0,,,,18.0,29.0,0.3764,0.094094,0.0,0.094094,0.0,0.0,0.0,0.0,0.094094,0.55,high,0.051752,0.0,0.051752,0
2026-07-26T17:12:50.638079,10/13 19:15,9.55,0.0,,,,18.0,29.0,0.3764,0.094094,0.0,0.094094,0.0,0.0,0.0,0.0,0.094094,0.55,high,0.051752,0.0,0.051752,0
2026-07-26T17:12:50.711784,10/13 20:15,9.72,0.0,,,,18.0,29.0,0.3764,0.094094,0.0,0.094094,0.0,0.0,0.0,0.0,0.094094,0.55,high,0.051752,0.0,0.051752,0
2026-07-26T17:12:50.767431,10/13 21:15,9.03,0.0,,,,18.0,29.0,0.3764,0.094094,0.0,0.094094,0.0,0.0,0.0,0.0,0.094094,0.4,moderate,0.037638,0.0,0.037638,0
2026-07-26T17:12:50.815156,10/13 22:15,9.12,0.0,,,,18.0,29.0,0.3764,0.094094,0.0,0.094094,0.0,0.0,0.0,0.0,0.094094,0.4,moderate,0.037638,0.0,0.037638,0
2026-07-26T17:12:50.847860,10/13 23:15,8.18,0.0,,,,18.0,29.0,0.3764,0.094094,0.0,0.094094,0.0,0.0,0.0,0.0,0.094094,0.4,moderate,0.037638,0.0,0.037638,0
2026-07-26T17:12:50.880420,10/14 00:15,7.8,0.0,,,,18.0,29.0,0.3764,0.094094,0.0,0.094094,0.0,0.0,0.0,0.0,0.094094,0.34,low,0.031992,0.0,0.031992,0
2026-07-26T17:13:10.159243,10/14 01:15,7.65,0.0,,,,18.0,29.0,0.3764,0.094094,0.0,0.094094,0.0,0.0,0.0,0.0,0.094094,0.34,low,0.031992,0.0,0.031992,0
2026-07-26T17:13:10.188331,10/14 02:15,6.5,0.0,,,,18.0,29.0,0.3764,0.094094,0.0,0.094094,0.0,0.0,0.0,0.0,0.094094,0.34,low,0.031992,0.0,0.031992,0
2026-07-26T17:13:10.216941,10/14 03:15,4.28,0.0,,,,18.0,29.0,0.3764,0.094094,0.0,0.094094,0.0,0.0,0.0,0.0,0.094094,0.34,low,0.031992,0.0,0.031992,0
2026-07-26T17:13:10.239989,10/14 04:15,3.75,0.0,,,,18.0,29.0,0.3764,0.094094,0.0,0.094094,0.0,0.0,0.0,0.0,0.094094,0.34,low,0.031992,0.0,0.031992,0
2026-07-26T17:13:10.262562,10/14 05:15,3.17,0.0,,,,18.0,29.0,0.3764,0.094094,0.0,0.094094,0.0,0.0,0.0,0.0,0.094094,0.34,low,0.031992,0.0,0.031992,0
2026-07-26T17:13:10.309202,10/14 06:15,2.8,0.0,,,,18.0,29.0,0.3764,0.094094,0.0,0.094094,0.0,0.0,0.0,0.0,0.094094,0.43,moderate,0.04046,0.0,0.04046,0
2026-07-26T17:13:32.977521,10/14 07:23,3.5,0.0,,,,18.0,29.0,0.3764,0.094094,0.0,0.094094,0.004114,1.200253,0.91845,0.0,1.294347,0.43,moderate,0.04046,0.217246,0.257706,0
2026-07-26T17:13:33.010626,10/14 08:15,6.15,0.0,,,,18.0,29.0,0.3764,0.094094,0.0,0.094094,0.002889,0.693395,0.698914,0.0,0.787489,0.43,moderate,0.04046,0.125504,0.165965,0
2026-07-26T17:13:33.066757,10/14 09:23,8.07,52.0,21.74,21.0,23.11,21.0,26.0,0.3764,0.094094,0.0,0.094094,0.002306,0.15273,0.533882,0.0,0.246824,0.43,moderate,0.04046,0.027644,0.068105,0
2026-07-26T17:13:33.092320,10/14 10:23,8.9,52.0,23.19,22.05,24.37,21.0,26.0,0.3764,0.094094,0.0,0.094094,0.001091,0.542896,0.398341,0.0,0.63699,0.3,low,0.028228,0.098264,0.126492,0
2026-07-26T17:13:33.121248,10/14 11:23,9.18,52.0,24.03,22.8,25.15,21.0,26.0,0.3764,0.094094,0.0,0.094094,0.000957,0.474831,0.377268,0.0,0.568925,0.3,low,0.028228,0.085944,0.114173,0
2026-07-26T17:13:33.164541,10/14 12:15,10.0,41.6,24.33,23.14,25.07,21.0,26.0,0.3764,0.094094,0.0,0.094094,0.000606,0.317707,0.275857,0.0,0.411801,0.3,low,0.028228,0.057505,0.085733,0
2026-07-26T17:13:54.824697,10/14 13:15,9.85,20.8,24.07,23.0,24.66,21.0,25.0,0.3764,0.094094,0.0,0.094094,0.000569,0.315218,0.263919,0.0,0.409312,0.3,low,0.028228,0.057054,0.085283,0
2026-07-26T17:13:54.854286,10/14 14:15,9.55,41.6,24.42,23.52,25.0,21.0,25.0,0.3893,0.097314,0.0,0.097314,0.00025,0.147236,0.139944,0.0,0.24455,0.3,low,0.029194,0.02665,0.055844,0
2026-07-26T17:13:54.877314,10/14 15:15,10.0,52.0,24.48,23.94,25.0,21.0,25.0,0.3987,0.099682,0.113981,0.099682,0.012683,0.0,0.0,0.039054,0.099682,0.3,low,0.029905,0.0,0.029905,0
2026-07-26T17:13:54.898352,10/14 16:15,9.72,52.0,24.38,23.56,25.0,21.0,25.0,0.3931,0.098279,0.0,0.098279,2e-05,0.012042,0.014842,0.0,0.110321,0.55,high,0.054053,0.00218,0.056233,0
2026-07-26T17:13:54.968643,10/14 17:15,8.35,52.0,23.91,22.93,25.0,21.0,25.0,0.3789,0.094717,0.0,0.094717,0.000635,0.382388,0.288122,0.0,0.477105,0.55,high,0.052094,0.069212,0.121307,0
2026-07-26T17:13:54.998317,10/14 18:15,6.28,52.0,23.33,22.45,24.99,21.0,25.0,0.3764,0.094094,0.0,0.094094,0.001499,0.72829,0.502152,0.0,0.822384,0.55,high,0.051752,0.13182,0.183572,0
2026-07-26T17:14:14.294987,10/14 19:15,4.45,26.0,21.89,21.15,23.66,20.0,26.0,0.3764,0.094094,0.0,0.094094,0.002466,0.875611,0.6511,0.0,0.969705,0.55,high,0.051752,0.158486,0.210237,0
2026-07-26T17:14:14.322547,10/14 20:23,2.52,0.0,,,,20.0,26.0,0.3764,0.094094,0.0,0.094094,0.005375,0.982765,0.805545,0.0,1.076859,0.55,high,0.051752,0.17788,0.229632,0
2026-07-26T17:14:14.374653,10/14 21:15,1.7,0.0,,,,20.0,26.0,0.3764,0.094094,0.0,0.094094,3.1e-05,0.016689,0.016943,0.0,0.110783,0.4,moderate,0.037638,0.003021,0.040658,0
2026-07-26T17:14:14.393699,10/14 22:15,1.55,0.0,,,,20.0,26.0,0.3764,0.094094,0.0,0.094094,0.000637,0.43132,0.320667,0.0,0.525414,0.4,moderate,0.037638,0.078069,0.115707,0
2026-07-26T17:14:14.413733,10/14 23:15,0.98,0.0,,,,20.0,26.0,0.3764,0.094094,0.0,0.094094,0.000914,0.688235,0.520097,0.0,0.782329,0.4,moderate,0.037638,0.124571,0.162208,0
2026-07-26T17:14:14.432258,10/15 00:15,0.6,0.0,,,,20.0,26.0,0.3764,0.094094,0.0,0.094094,0.00113,0.843967,0.656262,0.0,0.938061,0.34,low,0.031992,0.152758,0.18475,0
2026-07-26T17:14:31.484500,10/15 01:15,0.88,0.0,,,,18.0,28.0,0.3764,0.094094,0.0,0.094094,0.0,0.0,0.0,0.0,0.094094,0.34,low,0.031992,0.0,0.031992,0
2026-07-26T17:14:31.505537,10/15 02:15,1.97,0.0,,,,18.0,28.0,0.3764,0.094094,0.0,0.094094,0.0,0.0,0.0,0.0,0.094094,0.34,low,0.031992,0.0,0.031992,0
2026-07-26T17:14:31.529582,10/15 03:15,3.07,0.0,,,,18.0,28.0,0.3764,0.094094,0.0,0.094094,0.0,0.0,0.0,0.0,0.094094,0.34,low,0.031992,0.0,0.031992,0
2026-07-26T17:14:31.551628,10/15 04:15,3.9,0.0,,,,18.0,28.0,0.3764,0.094094,0.0,0.094094,0.0,0.0,0.0,0.0,0.094094,0.34,low,0.031992,0.0,0.031992,0
2026-07-26T17:14:31.571666,10/15 05:15,4.03,0.0,,,,18.0,28.0,0.3764,0.094094,0.0,0.094094,0.0,0.0,0.0,0.0,0.094094,0.34,low,0.031992,0.0,0.031992,0
2026-07-26T17:14:31.588194,10/15 06:15,4.4,0.0,,,,18.0,28.0,0.3764,0.094094,0.0,0.094094,0.0,0.0,0.0,0.0,0.094094,0.43,moderate,0.04046,0.0,0.04046,0
2026-07-26T17:14:48.251432,10/15 07:15,4.83,0.0,,,,18.0,29.0,0.3764,0.094094,0.0,0.094094,0.004001,1.028304,0.801618,0.0,1.122398,0.43,moderate,0.04046,0.186123,0.226583,0
2026-07-26T17:14:48.277529,10/15 08:15,6.37,0.0,,,,18.0,29.0,0.3764,0.094094,0.0,0.094094,0.002617,0.787146,0.668846,0.0,0.88124,0.43,moderate,0.04046,0.142473,0.182934,0
2026-07-26T17:14:48.308088,10/15 09:15,7.2,52.0,21.22,21.0,22.07,21.0,26.0,0.3764,0.094094,0.0,0.094094,0.002244,1.01752,0.813019,0.0,1.111614,0.43,moderate,0.04046,0.184171,0.224632,0
2026-07-26T17:14:48.328135,10/15 10:15,7.08,52.0,22.27,21.62,23.67,21.0,26.0,0.3764,0.094094,0.0,0.094094,0.001747,0.689647,0.54592,0.0,0.783741,0.3,low,0.028228,0.124826,0.153054,0
2026-07-26T17:14:48.347791,10/15 11:15,6.83,52.0,22.94,22.22,24.32,21.0,26.0,0.3764,0.094094,0.0,0.094094,0.001893,0.718687,0.570587,0.0,0.812781,0.3,low,0.028228,0.130082,0.158311,0
2026-07-26T17:14:48.366828,10/15 12:15,7.62,41.6,23.27,22.54,24.5,21.0,26.0,0.3764,0.094094,0.0,0.094094,0.001585,0.626143,0.517878,0.0,0.720237,0.3,low,0.028228,0.113332,0.14156,0
2026-07-26T17:15:06.736876,10/15 13:15,9.18,20.8,22.93,22.21,24.18,21.5,25.0,0.3764,0.094094,0.0,0.094094,0.000941,0.42411,0.375698,0.0,0.518204,0.3,low,0.028228,0.076764,0.104992,0
2026-07-26T17:15:06.762430,10/15 14:15,10.15,41.6,23.58,22.84,24.74,21.5,25.0,0.3764,0.094094,0.0,0.094094,0.000617,0.313658,0.279936,0.0,0.407752,0.3,low,0.028228,0.056772,0.085,0
2026-07-26T17:15:06.784503,10/15 15:15,10.6,52.0,23.91,23.19,25.0,21.5,25.0,0.3792,0.09481,0.0,0.09481,0.000362,0.201182,0.187359,0.0,0.295992,0.3,low,0.028443,0.036414,0.064857,0
2026-07-26T17:15:06.805044,10/15 16:15,10.3,52.0,23.81,23.09,25.0,21.5,25.0,0.3785,0.094626,0.0,0.094626,0.000365,0.215609,0.188558,0.0,0.310235,0.55,high,0.052044,0.039025,0.09107,0
2026-07-26T17:15:06.825082,10/15 17:15,9.28,52.0,23.37,22.61,24.83,21.5,25.0,0.3764,0.094094,0.0,0.094094,0.000697,0.404453,0.306036,0.0,0.498547,0.55,high,0.051752,0.073206,0.124958,0
2026-07-26T17:15:06.847132,10/15 18:15,8.62,52.0,23.07,22.25,24.75,21.5,25.0,0.3764,0.094094,0.0,0.094094,0.000829,0.451265,0.345459,0.0,0.545359,0.55,high,0.051752,0.081679,0.133431,0
2026-07-26T17:15:25.653775,10/15 19:15,7.8,26.0,21.79,21.08,23.45,20.0,26.0,0.3764,0.094094,0.0,0.094094,0.001215,0.593288,0.442812,0.0,0.687382,0.55,high,0.051752,0.107385,0.159137,0
2026-07-26T17:15:25.678824,10/15 20:15,7.65,0.0,,,,20.0,26.0,0.3764,0.094094,0.0,0.094094,0.001298,0.584885,0.46085,0.0,0.678979,0.55,high,0.051752,0.105864,0.157616,0
2026-07-26T17:15:25.701375,10/15 21:15,6.93,0.0,,,,20.0,26.0,0.3764,0.094094,0.0,0.094094,0.0,0.0,0.0,0.0,0.094094,0.4,moderate,0.037638,0.0,0.037638,0
2026-07-26T17:15:25.729467,10/15 22:15,6.25,0.0,,,,20.0,26.0,0.3764,0.094094,0.0,0.094094,0.000128,0.060183,0.096693,0.0,0.154277,0.4,moderate,0.037638,0.010893,0.048531,0
2026-07-26T17:15:25.750511,10/15 23:15,6.83,0.0,,,,20.0,26.0,0.3764,0.094094,0.0,0.094094,0.000361,0.218772,0.253699,0.0,0.312866,0.4,moderate,0.037638,0.039598,0.077235,0
2026-07-26T17:15:25.773059,10/16 00:15,7.2,0.0,,,,20.0,26.0,0.3764,0.094094,0.0,0.094094,0.000507,0.369227,0.342389,0.0,0.463321,0.34,low,0.031992,0.06683,0.098822,0
2026-07-26T17:15:43.503086,10/16 01:15,7.08,0.0,,,,18.0,28.0,0.3764,0.094094,0.0,0.094094,0.0,0.0,0.0,0.0,0.094094,0.34,low,0.031992,0.0,0.031992,0
2026-07-26T17:15:43.529142,10/16 02:15,6.55,0.0,,,,18.0,28.0,0.3764,0.094094,0.0,0.094094,0.0,0.0,0.0,0.0,0.094094,0.34,low,0.031992,0.0,0.031992,0
2026-07-26T17:15:43.555230,10/16 03:15,6.1,0.0,,,,18.0,28.0,0.3764,0.094094,0.0,0.094094,0.0,0.0,0.0,0.0,0.094094,0.34,low,0.031992,0.0,0.031992,0
2026-07-26T17:15:43.579271,10/16 04:15,6.25,0.0,,,,18.0,28.0,0.3764,0.094094,0.0,0.094094,0.0,0.0,0.0,0.0,0.094094,0.34,low,0.031992,0.0,0.031992,0
2026-07-26T17:15:43.601836,10/16 05:15,6.55,0.0,,,,18.0,28.0,0.3764,0.094094,0.0,0.094094,0.0,0.0,0.0,0.0,0.094094,0.34,low,0.031992,0.0,0.031992,0
2026-07-26T17:15:43.621897,10/16 06:15,6.25,0.0,,,,18.0,28.0,0.3764,0.094094,0.0,0.094094,0.0,0.0,0.0,0.0,0.094094,0.43,moderate,0.04046,0.0,0.04046,0
2026-07-26T17:16:01.550529,10/16 07:15,6.7,0.0,,,,18.0,29.0,0.3764,0.094094,0.0,0.094094,0.002161,0.783186,0.610684,0.0,0.87728,0.43,moderate,0.04046,0.141757,0.182217,0
2026-07-26T17:16:01.575660,10/16 08:15,6.83,0.0,,,,18.0,29.0,0.3764,0.094094,0.0,0.094094,0.003233,0.020685,0.612237,0.0,0.114779,0.43,moderate,0.04046,0.003744,0.044204,0
2026-07-26T17:16:01.604900,10/16 09:23,7.62,52.0,21.27,21.0,22.21,21.0,26.0,0.3764,0.094094,0.0,0.094094,0.002263,0.208368,0.596715,0.0,0.302462,0.43,moderate,0.04046,0.037715,0.078175,0
2026-07-26T17:16:01.629957,10/16 10:23,9.45,52.0,22.93,22.08,23.87,21.0,26.0,0.3764,0.094094,0.0,0.094094,0.001092,0.515476,0.402497,0.0,0.60957,0.3,low,0.028228,0.093301,0.121529,0
2026-07-26T17:16:01.652526,10/16 11:15,11.38,52.0,23.65,22.72,24.58,21.0,26.0,0.3764,0.094094,0.0,0.094094,0.00043,0.22652,0.211618,0.0,0.320614,0.3,low,0.028228,0.041,0.069228,0
2026-07-26T17:16:01.674132,10/16 12:15,12.07,41.6,24.08,23.14,24.79,21.0,26.0,0.3764,0.094094,0.114221,0.094094,0.01821,0.179386,0.164184,0.055142,0.27348,0.3,low,0.028228,0.032469,0.060697,0
2026-07-26T17:16:19.041503,10/16 13:15,11.7,20.8,23.97,23.01,24.56,21.0,25.0,0.3764,0.094094,0.1107,0.094094,0.020605,0.172172,0.152055,0.015752,0.266266,0.3,low,0.028228,0.031163,0.059391,0
2026-07-26T17:16:19.068307,10/16 14:15,11.27,41.6,24.43,23.64,25.0,21.0,25.0,0.3974,0.099343,0.127173,0.099343,0.025072,0.0,0.0,0.120359,0.099343,0.3,low,0.029803,0.0,0.029803,0
2026-07-26T17:16:19.089885,10/16 15:15,10.0,52.0,24.54,23.9,25.0,21.0,25.0,0.4088,0.102205,0.133781,0.102205,0.02485,0.0,0.0,0.137595,0.102205,0.3,low,0.030662,0.0,0.030662,0
2026-07-26T17:16:19.111452,10/16 16:15,9.85,52.0,24.42,23.56,25.0,21.0,25.0,0.3982,0.099539,0.117298,0.099539,0.025901,0.0,0.0,0.048094,0.099539,0.55,high,0.054746,0.0,0.054746,0
2026-07-26T17:16:19.132536,10/16 17:15,8.58,52.0,24.06,22.94,25.0,21.0,25.0,0.3798,0.094946,0.0,0.094946,0.000485,0.308799,0.235495,0.0,0.403745,0.55,high,0.05222,0.055893,0.108113,0
2026-07-26T17:16:19.153578,10/16 18:15,6.1,52.0,23.4,22.45,25.0,21.0,25.0,0.3767,0.094179,0.0,0.094179,0.001723,0.838969,0.5437,0.0,0.933148,0.55,high,0.051798,0.151853,0.203652,0
2026-07-26T17:16:37.174728,10/16 19:15,5.67,26.0,21.98,21.2,23.7,20.0,26.0,0.3764,0.094094,0.0,0.094094,0.001851,0.717043,0.563901,0.0,0.811137,0.55,high,0.051752,0.129785,0.181536,0
2026-07-26T17:16:37.199018,10/16 20:23,4.0,0.0,,,,20.0,26.0,0.3764,0.094094,0.0,0.094094,0.003571,0.031364,0.720974,0.0,0.125458,0.55,high,0.051752,0.005677,0.057429,0
2026-07-26T17:16:37.220087,10/16 21:15,2.65,0.0,,,,20.0,26.0,0.3764,0.094094,0.0,0.094094,0.0,0.0,0.0,0.0,0.094094,0.4,moderate,0.037638,0.0,0.037638,0
2026-07-26T17:16:37.237712,10/16 22:15,2.35,0.0,,,,20.0,26.0,0.3764,0.094094,0.0,0.094094,0.000431,0.20199,0.24156,0.0,0.296084,0.4,moderate,0.037638,0.03656,0.074198,0
2026-07-26T17:16:37.255762,10/16 23:15,2.52,0.0,,,,20.0,26.0,0.3764,0.094094,0.0,0.094094,0.000735,0.503415,0.430676,0.0,0.597509,0.4,moderate,0.037638,0.091118,0.128756,0
2026-07-26T17:16:37.275810,10/17 00:15,2.1,0.0,,,,20.0,26.0,0.3764,0.094094,0.0,0.094094,0.000977,0.731818,0.58129,0.0,0.825912,0.34,low,0.031992,0.132459,0.164451,0
2026-07-26T17:16:54.164984,10/17 01:15,2.75,0.0,,,,18.0,28.0,0.3764,0.094094,0.0,0.094094,0.0,0.0,0.0,0.0,0.094094,0.34,low,0.031992,0.0,0.031992,0
2026-07-26T17:16:54.187058,10/17 02:15,0.83,0.0,,,,18.0,28.0,0.3764,0.094094,0.0,0.094094,0.0,0.0,0.0,0.0,0.094094,0.34,low,0.031992,0.0,0.031992,0
2026-07-26T17:16:54.204101,10/17 03:15,0.28,0.0,,,,18.0,28.0,0.3764,0.094094,0.0,0.094094,0.0,0.0,0.0,0.0,0.094094,0.34,low,0.031992,0.0,0.031992,0
2026-07-26T17:16:54.220173,10/17 04:15,1.1,0.0,,,,18.0,28.0,0.3764,0.094094,0.0,0.094094,0.0,0.0,0.0,0.0,0.094094,0.34,low,0.031992,0.0,0.031992,0
2026-07-26T17:16:54.239213,10/17 05:15,1.25,0.0,,,,18.0,28.0,0.3764,0.094094,0.0,0.094094,0.0,0.0,0.0,0.0,0.094094,0.34,low,0.031992,0.0,0.031992,0
2026-07-26T17:16:54.256250,10/17 06:15,1.82,0.0,,,,18.0,28.0,0.3764,0.094094,0.0,0.094094,0.0,0.0,0.0,0.0,0.094094,0.43,moderate,0.04046,0.0,0.04046,0
2026-07-26T17:17:11.196950,10/17 07:23,3.17,0.0,,,,18.0,29.0,0.3764,0.094094,0.0,0.094094,0.004308,1.223763,0.976083,0.0,1.317857,0.43,moderate,0.04046,0.221501,0.261962,0
2026-07-26T17:17:11.221517,10/17 08:23,6.8,0.0,,,,18.0,29.0,0.3764,0.094094,0.0,0.094094,0.002622,0.752959,0.66936,0.0,0.847053,0.43,moderate,0.04046,0.136286,0.176746,0
2026-07-26T17:17:11.251631,10/17 09:20,9.45,52.0,22.01,21.0,24.46,21.0,26.0,0.3764,0.094094,0.0,0.094094,0.001443,0.130973,0.450901,0.0,0.225067,0.43,moderate,0.04046,0.023706,0.064167,0
2026-07-26T17:17:11.276723,10/17 10:23,11.52,52.0,23.56,22.15,25.5,21.0,25.5,0.3837,0.095926,0.0,0.095926,0.000353,0.196899,0.171829,0.0,0.292825,0.3,low,0.028778,0.035639,0.064417,0
2026-07-26T17:17:11.302301,10/17 11:23,12.8,52.0,24.39,23.08,25.5,21.0,25.5,0.3847,0.096171,0.11901,0.096171,0.011635,0.090383,0.085582,0.102257,0.186554,0.3,low,0.028851,0.016359,0.045211,0
2026-07-26T17:17:11.326939,10/17 12:23,12.93,41.6,24.75,23.45,25.5,21.0,25.5,0.3799,0.094968,0.124128,0.094968,0.014266,0.114974,0.101418,0.102253,0.209942,0.3,low,0.02849,0.02081,0.049301,0
2026-07-26T17:17:29.813699,10/17 13:15,13.45,20.8,24.54,23.34,25.0,21.0,25.0,0.3837,0.095922,0.129934,0.095922,0.016112,0.03389,0.034143,0.141542,0.129812,0.3,low,0.028777,0.006134,0.034911,0
2026-07-26T17:17:29.839763,10/17 14:15,13.62,41.6,24.68,23.81,25.0,21.0,25.0,0.4008,0.10019,0.174439,0.10019,0.01799,0.0,0.0,0.385172,0.10019,0.3,low,0.030057,0.0,0.030057,0
2026-07-26T17:17:29.860316,10/17 15:15,13.08,52.0,24.47,23.6,25.0,21.0,25.0,0.3901,0.09753,0.142903,0.09753,0.017402,0.0,0.0,0.189391,0.09753,0.3,low,0.029259,0.0,0.029259,0
2026-07-26T17:17:29.879357,10/17 16:15,13.62,52.0,24.19,23.36,25.0,21.0,25.0,0.3859,0.096475,0.146414,0.096475,0.036062,0.0,0.0,0.218166,0.096475,0.55,high,0.053061,0.0,0.053061,0
2026-07-26T17:17:29.898414,10/17 17:15,12.65,52.0,23.8,23.02,25.0,21.0,25.0,0.3786,0.09464,0.127572,0.09464,0.033788,0.095226,0.082884,0.102183,0.189866,0.55,high,0.052052,0.017236,0.069288,0
2026-07-26T17:17:29.915434,10/17 18:15,12.35,52.0,23.5,22.63,25.0,21.0,25.0,0.3765,0.094132,0.118776,0.094132,0.031734,0.147845,0.118966,0.055068,0.241977,0.55,high,0.051773,0.02676,0.078533,0
2026-07-26T17:17:49.305503,10/17 19:15,12.65,26.0,22.26,21.49,23.71,20.0,26.0,0.3764,0.094094,0.125473,0.094094,0.03063,0.169915,0.133831,0.1022,0.264009,0.55,high,0.051752,0.030755,0.082506,0
2026-07-26T17:17:49.334136,10/17 20:15,12.2,0.0,,,,20.0,26.0,0.3764,0.094094,0.11602,0.094094,0.012752,0.200204,0.154607,0.055069,0.294298,0.55,high,0.051752,0.036237,0.087989,0
2026-07-26T17:17:49.359234,10/17 21:15,12.07,0.0,,,,20.0,26.0,0.3764,0.094094,0.0,0.094094,0.0,0.0,0.0,0.0,0.094094,0.4,moderate,0.037638,0.0,0.037638,0
2026-07-26T17:17:49.382769,10/17 22:15,11.27,0.0,,,,20.0,26.0,0.3764,0.094094,0.0,0.094094,0.0,0.0,0.0,0.0,0.094094,0.4,moderate,0.037638,0.0,0.037638,0
2026-07-26T17:17:49.408839,10/17 23:15,9.72,0.0,,,,20.0,26.0,0.3764,0.094094,0.0,0.094094,0.0,0.0,0.0,0.0,0.094094,0.4,moderate,0.037638,0.0,0.037638,0
2026-07-26T17:17:49.433441,10/18 00:15,8.75,0.0,,,,20.0,26.0,0.3764,0.094094,0.0,0.094094,6.8e-05,0.047633,0.0539,0.0,0.141727,0.34,low,0.031992,0.008622,0.040614,0
2026-07-26T17:18:10.233168,10/18 01:15,8.45,0.0,,,,18.0,28.0,0.3764,0.094094,0.0,0.094094,0.0,0.0,0.0,0.0,0.094094,0.34,low,0.031992,0.0,0.031992,0
2026-07-26T17:18:10.255246,10/18 02:15,8.62,0.0,,,,18.0,28.0,0.3764,0.094094,0.0,0.094094,0.0,0.0,0.0,0.0,0.094094,0.34,low,0.031992,0.0,0.031992,0
2026-07-26T17:18:10.276332,10/18 03:15,7.65,0.0,,,,18.0,28.0,0.3764,0.094094,0.0,0.094094,0.0,0.0,0.0,0.0,0.094094,0.34,low,0.031992,0.0,0.031992,0
2026-07-26T17:18:10.294373,10/18 04:15,7.08,0.0,,,,18.0,28.0,0.3764,0.094094,0.0,0.094094,0.0,0.0,0.0,0.0,0.094094,0.34,low,0.031992,0.0,0.031992,0
2026-07-26T17:18:10.313069,10/18 05:15,6.98,0.0,,,,18.0,28.0,0.3764,0.094094,0.0,0.094094,0.0,0.0,0.0,0.0,0.094094,0.34,low,0.031992,0.0,0.031992,0
2026-07-26T17:18:10.331594,10/18 06:15,7.92,0.0,,,,18.0,28.0,0.3764,0.094094,0.0,0.094094,0.0,0.0,0.0,0.0,0.094094,0.43,moderate,0.04046,0.0,0.04046,0
2026-07-26T17:18:28.643742,10/18 07:15,8.58,0.0,,,,18.0,29.0,0.3764,0.094094,0.0,0.094094,0.001378,0.638705,0.477188,0.0,0.732799,0.43,moderate,0.04046,0.115606,0.156066,0
2026-07-26T17:18:28.666818,10/18 08:23,9.83,0.0,,,,18.0,29.0,0.3764,0.094094,0.0,0.094094,0.001001,0.464696,0.391221,0.0,0.55879,0.43,moderate,0.04046,0.08411,0.12457,0
2026-07-26T17:18:28.692367,10/18 09:20,11.52,52.0,22.06,21.04,23.62,21.0,26.0,0.3764,0.094094,0.0,0.094094,0.000526,0.285129,0.234441,0.0,0.379223,0.43,moderate,0.04046,0.051608,0.092069,0
2026-07-26T17:18:28.735068,10/18 10:23,13.35,52.0,23.81,22.46,25.51,21.0,25.5,0.3798,0.094952,0.118478,0.094952,0.01039,0.173646,0.153114,0.102403,0.268598,0.3,low,0.028486,0.03143,0.059916,0
2026-07-26T17:18:28.761675,10/18 11:23,14.85,52.0,24.49,23.28,25.5,21.0,25.5,0.3771,0.094276,0.153504,0.094276,0.026197,0.176424,0.150061,0.275976,0.2707,0.3,low,0.028283,0.031933,0.060216,0
2026-07-26T17:18:28.785776,10/18 12:15,14.12,41.6,24.51,23.47,25.13,21.0,25.5,0.3764,0.094094,0.148121,0.094094,0.026077,0.170576,0.143204,0.228611,0.26467,0.3,low,0.028228,0.030874,0.059102,0
2026-07-26T17:18:46.907653,10/18 13:15,13.3,20.8,24.11,23.21,24.82,21.0,25.0,0.3764,0.094094,0.133488,0.094094,0.0252,0.160813,0.134442,0.141894,0.254907,0.3,low,0.028228,0.029107,0.057335,0
2026-07-26T17:18:46.930716,10/18 14:15,13.73,41.6,24.38,23.58,25.0,21.0,25.0,0.3831,0.095768,0.134015,0.095768,0.029888,0.034177,0.034568,0.142107,0.129945,0.3,low,0.02873,0.006186,0.034916,0
2026-07-26T17:18:46.950283,10/18 15:15,14.72,52.0,24.61,23.96,25.0,21.0,25.0,0.3886,0.09716,0.164729,0.09716,0.035109,0.0,0.0,0.326406,0.09716,0.3,low,0.029148,0.0,0.029148,0
2026-07-26T17:18:46.969344,10/18 16:15,13.48,52.0,24.28,23.6,25.0,21.0,25.0,0.3854,0.096349,0.141427,0.096349,0.025288,0.0,0.0,0.203277,0.096349,0.55,high,0.052992,0.0,0.052992,0
2026-07-26T17:18:46.989385,10/18 17:15,11.37,52.0,23.96,23.11,25.0,21.0,25.0,0.379,0.094741,0.118892,0.094741,0.023017,0.088364,0.078259,0.05527,0.183105,0.55,high,0.052108,0.015994,0.068101,0
2026-07-26T17:18:47.007424,10/18 18:15,8.9,52.0,23.46,22.66,25.0,21.0,25.0,0.3769,0.094213,0.0,0.094213,0.000742,0.487786,0.319454,0.0,0.581999,0.55,high,0.051817,0.088289,0.140106,0
2026-07-26T17:19:04.715372,10/18 19:15,8.62,26.0,22.09,21.38,23.7,20.0,26.0,0.3764,0.094094,0.0,0.094094,0.000812,0.458485,0.34035,0.0,0.552579,0.55,high,0.051752,0.082986,0.134737,0
2026-07-26T17:19:04.737309,10/18 20:15,7.65,0.0,,,,20.0,26.0,0.3764,0.094094,0.0,0.094094,0.001247,0.611573,0.449938,0.0,0.705667,0.55,high,0.051752,0.110695,0.162446,0
2026-07-26T17:19:04.755360,10/18 21:15,6.65,0.0,,,,20.0,26.0,0.3764,0.094094,0.0,0.094094,0.0,0.0,0.0,0.0,0.094094,0.4,moderate,0.037638,0.0,0.037638,0
2026-07-26T17:19:04.773936,10/18 22:15,4.85,0.0,,,,20.0,26.0,0.3764,0.094094,0.0,0.094094,2.4e-05,0.011507,0.019925,0.0,0.105601,0.4,moderate,0.037638,0.002083,0.03972,0
2026-07-26T17:19:04.791565,10/18 23:15,4.4,0.0,,,,20.0,26.0,0.3764,0.094094,0.0,0.094094,0.000356,0.209772,0.24966,0.0,0.303866,0.4,moderate,0.037638,0.037969,0.075606,0
2026-07-26T17:19:04.811841,10/19 00:15,4.4,0.0,,,,20.0,26.0,0.3764,0.094094,0.0,0.094094,0.000613,0.442392,0.403564,0.0,0.536486,0.34,low,0.031992,0.080073,0.112065,0
2026-07-26T17:19:21.434881,10/19 01:15,4.4,0.0,,,,18.0,28.0,0.3764,0.094094,0.0,0.094094,0.0,0.0,0.0,0.0,0.094094,0.34,low,0.031992,0.0,0.031992,0
2026-07-26T17:19:21.455538,10/19 02:15,4.4,0.0,,,,18.0,28.0,0.3764,0.094094,0.0,0.094094,0.0,0.0,0.0,0.0,0.094094,0.34,low,0.031992,0.0,0.031992,0
2026-07-26T17:19:21.481644,10/19 03:15,4.28,0.0,,,,18.0,28.0,0.3764,0.094094,0.0,0.094094,0.0,0.0,0.0,0.0,0.094094,0.34,low,0.031992,0.0,0.031992,0
2026-07-26T17:19:21.499216,10/19 04:15,3.75,0.0,,,,18.0,28.0,0.3764,0.094094,0.0,0.094094,0.0,0.0,0.0,0.0,0.094094,0.34,low,0.031992,0.0,0.031992,0
2026-07-26T17:19:21.516252,10/19 05:15,3.17,0.0,,,,18.0,28.0,0.3764,0.094094,0.0,0.094094,0.0,0.0,0.0,0.0,0.094094,0.34,low,0.031992,0.0,0.031992,0
2026-07-26T17:19:21.532270,10/19 06:15,3.07,0.0,,,,18.0,28.0,0.3764,0.094094,0.0,0.094094,0.0,0.0,0.0,0.0,0.094094,0.43,moderate,0.04046,0.0,0.04046,0
2026-07-26T17:19:37.504681,10/19 07:15,4.32,0.0,,,,18.0,29.0,0.3764,0.094094,0.0,0.094094,0.0,0.0,0.0,0.0,0.094094,0.43,moderate,0.04046,0.0,0.04046,0
2026-07-26T17:19:37.525729,10/19 08:23,6.27,0.0,,,,18.0,29.0,0.3764,0.094094,0.0,0.094094,0.0,0.0,0.0,0.0,0.094094,0.43,moderate,0.04046,0.0,0.04046,0
2026-07-26T17:19:37.545773,10/19 09:23,8.73,0.0,,,,18.0,29.0,0.3764,0.094094,0.0,0.094094,0.0,0.0,0.0,0.0,0.094094,0.43,moderate,0.04046,0.0,0.04046,0
2026-07-26T17:19:37.562836,10/19 10:15,10.43,0.0,,,,18.0,29.0,0.3764,0.094094,0.0,0.094094,0.0,0.0,0.0,0.0,0.094094,0.3,low,0.028228,0.0,0.028228,0
2026-07-26T17:19:37.579381,10/19 11:15,12.25,0.0,,,,18.0,29.0,0.3764,0.094094,0.0,0.094094,0.0,0.0,0.0,0.0,0.094094,0.3,low,0.028228,0.0,0.028228,0
2026-07-26T17:19:37.596432,10/19 12:15,14.03,0.0,,,,18.0,29.0,0.3764,0.094094,0.0,0.094094,0.0,0.0,0.0,0.0,0.094094,0.3,low,0.028228,0.0,0.028228,0
2026-07-26T17:19:54.228246,10/19 13:15,14.55,0.0,,,,18.0,29.0,0.3764,0.094094,0.0,0.094094,0.0,0.0,0.0,0.0,0.094094,0.3,low,0.028228,0.0,0.028228,0
2026-07-26T17:19:54.248299,10/19 14:15,15.15,0.0,,,,18.0,29.0,0.3764,0.094094,0.0,0.094094,0.0,0.0,0.0,0.0,0.094094,0.3,low,0.028228,0.0,0.028228,0
2026-07-26T17:19:54.267332,10/19 15:15,15.6,0.0,,,,18.0,29.0,0.3764,0.094094,0.0,0.094094,0.0,0.0,0.0,0.0,0.094094,0.3,low,0.028228,0.0,0.028228,0
2026-07-26T17:19:54.284369,10/19 16:15,15.3,0.0,,,,18.0,29.0,0.3764,0.094094,0.0,0.094094,0.0,0.0,0.0,0.0,0.094094,0.55,high,0.051752,0.0,0.051752,0
2026-07-26T17:19:54.299909,10/19 17:15,13.85,0.0,,,,18.0,29.0,0.3764,0.094094,0.0,0.094094,0.0,0.0,0.0,0.0,0.094094,0.55,high,0.051752,0.0,0.051752,0
2026-07-26T17:19:54.316938,10/19 18:15,11.92,0.0,,,,18.0,29.0,0.3764,0.094094,0.0,0.094094,0.0,0.0,0.0,0.0,0.094094,0.55,high,0.051752,0.0,0.051752,0
2026-07-26T17:20:10.101029,10/19 19:15,11.1,0.0,,,,18.0,29.0,0.3764,0.094094,0.0,0.094094,0.0,0.0,0.0,0.0,0.094094,0.55,high,0.051752,0.0,0.051752,0
2026-07-26T17:20:10.122579,10/19 20:15,10.82,0.0,,,,18.0,29.0,0.3764,0.094094,0.0,0.094094,0.0,0.0,0.0,0.0,0.094094,0.55,high,0.051752,0.0,0.051752,0
2026-07-26T17:20:10.140646,10/19 21:15,9.72,0.0,,,,18.0,29.0,0.3764,0.094094,0.0,0.094094,0.0,0.0,0.0,0.0,0.094094,0.4,moderate,0.037638,0.0,0.037638,0
2026-07-26T17:20:10.158671,10/19 22:15,8.48,0.0,,,,18.0,29.0,0.3764,0.094094,0.0,0.094094,0.0,0.0,0.0,0.0,0.094094,0.4,moderate,0.037638,0.0,0.037638,0
2026-07-26T17:20:10.176705,10/19 23:15,6.93,0.0,,,,18.0,29.0,0.3764,0.094094,0.0,0.094094,0.0,0.0,0.0,0.0,0.094094,0.4,moderate,0.037638,0.0,0.037638,0
2026-07-26T17:20:10.193754,10/20 00:15,5.97,0.0,,,,18.0,29.0,0.3764,0.094094,0.0,0.094094,0.0,0.0,0.0,0.0,0.094094,0.34,low,0.031992,0.0,0.031992,0
2026-07-26T17:20:27.392296,10/20 01:15,5.45,0.0,,,,18.0,29.0,0.3764,0.094094,0.0,0.094094,0.0,0.0,0.0,0.0,0.094094,0.34,low,0.031992,0.0,0.031992,0
2026-07-26T17:20:27.413364,10/20 02:15,5.0,0.0,,,,18.0,29.0,0.3764,0.094094,0.0,0.094094,0.0,0.0,0.0,0.0,0.094094,0.34,low,0.031992,0.0,0.031992,0
2026-07-26T17:20:27.434003,10/20 03:15,4.85,0.0,,,,18.0,29.0,0.3764,0.094094,0.0,0.094094,0.0,0.0,0.0,0.0,0.094094,0.34,low,0.031992,0.0,0.031992,0
2026-07-26T17:20:27.453027,10/20 04:15,4.12,0.0,,,,18.0,29.0,0.3764,0.094094,0.0,0.094094,0.0,0.0,0.0,0.0,0.094094,0.34,low,0.031992,0.0,0.031992,0
2026-07-26T17:20:27.472624,10/20 05:15,3.02,0.0,,,,18.0,29.0,0.3764,0.094094,0.0,0.094094,0.0,0.0,0.0,0.0,0.094094,0.34,low,0.031992,0.0,0.031992,0
2026-07-26T17:20:27.489146,10/20 06:15,2.62,0.0,,,,18.0,29.0,0.3764,0.094094,0.0,0.094094,0.0,0.0,0.0,0.0,0.094094,0.43,moderate,0.04046,0.0,0.04046,0
2026-07-26T17:20:44.980530,10/20 07:23,5.42,0.0,,,,18.0,29.0,0.3764,0.094094,0.0,0.094094,0.0,0.0,0.0,0.0,0.094094,0.43,moderate,0.04046,0.0,0.04046,0
2026-07-26T17:20:45.004770,10/20 08:23,11.25,0.0,,,,18.0,29.0,0.3764,0.094094,0.0,0.094094,0.0,0.0,0.0,0.0,0.094094,0.43,moderate,0.04046,0.0,0.04046,0
2026-07-26T17:20:45.025823,10/20 09:23,15.43,0.0,,,,18.0,29.0,0.3764,0.094094,0.0,0.094094,0.0,0.0,0.0,0.0,0.094094,0.43,moderate,0.04046,0.0,0.04046,0
2026-07-26T17:20:45.047810,10/20 10:15,17.1,0.0,,,,18.0,29.0,0.3764,0.094094,0.0,0.094094,0.0,0.0,0.0,0.0,0.094094,0.3,low,0.028228,0.0,0.028228,0
2026-07-26T17:20:45.065849,10/20 11:23,18.73,0.0,,,,18.0,29.0,0.3764,0.094094,0.0,0.094094,0.0,0.0,0.0,0.0,0.094094,0.3,low,0.028228,0.0,0.028228,0
2026-07-26T17:20:45.086435,10/20 12:23,20.27,0.0,,,,18.0,29.0,0.3764,0.094094,0.0,0.094094,0.0,0.0,0.0,0.0,0.094094,0.3,low,0.028228,0.0,0.028228,0
2026-07-26T17:21:03.382027,10/20 13:23,21.38,0.0,,,,18.0,29.0,0.3764,0.094094,0.0,0.094094,0.0,0.0,0.0,0.0,0.094094,0.3,low,0.028228,0.0,0.028228,0
2026-07-26T17:21:03.407660,10/20 14:23,22.35,0.0,,,,18.0,29.0,0.3764,0.094094,0.0,0.094094,0.0,0.0,0.0,0.0,0.094094,0.3,low,0.028228,0.0,0.028228,0
2026-07-26T17:21:03.431713,10/20 15:15,22.53,0.0,,,,18.0,29.0,0.3764,0.094094,0.0,0.094094,0.0,0.0,0.0,0.0,0.094094,0.3,low,0.028228,0.0,0.028228,0
2026-07-26T17:21:03.454504,10/20 16:15,20.72,0.0,,,,18.0,29.0,0.3764,0.094094,0.0,0.094094,0.0,0.0,0.0,0.0,0.094094,0.55,high,0.051752,0.0,0.051752,0
2026-07-26T17:21:03.476593,10/20 17:20,17.25,0.0,,,,18.0,29.0,0.3764,0.094094,0.0,0.094094,0.0,0.0,0.0,0.0,0.094094,0.55,high,0.051752,0.0,0.051752,0
2026-07-26T17:21:03.497630,10/20 18:23,15.02,0.0,,,,18.0,29.0,0.3764,0.094094,0.0,0.094094,0.0,0.0,0.0,0.0,0.094094,0.55,high,0.051752,0.0,0.051752,0
2026-07-26T17:21:22.621892,10/20 19:15,13.45,0.0,,,,18.0,29.0,0.3764,0.094094,0.0,0.094094,0.0,0.0,0.0,0.0,0.094094,0.55,high,0.051752,0.0,0.051752,0
2026-07-26T17:21:22.643453,10/20 20:15,13.9,0.0,,,,18.0,29.0,0.3764,0.094094,0.0,0.094094,0.0,0.0,0.0,0.0,0.094094,0.55,high,0.051752,0.0,0.051752,0
2026-07-26T17:21:22.664534,10/20 21:15,14.03,0.0,,,,18.0,29.0,0.3764,0.094094,0.0,0.094094,0.0,0.0,0.0,0.0,0.094094,0.4,moderate,0.037638,0.0,0.037638,0
2026-07-26T17:21:22.684116,10/20 22:15,14.7,0.0,,,,18.0,29.0,0.3764,0.094094,0.0,0.094094,0.0,0.0,0.0,0.0,0.094094,0.4,moderate,0.037638,0.0,0.037638,0
2026-07-26T17:21:22.703158,10/20 23:15,15.45,0.0,,,,18.0,29.0,0.3764,0.094094,0.0,0.094094,0.0,0.0,0.0,0.0,0.094094,0.4,moderate,0.037638,0.0,0.037638,0
2026-07-26T17:21:22.721722,10/21 00:15,14.72,0.0,,,,18.0,29.0,0.3764,0.094094,0.0,0.094094,0.0,0.0,0.0,0.0,0.094094,0.34,low,0.031992,0.0,0.031992,0
2026-07-26T17:21:40.831958,10/21 01:15,13.62,0.0,,,,18.0,29.0,0.3764,0.094094,0.0,0.094094,0.0,0.0,0.0,0.0,0.094094,0.34,low,0.031992,0.0,0.031992,0
2026-07-26T17:21:40.856072,10/21 02:15,12.8,0.0,,,,18.0,29.0,0.3764,0.094094,0.0,0.094094,0.0,0.0,0.0,0.0,0.094094,0.34,low,0.031992,0.0,0.031992,0
2026-07-26T17:21:40.876120,10/21 03:15,12.65,0.0,,,,18.0,29.0,0.3764,0.094094,0.0,0.094094,0.0,0.0,0.0,0.0,0.094094,0.34,low,0.031992,0.0,0.031992,0
2026-07-26T17:21:40.895173,10/21 04:15,12.2,0.0,,,,18.0,29.0,0.3764,0.094094,0.0,0.094094,0.0,0.0,0.0,0.0,0.094094,0.34,low,0.031992,0.0,0.031992,0
2026-07-26T17:21:40.918240,10/21 05:15,12.07,0.0,,,,18.0,29.0,0.3764,0.094094,0.0,0.094094,0.0,0.0,0.0,0.0,0.094094,0.34,low,0.031992,0.0,0.031992,0
2026-07-26T17:21:40.938848,10/21 06:15,11.97,0.0,,,,18.0,29.0,0.3764,0.094094,0.0,0.094094,0.0,0.0,0.0,0.0,0.094094,0.43,moderate,0.04046,0.0,0.04046,0
2026-07-26T17:21:59.387011,10/21 07:15,13.5,0.0,,,,18.0,29.0,0.3764,0.094094,0.120989,0.094094,0.013919,0.28693,0.209808,0.102602,0.381024,0.43,moderate,0.04046,0.051934,0.092395,0
2026-07-26T17:21:59.415592,10/21 08:23,16.15,0.0,,,,18.0,29.0,0.3764,0.094094,0.161418,0.094094,0.025158,0.274591,0.21005,0.323866,0.368685,0.43,moderate,0.04046,0.049701,0.090161,0
2026-07-26T17:21:59.443166,10/21 09:23,18.35,52.0,22.76,21.42,25.0,20.5,26.0,0.3764,0.094094,0.195008,0.094094,0.03112,0.233779,0.187403,0.498006,0.327873,0.43,moderate,0.04046,0.042314,0.082774,0
2026-07-26T17:21:59.468768,10/21 10:23,20.82,52.0,24.34,23.08,25.5,20.5,25.5,0.3871,0.096778,0.228578,0.096778,0.03347,0.0553,0.054627,0.672811,0.152078,0.3,low,0.029033,0.010009,0.039043,0
2026-07-26T17:21:59.493334,10/21 11:23,23.58,52.0,25.15,24.04,25.5,20.5,25.5,0.391,0.097755,0.287338,0.097755,0.038134,0.0,0.0,0.975933,0.097755,0.3,low,0.029326,0.0,0.029326,0
2026-07-26T17:21:59.516398,10/21 12:15,24.55,41.6,25.3,24.49,25.5,20.5,25.5,0.409,0.102258,0.389642,0.102258,0.044923,0.0,0.0,1.468842,0.102258,0.3,low,0.030677,0.0,0.030677,0
2026-07-26T17:22:17.270769,10/21 13:15,25.27,20.8,24.87,24.37,25.0,20.5,25.0,0.4192,0.104799,0.417881,0.104799,0.044126,0.0,0.0,1.565211,0.104799,0.3,low,0.03144,0.0,0.03144,0
2026-07-26T17:22:17.291968,10/21 14:15,25.83,41.6,24.96,24.81,25.0,20.5,25.0,0.4489,0.112231,0.508029,0.112231,0.048431,0.0,0.0,1.993332,0.112231,0.3,low,0.033669,0.0,0.033669,0
2026-07-26T17:22:17.312593,10/21 15:15,24.73,52.0,25.0,25.0,25.0,20.5,25.0,0.4674,0.11685,0.504559,0.11685,0.045949,0.0,0.0,1.979185,0.11685,0.3,low,0.035055,0.0,0.035055,0
2026-07-26T17:22:17.332657,10/21 16:15,23.35,52.0,24.96,24.83,25.0,20.5,25.0,0.4283,0.107067,0.424642,0.107067,0.042653,0.0,0.0,1.611297,0.107067,0.55,high,0.058887,0.0,0.058887,0
2026-07-26T17:22:17.352716,10/21 17:15,21.0,52.0,24.67,24.14,25.0,20.5,25.0,0.3887,0.097187,0.286309,0.097187,0.040781,0.0,0.0,0.926436,0.097187,0.55,high,0.053453,0.0,0.053453,0
2026-07-26T17:22:17.371751,10/21 18:15,19.32,52.0,24.32,23.66,25.0,20.5,25.0,0.3839,0.095963,0.2233,0.095963,0.036874,0.0,0.0,0.622909,0.095963,0.55,high,0.05278,0.0,0.05278,0
2026-07-26T17:22:34.181785,10/21 19:15,20.45,26.0,23.14,22.44,24.06,20.0,26.0,0.3764,0.094094,0.252716,0.094094,0.040294,0.12583,0.107897,0.793429,0.219924,0.55,high,0.051752,0.022775,0.074527,0
2026-07-26T17:22:34.205368,10/21 20:15,19.85,0.0,,,,20.0,26.0,0.3764,0.094094,0.231106,0.094094,0.032651,0.159399,0.130249,0.673592,0.253493,0.55,high,0.051752,0.028851,0.080603,0
2026-07-26T17:22:34.224404,10/21 21:15,19.27,0.0,,,,20.0,26.0,0.3764,0.094094,0.0,0.094094,0.0,0.0,0.0,0.0,0.094094,0.4,moderate,0.037638,0.0,0.037638,0
2026-07-26T17:22:34.242430,10/21 22:15,19.02,0.0,,,,20.0,26.0,0.3764,0.094094,0.0,0.094094,0.0,0.0,0.0,0.0,0.094094,0.4,moderate,0.037638,0.0,0.037638,0
2026-07-26T17:22:34.258990,10/21 23:15,19.12,0.0,,,,20.0,26.0,0.3764,0.094094,0.0,0.094094,0.0,0.0,0.0,0.0,0.094094,0.4,moderate,0.037638,0.0,0.037638,0
2026-07-26T17:22:34.276013,10/22 00:15,18.3,0.0,,,,20.0,26.0,0.3764,0.094094,0.0,0.094094,0.0,0.0,0.0,0.0,0.094094,0.34,low,0.031992,0.0,0.031992,0
2026-07-26T17:22:53.014697,10/22 01:15,18.18,0.0,,,,18.0,28.0,0.3764,0.094094,0.0,0.094094,0.0,0.0,0.0,0.0,0.094094,0.34,low,0.031992,0.0,0.031992,0
2026-07-26T17:22:53.034264,10/22 02:15,17.65,0.0,,,,18.0,28.0,0.3764,0.094094,0.0,0.094094,0.0,0.0,0.0,0.0,0.094094,0.34,low,0.031992,0.0,0.031992,0
2026-07-26T17:22:53.049789,10/22 03:15,17.2,0.0,,,,18.0,28.0,0.3764,0.094094,0.0,0.094094,0.0,0.0,0.0,0.0,0.094094,0.34,low,0.031992,0.0,0.031992,0
2026-07-26T17:22:53.066826,10/22 04:15,17.2,0.0,,,,18.0,28.0,0.3764,0.094094,0.0,0.094094,0.0,0.0,0.0,0.0,0.094094,0.34,low,0.031992,0.0,0.031992,0
2026-07-26T17:22:53.082852,10/22 05:15,17.07,0.0,,,,18.0,28.0,0.3764,0.094094,0.0,0.094094,0.0,0.0,0.0,0.0,0.094094,0.34,low,0.031992,0.0,0.031992,0
2026-07-26T17:22:53.098394,10/22 06:15,16.55,0.0,,,,18.0,28.0,0.3764,0.094094,0.0,0.094094,0.0,0.0,0.0,0.0,0.094094,0.43,moderate,0.04046,0.0,0.04046,0
2026-07-26T17:23:08.065831,10/22 07:15,16.1,0.0,,,,18.0,29.0,0.3764,0.094094,0.170861,0.094094,0.018414,0.253315,0.194032,0.364452,0.347409,0.43,moderate,0.04046,0.04585,0.08631,0
2026-07-26T17:23:08.086873,10/22 08:15,16.53,0.0,,,,18.0,29.0,0.3764,0.094094,0.177053,0.094094,0.01927,0.251845,0.196696,0.405014,0.345939,0.43,moderate,0.04046,0.045584,0.086044,0
2026-07-26T17:23:08.107900,10/22 09:23,18.35,52.0,22.11,21.5,22.85,20.5,26.0,0.3764,0.094094,0.207176,0.094094,0.025223,0.224148,0.18055,0.563591,0.318242,0.43,moderate,0.04046,0.040571,0.081031,0
2026-07-26T17:23:08.127957,10/22 10:23,20.43,52.0,23.76,22.98,24.41,20.5,26.0,0.3764,0.094094,0.252453,0.094094,0.032021,0.19937,0.163701,0.796296,0.293464,0.3,low,0.028228,0.036086,0.064314,0
2026-07-26T17:23:08.146504,10/22 11:15,21.82,52.0,24.78,23.91,25.26,20.5,26.0,0.3764,0.094094,0.294708,0.094094,0.038069,0.176971,0.147158,1.003178,0.271065,0.3,low,0.028228,0.032032,0.06026,0
2026-07-26T17:23:08.164565,10/22 12:15,22.35,41.6,25.02,24.16,25.54,20.5,26.0,0.3764,0.094094,0.290113,0.094094,0.03838,0.15634,0.131286,0.969311,0.250434,0.3,low,0.028228,0.028298,0.056526,0
2026-07-26T17:23:25.698179,10/22 13:15,22.53,20.8,24.86,24.02,25.41,20.5,25.5,0.3764,0.094094,0.29987,0.094094,0.040846,0.142838,0.120241,1.015448,0.236932,0.3,low,0.028228,0.025854,0.054082,0
2026-07-26T17:23:25.721232,10/22 14:15,21.55,41.6,25.11,24.34,25.5,20.5,25.5,0.3839,0.095969,0.27401,0.095969,0.038914,0.0,0.0,0.881422,0.095969,0.3,low,0.028791,0.0,0.028791,0
2026-07-26T17:23:25.741788,10/22 15:15,19.73,52.0,25.1,24.38,25.5,20.5,25.5,0.386,0.096489,0.271319,0.096489,0.038065,0.0,0.0,0.879145,0.096489,0.3,low,0.028947,0.0,0.028947,0
2026-07-26T17:23:25.767355,10/22 16:15,15.45,52.0,24.73,23.97,25.5,20.5,25.5,0.3814,0.095346,0.170127,0.095346,0.031359,0.012307,0.013485,0.324003,0.107653,0.55,high,0.05244,0.002228,0.054668,0
2026-07-26T17:23:25.786393,10/22 17:15,14.72,52.0,24.14,23.3,25.41,20.5,25.5,0.3764,0.094094,0.15666,0.094094,0.029007,0.119869,0.10096,0.276655,0.213963,0.55,high,0.051752,0.021696,0.073448,0
2026-07-26T17:23:25.803422,10/22 18:15,13.75,52.0,23.79,22.91,25.27,20.5,25.5,0.3764,0.094094,0.141684,0.094094,0.026842,0.130354,0.107509,0.189608,0.224448,0.55,high,0.051752,0.023594,0.075346,0
2026-07-26T17:23:42.874324,10/22 19:15,13.03,26.0,22.49,21.71,23.9,20.0,26.0,0.3764,0.094094,0.132331,0.094094,0.022976,0.154743,0.123894,0.142295,0.248837,0.55,high,0.051752,0.028008,0.07976,0
2026-07-26T17:23:42.897915,10/22 20:15,12.2,0.0,,,,20.0,26.0,0.3764,0.094094,0.117799,0.094094,0.018306,0.189841,0.147762,0.055373,0.283935,0.55,high,0.051752,0.034361,0.086113,0
2026-07-26T17:23:42.916954,10/22 21:15,12.2,0.0,,,,20.0,26.0,0.3764,0.094094,0.0,0.094094,0.0,0.0,0.0,0.0,0.094094,0.4,moderate,0.037638,0.0,0.037638,0
2026-07-26T17:23:42.935004,10/22 22:15,12.07,0.0,,,,20.0,26.0,0.3764,0.094094,0.0,0.094094,0.0,0.0,0.0,0.0,0.094094,0.4,moderate,0.037638,0.0,0.037638,0
2026-07-26T17:23:42.952019,10/22 23:15,11.55,0.0,,,,20.0,26.0,0.3764,0.094094,0.0,0.094094,0.0,0.0,0.0,0.0,0.094094,0.4,moderate,0.037638,0.0,0.037638,0
2026-07-26T17:23:42.968549,10/23 00:15,11.1,0.0,,,,20.0,26.0,0.3764,0.094094,0.0,0.094094,0.0,0.0,0.0,0.0,0.094094,0.34,low,0.031992,0.0,0.031992,0
2026-07-26T17:24:00.216250,10/23 01:15,10.82,0.0,,,,18.0,28.0,0.3764,0.094094,0.0,0.094094,0.0,0.0,0.0,0.0,0.094094,0.34,low,0.031992,0.0,0.031992,0
2026-07-26T17:24:00.240318,10/23 02:15,10.0,0.0,,,,18.0,28.0,0.3764,0.094094,0.0,0.094094,0.0,0.0,0.0,0.0,0.094094,0.34,low,0.031992,0.0,0.031992,0
2026-07-26T17:24:00.261865,10/23 03:15,9.85,0.0,,,,18.0,28.0,0.3764,0.094094,0.0,0.094094,0.0,0.0,0.0,0.0,0.094094,0.34,low,0.031992,0.0,0.031992,0
2026-07-26T17:24:00.280410,10/23 04:15,9.28,0.0,,,,18.0,28.0,0.3764,0.094094,0.0,0.094094,0.0,0.0,0.0,0.0,0.094094,0.34,low,0.031992,0.0,0.031992,0
2026-07-26T17:24:00.300953,10/23 05:15,8.75,0.0,,,,18.0,28.0,0.3764,0.094094,0.0,0.094094,0.0,0.0,0.0,0.0,0.094094,0.34,low,0.031992,0.0,0.031992,0
2026-07-26T17:24:00.320991,10/23 06:15,8.3,0.0,,,,18.0,28.0,0.3764,0.094094,0.0,0.094094,0.0,0.0,0.0,0.0,0.094094,0.43,moderate,0.04046,0.0,0.04046,0
2026-07-26T17:24:17.983279,10/23 07:15,8.03,0.0,,,,18.0,29.0,0.3764,0.094094,0.0,0.094094,0.001348,0.644982,0.471671,0.0,0.739076,0.43,moderate,0.04046,0.116742,0.157202,0
2026-07-26T17:24:18.010319,10/23 08:23,7.48,0.0,,,,18.0,29.0,0.3764,0.094094,0.0,0.094094,0.001822,0.734815,0.559184,0.0,0.828909,0.43,moderate,0.04046,0.133002,0.173462,0
2026-07-26T17:24:18.038896,10/23 09:23,8.73,52.0,21.93,21.0,23.38,21.0,26.0,0.3764,0.094094,0.0,0.094094,0.001622,0.056822,0.462955,0.0,0.150916,0.43,moderate,0.04046,0.010285,0.050745,0
2026-07-26T17:24:18.059950,10/23 10:23,10.0,52.0,23.46,22.24,24.79,21.0,26.0,0.3764,0.094094,0.0,0.094094,0.000735,0.389891,0.300669,0.0,0.483985,0.3,low,0.028228,0.07057,0.098798,0
2026-07-26T17:24:18.079993,10/23 11:15,10.15,52.0,24.17,22.94,25.21,21.0,26.0,0.3764,0.094094,0.0,0.094094,0.000644,0.357035,0.283511,0.0,0.451129,0.3,low,0.028228,0.064623,0.092852,0
2026-07-26T17:24:18.100035,10/23 12:15,10.45,41.6,24.3,23.14,25.0,21.0,26.0,0.3764,0.094094,0.0,0.094094,0.000457,0.2629,0.222013,0.0,0.356994,0.3,low,0.028228,0.047585,0.075813,0
2026-07-26T17:24:37.879397,10/23 13:15,10.15,20.8,24.1,23.0,24.73,21.0,25.0,0.3764,0.094094,0.0,0.094094,0.000558,0.327017,0.259446,0.0,0.421111,0.3,low,0.028228,0.05919,0.087418,0
2026-07-26T17:24:37.903956,10/23 14:15,10.3,41.6,24.42,23.53,25.0,21.0,25.0,0.3947,0.098665,0.111875,0.098665,0.012411,0.0,0.0,0.024952,0.098665,0.3,low,0.0296,0.0,0.0296,0
2026-07-26T17:24:37.923999,10/23 15:15,9.28,52.0,24.46,23.88,25.0,21.0,25.0,0.4029,0.100729,0.114352,0.100729,0.012594,0.0,0.0,0.044703,0.100729,0.3,low,0.030219,0.0,0.030219,0
2026-07-26T17:24:37.943554,10/23 16:15,8.48,52.0,24.36,23.45,25.0,21.0,25.0,0.3997,0.099929,0.0,0.099929,2.4e-05,0.014534,0.017805,0.0,0.114463,0.55,high,0.054961,0.002631,0.057592,0
2026-07-26T17:24:37.962586,10/23 17:23,6.8,52.0,23.86,22.77,25.0,21.0,25.0,0.3793,0.094818,0.0,0.094818,0.001075,0.596734,0.414092,0.0,0.691552,0.55,high,0.05215,0.108009,0.160159,0
2026-07-26T17:24:37.981125,10/23 18:15,5.45,52.0,23.28,22.32,24.99,21.0,25.0,0.3764,0.094094,0.0,0.094094,0.00201,0.818653,0.588936,0.0,0.912747,0.55,high,0.051752,0.148176,0.199928,0
2026-07-26T17:24:56.717391,10/23 19:15,5.0,26.0,21.86,21.09,23.65,20.0,26.0,0.3764,0.094094,0.0,0.094094,0.00248,0.836728,0.652692,0.0,0.930822,0.55,high,0.051752,0.151448,0.203199,0
2026-07-26T17:24:56.748012,10/23 20:23,4.17,0.0,,,,20.0,26.0,0.3764,0.094094,0.0,0.094094,0.00268,0.431309,0.676329,0.0,0.525403,0.55,high,0.051752,0.078067,0.129819,0
2026-07-26T17:24:56.770573,10/23 21:15,1.82,0.0,,,,20.0,26.0,0.3764,0.094094,0.0,0.094094,0.0,0.0,0.0,0.0,0.094094,0.4,moderate,0.037638,0.0,0.037638,0
2026-07-26T17:24:56.794139,10/23 22:15,1.8,0.0,,,,20.0,26.0,0.3764,0.094094,0.0,0.094094,0.000465,0.222961,0.286255,0.0,0.317055,0.4,moderate,0.037638,0.040356,0.077994,0
2026-07-26T17:24:56.817183,10/23 23:15,0.72,0.0,,,,20.0,26.0,0.3764,0.094094,0.0,0.094094,0.000878,0.605889,0.524694,0.0,0.699983,0.4,moderate,0.037638,0.109666,0.147304,0
2026-07-26T17:24:56.838228,10/24 00:15,0.83,0.0,,,,20.0,26.0,0.3764,0.094094,0.0,0.094094,0.001074,0.793335,0.635673,0.0,0.887429,0.34,low,0.031992,0.143594,0.175586,0
2026-07-26T17:25:14.876756,10/24 01:15,0.15,0.0,,,,18.0,28.0,0.3764,0.094094,0.0,0.094094,0.0,0.0,0.0,0.0,0.094094,0.34,low,0.031992,0.0,0.031992,0
2026-07-26T17:25:14.898322,10/24 02:15,0.3,0.0,,,,18.0,28.0,0.3764,0.094094,0.0,0.094094,0.0,0.0,0.0,0.0,0.094094,0.34,low,0.031992,0.0,0.031992,0
2026-07-26T17:25:14.917354,10/24 03:15,-0.3,0.0,,,,18.0,28.0,0.3764,0.094094,0.0,0.094094,0.0,0.0,0.0,0.0,0.094094,0.34,low,0.031992,0.0,0.031992,0
2026-07-26T17:25:14.935411,10/24 04:15,0.72,0.0,,,,18.0,28.0,0.3764,0.094094,0.0,0.094094,0.0,0.0,0.0,0.0,0.094094,0.34,low,0.031992,0.0,0.031992,0
2026-07-26T17:25:14.954464,10/24 05:15,1.1,0.0,,,,18.0,28.0,0.3764,0.094094,0.0,0.094094,0.0,0.0,0.0,0.0,0.094094,0.34,low,0.031992,0.0,0.031992,0
2026-07-26T17:25:14.975495,10/24 06:15,1.38,0.0,,,,18.0,28.0,0.3764,0.094094,0.0,0.094094,0.0,0.0,0.0,0.0,0.094094,0.43,moderate,0.04046,0.0,0.04046,0
2026-07-26T17:25:32.144041,10/24 07:23,2.9,0.0,,,,18.0,29.0,0.3764,0.094094,0.0,0.094094,0.004356,1.242538,0.98488,0.0,1.336632,0.43,moderate,0.04046,0.224899,0.26536,0
2026-07-26T17:25:32.170103,10/24 08:23,5.55,0.0,,,,18.0,29.0,0.3764,0.094094,0.0,0.094094,0.003519,0.91224,0.758216,0.0,1.006334,0.43,moderate,0.04046,0.165115,0.205576,0
2026-07-26T17:25:32.197684,10/24 09:23,7.48,52.0,22.01,21.0,24.77,21.0,26.0,0.3764,0.094094,0.0,0.094094,0.002159,0.248018,0.613189,0.0,0.342112,0.43,moderate,0.04046,0.044891,0.085352,0
2026-07-26T17:25:32.223253,10/24 10:23,8.88,52.0,23.3,21.78,25.5,21.0,25.5,0.3839,0.095974,0.0,0.095974,0.001026,0.478131,0.397759,0.0,0.574105,0.3,low,0.028792,0.086542,0.115334,0
2026-07-26T17:25:32.244037,10/24 11:23,10.72,52.0,24.05,22.58,25.5,21.0,25.5,0.3839,0.095969,0.0,0.095969,0.000336,0.180347,0.175971,0.0,0.276316,0.3,low,0.028791,0.032643,0.061434,0
2026-07-26T17:25:32.265066,10/24 12:15,11.52,41.6,24.42,22.92,25.5,21.0,25.5,0.3789,0.094719,0.0,0.094719,0.000298,0.175236,0.159674,0.0,0.269955,0.3,low,0.028416,0.031718,0.060133,0
2026-07-26T17:25:49.518006,10/24 13:15,12.8,20.8,24.22,22.78,25.0,21.0,25.0,0.3836,0.095909,0.119863,0.095909,0.014269,0.046331,0.049128,0.10227,0.14224,0.3,low,0.028773,0.008386,0.037159,0
2026-07-26T17:25:49.541062,10/24 14:15,12.93,41.6,24.42,23.41,25.0,21.0,25.0,0.4118,0.102955,0.166333,0.102955,0.014967,0.0,0.0,0.380876,0.102955,0.3,low,0.030887,0.0,0.030887,0
2026-07-26T17:25:49.563627,10/24 15:15,13.18,52.0,24.59,24.13,25.0,21.0,25.0,0.4344,0.108599,0.218623,0.108599,0.016792,0.0,0.0,0.656111,0.108599,0.3,low,0.03258,0.0,0.03258,0
2026-07-26T17:25:49.587682,10/24 16:15,12.38,52.0,24.57,23.72,25.0,21.0,25.0,0.424,0.105989,0.239034,0.105989,0.033933,0.0,0.0,0.554388,0.105989,0.55,high,0.058294,0.0,0.058294,0
2026-07-26T17:25:49.609722,10/24 17:23,10.97,52.0,24.17,23.09,25.0,21.0,25.0,0.3824,0.095605,0.0,0.095605,7.8e-05,0.048738,0.050928,0.0,0.144343,0.55,high,0.052583,0.008822,0.061404,0
2026-07-26T17:25:49.632272,10/24 18:15,10.6,52.0,23.67,22.71,25.0,21.0,25.0,0.3785,0.09462,0.0,0.09462,0.000288,0.186913,0.155736,0.0,0.281533,0.55,high,0.052041,0.033831,0.085872,0
2026-07-26T17:26:08.576822,10/24 19:15,10.45,26.0,22.32,21.52,23.82,20.0,26.0,0.3764,0.094094,0.0,0.094094,0.000401,0.258085,0.202516,0.0,0.352179,0.55,high,0.051752,0.046713,0.098465,0
2026-07-26T17:26:08.600863,10/24 20:15,10.0,0.0,,,,20.0,26.0,0.3764,0.094094,0.0,0.094094,0.000591,0.364364,0.271834,0.0,0.458458,0.55,high,0.051752,0.06595,0.117702,0
2026-07-26T17:26:08.624417,10/24 21:15,10.0,0.0,,,,20.0,26.0,0.3764,0.094094,0.0,0.094094,0.0,0.0,0.0,0.0,0.094094,0.4,moderate,0.037638,0.0,0.037638,0
2026-07-26T17:26:08.643452,10/24 22:15,9.72,0.0,,,,20.0,26.0,0.3764,0.094094,0.0,0.094094,0.0,0.0,0.0,0.0,0.094094,0.4,moderate,0.037638,0.0,0.037638,0
2026-07-26T17:26:08.663100,10/24 23:15,8.75,0.0,,,,20.0,26.0,0.3764,0.094094,0.0,0.094094,1.2e-05,0.007085,0.009359,0.0,0.101179,0.4,moderate,0.037638,0.001282,0.03892,0
2026-07-26T17:26:08.680595,10/25 00:15,8.45,0.0,,,,20.0,26.0,0.3764,0.094094,0.0,0.094094,0.000207,0.136567,0.150149,0.0,0.230661,0.34,low,0.031992,0.024719,0.056711,0
2026-07-26T17:26:27.540384,10/25 01:15,9.03,0.0,,,,18.0,28.0,0.3764,0.094094,0.0,0.094094,0.0,0.0,0.0,0.0,0.094094,0.34,low,0.031992,0.0,0.031992,0
2026-07-26T17:26:27.561452,10/25 02:15,9.55,0.0,,,,18.0,28.0,0.3764,0.094094,0.0,0.094094,0.0,0.0,0.0,0.0,0.094094,0.34,low,0.031992,0.0,0.031992,0
2026-07-26T17:26:27.585541,10/25 03:15,10.15,0.0,,,,18.0,28.0,0.3764,0.094094,0.0,0.094094,0.0,0.0,0.0,0.0,0.094094,0.34,low,0.031992,0.0,0.031992,0
2026-07-26T17:26:27.605291,10/25 04:15,10.72,0.0,,,,18.0,28.0,0.3764,0.094094,0.0,0.094094,0.0,0.0,0.0,0.0,0.094094,0.34,low,0.031992,0.0,0.031992,0
2026-07-26T17:26:27.626373,10/25 05:15,10.82,0.0,,,,18.0,28.0,0.3764,0.094094,0.0,0.094094,0.0,0.0,0.0,0.0,0.094094,0.34,low,0.031992,0.0,0.031992,0
2026-07-26T17:26:27.646435,10/25 06:15,9.85,0.0,,,,18.0,28.0,0.3764,0.094094,0.0,0.094094,0.0,0.0,0.0,0.0,0.094094,0.43,moderate,0.04046,0.0,0.04046,0
2026-07-26T17:26:44.597947,10/25 07:15,9.4,0.0,,,,18.0,29.0,0.3764,0.094094,0.0,0.094094,0.000985,0.541615,0.387687,0.0,0.635709,0.43,moderate,0.04046,0.098032,0.138493,0
2026-07-26T17:26:44.618024,10/25 08:15,9.55,0.0,,,,18.0,29.0,0.3764,0.094094,0.0,0.094094,0.000993,0.497381,0.389496,0.0,0.591475,0.43,moderate,0.04046,0.090026,0.130486,0
2026-07-26T17:26:44.640069,10/25 09:23,10.15,52.0,21.33,21.0,22.37,21.0,26.0,0.3764,0.094094,0.0,0.094094,0.000875,0.161887,0.359473,0.0,0.255981,0.43,moderate,0.04046,0.029302,0.069762,0
2026-07-26T17:26:44.660763,10/25 10:15,10.88,52.0,22.56,21.86,23.92,21.0,26.0,0.3764,0.094094,0.0,0.094094,0.000607,0.336312,0.26387,0.0,0.430406,0.3,low,0.028228,0.060872,0.089101,0
2026-07-26T17:26:44.679802,10/25 11:15,12.1,52.0,23.23,22.48,24.53,21.0,26.0,0.3764,0.094094,0.111673,0.094094,0.012302,0.209778,0.179881,0.015824,0.303872,0.3,low,0.028228,0.03797,0.066198,0
2026-07-26T17:26:44.698361,10/25 12:15,13.45,41.6,23.55,22.78,24.68,21.0,26.0,0.3764,0.094094,0.130948,0.094094,0.016115,0.200028,0.168628,0.173532,0.294122,0.3,low,0.028228,0.036205,0.064433,0
2026-07-26T17:27:02.215496,10/25 13:15,14.18,20.8,23.46,22.73,24.38,21.0,25.0,0.3764,0.094094,0.16578,0.094094,0.021016,0.191986,0.16024,0.349987,0.28608,0.3,low,0.028228,0.034749,0.062978,0
2026-07-26T17:27:02.237531,10/25 14:15,15.15,41.6,24.1,23.34,24.97,21.0,25.0,0.3764,0.094094,0.197306,0.094094,0.026698,0.179178,0.149424,0.513911,0.273272,0.3,low,0.028228,0.032431,0.060659,0
2026-07-26T17:27:02.258137,10/25 15:15,15.6,52.0,24.24,23.53,25.0,21.0,25.0,0.3829,0.095733,0.209087,0.095733,0.028464,0.05591,0.054136,0.573191,0.151643,0.3,low,0.02872,0.01012,0.03884,0
2026-07-26T17:27:02.276176,10/25 16:15,15.72,52.0,24.09,23.36,25.0,21.0,25.0,0.3816,0.095395,0.209543,0.095395,0.028687,0.066535,0.061688,0.573191,0.16193,0.55,high,0.052467,0.012043,0.06451,0
2026-07-26T17:27:02.293191,10/25 17:15,15.83,52.0,23.74,22.93,24.98,21.0,25.0,0.3764,0.094094,0.228955,0.094094,0.034544,0.159758,0.129633,0.677194,0.253852,0.55,high,0.051752,0.028916,0.080668,0
2026-07-26T17:27:02.310232,10/25 18:15,14.57,52.0,23.55,22.69,24.93,21.0,25.0,0.3764,0.094094,0.189388,0.094094,0.029405,0.160406,0.129797,0.450613,0.2545,0.55,high,0.051752,0.029033,0.080785,0
2026-07-26T17:27:18.776946,10/25 19:15,13.03,26.0,22.31,21.54,23.66,20.0,26.0,0.3764,0.094094,0.149458,0.094094,0.02223,0.174351,0.139143,0.22925,0.268445,0.55,high,0.051752,0.031558,0.083309,0
2026-07-26T17:27:18.801004,10/25 20:15,11.92,0.0,,,,20.0,26.0,0.3764,0.094094,0.118083,0.094094,0.014624,0.201083,0.157408,0.055482,0.295177,0.55,high,0.051752,0.036396,0.088148,0
2026-07-26T17:27:18.819059,10/25 21:15,10.82,0.0,,,,20.0,26.0,0.3764,0.094094,0.0,0.094094,0.0,0.0,0.0,0.0,0.094094,0.4,moderate,0.037638,0.0,0.037638,0
2026-07-26T17:27:18.837279,10/25 22:15,10.0,0.0,,,,20.0,26.0,0.3764,0.094094,0.0,0.094094,0.0,0.0,0.0,0.0,0.094094,0.4,moderate,0.037638,0.0,0.037638,0
2026-07-26T17:27:18.856879,10/25 23:15,9.85,0.0,,,,20.0,26.0,0.3764,0.094094,0.0,0.094094,0.0,0.0,0.0,0.0,0.094094,0.4,moderate,0.037638,0.0,0.037638,0
2026-07-26T17:27:18.876557,10/26 00:15,9.28,0.0,,,,20.0,26.0,0.3764,0.094094,0.0,0.094094,7.2e-05,0.050297,0.057575,0.0,0.144391,0.34,low,0.031992,0.009104,0.041096,0
2026-07-26T17:27:35.406121,10/26 01:15,8.62,0.0,,,,18.0,28.0,0.3764,0.094094,0.0,0.094094,0.0,0.0,0.0,0.0,0.094094,0.34,low,0.031992,0.0,0.031992,0
2026-07-26T17:27:35.426225,10/26 02:15,7.65,0.0,,,,18.0,28.0,0.3764,0.094094,0.0,0.094094,0.0,0.0,0.0,0.0,0.094094,0.34,low,0.031992,0.0,0.031992,0
2026-07-26T17:27:35.447792,10/26 03:15,7.2,0.0,,,,18.0,28.0,0.3764,0.094094,0.0,0.094094,0.0,0.0,0.0,0.0,0.094094,0.34,low,0.031992,0.0,0.031992,0
2026-07-26T17:27:35.466424,10/26 04:15,7.08,0.0,,,,18.0,28.0,0.3764,0.094094,0.0,0.094094,0.0,0.0,0.0,0.0,0.094094,0.34,low,0.031992,0.0,0.031992,0
2026-07-26T17:27:35.483479,10/26 05:15,6.7,0.0,,,,18.0,28.0,0.3764,0.094094,0.0,0.094094,0.0,0.0,0.0,0.0,0.094094,0.34,low,0.031992,0.0,0.031992,0
2026-07-26T17:27:35.500012,10/26 06:15,6.43,0.0,,,,18.0,28.0,0.3764,0.094094,0.0,0.094094,0.0,0.0,0.0,0.0,0.094094,0.43,moderate,0.04046,0.0,0.04046,0
2026-07-26T17:27:52.761195,10/26 07:15,5.72,0.0,,,,18.0,29.0,0.3764,0.094094,0.0,0.094094,0.0,0.0,0.0,0.0,0.094094,0.43,moderate,0.04046,0.0,0.04046,0
2026-07-26T17:27:52.780751,10/26 08:15,6.37,0.0,,,,18.0,29.0,0.3764,0.094094,0.0,0.094094,0.0,0.0,0.0,0.0,0.094094,0.43,moderate,0.04046,0.0,0.04046,0
2026-07-26T17:27:52.802349,10/26 09:23,7.75,0.0,,,,18.0,29.0,0.3764,0.094094,0.0,0.094094,0.0,0.0,0.0,0.0,0.094094,0.43,moderate,0.04046,0.0,0.04046,0
2026-07-26T17:27:52.820883,10/26 10:23,9.83,0.0,,,,18.0,29.0,0.3764,0.094094,0.0,0.094094,0.0,0.0,0.0,0.0,0.094094,0.3,low,0.028228,0.0,0.028228,0
2026-07-26T17:27:52.840934,10/26 11:15,10.97,0.0,,,,18.0,29.0,0.3764,0.094094,0.0,0.094094,0.0,0.0,0.0,0.0,0.094094,0.3,low,0.028228,0.0,0.028228,0
2026-07-26T17:27:52.857003,10/26 12:15,11.0,0.0,,,,18.0,29.0,0.3764,0.094094,0.0,0.094094,0.0,0.0,0.0,0.0,0.094094,0.3,low,0.028228,0.0,0.028228,0
2026-07-26T17:28:10.970341,10/26 13:15,12.2,0.0,,,,18.0,29.0,0.3764,0.094094,0.0,0.094094,0.0,0.0,0.0,0.0,0.094094,0.3,low,0.028228,0.0,0.028228,0
2026-07-26T17:28:10.992412,10/26 14:15,12.2,0.0,,,,18.0,29.0,0.3764,0.094094,0.0,0.094094,0.0,0.0,0.0,0.0,0.094094,0.3,low,0.028228,0.0,0.028228,0
2026-07-26T17:28:11.013120,10/26 15:15,11.92,0.0,,,,18.0,29.0,0.3764,0.094094,0.0,0.094094,0.0,0.0,0.0,0.0,0.094094,0.3,low,0.028228,0.0,0.028228,0
2026-07-26T17:28:11.033188,10/26 16:15,10.67,0.0,,,,18.0,29.0,0.3764,0.094094,0.0,0.094094,0.0,0.0,0.0,0.0,0.094094,0.55,high,0.051752,0.0,0.051752,0
2026-07-26T17:28:11.053220,10/26 17:23,9.0,0.0,,,,18.0,29.0,0.3764,0.094094,0.0,0.094094,0.0,0.0,0.0,0.0,0.094094,0.55,high,0.051752,0.0,0.051752,0
2026-07-26T17:28:11.070751,10/26 18:15,7.52,0.0,,,,18.0,29.0,0.3764,0.094094,0.0,0.094094,0.0,0.0,0.0,0.0,0.094094,0.55,high,0.051752,0.0,0.051752,0
2026-07-26T17:28:30.117125,10/26 19:15,6.7,0.0,,,,18.0,29.0,0.3764,0.094094,0.0,0.094094,0.0,0.0,0.0,0.0,0.094094,0.55,high,0.051752,0.0,0.051752,0
2026-07-26T17:28:30.142224,10/26 20:15,6.55,0.0,,,,18.0,29.0,0.3764,0.094094,0.0,0.094094,0.0,0.0,0.0,0.0,0.094094,0.55,high,0.051752,0.0,0.051752,0
2026-07-26T17:28:30.162791,10/26 21:15,5.97,0.0,,,,18.0,29.0,0.3764,0.094094,0.0,0.094094,0.0,0.0,0.0,0.0,0.094094,0.4,moderate,0.037638,0.0,0.037638,0
2026-07-26T17:28:30.180340,10/26 22:15,5.72,0.0,,,,18.0,29.0,0.3764,0.094094,0.0,0.094094,0.0,0.0,0.0,0.0,0.094094,0.4,moderate,0.037638,0.0,0.037638,0
2026-07-26T17:28:30.199212,10/26 23:15,6.52,0.0,,,,18.0,29.0,0.3764,0.094094,0.0,0.094094,0.0,0.0,0.0,0.0,0.094094,0.4,moderate,0.037638,0.0,0.037638,0
2026-07-26T17:28:30.215771,10/27 00:15,7.8,0.0,,,,18.0,29.0,0.3764,0.094094,0.0,0.094094,0.0,0.0,0.0,0.0,0.094094,0.34,low,0.031992,0.0,0.031992,0
2026-07-26T17:28:49.484408,10/27 01:15,7.65,0.0,,,,18.0,29.0,0.3764,0.094094,0.0,0.094094,0.0,0.0,0.0,0.0,0.094094,0.34,low,0.031992,0.0,0.031992,0
2026-07-26T17:28:49.510539,10/27 02:15,7.08,0.0,,,,18.0,29.0,0.3764,0.094094,0.0,0.094094,0.0,0.0,0.0,0.0,0.094094,0.34,low,0.031992,0.0,0.031992,0
2026-07-26T17:28:49.536658,10/27 03:15,6.55,0.0,,,,18.0,29.0,0.3764,0.094094,0.0,0.094094,0.0,0.0,0.0,0.0,0.094094,0.34,low,0.031992,0.0,0.031992,0
2026-07-26T17:28:49.562234,10/27 04:15,5.97,0.0,,,,18.0,29.0,0.3764,0.094094,0.0,0.094094,0.0,0.0,0.0,0.0,0.094094,0.34,low,0.031992,0.0,0.031992,0
2026-07-26T17:28:49.587334,10/27 05:15,5.6,0.0,,,,18.0,29.0,0.3764,0.094094,0.0,0.094094,0.0,0.0,0.0,0.0,0.094094,0.34,low,0.031992,0.0,0.031992,0
2026-07-26T17:28:49.612448,10/27 06:15,5.3,0.0,,,,18.0,29.0,0.3764,0.094094,0.0,0.094094,0.0,0.0,0.0,0.0,0.094094,0.43,moderate,0.04046,0.0,0.04046,0
2026-07-26T17:29:08.734928,10/27 07:23,4.98,0.0,,,,18.0,29.0,0.3764,0.094094,0.0,0.094094,0.0,0.0,0.0,0.0,0.094094,0.43,moderate,0.04046,0.0,0.04046,0
2026-07-26T17:29:08.757540,10/27 08:23,7.38,0.0,,,,18.0,29.0,0.3764,0.094094,0.0,0.094094,0.0,0.0,0.0,0.0,0.094094,0.43,moderate,0.04046,0.0,0.04046,0
2026-07-26T17:29:08.780317,10/27 09:23,9.83,0.0,,,,18.0,29.0,0.3764,0.094094,0.0,0.094094,0.0,0.0,0.0,0.0,0.094094,0.43,moderate,0.04046,0.0,0.04046,0
2026-07-26T17:29:08.798060,10/27 10:15,11.92,0.0,,,,18.0,29.0,0.3764,0.094094,0.0,0.094094,0.0,0.0,0.0,0.0,0.094094,0.3,low,0.028228,0.0,0.028228,0
2026-07-26T17:29:08.817120,10/27 11:15,14.7,0.0,,,,18.0,29.0,0.3764,0.094094,0.0,0.094094,0.0,0.0,0.0,0.0,0.094094,0.3,low,0.028228,0.0,0.028228,0
2026-07-26T17:29:08.834163,10/27 12:23,15.72,0.0,,,,18.0,29.0,0.3764,0.094094,0.0,0.094094,0.0,0.0,0.0,0.0,0.094094,0.3,low,0.028228,0.0,0.028228,0
2026-07-26T17:29:26.454196,10/27 13:23,16.25,0.0,,,,18.0,29.0,0.3764,0.094094,0.0,0.094094,0.0,0.0,0.0,0.0,0.094094,0.3,low,0.028228,0.0,0.028228,0
2026-07-26T17:29:26.476818,10/27 14:23,16.82,0.0,,,,18.0,29.0,0.3764,0.094094,0.0,0.094094,0.0,0.0,0.0,0.0,0.094094,0.3,low,0.028228,0.0,0.028228,0
2026-07-26T17:29:26.493920,10/27 15:15,16.92,0.0,,,,18.0,29.0,0.3764,0.094094,0.0,0.094094,0.0,0.0,0.0,0.0,0.094094,0.3,low,0.028228,0.0,0.028228,0
2026-07-26T17:29:26.512441,10/27 16:15,15.55,0.0,,,,18.0,29.0,0.3764,0.094094,0.0,0.094094,0.0,0.0,0.0,0.0,0.094094,0.55,high,0.051752,0.0,0.051752,0
2026-07-26T17:29:26.532998,10/27 17:20,13.35,0.0,,,,18.0,29.0,0.3764,0.094094,0.0,0.094094,0.0,0.0,0.0,0.0,0.094094,0.55,high,0.051752,0.0,0.051752,0
2026-07-26T17:29:26.551556,10/27 18:23,11.55,0.0,,,,18.0,29.0,0.3764,0.094094,0.0,0.094094,0.0,0.0,0.0,0.0,0.094094,0.55,high,0.051752,0.0,0.051752,0
2026-07-26T17:29:43.297915,10/27 19:15,10.55,0.0,,,,18.0,29.0,0.3764,0.094094,0.0,0.094094,0.0,0.0,0.0,0.0,0.094094,0.55,high,0.051752,0.0,0.051752,0
2026-07-26T17:29:43.317974,10/27 20:15,8.62,0.0,,,,18.0,29.0,0.3764,0.094094,0.0,0.094094,0.0,0.0,0.0,0.0,0.094094,0.55,high,0.051752,0.0,0.051752,0
2026-07-26T17:29:43.343546,10/27 21:15,7.65,0.0,,,,18.0,29.0,0.3764,0.094094,0.0,0.094094,0.0,0.0,0.0,0.0,0.094094,0.4,moderate,0.037638,0.0,0.037638,0
2026-07-26T17:29:43.361076,10/27 22:15,6.65,0.0,,,,18.0,29.0,0.3764,0.094094,0.0,0.094094,0.0,0.0,0.0,0.0,0.094094,0.4,moderate,0.037638,0.0,0.037638,0
2026-07-26T17:29:43.379116,10/27 23:15,4.85,0.0,,,,18.0,29.0,0.3764,0.094094,0.0,0.094094,0.0,0.0,0.0,0.0,0.094094,0.4,moderate,0.037638,0.0,0.037638,0
2026-07-26T17:29:43.398722,10/28 00:15,4.28,0.0,,,,18.0,29.0,0.3764,0.094094,0.0,0.094094,0.0,0.0,0.0,0.0,0.094094,0.34,low,0.031992,0.0,0.031992,0
2026-07-26T17:30:00.489059,10/28 01:15,3.75,0.0,,,,18.0,29.0,0.3764,0.094094,0.0,0.094094,0.0,0.0,0.0,0.0,0.094094,0.34,low,0.031992,0.0,0.031992,0
2026-07-26T17:30:00.510659,10/28 02:15,3.17,0.0,,,,18.0,29.0,0.3764,0.094094,0.0,0.094094,0.0,0.0,0.0,0.0,0.094094,0.34,low,0.031992,0.0,0.031992,0
2026-07-26T17:30:00.530698,10/28 03:15,2.8,0.0,,,,18.0,29.0,0.3764,0.094094,0.0,0.094094,0.0,0.0,0.0,0.0,0.094094,0.34,low,0.031992,0.0,0.031992,0
2026-07-26T17:30:00.550736,10/28 04:15,3.07,0.0,,,,18.0,29.0,0.3764,0.094094,0.0,0.094094,0.0,0.0,0.0,0.0,0.094094,0.34,low,0.031992,0.0,0.031992,0
2026-07-26T17:30:00.568774,10/28 05:15,3.75,0.0,,,,18.0,29.0,0.3764,0.094094,0.0,0.094094,0.0,0.0,0.0,0.0,0.094094,0.34,low,0.031992,0.0,0.031992,0
2026-07-26T17:30:00.587814,10/28 06:15,3.57,0.0,,,,18.0,29.0,0.3764,0.094094,0.0,0.094094,0.0,0.0,0.0,0.0,0.094094,0.43,moderate,0.04046,0.0,0.04046,0
2026-07-26T17:30:20.369356,10/28 07:23,4.7,0.0,,,,18.0,29.0,0.3764,0.094094,0.0,0.094094,0.003948,1.037999,0.797854,0.0,1.132093,0.43,moderate,0.04046,0.187878,0.228338,0
2026-07-26T17:30:20.396964,10/28 08:23,6.27,0.0,,,,18.0,29.0,0.3764,0.094094,0.0,0.094094,0.002935,0.842315,0.703827,0.0,0.936409,0.43,moderate,0.04046,0.152459,0.192919,0
2026-07-26T17:30:20.429072,10/28 09:23,8.88,52.0,21.91,21.0,24.08,21.0,26.0,0.3764,0.094094,0.0,0.094094,0.001684,0.194207,0.510502,0.0,0.288301,0.43,moderate,0.04046,0.035151,0.075612,0
2026-07-26T17:30:20.459669,10/28 10:23,11.15,52.0,23.43,21.9,25.52,21.0,25.5,0.383,0.095744,0.0,0.095744,0.000481,0.257994,0.222083,0.0,0.353738,0.3,low,0.028723,0.046697,0.07542,0
2026-07-26T17:30:20.486235,10/28 11:23,12.93,52.0,24.28,22.72,25.5,21.0,25.5,0.3852,0.096294,0.118202,0.096294,0.011293,0.087909,0.086934,0.102242,0.184203,0.3,low,0.028888,0.015912,0.0448,0
2026-07-26T17:30:20.516839,10/28 12:23,13.3,41.6,24.72,23.18,25.5,21.0,25.5,0.3872,0.096793,0.129871,0.096793,0.014327,0.022268,0.024604,0.141468,0.119061,0.3,low,0.029038,0.004031,0.033068,0
2026-07-26T17:30:41.840582,10/28 13:15,13.18,20.8,24.39,23.03,25.0,21.0,25.0,0.3963,0.099078,0.146853,0.099078,0.015374,0.0,0.0,0.246864,0.099078,0.3,low,0.029723,0.0,0.029723,0
2026-07-26T17:30:41.864699,10/28 14:15,12.53,41.6,24.55,23.56,25.04,21.0,25.0,0.4307,0.107668,0.202078,0.107668,0.015499,0.0,0.0,0.568735,0.107668,0.3,low,0.0323,0.0,0.0323,0
2026-07-26T17:30:41.887766,10/28 15:15,11.42,52.0,24.69,24.2,25.47,21.0,25.0,0.4402,0.110053,0.211085,0.110053,0.014749,0.0,0.0,0.603985,0.110053,0.3,low,0.033016,0.0,0.033016,0
2026-07-26T17:30:41.909812,10/28 16:15,10.17,52.0,24.54,23.73,25.17,21.0,25.0,0.4366,0.109149,0.197208,0.109149,0.014597,0.0,0.0,0.511252,0.109149,0.55,high,0.060032,0.0,0.060032,0
2026-07-26T17:30:41.934378,10/28 17:23,8.75,52.0,24.04,23.02,25.0,21.0,25.0,0.3829,0.09572,0.0,0.09572,0.000442,0.279919,0.215178,0.0,0.375639,0.55,high,0.052646,0.050665,0.103311,0
2026-07-26T17:30:41.955971,10/28 18:15,8.18,52.0,23.56,22.59,25.0,21.0,25.0,0.3783,0.094569,0.0,0.094569,0.000817,0.480486,0.340494,0.0,0.575055,0.55,high,0.052013,0.086968,0.138981,0
2026-07-26T17:31:02.283533,10/28 19:15,7.8,26.0,22.13,21.32,23.75,20.0,26.0,0.3764,0.094094,0.0,0.094094,0.00114,0.571685,0.424872,0.0,0.665779,0.55,high,0.051752,0.103475,0.155227,0
2026-07-26T17:31:02.308576,10/28 20:23,7.8,0.0,,,,20.0,26.0,0.3764,0.094094,0.0,0.094094,0.001244,0.573983,0.44913,0.0,0.668077,0.55,high,0.051752,0.103891,0.155643,0
2026-07-26T17:31:02.328615,10/28 21:15,7.65,0.0,,,,20.0,26.0,0.3764,0.094094,0.0,0.094094,0.0,0.0,0.0,0.0,0.094094,0.4,moderate,0.037638,0.0,0.037638,0
2026-07-26T17:31:02.346309,10/28 22:15,6.5,0.0,,,,20.0,26.0,0.3764,0.094094,0.0,0.094094,0.0,0.0,0.0,0.0,0.094094,0.4,moderate,0.037638,0.0,0.037638,0
2026-07-26T17:31:02.365335,10/28 23:15,4.55,0.0,,,,20.0,26.0,0.3764,0.094094,0.0,0.094094,0.000314,0.16969,0.222849,0.0,0.263784,0.4,moderate,0.037638,0.030714,0.068351,0
2026-07-26T17:31:02.383920,10/29 00:15,5.15,0.0,,,,20.0,26.0,0.3764,0.094094,0.0,0.094094,0.000547,0.379848,0.366451,0.0,0.473942,0.34,low,0.031992,0.068752,0.100744,0
2026-07-26T17:31:20.785074,10/29 01:15,6.0,0.0,,,,18.0,28.0,0.3764,0.094094,0.0,0.094094,0.0,0.0,0.0,0.0,0.094094,0.34,low,0.031992,0.0,0.031992,0
2026-07-26T17:31:20.808116,10/29 02:15,7.35,0.0,,,,18.0,28.0,0.3764,0.094094,0.0,0.094094,0.0,0.0,0.0,0.0,0.094094,0.34,low,0.031992,0.0,0.031992,0
2026-07-26T17:31:20.834712,10/29 03:15,7.38,0.0,,,,18.0,28.0,0.3764,0.094094,0.0,0.094094,0.0,0.0,0.0,0.0,0.094094,0.34,low,0.031992,0.0,0.031992,0
2026-07-26T17:31:20.856768,10/29 04:15,6.25,0.0,,,,18.0,28.0,0.3764,0.094094,0.0,0.094094,0.0,0.0,0.0,0.0,0.094094,0.34,low,0.031992,0.0,0.031992,0
2026-07-26T17:31:20.877322,10/29 05:15,6.83,0.0,,,,18.0,28.0,0.3764,0.094094,0.0,0.094094,0.0,0.0,0.0,0.0,0.094094,0.34,low,0.031992,0.0,0.031992,0
2026-07-26T17:31:20.897383,10/29 06:15,7.08,0.0,,,,18.0,28.0,0.3764,0.094094,0.0,0.094094,0.0,0.0,0.0,0.0,0.094094,0.43,moderate,0.04046,0.0,0.04046,0
2026-07-26T17:31:39.754484,10/29 07:15,7.1,0.0,,,,18.0,29.0,0.3764,0.094094,0.0,0.094094,0.002145,0.817876,0.608548,0.0,0.91197,0.43,moderate,0.04046,0.148036,0.188496,0
2026-07-26T17:31:39.778515,10/29 08:15,8.45,0.0,,,,18.0,29.0,0.3764,0.094094,0.0,0.094094,0.001409,0.563829,0.483822,0.0,0.657923,0.43,moderate,0.04046,0.102053,0.142513,0
2026-07-26T17:31:39.806614,10/29 09:23,9.45,52.0,21.3,21.0,22.25,21.0,26.0,0.3764,0.094094,0.0,0.094094,0.001317,0.146416,0.447194,0.0,0.24051,0.43,moderate,0.04046,0.026501,0.066962,0
2026-07-26T17:31:39.830673,10/29 10:23,11.38,52.0,22.96,22.07,23.87,21.0,26.0,0.3764,0.094094,0.0,0.094094,0.000499,0.274067,0.225694,0.0,0.368161,0.3,low,0.028228,0.049606,0.077834,0
2026-07-26T17:31:39.851707,10/29 11:23,12.47,52.0,24.23,22.92,25.26,21.0,26.0,0.3764,0.094094,0.1127,0.094094,0.010446,0.202107,0.171968,0.05495,0.296201,0.3,low,0.028228,0.036581,0.06481,0
2026-07-26T17:31:39.871775,10/29 12:23,13.45,41.6,24.73,23.28,25.48,21.0,26.0,0.3764,0.094094,0.12861,0.094094,0.014459,0.178425,0.151554,0.141393,0.272519,0.3,low,0.028228,0.032295,0.060523,0
2026-07-26T17:31:58.930994,10/29 13:15,14.03,20.8,24.4,23.16,25.0,21.0,25.0,0.3983,0.099582,0.153925,0.099582,0.015894,0.0,0.0,0.302949,0.099582,0.3,low,0.029875,0.0,0.029875,0
2026-07-26T17:31:58.960608,10/29 14:15,14.4,41.6,24.59,23.68,25.09,21.0,25.0,0.4302,0.107547,0.223608,0.107547,0.017949,0.0,0.0,0.678732,0.107547,0.3,low,0.032264,0.0,0.032264,0
2026-07-26T17:31:58.980671,10/29 15:15,14.28,52.0,24.79,24.31,25.5,21.0,25.0,0.4407,0.110165,0.251331,0.110165,0.019237,0.0,0.0,0.82014,0.110165,0.3,low,0.033049,0.0,0.033049,0
2026-07-26T17:31:58.999681,10/29 16:15,13.2,52.0,24.61,23.9,25.03,21.0,25.0,0.4331,0.108272,0.242164,0.108272,0.019155,0.0,0.0,0.747572,0.108272,0.55,high,0.05955,0.0,0.05955,0
2026-07-26T17:31:59.018738,10/29 17:15,10.67,52.0,24.13,23.2,25.0,21.0,25.0,0.3826,0.09565,0.0,0.09565,7e-05,0.044842,0.045957,0.0,0.140492,0.55,high,0.052608,0.008116,0.060724,0
2026-07-26T17:31:59.036301,10/29 18:15,9.12,52.0,23.63,22.74,25.0,21.0,25.0,0.379,0.094755,0.0,0.094755,0.000497,0.320942,0.237251,0.0,0.415697,0.55,high,0.052115,0.058091,0.110206,0
2026-07-26T17:32:17.749732,10/29 19:15,8.18,26.0,22.22,21.46,23.81,20.0,26.0,0.3764,0.094094,0.0,0.094094,0.000963,0.538602,0.380611,0.0,0.632696,0.55,high,0.051752,0.097487,0.149239,0
2026-07-26T17:32:17.771809,10/29 20:23,7.92,0.0,,,,20.0,26.0,0.3764,0.094094,0.0,0.094094,0.001227,0.592417,0.445252,0.0,0.686511,0.55,high,0.051752,0.107227,0.158979,0
2026-07-26T17:32:17.790843,10/29 21:15,8.58,0.0,,,,20.0,26.0,0.3764,0.094094,0.0,0.094094,0.0,0.0,0.0,0.0,0.094094,0.4,moderate,0.037638,0.0,0.037638,0
2026-07-26T17:32:17.809884,10/29 22:15,9.12,0.0,,,,20.0,26.0,0.3764,0.094094,0.0,0.094094,0.0,0.0,0.0,0.0,0.094094,0.4,moderate,0.037638,0.0,0.037638,0
2026-07-26T17:32:17.830947,10/29 23:15,8.03,0.0,,,,20.0,26.0,0.3764,0.094094,0.0,0.094094,9.3e-05,0.045831,0.072377,0.0,0.139925,0.4,moderate,0.037638,0.008295,0.045933,0
2026-07-26T17:32:17.851550,10/30 00:15,7.2,0.0,,,,20.0,26.0,0.3764,0.094094,0.0,0.094094,0.000326,0.197098,0.230722,0.0,0.291192,0.34,low,0.031992,0.035675,0.067667,0
2026-07-26T17:32:34.884801,10/30 01:15,7.2,0.0,,,,18.0,28.0,0.3764,0.094094,0.0,0.094094,0.0,0.0,0.0,0.0,0.094094,0.34,low,0.031992,0.0,0.031992,0
2026-07-26T17:32:34.906845,10/30 02:15,7.2,0.0,,,,18.0,28.0,0.3764,0.094094,0.0,0.094094,0.0,0.0,0.0,0.0,0.094094,0.34,low,0.031992,0.0,0.031992,0
2026-07-26T17:32:34.923877,10/30 03:15,7.08,0.0,,,,18.0,28.0,0.3764,0.094094,0.0,0.094094,0.0,0.0,0.0,0.0,0.094094,0.34,low,0.031992,0.0,0.031992,0
2026-07-26T17:32:34.942399,10/30 04:15,6.7,0.0,,,,18.0,28.0,0.3764,0.094094,0.0,0.094094,0.0,0.0,0.0,0.0,0.094094,0.34,low,0.031992,0.0,0.031992,0
2026-07-26T17:32:34.960445,10/30 05:15,6.43,0.0,,,,18.0,28.0,0.3764,0.094094,0.0,0.094094,0.0,0.0,0.0,0.0,0.094094,0.34,low,0.031992,0.0,0.031992,0
2026-07-26T17:32:34.978983,10/30 06:15,5.45,0.0,,,,18.0,28.0,0.3764,0.094094,0.0,0.094094,0.0,0.0,0.0,0.0,0.094094,0.43,moderate,0.04046,0.0,0.04046,0
2026-07-26T17:32:52.170793,10/30 07:23,5.97,0.0,,,,18.0,29.0,0.3764,0.094094,0.0,0.094094,0.004961,0.624612,0.577567,0.0,0.718706,0.43,moderate,0.04046,0.113055,0.153515,0
2026-07-26T17:32:52.194883,10/30 08:23,9.6,0.0,,,,18.0,29.0,0.3764,0.094094,0.0,0.094094,0.001276,0.625142,0.433924,0.0,0.719236,0.43,moderate,0.04046,0.113151,0.153611,0
2026-07-26T17:32:52.218943,10/30 09:23,12.25,52.0,22.25,21.0,25.0,21.0,26.0,0.3764,0.094094,0.111376,0.094094,0.00612,0.080738,0.225253,0.015638,0.174832,0.43,moderate,0.04046,0.014614,0.055074,0
2026-07-26T17:32:52.242518,10/30 10:23,14.45,52.0,23.7,22.22,25.5,21.0,25.5,0.3882,0.097043,0.134005,0.097043,0.011658,0.097338,0.090396,0.188887,0.194381,0.3,low,0.029113,0.017618,0.046731,0
2026-07-26T17:32:52.263575,10/30 11:23,16.53,52.0,24.58,23.08,25.5,21.0,25.5,0.3894,0.097355,0.168312,0.097355,0.017717,0.023954,0.025373,0.362367,0.121309,0.3,low,0.029206,0.004336,0.033542,0
2026-07-26T17:32:52.284613,10/30 12:23,18.2,41.6,24.9,23.5,25.5,21.0,25.5,0.3995,0.099864,0.216877,0.099864,0.03326,0.0,0.0,0.625842,0.099864,0.3,low,0.029959,0.0,0.029959,0
2026-07-26T17:33:11.230595,10/30 13:15,19.55,20.8,24.62,23.44,25.0,21.0,25.0,0.4145,0.103617,0.278741,0.103617,0.03635,0.0,0.0,0.941429,0.103617,0.3,low,0.031085,0.0,0.031085,0
2026-07-26T17:33:11.255895,10/30 14:15,20.15,41.6,24.95,24.06,25.67,21.0,25.0,0.4416,0.110389,0.346112,0.110389,0.039815,0.0,0.0,1.276141,0.110389,0.3,low,0.033117,0.0,0.033117,0
2026-07-26T17:33:11.278462,10/30 15:15,20.3,52.0,25.17,24.84,26.16,21.0,25.0,0.4546,0.113662,0.388216,0.113662,0.041319,0.0,0.0,1.486154,0.113662,0.3,low,0.034099,0.0,0.034099,1
2026-07-26T17:33:11.301749,10/30 16:15,18.45,52.0,25.03,24.45,25.7,21.0,25.0,0.4462,0.111538,0.363725,0.111538,0.040075,0.0,0.0,1.361953,0.111538,0.55,high,0.061346,0.0,0.061346,0
2026-07-26T17:33:11.322823,10/30 17:23,15.17,52.0,24.45,23.71,25.0,21.0,25.0,0.3952,0.098807,0.209785,0.098807,0.035074,0.0,0.0,0.523079,0.098807,0.55,high,0.054344,0.0,0.054344,0
2026-07-26T17:33:11.342396,10/30 18:15,13.35,52.0,24.07,23.24,25.0,21.0,25.0,0.3827,0.095683,0.144698,0.095683,0.032327,0.0,0.0,0.194194,0.095683,0.55,high,0.052626,0.0,0.052626,0
2026-07-26T17:33:30.325417,10/30 19:15,11.55,26.0,22.68,21.93,24.0,20.0,26.0,0.3764,0.094094,0.113452,0.094094,0.02821,0.141531,0.116883,0.015789,0.235625,0.55,high,0.051752,0.025617,0.077369,0
2026-07-26T17:33:30.350488,10/30 20:15,11.1,0.0,,,,20.0,26.0,0.3764,0.094094,0.0,0.094094,0.000342,0.228369,0.172904,0.0,0.322463,0.55,high,0.051752,0.041335,0.093086,0
2026-07-26T17:33:30.368945,10/30 21:15,10.97,0.0,,,,20.0,26.0,0.3764,0.094094,0.0,0.094094,0.0,0.0,0.0,0.0,0.094094,0.4,moderate,0.037638,0.0,0.037638,0
2026-07-26T17:33:30.388960,10/30 22:15,9.75,0.0,,,,20.0,26.0,0.3764,0.094094,0.0,0.094094,0.0,0.0,0.0,0.0,0.094094,0.4,moderate,0.037638,0.0,0.037638,0
2026-07-26T17:33:30.408024,10/30 23:15,7.48,0.0,,,,20.0,26.0,0.3764,0.094094,0.0,0.094094,0.0,0.0,0.0,0.0,0.094094,0.4,moderate,0.037638,0.0,0.037638,0
2026-07-26T17:33:30.427074,10/31 00:15,8.03,0.0,,,,20.0,26.0,0.3764,0.094094,0.0,0.094094,8.4e-05,0.057183,0.064101,0.0,0.151277,0.34,low,0.031992,0.01035,0.042342,0
2026-07-26T17:33:49.641583,10/31 01:15,7.2,0.0,,,,18.0,28.0,0.3764,0.094094,0.0,0.094094,0.0,0.0,0.0,0.0,0.094094,0.34,low,0.031992,0.0,0.031992,0
2026-07-26T17:33:49.668180,10/31 02:15,6.5,0.0,,,,18.0,28.0,0.3764,0.094094,0.0,0.094094,0.0,0.0,0.0,0.0,0.094094,0.34,low,0.031992,0.0,0.031992,0
2026-07-26T17:33:49.692748,10/31 03:15,4.28,0.0,,,,18.0,28.0,0.3764,0.094094,0.0,0.094094,0.0,0.0,0.0,0.0,0.094094,0.34,low,0.031992,0.0,0.031992,0
2026-07-26T17:33:49.717817,10/31 04:15,4.72,0.0,,,,18.0,28.0,0.3764,0.094094,0.0,0.094094,0.0,0.0,0.0,0.0,0.094094,0.34,low,0.031992,0.0,0.031992,0
2026-07-26T17:33:49.739465,10/31 05:15,7.35,0.0,,,,18.0,28.0,0.3764,0.094094,0.0,0.094094,0.0,0.0,0.0,0.0,0.094094,0.34,low,0.031992,0.0,0.031992,0
2026-07-26T17:33:49.759551,10/31 06:15,8.2,0.0,,,,18.0,28.0,0.3764,0.094094,0.0,0.094094,0.0,0.0,0.0,0.0,0.094094,0.43,moderate,0.04046,0.0,0.04046,0
2026-07-26T17:34:07.921827,10/31 07:23,9.7,0.0,,,,18.0,29.0,0.3764,0.094094,0.0,0.094094,0.001026,0.513433,0.395919,0.0,0.607527,0.43,moderate,0.04046,0.092931,0.133392,0
2026-07-26T17:34:07.948995,10/31 08:23,10.88,0.0,,,,18.0,29.0,0.3764,0.094094,0.0,0.094094,0.00068,0.350667,0.300209,0.0,0.444761,0.43,moderate,0.04046,0.063471,0.103931,0
2026-07-26T17:34:07.973601,10/31 09:23,12.1,52.0,21.94,21.0,23.43,21.0,26.0,0.3764,0.094094,0.105619,0.094094,0.006233,0.04657,0.21578,0.015683,0.140664,0.43,moderate,0.04046,0.008429,0.04889,0
2026-07-26T17:34:07.995668,10/31 10:23,13.18,52.0,23.42,22.23,24.59,21.0,26.0,0.3764,0.094094,0.128344,0.094094,0.017449,0.21871,0.185976,0.142008,0.312804,0.3,low,0.028228,0.039587,0.067815,0
2026-07-26T17:34:08.016709,10/31 11:15,12.65,52.0,23.9,22.88,24.75,21.0,26.0,0.3764,0.094094,0.125002,0.094094,0.01777,0.201284,0.169027,0.102574,0.295378,0.3,low,0.028228,0.036432,0.064661,0
2026-07-26T17:34:08.034741,10/31 12:15,12.35,41.6,24.15,23.16,24.92,21.0,26.0,0.3764,0.094094,0.11726,0.094094,0.018122,0.185653,0.155349,0.055229,0.279747,0.3,low,0.028228,0.033603,0.061831,0
2026-07-26T17:34:26.567744,10/31 13:23,12.65,20.8,24.07,22.94,24.9,20.5,25.0,0.3764,0.094094,0.12411,0.094094,0.021188,0.173935,0.145164,0.102511,0.268029,0.3,low,0.028228,0.031482,0.05971,0
2026-07-26T17:34:26.589822,10/31 14:15,12.2,41.6,24.35,23.43,25.0,20.5,25.0,0.403,0.100742,0.144945,0.100742,0.02138,0.0,0.0,0.227558,0.100742,0.3,low,0.030223,0.0,0.030223,0
2026-07-26T17:34:26.608860,10/31 15:15,11.8,52.0,24.46,23.85,25.0,20.5,25.0,0.4116,0.102888,0.167424,0.102888,0.02271,0.0,0.0,0.343469,0.102888,0.3,low,0.030866,0.0,0.030866,0
2026-07-26T17:34:26.628939,10/31 16:15,10.02,52.0,24.29,23.46,25.0,20.5,25.0,0.3939,0.098467,0.120907,0.098467,0.021827,0.0,0.0,0.041983,0.098467,0.55,high,0.054157,0.0,0.054157,0
2026-07-26T17:34:26.646795,10/31 17:23,7.9,52.0,23.65,22.76,25.0,20.5,25.0,0.3781,0.094537,0.0,0.094537,0.000833,0.510283,0.347028,0.0,0.60482,0.55,high,0.051995,0.092361,0.144357,0
2026-07-26T17:34:26.662808,10/31 18:15,6.12,52.0,23.21,22.35,24.96,20.5,25.0,0.3764,0.094094,0.0,0.094094,0.001514,0.711616,0.504621,0.0,0.80571,0.55,high,0.051752,0.128802,0.180554,0
2026-07-26T17:34:44.668059,10/31 19:15,4.0,26.0,21.81,21.07,23.62,20.0,26.0,0.3764,0.094094,0.0,0.094094,0.002846,0.028154,0.701599,0.0,0.122248,0.55,high,0.051752,0.005096,0.056848,0
2026-07-26T17:34:44.691581,10/31 20:23,2.92,0.0,,,,20.0,26.0,0.3764,0.094094,0.0,0.094094,0.005429,1.087105,0.817425,0.0,1.181199,0.55,high,0.051752,0.196766,0.248518,0
2026-07-26T17:34:44.709634,10/31 21:15,3.75,0.0,,,,20.0,26.0,0.3764,0.094094,0.0,0.094094,2.2e-05,0.012087,0.012039,0.0,0.106181,0.4,moderate,0.037638,0.002188,0.039825,0
2026-07-26T17:34:44.728709,10/31 22:15,5.52,0.0,,,,20.0,26.0,0.3764,0.094094,0.0,0.094094,0.000463,0.310446,0.236219,0.0,0.40454,0.4,moderate,0.037638,0.056191,0.093828,0
2026-07-26T17:34:44.748747,10/31 23:15,7.25,0.0,,,,20.0,26.0,0.3764,0.094094,0.0,0.094094,0.000583,0.448496,0.341788,0.0,0.54259,0.4,moderate,0.037638,0.081178,0.118815,0
2026-07-26T17:34:44.771808,11/01 00:15,9.02,0.0,,,,20.0,26.0,0.3764,0.094094,0.0,0.094094,0.000575,0.461712,0.362261,0.0,0.555806,0.34,low,0.031992,0.08357,0.115562,0
2026-07-26T17:35:01.958999,11/01 01:15,10.75,0.0,,,,18.0,28.0,0.3764,0.094094,0.0,0.094094,0.0,0.0,0.0,0.0,0.094094,0.34,low,0.031992,0.0,0.031992,0
2026-07-26T17:35:01.979042,11/01 02:15,12.52,0.0,,,,18.0,28.0,0.3764,0.094094,0.0,0.094094,0.0,0.0,0.0,0.0,0.094094,0.34,low,0.031992,0.0,0.031992,0
2026-07-26T17:35:01.997103,11/01 03:15,14.25,0.0,,,,18.0,28.0,0.3764,0.094094,0.0,0.094094,0.0,0.0,0.0,0.0,0.094094,0.34,low,0.031992,0.0,0.031992,0
2026-07-26T17:35:02.013708,11/01 04:15,15.6,0.0,,,,18.0,28.0,0.3764,0.094094,0.0,0.094094,0.0,0.0,0.0,0.0,0.094094,0.34,low,0.031992,0.0,0.031992,0
2026-07-26T17:35:02.029220,11/01 05:15,15.6,0.0,,,,18.0,28.0,0.3764,0.094094,0.0,0.094094,0.0,0.0,0.0,0.0,0.094094,0.34,low,0.031992,0.0,0.031992,0
2026-07-26T17:35:02.045279,11/01 06:15,15.6,0.0,,,,18.0,28.0,0.3764,0.094094,0.0,0.094094,0.0,0.0,0.0,0.0,0.094094,0.43,moderate,0.04046,0.0,0.04046,0
2026-07-26T17:35:17.651047,11/01 07:15,15.6,0.0,,,,18.0,29.0,0.3764,0.094094,0.207909,0.094094,0.022367,0.324088,0.217316,0.569747,0.418182,0.43,moderate,0.04046,0.05866,0.09912,0
2026-07-26T17:35:17.673638,11/01 08:15,15.45,0.0,,,,18.0,29.0,0.3764,0.094094,0.218908,0.094094,0.023089,0.295891,0.216385,0.634664,0.389985,0.43,moderate,0.04046,0.053556,0.094017,0
2026-07-26T17:35:17.693788,11/01 09:23,15.15,52.0,21.52,21.02,22.3,21.0,26.0,0.3764,0.094094,0.209866,0.094094,0.023736,0.151954,0.198307,0.572974,0.246048,0.43,moderate,0.04046,0.027504,0.067964,0
2026-07-26T17:35:17.714486,11/01 10:15,15.6,52.0,22.88,22.22,23.81,21.0,26.0,0.3764,0.094094,0.220287,0.094094,0.026293,0.239928,0.180625,0.634674,0.334022,0.3,low,0.028228,0.043427,0.071655,0
2026-07-26T17:35:17.732903,11/01 11:15,15.6,52.0,23.5,22.79,24.41,21.0,26.0,0.3764,0.094094,0.220877,0.094094,0.027218,0.212548,0.166393,0.634674,0.306642,0.3,low,0.028228,0.038471,0.066699,0
2026-07-26T17:35:17.750950,11/01 12:15,15.45,41.6,23.66,22.94,24.55,21.0,26.0,0.3764,0.094094,0.2327,0.094094,0.029896,0.193703,0.154917,0.700041,0.287797,0.3,low,0.028228,0.03506,0.063288,0
2026-07-26T17:35:35.436768,11/01 13:15,15.0,20.8,23.3,22.6,24.2,21.0,25.0,0.3764,0.094094,0.210343,0.094094,0.027631,0.184518,0.148765,0.573231,0.278612,0.3,low,0.028228,0.033398,0.061626,0
2026-07-26T17:35:35.456321,11/01 14:15,15.0,41.6,23.7,22.95,24.69,21.0,25.0,0.3764,0.094094,0.209758,0.094094,0.028884,0.175298,0.14229,0.573231,0.269392,0.3,low,0.028228,0.031729,0.059957,0
2026-07-26T17:35:35.476352,11/01 15:15,14.85,52.0,23.87,23.09,24.98,21.0,25.0,0.3764,0.094094,0.209505,0.094094,0.029326,0.16694,0.136132,0.573231,0.261034,0.3,low,0.028228,0.030216,0.058444,0
2026-07-26T17:35:35.494381,11/01 16:15,14.55,52.0,23.67,22.85,24.92,21.0,25.0,0.3764,0.094094,0.197998,0.094094,0.027691,0.16331,0.133098,0.509139,0.257404,0.55,high,0.051752,0.029559,0.081311,0
2026-07-26T17:35:35.511914,11/01 17:15,15.0,52.0,23.27,22.46,24.6,21.0,25.0,0.3764,0.094094,0.209365,0.094094,0.030784,0.163882,0.133025,0.573307,0.257976,0.55,high,0.051752,0.029663,0.081414,0
2026-07-26T17:35:35.529966,11/01 18:15,15.0,52.0,23.11,22.29,24.47,21.0,25.0,0.3764,0.094094,0.209612,0.094094,0.030804,0.166899,0.134794,0.573211,0.260993,0.55,high,0.051752,0.030209,0.08196,0
2026-07-26T17:35:52.995569,11/01 19:15,15.0,26.0,21.99,21.28,23.22,20.0,26.0,0.3764,0.094094,0.197696,0.094094,0.027323,0.181704,0.144751,0.510426,0.275798,0.55,high,0.051752,0.032888,0.08464,0
2026-07-26T17:35:53.016208,11/01 20:15,14.85,0.0,,,,20.0,26.0,0.3764,0.094094,0.197173,0.094094,0.025457,0.206402,0.161723,0.510426,0.300496,0.55,high,0.051752,0.037359,0.08911,0
2026-07-26T17:35:53.036265,11/01 21:15,14.4,0.0,,,,20.0,26.0,0.3764,0.094094,0.0,0.094094,0.0,0.0,0.0,0.0,0.094094,0.4,moderate,0.037638,0.0,0.037638,0
2026-07-26T17:35:53.054317,11/01 22:15,14.4,0.0,,,,20.0,26.0,0.3764,0.094094,0.0,0.094094,0.0,0.0,0.0,0.0,0.094094,0.4,moderate,0.037638,0.0,0.037638,0
2026-07-26T17:35:53.071877,11/01 23:15,14.55,0.0,,,,20.0,26.0,0.3764,0.094094,0.0,0.094094,0.0,0.0,0.0,0.0,0.094094,0.4,moderate,0.037638,0.0,0.037638,0
2026-07-26T17:35:53.089927,11/02 00:15,15.0,0.0,,,,20.0,26.0,0.3764,0.094094,0.0,0.094094,0.0,0.0,0.0,0.0,0.094094,0.34,low,0.031992,0.0,0.031992,0
2026-07-26T17:36:11.310283,11/02 01:15,14.85,0.0,,,,18.0,28.0,0.3764,0.094094,0.0,0.094094,0.0,0.0,0.0,0.0,0.094094,0.34,low,0.031992,0.0,0.031992,0
2026-07-26T17:36:11.331036,11/02 02:15,14.28,0.0,,,,18.0,28.0,0.3764,0.094094,0.0,0.094094,0.0,0.0,0.0,0.0,0.094094,0.34,low,0.031992,0.0,0.031992,0
2026-07-26T17:36:11.351078,11/02 03:15,13.9,0.0,,,,18.0,28.0,0.3764,0.094094,0.0,0.094094,0.0,0.0,0.0,0.0,0.094094,0.34,low,0.031992,0.0,0.031992,0
2026-07-26T17:36:11.370134,11/02 04:15,14.03,0.0,,,,18.0,28.0,0.3764,0.094094,0.0,0.094094,0.0,0.0,0.0,0.0,0.094094,0.34,low,0.031992,0.0,0.031992,0
2026-07-26T17:36:11.389723,11/02 05:15,14.28,0.0,,,,18.0,28.0,0.3764,0.094094,0.0,0.094094,0.0,0.0,0.0,0.0,0.094094,0.34,low,0.031992,0.0,0.031992,0
2026-07-26T17:36:11.409770,11/02 06:15,13.75,0.0,,,,18.0,28.0,0.3764,0.094094,0.0,0.094094,0.0,0.0,0.0,0.0,0.094094,0.43,moderate,0.04046,0.0,0.04046,0
2026-07-26T17:36:29.764966,11/02 07:15,13.73,0.0,,,,18.0,29.0,0.3764,0.094094,0.0,0.094094,0.0,0.0,0.0,0.0,0.094094,0.43,moderate,0.04046,0.0,0.04046,0
2026-07-26T17:36:29.790082,11/02 08:23,15.43,0.0,,,,18.0,29.0,0.3764,0.094094,0.0,0.094094,0.0,0.0,0.0,0.0,0.094094,0.43,moderate,0.04046,0.0,0.04046,0
2026-07-26T17:36:29.815646,11/02 09:23,17.1,0.0,,,,18.0,29.0,0.3764,0.094094,0.0,0.094094,0.0,0.0,0.0,0.0,0.094094,0.43,moderate,0.04046,0.0,0.04046,0
2026-07-26T17:36:29.834734,11/02 10:15,18.58,0.0,,,,18.0,29.0,0.3764,0.094094,0.0,0.094094,0.0,0.0,0.0,0.0,0.094094,0.3,low,0.028228,0.0,0.028228,0
2026-07-26T17:36:29.853773,11/02 11:15,19.7,0.0,,,,18.0,29.0,0.3764,0.094094,0.0,0.094094,0.0,0.0,0.0,0.0,0.094094,0.3,low,0.028228,0.0,0.028228,0
2026-07-26T17:36:29.873845,11/02 12:23,20.88,0.0,,,,18.0,29.0,0.3764,0.094094,0.0,0.094094,0.0,0.0,0.0,0.0,0.094094,0.3,low,0.028228,0.0,0.028228,0
2026-07-26T17:36:48.418470,11/02 13:15,21.7,0.0,,,,18.0,29.0,0.3764,0.094094,0.0,0.094094,0.0,0.0,0.0,0.0,0.094094,0.3,low,0.028228,0.0,0.028228,0
2026-07-26T17:36:48.440061,11/02 14:15,21.55,0.0,,,,18.0,29.0,0.3764,0.094094,0.0,0.094094,0.0,0.0,0.0,0.0,0.094094,0.3,low,0.028228,0.0,0.028228,0
2026-07-26T17:36:48.460103,11/02 15:15,20.83,0.0,,,,18.0,29.0,0.3764,0.094094,0.0,0.094094,0.0,0.0,0.0,0.0,0.094094,0.3,low,0.028228,0.0,0.028228,0
2026-07-26T17:36:48.480161,11/02 16:15,19.85,0.0,,,,18.0,29.0,0.3764,0.094094,0.0,0.094094,0.0,0.0,0.0,0.0,0.094094,0.55,high,0.051752,0.0,0.051752,0
2026-07-26T17:36:48.499202,11/02 17:15,19.12,0.0,,,,18.0,29.0,0.3764,0.094094,0.0,0.094094,0.0,0.0,0.0,0.0,0.094094,0.55,high,0.051752,0.0,0.051752,0
2026-07-26T17:36:48.518237,11/02 18:15,18.3,0.0,,,,18.0,29.0,0.3764,0.094094,0.0,0.094094,0.0,0.0,0.0,0.0,0.094094,0.55,high,0.051752,0.0,0.051752,0
2026-07-26T17:37:06.890197,11/02 19:15,18.18,0.0,,,,18.0,29.0,0.3764,0.094094,0.0,0.094094,0.0,0.0,0.0,0.0,0.094094,0.55,high,0.051752,0.0,0.051752,0
2026-07-26T17:37:06.911821,11/02 20:15,17.65,0.0,,,,18.0,29.0,0.3764,0.094094,0.0,0.094094,0.0,0.0,0.0,0.0,0.094094,0.55,high,0.051752,0.0,0.051752,0
2026-07-26T17:37:06.932864,11/02 21:15,17.2,0.0,,,,18.0,29.0,0.3764,0.094094,0.0,0.094094,0.0,0.0,0.0,0.0,0.094094,0.4,moderate,0.037638,0.0,0.037638,0
2026-07-26T17:37:06.952963,11/02 22:15,17.07,0.0,,,,18.0,29.0,0.3764,0.094094,0.0,0.094094,0.0,0.0,0.0,0.0,0.094094,0.4,moderate,0.037638,0.0,0.037638,0
2026-07-26T17:37:06.969309,11/02 23:15,16.82,0.0,,,,18.0,29.0,0.3764,0.094094,0.0,0.094094,0.0,0.0,0.0,0.0,0.094094,0.4,moderate,0.037638,0.0,0.037638,0
2026-07-26T17:37:06.984384,11/03 00:15,17.2,0.0,,,,18.0,29.0,0.3764,0.094094,0.0,0.094094,0.0,0.0,0.0,0.0,0.094094,0.34,low,0.031992,0.0,0.031992,0
2026-07-26T17:37:24.857806,11/03 01:15,16.92,0.0,,,,18.0,29.0,0.3764,0.094094,0.0,0.094094,0.0,0.0,0.0,0.0,0.094094,0.34,low,0.031992,0.0,0.031992,0
2026-07-26T17:37:24.879390,11/03 02:15,16.1,0.0,,,,18.0,29.0,0.3764,0.094094,0.0,0.094094,0.0,0.0,0.0,0.0,0.094094,0.34,low,0.031992,0.0,0.031992,0
2026-07-26T17:37:24.898433,11/03 03:15,15.98,0.0,,,,18.0,29.0,0.3764,0.094094,0.0,0.094094,0.0,0.0,0.0,0.0,0.094094,0.34,low,0.031992,0.0,0.031992,0
2026-07-26T17:37:24.916472,11/03 04:15,15.6,0.0,,,,18.0,29.0,0.3764,0.094094,0.0,0.094094,0.0,0.0,0.0,0.0,0.094094,0.34,low,0.031992,0.0,0.031992,0
2026-07-26T17:37:24.934519,11/03 05:15,15.45,0.0,,,,18.0,29.0,0.3764,0.094094,0.0,0.094094,0.0,0.0,0.0,0.0,0.094094,0.34,low,0.031992,0.0,0.031992,0
2026-07-26T17:37:24.950060,11/03 06:15,15.15,0.0,,,,18.0,29.0,0.3764,0.094094,0.0,0.094094,0.0,0.0,0.0,0.0,0.094094,0.43,moderate,0.04046,0.0,0.04046,0
2026-07-26T17:37:42.242731,11/03 07:15,15.72,0.0,,,,18.0,29.0,0.3764,0.094094,0.0,0.094094,0.0,0.0,0.0,0.0,0.094094,0.43,moderate,0.04046,0.0,0.04046,0
2026-07-26T17:37:42.264794,11/03 08:15,16.53,0.0,,,,18.0,29.0,0.3764,0.094094,0.0,0.094094,0.0,0.0,0.0,0.0,0.094094,0.43,moderate,0.04046,0.0,0.04046,0
2026-07-26T17:37:42.285370,11/03 09:15,18.2,0.0,,,,18.0,29.0,0.3764,0.094094,0.0,0.094094,0.0,0.0,0.0,0.0,0.094094,0.43,moderate,0.04046,0.0,0.04046,0
2026-07-26T17:37:42.301894,11/03 10:15,19.55,0.0,,,,18.0,29.0,0.3764,0.094094,0.0,0.094094,0.0,0.0,0.0,0.0,0.094094,0.3,low,0.028228,0.0,0.028228,0
2026-07-26T17:37:42.319933,11/03 11:15,20.27,0.0,,,,18.0,29.0,0.3764,0.094094,0.0,0.094094,0.0,0.0,0.0,0.0,0.094094,0.3,low,0.028228,0.0,0.028228,0
2026-07-26T17:37:42.338980,11/03 12:15,20.98,0.0,,,,18.0,29.0,0.3764,0.094094,0.0,0.094094,0.0,0.0,0.0,0.0,0.094094,0.3,low,0.028228,0.0,0.028228,0
2026-07-26T17:37:59.118574,11/03 13:15,20.6,0.0,,,,18.0,29.0,0.3764,0.094094,0.0,0.094094,0.0,0.0,0.0,0.0,0.094094,0.3,low,0.028228,0.0,0.028228,0
2026-07-26T17:37:59.139629,11/03 14:15,20.45,0.0,,,,18.0,29.0,0.3764,0.094094,0.0,0.094094,0.0,0.0,0.0,0.0,0.094094,0.3,low,0.028228,0.0,0.028228,0
2026-07-26T17:37:59.156689,11/03 15:15,20.0,0.0,,,,18.0,29.0,0.3764,0.094094,0.0,0.094094,0.0,0.0,0.0,0.0,0.094094,0.3,low,0.028228,0.0,0.028228,0
2026-07-26T17:37:59.173723,11/03 16:15,19.85,0.0,,,,18.0,29.0,0.3764,0.094094,0.0,0.094094,0.0,0.0,0.0,0.0,0.094094,0.55,high,0.051752,0.0,0.051752,0
2026-07-26T17:37:59.189255,11/03 17:15,19.12,0.0,,,,18.0,29.0,0.3764,0.094094,0.0,0.094094,0.0,0.0,0.0,0.0,0.094094,0.55,high,0.051752,0.0,0.051752,0
2026-07-26T17:37:59.207296,11/03 18:15,18.18,0.0,,,,18.0,29.0,0.3764,0.094094,0.0,0.094094,0.0,0.0,0.0,0.0,0.094094,0.55,high,0.051752,0.0,0.051752,0
2026-07-26T17:38:16.720175,11/03 19:15,17.8,0.0,,,,18.0,29.0,0.3764,0.094094,0.0,0.094094,0.0,0.0,0.0,0.0,0.094094,0.55,high,0.051752,0.0,0.051752,0
2026-07-26T17:38:16.739224,11/03 20:15,17.8,0.0,,,,18.0,29.0,0.3764,0.094094,0.0,0.094094,0.0,0.0,0.0,0.0,0.094094,0.55,high,0.051752,0.0,0.051752,0
2026-07-26T17:38:16.758271,11/03 21:15,17.25,0.0,,,,18.0,29.0,0.3764,0.094094,0.0,0.094094,0.0,0.0,0.0,0.0,0.094094,0.4,moderate,0.037638,0.0,0.037638,0
2026-07-26T17:38:16.777330,11/03 22:15,15.45,0.0,,,,18.0,29.0,0.3764,0.094094,0.0,0.094094,0.0,0.0,0.0,0.0,0.094094,0.4,moderate,0.037638,0.0,0.037638,0
2026-07-26T17:38:16.796373,11/03 23:15,14.85,0.0,,,,18.0,29.0,0.3764,0.094094,0.0,0.094094,0.0,0.0,0.0,0.0,0.094094,0.4,moderate,0.037638,0.0,0.037638,0
2026-07-26T17:38:16.811898,11/04 00:15,14.4,0.0,,,,18.0,29.0,0.3764,0.094094,0.0,0.094094,0.0,0.0,0.0,0.0,0.094094,0.34,low,0.031992,0.0,0.031992,0
2026-07-26T17:38:34.794783,11/04 01:15,14.12,0.0,,,,18.0,29.0,0.3764,0.094094,0.0,0.094094,0.0,0.0,0.0,0.0,0.094094,0.34,low,0.031992,0.0,0.031992,0
2026-07-26T17:38:34.817826,11/04 02:15,13.18,0.0,,,,18.0,29.0,0.3764,0.094094,0.0,0.094094,0.0,0.0,0.0,0.0,0.094094,0.34,low,0.031992,0.0,0.031992,0
2026-07-26T17:38:34.838881,11/04 03:15,12.65,0.0,,,,18.0,29.0,0.3764,0.094094,0.0,0.094094,0.0,0.0,0.0,0.0,0.094094,0.34,low,0.031992,0.0,0.031992,0
2026-07-26T17:38:34.857454,11/04 04:15,12.07,0.0,,,,18.0,29.0,0.3764,0.094094,0.0,0.094094,0.0,0.0,0.0,0.0,0.094094,0.34,low,0.031992,0.0,0.031992,0
2026-07-26T17:38:34.875358,11/04 05:15,11.55,0.0,,,,18.0,29.0,0.3764,0.094094,0.0,0.094094,0.0,0.0,0.0,0.0,0.094094,0.34,low,0.031992,0.0,0.031992,0
2026-07-26T17:38:34.895401,11/04 06:15,10.97,0.0,,,,18.0,29.0,0.3764,0.094094,0.0,0.094094,0.0,0.0,0.0,0.0,0.094094,0.43,moderate,0.04046,0.0,0.04046,0
2026-07-26T17:38:52.936309,11/04 07:23,11.0,0.0,,,,18.0,29.0,0.3764,0.094094,0.0,0.094094,0.000632,0.39374,0.285424,0.0,0.487834,0.43,moderate,0.04046,0.071267,0.111727,0
2026-07-26T17:38:52.963456,11/04 08:23,12.35,0.0,,,,18.0,29.0,0.3764,0.094094,0.11939,0.094094,0.010372,0.265354,0.2154,0.055223,0.359448,0.43,moderate,0.04046,0.048029,0.088489,0
2026-07-26T17:38:52.991555,11/04 09:23,13.2,52.0,22.09,21.0,24.4,21.0,26.0,0.3764,0.094094,0.12338,0.094094,0.015973,0.065901,0.209687,0.102457,0.159995,0.43,moderate,0.04046,0.011928,0.052389,0
2026-07-26T17:38:53.026728,11/04 10:23,14.4,52.0,23.66,22.24,25.5,21.0,25.5,0.3825,0.095622,0.145364,0.095622,0.021579,0.130496,0.117827,0.228675,0.226118,0.3,low,0.028687,0.02362,0.052306,0
2026-07-26T17:38:53.052789,11/04 11:23,14.55,52.0,24.34,22.94,25.5,21.0,25.5,0.3829,0.095728,0.147676,0.095728,0.024687,0.087411,0.080883,0.228675,0.183139,0.3,low,0.028718,0.015821,0.04454,0
2026-07-26T17:38:53.076956,11/04 12:15,15.0,41.6,24.63,23.13,25.5,21.0,25.5,0.382,0.095494,0.155713,0.095494,0.027513,0.071412,0.066133,0.275923,0.166906,0.3,low,0.028648,0.012926,0.041574,0
2026-07-26T17:39:12.869215,11/04 13:15,14.85,20.8,24.25,22.92,25.0,20.5,25.0,0.3946,0.098648,0.172738,0.098648,0.028898,0.0,0.0,0.379355,0.098648,0.3,low,0.029594,0.0,0.029594,0
2026-07-26T17:39:12.892817,11/04 14:15,14.28,41.6,24.38,23.34,25.0,20.5,25.0,0.4128,0.103212,0.206034,0.103212,0.030771,0.0,0.0,0.553764,0.103212,0.3,low,0.030964,0.0,0.030964,0
2026-07-26T17:39:12.910883,11/04 15:15,13.62,52.0,24.46,23.93,25.16,20.5,25.0,0.4255,0.106382,0.224965,0.106382,0.030113,0.0,0.0,0.663383,0.106382,0.3,low,0.031915,0.0,0.031915,0
2026-07-26T17:39:12.930947,11/04 16:15,12.38,52.0,24.31,23.46,25.0,20.5,25.0,0.4054,0.101359,0.180849,0.101359,0.027663,0.0,0.0,0.383213,0.101359,0.55,high,0.055747,0.0,0.055747,0
2026-07-26T17:39:12.949988,11/04 17:15,10.97,52.0,23.75,22.77,24.9,20.5,25.0,0.3764,0.094094,0.0,0.094094,0.000266,0.180746,0.142803,0.0,0.27484,0.55,high,0.051752,0.032715,0.084467,0
2026-07-26T17:39:12.970047,11/04 18:15,10.45,52.0,23.23,22.37,24.67,20.5,25.0,0.3764,0.094094,0.0,0.094094,0.000374,0.251617,0.18924,0.0,0.345711,0.55,high,0.051752,0.045543,0.097294,0
2026-07-26T17:39:32.441381,11/04 19:15,10.15,26.0,21.82,21.15,23.18,20.0,26.0,0.3764,0.094094,0.0,0.094094,0.000545,0.348976,0.254396,0.0,0.44307,0.55,high,0.051752,0.063165,0.114916,0
2026-07-26T17:39:32.462965,11/04 20:15,10.88,0.0,,,,20.0,26.0,0.3764,0.094094,0.0,0.094094,0.000475,0.292387,0.230047,0.0,0.386481,0.55,high,0.051752,0.052922,0.104674,0
2026-07-26T17:39:32.483022,11/04 21:15,11.82,0.0,,,,20.0,26.0,0.3764,0.094094,0.0,0.094094,0.0,0.0,0.0,0.0,0.094094,0.4,moderate,0.037638,0.0,0.037638,0
2026-07-26T17:39:32.503072,11/04 22:15,12.35,0.0,,,,20.0,26.0,0.3764,0.094094,0.0,0.094094,0.0,0.0,0.0,0.0,0.094094,0.4,moderate,0.037638,0.0,0.037638,0
2026-07-26T17:39:32.521788,11/04 23:15,12.53,0.0,,,,20.0,26.0,0.3764,0.094094,0.0,0.094094,3.1e-05,0.01916,0.022085,0.0,0.113254,0.4,moderate,0.037638,0.003468,0.041106,0
2026-07-26T17:39:32.539849,11/05 00:15,11.7,0.0,,,,20.0,26.0,0.3764,0.094094,0.0,0.094094,0.000197,0.13035,0.139443,0.0,0.224444,0.34,low,0.031992,0.023593,0.055585,0
2026-07-26T17:39:49.712809,11/05 01:15,11.27,0.0,,,,18.0,28.0,0.3764,0.094094,0.0,0.094094,0.0,0.0,0.0,0.0,0.094094,0.34,low,0.031992,0.0,0.031992,0
2026-07-26T17:39:49.734910,11/05 02:15,10.0,0.0,,,,18.0,28.0,0.3764,0.094094,0.0,0.094094,0.0,0.0,0.0,0.0,0.094094,0.34,low,0.031992,0.0,0.031992,0
2026-07-26T17:39:49.755957,11/05 03:15,10.15,0.0,,,,18.0,28.0,0.3764,0.094094,0.0,0.094094,0.0,0.0,0.0,0.0,0.094094,0.34,low,0.031992,0.0,0.031992,0
2026-07-26T17:39:49.774993,11/05 04:15,10.72,0.0,,,,18.0,28.0,0.3764,0.094094,0.0,0.094094,0.0,0.0,0.0,0.0,0.094094,0.34,low,0.031992,0.0,0.031992,0
2026-07-26T17:39:49.793024,11/05 05:15,11.1,0.0,,,,18.0,28.0,0.3764,0.094094,0.0,0.094094,0.0,0.0,0.0,0.0,0.094094,0.34,low,0.031992,0.0,0.031992,0
2026-07-26T17:39:49.810555,11/05 06:15,10.97,0.0,,,,18.0,28.0,0.3764,0.094094,0.0,0.094094,0.0,0.0,0.0,0.0,0.094094,0.43,moderate,0.04046,0.0,0.04046,0
2026-07-26T17:40:06.619800,11/05 07:15,10.72,0.0,,,,18.0,29.0,0.3764,0.094094,0.0,0.094094,0.000655,0.401329,0.292695,0.0,0.495423,0.43,moderate,0.04046,0.072641,0.113101,0
2026-07-26T17:40:06.638854,11/05 08:15,10.97,0.0,,,,18.0,29.0,0.3764,0.094094,0.0,0.094094,0.000543,0.318924,0.255084,0.0,0.413018,0.43,moderate,0.04046,0.057725,0.098186,0
2026-07-26T17:40:06.661421,11/05 09:15,10.72,52.0,21.25,21.0,22.06,21.0,26.0,0.3764,0.094094,0.0,0.094094,0.000737,0.32473,0.355674,0.0,0.418824,0.43,moderate,0.04046,0.058776,0.099237,0
2026-07-26T17:40:06.679456,11/05 10:15,11.38,52.0,22.55,21.9,23.57,21.0,26.0,0.3764,0.094094,0.0,0.094094,0.000466,0.266366,0.22226,0.0,0.36046,0.3,low,0.028228,0.048212,0.07644,0
2026-07-26T17:40:06.695515,11/05 11:15,12.35,52.0,23.31,22.6,24.2,21.0,26.0,0.3764,0.094094,0.11339,0.094094,0.015206,0.20607,0.176184,0.055334,0.300164,0.3,low,0.028228,0.037299,0.065527,0
2026-07-26T17:40:06.711038,11/05 12:15,12.93,41.6,23.61,22.89,24.41,21.0,26.0,0.3764,0.094094,0.123355,0.094094,0.017929,0.192501,0.162836,0.102716,0.286595,0.3,low,0.028228,0.034843,0.063071,0
2026-07-26T17:40:24.260638,11/05 13:15,13.18,20.8,23.24,22.52,24.07,21.0,25.0,0.3764,0.094094,0.130865,0.094094,0.020374,0.184652,0.154655,0.142276,0.278746,0.3,low,0.028228,0.033422,0.06165,0
2026-07-26T17:40:24.285861,11/05 14:15,12.8,41.6,23.58,22.77,24.52,21.0,25.0,0.3764,0.094094,0.125581,0.094094,0.021046,0.175911,0.146653,0.102769,0.270005,0.3,low,0.028228,0.03184,0.060068,0
2026-07-26T17:40:24.305907,11/05 15:15,12.65,52.0,23.77,22.99,24.82,21.0,25.0,0.3764,0.094094,0.124805,0.094094,0.021601,0.168337,0.139848,0.102769,0.262431,0.3,low,0.028228,0.030469,0.058697,0
2026-07-26T17:40:24.323942,11/05 16:15,12.2,52.0,23.64,22.86,24.78,21.0,25.0,0.3764,0.094094,0.117288,0.094094,0.019898,0.164796,0.136133,0.05534,0.25889,0.55,high,0.051752,0.029828,0.08158,0
2026-07-26T17:40:24.342991,11/05 17:15,12.2,52.0,23.16,22.39,24.54,21.0,25.0,0.3764,0.094094,0.116337,0.094094,0.019633,0.165812,0.13587,0.05534,0.259906,0.55,high,0.051752,0.030012,0.081764,0
2026-07-26T17:40:24.361524,11/05 18:15,12.07,52.0,22.92,22.12,24.4,21.0,25.0,0.3764,0.094094,0.116187,0.094094,0.018831,0.170459,0.138424,0.055366,0.264553,0.55,high,0.051752,0.030853,0.082605,0
2026-07-26T17:40:42.970874,11/05 19:15,11.82,26.0,21.73,21.06,23.1,20.0,26.0,0.3764,0.094094,0.110093,0.094094,0.016378,0.187611,0.149787,0.015827,0.281705,0.55,high,0.051752,0.033958,0.085709,0
2026-07-26T17:40:42.995025,11/05 20:15,12.07,0.0,,,,20.0,26.0,0.3764,0.094094,0.114768,0.094094,0.016165,0.213333,0.167379,0.055335,0.307427,0.55,high,0.051752,0.038613,0.090365,0
2026-07-26T17:40:43.016078,11/05 21:15,11.82,0.0,,,,20.0,26.0,0.3764,0.094094,0.0,0.094094,0.0,0.0,0.0,0.0,0.094094,0.4,moderate,0.037638,0.0,0.037638,0
2026-07-26T17:40:43.036119,11/05 22:15,12.2,0.0,,,,20.0,26.0,0.3764,0.094094,0.0,0.094094,0.0,0.0,0.0,0.0,0.094094,0.4,moderate,0.037638,0.0,0.037638,0
2026-07-26T17:40:43.055151,11/05 23:15,12.35,0.0,,,,20.0,26.0,0.3764,0.094094,0.0,0.094094,4e-05,0.027046,0.030447,0.0,0.12114,0.4,moderate,0.037638,0.004895,0.042533,0
2026-07-26T17:40:43.073202,11/06 00:15,12.8,0.0,,,,20.0,26.0,0.3764,0.094094,0.0,0.094094,0.000113,0.079598,0.079954,0.0,0.173692,0.34,low,0.031992,0.014407,0.046399,0
2026-07-26T17:41:01.674225,11/06 01:15,12.8,0.0,,,,18.0,28.0,0.3764,0.094094,0.0,0.094094,0.0,0.0,0.0,0.0,0.094094,0.34,low,0.031992,0.0,0.031992,0
2026-07-26T17:41:01.701296,11/06 02:15,12.8,0.0,,,,18.0,28.0,0.3764,0.094094,0.0,0.094094,0.0,0.0,0.0,0.0,0.094094,0.34,low,0.031992,0.0,0.031992,0
2026-07-26T17:41:01.723913,11/06 03:15,12.8,0.0,,,,18.0,28.0,0.3764,0.094094,0.0,0.094094,0.0,0.0,0.0,0.0,0.094094,0.34,low,0.031992,0.0,0.031992,0
2026-07-26T17:41:01.745981,11/06 04:15,12.65,0.0,,,,18.0,28.0,0.3764,0.094094,0.0,0.094094,0.0,0.0,0.0,0.0,0.094094,0.34,low,0.031992,0.0,0.031992,0
2026-07-26T17:41:01.768024,11/06 05:15,12.2,0.0,,,,18.0,28.0,0.3764,0.094094,0.0,0.094094,0.0,0.0,0.0,0.0,0.094094,0.34,low,0.031992,0.0,0.031992,0
2026-07-26T17:41:01.791072,11/06 06:15,12.07,0.0,,,,18.0,28.0,0.3764,0.094094,0.0,0.094094,0.0,0.0,0.0,0.0,0.094094,0.43,moderate,0.04046,0.0,0.04046,0
2026-07-26T17:41:19.476872,11/06 07:15,11.82,0.0,,,,18.0,29.0,0.3764,0.094094,0.109352,0.094094,0.007867,0.292781,0.217299,0.015845,0.386875,0.43,moderate,0.04046,0.052993,0.093454,0
2026-07-26T17:41:19.503467,11/06 08:15,12.35,0.0,,,,18.0,29.0,0.3764,0.094094,0.1128,0.094094,0.008499,0.284147,0.219042,0.055408,0.378241,0.43,moderate,0.04046,0.051431,0.091891,0
2026-07-26T17:41:19.538606,11/06 09:23,12.8,52.0,21.36,21.0,22.18,21.0,26.0,0.3764,0.094094,0.122494,0.094094,0.012144,0.080381,0.218667,0.102898,0.174475,0.43,moderate,0.04046,0.014549,0.055009,0
2026-07-26T17:41:19.566215,11/06 10:15,13.08,52.0,22.71,22.05,23.74,21.0,26.0,0.3764,0.094094,0.123846,0.094094,0.013361,0.219871,0.186184,0.102898,0.313965,0.3,low,0.028228,0.039797,0.068025,0
2026-07-26T17:41:19.592260,11/06 11:15,14.18,52.0,23.42,22.71,24.35,21.0,26.0,0.3764,0.094094,0.137497,0.094094,0.016207,0.205251,0.171968,0.190052,0.299345,0.3,low,0.028228,0.03715,0.065379,0
2026-07-26T17:41:19.618835,11/06 12:15,14.85,41.6,23.78,23.06,24.51,21.0,26.0,0.3764,0.094094,0.16023,0.094094,0.020356,0.190364,0.159016,0.323571,0.284458,0.3,low,0.028228,0.034456,0.062684,0
2026-07-26T17:41:39.161510,11/06 13:15,14.28,20.8,23.46,22.76,24.22,21.0,25.0,0.3764,0.094094,0.154643,0.094094,0.020017,0.181011,0.150498,0.269557,0.275105,0.3,low,0.028228,0.032763,0.060991,0
2026-07-26T17:41:39.184085,11/06 14:15,13.9,41.6,23.82,23.07,24.73,21.0,25.0,0.3764,0.094094,0.148042,0.094094,0.020566,0.171244,0.142177,0.232061,0.265338,0.3,low,0.028228,0.030995,0.059223,0
2026-07-26T17:41:39.203121,11/06 15:15,13.75,52.0,23.93,23.17,24.97,21.0,25.0,0.3764,0.094094,0.147239,0.094094,0.021059,0.162838,0.13502,0.232061,0.256932,0.3,low,0.028228,0.029474,0.057702,0
2026-07-26T17:41:39.222007,11/06 16:15,13.18,52.0,23.57,22.78,24.85,21.0,25.0,0.3764,0.094094,0.137592,0.094094,0.019534,0.160693,0.132411,0.173028,0.254787,0.55,high,0.051752,0.029085,0.080837,0
2026-07-26T17:41:39.240549,11/06 17:15,12.8,52.0,23.16,22.34,24.57,21.0,25.0,0.3764,0.094094,0.129938,0.094094,0.018293,0.163448,0.133489,0.131107,0.257542,0.55,high,0.051752,0.029584,0.081336,0
2026-07-26T17:41:39.259102,11/06 18:15,12.8,52.0,22.97,22.14,24.45,21.0,25.0,0.3764,0.094094,0.12904,0.094094,0.017875,0.168382,0.136372,0.131107,0.262476,0.55,high,0.051752,0.030477,0.082229,0
2026-07-26T17:41:57.733032,11/06 19:15,12.8,26.0,21.81,21.1,23.16,20.0,26.0,0.3764,0.094094,0.128869,0.094094,0.016857,0.185582,0.147862,0.131107,0.279676,0.55,high,0.051752,0.03359,0.085342,0
2026-07-26T17:41:57.756091,11/06 20:15,12.8,0.0,,,,20.0,26.0,0.3764,0.094094,0.136968,0.094094,0.016859,0.211583,0.165702,0.184761,0.305677,0.55,high,0.051752,0.038297,0.090048,0
2026-07-26T17:41:57.778648,11/06 21:15,12.93,0.0,,,,20.0,26.0,0.3764,0.094094,0.0,0.094094,0.0,0.0,0.0,0.0,0.094094,0.4,moderate,0.037638,0.0,0.037638,0
2026-07-26T17:41:57.795723,11/06 22:15,13.45,0.0,,,,20.0,26.0,0.3764,0.094094,0.0,0.094094,0.0,0.0,0.0,0.0,0.094094,0.4,moderate,0.037638,0.0,0.037638,0
2026-07-26T17:41:57.812248,11/06 23:15,13.9,0.0,,,,20.0,26.0,0.3764,0.094094,0.0,0.094094,0.0,0.0,0.0,0.0,0.094094,0.4,moderate,0.037638,0.0,0.037638,0
2026-07-26T17:41:57.829296,11/07 00:15,13.9,0.0,,,,20.0,26.0,0.3764,0.094094,0.0,0.094094,0.0,0.0,0.0,0.0,0.094094,0.34,low,0.031992,0.0,0.031992,0
2026-07-26T17:42:14.612204,11/07 01:15,13.9,0.0,,,,18.0,28.0,0.3764,0.094094,0.0,0.094094,0.0,0.0,0.0,0.0,0.094094,0.34,low,0.031992,0.0,0.031992,0
2026-07-26T17:42:14.631273,11/07 02:15,14.03,0.0,,,,18.0,28.0,0.3764,0.094094,0.0,0.094094,0.0,0.0,0.0,0.0,0.094094,0.34,low,0.031992,0.0,0.031992,0
2026-07-26T17:42:14.650320,11/07 03:15,14.28,0.0,,,,18.0,28.0,0.3764,0.094094,0.0,0.094094,0.0,0.0,0.0,0.0,0.094094,0.34,low,0.031992,0.0,0.031992,0
2026-07-26T17:42:14.668364,11/07 04:15,13.62,0.0,,,,18.0,28.0,0.3764,0.094094,0.0,0.094094,0.0,0.0,0.0,0.0,0.094094,0.34,low,0.031992,0.0,0.031992,0
2026-07-26T17:42:14.683417,11/07 05:15,12.93,0.0,,,,18.0,28.0,0.3764,0.094094,0.0,0.094094,0.0,0.0,0.0,0.0,0.094094,0.34,low,0.031992,0.0,0.031992,0
2026-07-26T17:42:14.699461,11/07 06:15,13.18,0.0,,,,18.0,28.0,0.3764,0.094094,0.0,0.094094,0.0,0.0,0.0,0.0,0.094094,0.43,moderate,0.04046,0.0,0.04046,0
2026-07-26T17:42:31.256421,11/07 07:15,12.8,0.0,,,,18.0,29.0,0.3764,0.094094,0.150337,0.094094,0.012875,0.27938,0.213117,0.257043,0.373474,0.43,moderate,0.04046,0.050568,0.091028,0
2026-07-26T17:42:31.276091,11/07 08:15,12.8,0.0,,,,18.0,29.0,0.3764,0.094094,0.150285,0.094094,0.012862,0.275154,0.215019,0.257043,0.369248,0.43,moderate,0.04046,0.049803,0.090263,0
2026-07-26T17:42:31.299706,11/07 09:23,12.8,52.0,21.44,21.0,22.34,21.0,26.0,0.3764,0.094094,0.151779,0.094094,0.015118,0.04569,0.20497,0.257043,0.139784,0.43,moderate,0.04046,0.00827,0.04873,0
2026-07-26T17:42:31.321304,11/07 10:15,13.08,52.0,22.77,22.09,23.86,21.0,26.0,0.3764,0.094094,0.151054,0.094094,0.016005,0.241748,0.183993,0.257043,0.335842,0.3,low,0.028228,0.043756,0.071985,0
2026-07-26T17:42:31.338358,11/07 11:15,13.9,52.0,23.43,22.71,24.42,21.0,26.0,0.3764,0.094094,0.176908,0.094094,0.021043,0.21586,0.169874,0.406653,0.309954,0.3,low,0.028228,0.039071,0.067299,0
2026-07-26T17:42:31.356434,11/07 12:15,13.9,41.6,23.82,23.08,24.61,21.0,26.0,0.3764,0.094094,0.178649,0.094094,0.022155,0.19612,0.157459,0.406725,0.290214,0.3,low,0.028228,0.035498,0.063726,0
2026-07-26T17:42:48.275421,11/07 13:15,14.03,20.8,23.65,22.93,24.35,21.0,25.0,0.3764,0.094094,0.192413,0.094094,0.025452,0.183661,0.14884,0.485282,0.277755,0.3,low,0.028228,0.033243,0.061471,0
2026-07-26T17:42:48.295495,11/07 14:15,14.28,41.6,24.06,23.3,24.87,21.0,25.0,0.3764,0.094094,0.198053,0.094094,0.027666,0.169962,0.139001,0.51082,0.264056,0.3,low,0.028228,0.030763,0.058991,0
2026-07-26T17:42:48.313008,11/07 15:15,13.9,52.0,24.14,23.4,25.0,21.0,25.0,0.3805,0.095124,0.179825,0.095124,0.025306,0.081381,0.073609,0.40712,0.176505,0.3,low,0.028537,0.01473,0.043267,0
2026-07-26T17:42:48.329063,11/07 16:15,13.75,52.0,23.93,23.17,25.0,21.0,25.0,0.379,0.094745,0.180304,0.094745,0.026636,0.104796,0.090122,0.40712,0.199541,0.55,high,0.05211,0.018968,0.071078,0
2026-07-26T17:42:48.344456,11/07 17:15,13.3,52.0,23.44,22.63,24.79,21.0,25.0,0.3764,0.094094,0.171125,0.094094,0.026627,0.15854,0.127423,0.359771,0.252634,0.55,high,0.051752,0.028696,0.080447,0
2026-07-26T17:42:48.359975,11/07 18:15,13.3,52.0,23.2,22.36,24.65,21.0,25.0,0.3764,0.094094,0.157892,0.094094,0.024511,0.162772,0.130344,0.285097,0.256866,0.55,high,0.051752,0.029462,0.081213,0
2026-07-26T17:43:05.683832,11/07 19:15,13.3,26.0,22.01,21.28,23.35,20.0,26.0,0.3764,0.094094,0.156188,0.094094,0.022342,0.18032,0.142401,0.285063,0.274414,0.55,high,0.051752,0.032638,0.08439,0
2026-07-26T17:43:05.707913,11/07 20:15,13.3,0.0,,,,20.0,26.0,0.3764,0.094094,0.155951,0.094094,0.019626,0.20754,0.161294,0.285063,0.301634,0.55,high,0.051752,0.037565,0.089316,0
2026-07-26T17:43:05.726950,11/07 21:15,13.3,0.0,,,,20.0,26.0,0.3764,0.094094,0.0,0.094094,0.0,0.0,0.0,0.0,0.094094,0.4,moderate,0.037638,0.0,0.037638,0
2026-07-26T17:43:05.745999,11/07 22:15,13.3,0.0,,,,20.0,26.0,0.3764,0.094094,0.0,0.094094,0.0,0.0,0.0,0.0,0.094094,0.4,moderate,0.037638,0.0,0.037638,0
2026-07-26T17:43:05.764641,11/07 23:15,13.3,0.0,,,,20.0,26.0,0.3764,0.094094,0.0,0.094094,0.0,0.0,0.0,0.0,0.094094,0.4,moderate,0.037638,0.0,0.037638,0
2026-07-26T17:43:05.783682,11/08 00:15,13.45,0.0,,,,20.0,26.0,0.3764,0.094094,0.0,0.094094,0.0,0.0,0.0,0.0,0.094094,0.34,low,0.031992,0.0,0.031992,0
2026-07-26T17:43:22.499148,11/08 01:15,13.9,0.0,,,,18.0,28.0,0.3764,0.094094,0.0,0.094094,0.0,0.0,0.0,0.0,0.094094,0.34,low,0.031992,0.0,0.031992,0
2026-07-26T17:43:22.521221,11/08 02:15,13.9,0.0,,,,18.0,28.0,0.3764,0.094094,0.0,0.094094,0.0,0.0,0.0,0.0,0.094094,0.34,low,0.031992,0.0,0.031992,0
2026-07-26T17:43:22.540265,11/08 03:15,13.9,0.0,,,,18.0,28.0,0.3764,0.094094,0.0,0.094094,0.0,0.0,0.0,0.0,0.094094,0.34,low,0.031992,0.0,0.031992,0
2026-07-26T17:43:22.558335,11/08 04:15,13.9,0.0,,,,18.0,28.0,0.3764,0.094094,0.0,0.094094,0.0,0.0,0.0,0.0,0.094094,0.34,low,0.031992,0.0,0.031992,0
2026-07-26T17:43:22.577375,11/08 05:15,13.9,0.0,,,,18.0,28.0,0.3764,0.094094,0.0,0.094094,0.0,0.0,0.0,0.0,0.094094,0.34,low,0.031992,0.0,0.031992,0
2026-07-26T17:43:22.593404,11/08 06:15,13.9,0.0,,,,18.0,28.0,0.3764,0.094094,0.0,0.094094,0.0,0.0,0.0,0.0,0.094094,0.43,moderate,0.04046,0.0,0.04046,0
2026-07-26T17:43:39.338150,11/08 07:15,14.03,0.0,,,,18.0,29.0,0.3764,0.094094,0.177119,0.094094,0.016811,0.279,0.211388,0.406583,0.373094,0.43,moderate,0.04046,0.050499,0.090959,0
2026-07-26T17:43:39.361195,11/08 08:15,14.4,0.0,,,,18.0,29.0,0.3764,0.094094,0.19556,0.094094,0.019709,0.272338,0.212228,0.509801,0.366432,0.43,moderate,0.04046,0.049293,0.089754,0
2026-07-26T17:43:39.387324,11/08 09:23,14.7,52.0,21.79,21.15,22.49,20.5,26.0,0.3764,0.094094,0.197695,0.094094,0.022079,0.247263,0.19344,0.509801,0.341357,0.43,moderate,0.04046,0.044755,0.085215,0
2026-07-26T17:43:39.411901,11/08 10:15,15.72,52.0,23.38,22.63,24.1,20.5,26.0,0.3764,0.094094,0.231997,0.094094,0.028349,0.218424,0.175795,0.700881,0.312518,0.3,low,0.028228,0.039535,0.067763,0
2026-07-26T17:43:39.434463,11/08 11:15,16.38,52.0,24.13,23.35,24.76,20.5,26.0,0.3764,0.094094,0.253297,0.094094,0.032206,0.193744,0.158854,0.808645,0.287838,0.3,low,0.028228,0.035068,0.063296,0
2026-07-26T17:43:39.455094,11/08 12:15,17.2,41.6,24.42,23.64,24.96,20.5,26.0,0.3764,0.094094,0.286629,0.094094,0.037867,0.173421,0.143783,0.980364,0.267515,0.3,low,0.028228,0.031389,0.059617,0
2026-07-26T17:43:58.449952,11/08 13:15,16.92,20.8,24.17,23.42,24.65,20.5,25.0,0.3764,0.094094,0.274101,0.094094,0.037293,0.161214,0.133982,0.908646,0.255308,0.3,low,0.028228,0.02918,0.057408,0
2026-07-26T17:43:58.474530,11/08 14:15,16.1,41.6,24.42,23.67,25.0,20.5,25.0,0.3793,0.094831,0.242688,0.094831,0.034549,0.093401,0.083353,0.741759,0.188232,0.3,low,0.028449,0.016906,0.045355,0
2026-07-26T17:43:58.497592,11/08 15:15,16.1,52.0,24.45,23.75,25.0,20.5,25.0,0.3849,0.096213,0.242286,0.096213,0.034642,0.0,0.0,0.748039,0.096213,0.3,low,0.028864,0.0,0.028864,0
2026-07-26T17:43:58.517634,11/08 16:15,16.25,52.0,24.25,23.55,25.0,20.5,25.0,0.3823,0.09558,0.242207,0.09558,0.037,0.026037,0.026316,0.741759,0.121617,0.55,high,0.052569,0.004713,0.057282,0
2026-07-26T17:43:58.536205,11/08 17:15,16.7,52.0,23.82,23.03,24.98,20.5,25.0,0.3764,0.094094,0.266105,0.094094,0.041666,0.143101,0.116442,0.870994,0.237195,0.55,high,0.051752,0.025901,0.077653,0
2026-07-26T17:43:58.553340,11/08 18:15,16.7,52.0,23.62,22.78,24.9,20.5,25.0,0.3764,0.094094,0.26665,0.094094,0.04138,0.14797,0.11952,0.870788,0.242064,0.55,high,0.051752,0.026783,0.078534,0
2026-07-26T17:44:16.625679,11/08 19:15,16.55,26.0,22.44,21.7,23.59,20.0,26.0,0.3764,0.094094,0.278928,0.094094,0.041286,0.165073,0.131129,0.940829,0.259167,0.55,high,0.051752,0.029878,0.08163,0
2026-07-26T17:44:16.652304,11/08 20:15,16.25,0.0,,,,20.0,26.0,0.3764,0.094094,0.270744,0.094094,0.036304,0.19395,0.150935,0.899639,0.288044,0.55,high,0.051752,0.035105,0.086857,0
2026-07-26T17:44:16.672354,11/08 21:15,16.55,0.0,,,,20.0,26.0,0.3764,0.094094,0.0,0.094094,0.0,0.0,0.0,0.0,0.094094,0.4,moderate,0.037638,0.0,0.037638,0
2026-07-26T17:44:16.692440,11/08 22:15,16.1,0.0,,,,20.0,26.0,0.3764,0.094094,0.0,0.094094,0.0,0.0,0.0,0.0,0.094094,0.4,moderate,0.037638,0.0,0.037638,0
2026-07-26T17:44:16.713504,11/08 23:15,16.1,0.0,,,,20.0,26.0,0.3764,0.094094,0.0,0.094094,0.0,0.0,0.0,0.0,0.094094,0.4,moderate,0.037638,0.0,0.037638,0
2026-07-26T17:44:16.735074,11/09 00:15,16.1,0.0,,,,20.0,26.0,0.3764,0.094094,0.0,0.094094,0.0,0.0,0.0,0.0,0.094094,0.34,low,0.031992,0.0,0.031992,0
2026-07-26T17:44:34.839727,11/09 01:15,16.1,0.0,,,,18.0,28.0,0.3764,0.094094,0.0,0.094094,0.0,0.0,0.0,0.0,0.094094,0.34,low,0.031992,0.0,0.031992,0
2026-07-26T17:44:34.860784,11/09 02:15,16.1,0.0,,,,18.0,28.0,0.3764,0.094094,0.0,0.094094,0.0,0.0,0.0,0.0,0.094094,0.34,low,0.031992,0.0,0.031992,0
2026-07-26T17:44:34.878833,11/09 03:15,16.1,0.0,,,,18.0,28.0,0.3764,0.094094,0.0,0.094094,0.0,0.0,0.0,0.0,0.094094,0.34,low,0.031992,0.0,0.031992,0
2026-07-26T17:44:34.897878,11/09 04:15,16.1,0.0,,,,18.0,28.0,0.3764,0.094094,0.0,0.094094,0.0,0.0,0.0,0.0,0.094094,0.34,low,0.031992,0.0,0.031992,0
2026-07-26T17:44:34.916918,11/09 05:15,16.1,0.0,,,,18.0,28.0,0.3764,0.094094,0.0,0.094094,0.0,0.0,0.0,0.0,0.094094,0.34,low,0.031992,0.0,0.031992,0
2026-07-26T17:44:34.933438,11/09 06:15,16.25,0.0,,,,18.0,28.0,0.3764,0.094094,0.0,0.094094,0.0,0.0,0.0,0.0,0.094094,0.43,moderate,0.04046,0.0,0.04046,0
2026-07-26T17:44:50.819336,11/09 07:15,16.82,0.0,,,,18.0,29.0,0.3764,0.094094,0.0,0.094094,0.0,0.0,0.0,0.0,0.094094,0.43,moderate,0.04046,0.0,0.04046,0
2026-07-26T17:44:50.840359,11/09 08:15,17.2,0.0,,,,18.0,29.0,0.3764,0.094094,0.0,0.094094,0.0,0.0,0.0,0.0,0.094094,0.43,moderate,0.04046,0.0,0.04046,0
2026-07-26T17:44:50.858997,11/09 09:15,16.65,0.0,,,,18.0,29.0,0.3764,0.094094,0.0,0.094094,0.0,0.0,0.0,0.0,0.094094,0.43,moderate,0.04046,0.0,0.04046,0
2026-07-26T17:44:50.877053,11/09 10:15,15.0,0.0,,,,18.0,29.0,0.3764,0.094094,0.0,0.094094,0.0,0.0,0.0,0.0,0.094094,0.3,low,0.028228,0.0,0.028228,0
2026-07-26T17:44:50.894596,11/09 11:15,15.43,0.0,,,,18.0,29.0,0.3764,0.094094,0.0,0.094094,0.0,0.0,0.0,0.0,0.094094,0.3,low,0.028228,0.0,0.028228,0
2026-07-26T17:44:50.913147,11/09 12:15,16.97,0.0,,,,18.0,29.0,0.3764,0.094094,0.0,0.094094,0.0,0.0,0.0,0.0,0.094094,0.3,low,0.028228,0.0,0.028228,0
2026-07-26T17:45:07.557997,11/09 13:23,17.93,0.0,,,,18.0,29.0,0.3764,0.094094,0.0,0.094094,0.0,0.0,0.0,0.0,0.094094,0.3,low,0.028228,0.0,0.028228,0
2026-07-26T17:45:07.582039,11/09 14:15,18.3,0.0,,,,18.0,29.0,0.3764,0.094094,0.0,0.094094,0.0,0.0,0.0,0.0,0.094094,0.3,low,0.028228,0.0,0.028228,0
2026-07-26T17:45:07.600082,11/09 15:15,17.9,0.0,,,,18.0,29.0,0.3764,0.094094,0.0,0.094094,0.0,0.0,0.0,0.0,0.094094,0.3,low,0.028228,0.0,0.028228,0
2026-07-26T17:45:07.617622,11/09 16:15,16.55,0.0,,,,18.0,29.0,0.3764,0.094094,0.0,0.094094,0.0,0.0,0.0,0.0,0.094094,0.55,high,0.051752,0.0,0.051752,0
2026-07-26T17:45:07.634687,11/09 17:23,15.12,0.0,,,,18.0,29.0,0.3764,0.094094,0.0,0.094094,0.0,0.0,0.0,0.0,0.094094,0.55,high,0.051752,0.0,0.051752,0
2026-07-26T17:45:07.653721,11/09 18:15,10.95,0.0,,,,18.0,29.0,0.3764,0.094094,0.0,0.094094,0.0,0.0,0.0,0.0,0.094094,0.55,high,0.051752,0.0,0.051752,0
2026-07-26T17:45:23.527922,11/09 19:15,6.93,0.0,,,,18.0,29.0,0.3764,0.094094,0.0,0.094094,0.0,0.0,0.0,0.0,0.094094,0.55,high,0.051752,0.0,0.051752,0
2026-07-26T17:45:23.546935,11/09 20:15,5.82,0.0,,,,18.0,29.0,0.3764,0.094094,0.0,0.094094,0.0,0.0,0.0,0.0,0.094094,0.55,high,0.051752,0.0,0.051752,0
2026-07-26T17:45:23.564970,11/09 21:15,4.72,0.0,,,,18.0,29.0,0.3764,0.094094,0.0,0.094094,0.0,0.0,0.0,0.0,0.094094,0.4,moderate,0.037638,0.0,0.037638,0
2026-07-26T17:45:23.585040,11/09 22:15,3.75,0.0,,,,18.0,29.0,0.3764,0.094094,0.0,0.094094,0.0,0.0,0.0,0.0,0.094094,0.4,moderate,0.037638,0.0,0.037638,0
2026-07-26T17:45:23.605612,11/09 23:15,3.3,0.0,,,,18.0,29.0,0.3764,0.094094,0.0,0.094094,0.0,0.0,0.0,0.0,0.094094,0.4,moderate,0.037638,0.0,0.037638,0
2026-07-26T17:45:23.622136,11/10 00:15,3.3,0.0,,,,18.0,29.0,0.3764,0.094094,0.0,0.094094,0.0,0.0,0.0,0.0,0.094094,0.34,low,0.031992,0.0,0.031992,0
2026-07-26T17:45:40.346793,11/10 01:15,3.17,0.0,,,,18.0,29.0,0.3764,0.094094,0.0,0.094094,0.0,0.0,0.0,0.0,0.094094,0.34,low,0.031992,0.0,0.031992,0
2026-07-26T17:45:40.367827,11/10 02:15,2.8,0.0,,,,18.0,29.0,0.3764,0.094094,0.0,0.094094,0.0,0.0,0.0,0.0,0.094094,0.34,low,0.031992,0.0,0.031992,0
2026-07-26T17:45:40.388858,11/10 03:15,2.65,0.0,,,,18.0,29.0,0.3764,0.094094,0.0,0.094094,0.0,0.0,0.0,0.0,0.094094,0.34,low,0.031992,0.0,0.031992,0
2026-07-26T17:45:40.405895,11/10 04:15,2.08,0.0,,,,18.0,29.0,0.3764,0.094094,0.0,0.094094,5.5e-05,0.013472,0.046743,0.0,0.107566,0.34,low,0.031992,0.002438,0.03443,0
2026-07-26T17:45:40.423465,11/10 05:15,1.7,0.0,,,,18.0,29.0,0.3764,0.094094,0.0,0.094094,9.6e-05,0.070638,0.075306,0.0,0.164732,0.34,low,0.031992,0.012785,0.044777,0
2026-07-26T17:45:40.441008,11/10 06:15,1.7,0.0,,,,18.0,29.0,0.3764,0.094094,0.0,0.094094,0.000135,0.105388,0.105302,0.0,0.199482,0.43,moderate,0.04046,0.019075,0.059536,0
2026-07-26T17:45:58.090352,11/10 07:15,1.7,0.0,,,,18.0,29.0,0.3764,0.094094,0.0,0.094094,0.000105,0.085274,0.08148,0.0,0.179368,0.43,moderate,0.04046,0.015435,0.055895,0
2026-07-26T17:45:58.112420,11/10 08:15,1.7,0.0,,,,18.0,29.0,0.3764,0.094094,0.0,0.094094,1.6e-05,0.013064,0.01162,0.0,0.107158,0.43,moderate,0.04046,0.002365,0.042825,0
2026-07-26T17:45:58.132475,11/10 09:15,1.7,0.0,,,,18.0,29.0,0.3764,0.094094,0.0,0.094094,0.0,0.0,0.0,0.0,0.094094,0.43,moderate,0.04046,0.0,0.04046,0
2026-07-26T17:45:58.153322,11/10 10:15,1.7,0.0,,,,18.0,29.0,0.3764,0.094094,0.0,0.094094,0.0,0.0,0.0,0.0,0.094094,0.3,low,0.028228,0.0,0.028228,0
2026-07-26T17:45:58.171859,11/10 11:15,1.7,0.0,,,,18.0,29.0,0.3764,0.094094,0.0,0.094094,0.0,0.0,0.0,0.0,0.094094,0.3,low,0.028228,0.0,0.028228,0
2026-07-26T17:45:58.189915,11/10 12:15,1.7,0.0,,,,18.0,29.0,0.3764,0.094094,0.0,0.094094,0.0,0.0,0.0,0.0,0.094094,0.3,low,0.028228,0.0,0.028228,0
2026-07-26T17:46:15.776984,11/10 13:15,1.7,0.0,,,,18.0,29.0,0.3764,0.094094,0.0,0.094094,0.0,0.0,0.0,0.0,0.094094,0.3,low,0.028228,0.0,0.028228,0
2026-07-26T17:46:15.799591,11/10 14:15,1.82,0.0,,,,18.0,29.0,0.3764,0.094094,0.0,0.094094,0.0,0.0,0.0,0.0,0.094094,0.3,low,0.028228,0.0,0.028228,0
2026-07-26T17:46:15.819626,11/10 15:15,2.08,0.0,,,,18.0,29.0,0.3764,0.094094,0.0,0.094094,0.0,0.0,0.0,0.0,0.094094,0.3,low,0.028228,0.0,0.028228,0
2026-07-26T17:46:15.837668,11/10 16:15,1.7,0.0,,,,18.0,29.0,0.3764,0.094094,0.0,0.094094,0.0,0.0,0.0,0.0,0.094094,0.55,high,0.051752,0.0,0.051752,0
2026-07-26T17:46:15.854691,11/10 17:15,1.7,0.0,,,,18.0,29.0,0.3764,0.094094,0.0,0.094094,0.0,0.0,0.0,0.0,0.094094,0.55,high,0.051752,0.0,0.051752,0
2026-07-26T17:46:15.872722,11/10 18:15,1.7,0.0,,,,18.0,29.0,0.3764,0.094094,0.0,0.094094,0.0,0.0,0.0,0.0,0.094094,0.55,high,0.051752,0.0,0.051752,0
2026-07-26T17:46:34.047126,11/10 19:15,1.7,0.0,,,,18.0,29.0,0.3764,0.094094,0.0,0.094094,1.8e-05,0.014783,0.013794,0.0,0.108877,0.55,high,0.051752,0.002676,0.054427,0
2026-07-26T17:46:34.069192,11/10 20:15,1.7,0.0,,,,18.0,29.0,0.3764,0.094094,0.0,0.094094,4.8e-05,0.039868,0.038718,0.0,0.133962,0.55,high,0.051752,0.007216,0.058968,0
2026-07-26T17:46:34.090243,11/10 21:15,1.7,0.0,,,,18.0,29.0,0.3764,0.094094,0.0,0.094094,3.2e-05,0.026658,0.022248,0.0,0.120752,0.4,moderate,0.037638,0.004825,0.042463,0
2026-07-26T17:46:34.108462,11/10 22:15,1.82,0.0,,,,18.0,29.0,0.3764,0.094094,0.0,0.094094,0.000181,0.156317,0.138033,0.0,0.250411,0.4,moderate,0.037638,0.028293,0.065931,0
2026-07-26T17:46:34.127500,11/10 23:15,2.35,0.0,,,,18.0,29.0,0.3764,0.094094,0.0,0.094094,0.000156,0.138183,0.11999,0.0,0.232277,0.4,moderate,0.037638,0.025011,0.062649,0
2026-07-26T17:46:34.146544,11/11 00:15,2.65,0.0,,,,18.0,29.0,0.3764,0.094094,0.0,0.094094,7.1e-05,0.063795,0.052992,0.0,0.157889,0.34,low,0.031992,0.011547,0.043539,0
2026-07-26T17:46:53.677389,11/11 01:15,2.2,0.0,,,,18.0,29.0,0.3764,0.094094,0.0,0.094094,0.000306,0.278608,0.22627,0.0,0.372702,0.34,low,0.031992,0.050428,0.08242,0
2026-07-26T17:46:53.698428,11/11 02:15,2.08,0.0,,,,18.0,29.0,0.3764,0.094094,0.0,0.094094,0.000305,0.279118,0.225981,0.0,0.373212,0.34,low,0.031992,0.05052,0.082512,0
2026-07-26T17:46:53.729510,11/11 03:15,1.55,0.0,,,,18.0,29.0,0.3764,0.094094,0.0,0.094094,0.000326,0.29895,0.240138,0.0,0.393044,0.34,low,0.031992,0.05411,0.086102,0
2026-07-26T17:46:53.748554,11/11 04:15,0.98,0.0,,,,18.0,29.0,0.3764,0.094094,0.0,0.094094,0.000416,0.379413,0.301459,0.0,0.473507,0.34,low,0.031992,0.068674,0.100666,0
2026-07-26T17:46:53.765587,11/11 05:15,0.6,0.0,,,,18.0,29.0,0.3764,0.094094,0.0,0.094094,0.000447,0.404092,0.321546,0.0,0.498186,0.34,low,0.031992,0.073141,0.105133,0
2026-07-26T17:46:53.783643,11/11 06:15,0.3,0.0,,,,18.0,29.0,0.3764,0.094094,0.0,0.094094,0.000517,0.461179,0.365324,0.0,0.555273,0.43,moderate,0.04046,0.083473,0.123934,0
2026-07-26T17:47:12.914841,11/11 07:15,-0.45,0.0,,,,18.0,29.0,0.3764,0.094094,0.0,0.094094,0.005575,2.04294,1.62548,0.0,2.137034,0.43,moderate,0.04046,0.369772,0.410233,0
2026-07-26T17:47:12.937841,11/11 08:15,0.15,0.0,,,,18.0,29.0,0.3764,0.094094,0.0,0.094094,0.005207,1.78655,1.426622,0.0,1.880644,0.43,moderate,0.04046,0.323366,0.363826,0
2026-07-26T17:47:12.966356,11/11 09:23,1.0,52.0,21.58,21.5,21.9,21.5,26.0,0.3764,0.094094,0.0,0.094094,0.005964,2.40928,1.949262,0.0,2.503374,0.43,moderate,0.04046,0.43608,0.47654,0
2026-07-26T17:47:12.990365,11/11 10:23,2.2,52.0,22.35,21.5,24.07,21.5,26.0,0.3764,0.094094,0.0,0.094094,0.003938,1.233852,0.978733,0.0,1.327946,0.3,low,0.028228,0.223327,0.251555,0
2026-07-26T17:47:13.009368,11/11 11:15,2.62,52.0,22.69,21.54,23.88,21.5,26.0,0.3764,0.094094,0.0,0.094094,0.0039,1.083443,0.927919,0.0,1.177537,0.3,low,0.028228,0.196103,0.224331,0
2026-07-26T17:47:13.028356,11/11 12:15,3.62,41.6,22.92,21.64,23.74,21.5,26.0,0.3764,0.094094,0.0,0.094094,0.005068,0.238157,0.741956,0.0,0.332251,0.3,low,0.028228,0.043106,0.071335,0
2026-07-26T17:47:31.116318,11/11 13:15,2.92,20.8,22.42,21.5,23.27,21.5,25.0,0.3764,0.094094,0.0,0.094094,0.005364,1.010006,0.779133,0.0,1.1041,0.3,low,0.028228,0.182811,0.211039,0
2026-07-26T17:47:31.140209,11/11 14:15,3.17,41.6,22.83,21.54,24.34,21.5,25.0,0.3764,0.094094,0.0,0.094094,0.005192,0.614075,0.68739,0.0,0.708169,0.3,low,0.028228,0.111148,0.139376,0
2026-07-26T17:47:31.159467,11/11 15:15,2.8,52.0,23.02,21.96,24.51,21.5,25.0,0.3764,0.094094,0.0,0.094094,0.005301,0.941421,0.737759,0.0,1.035515,0.3,low,0.028228,0.170397,0.198625,0
2026-07-26T17:47:31.179459,11/11 16:15,2.52,52.0,22.85,21.77,24.23,21.5,25.0,0.3764,0.094094,0.0,0.094094,0.005285,0.885927,0.768586,0.0,0.980021,0.55,high,0.051752,0.160353,0.212104,0
2026-07-26T17:47:31.200489,11/11 17:15,1.27,52.0,22.34,21.5,24.09,21.5,25.0,0.3764,0.094094,0.0,0.094094,0.005266,1.526386,0.933132,0.0,1.62048,0.55,high,0.051752,0.276276,0.328028,0
2026-07-26T17:47:31.219729,11/11 18:15,-0.15,52.0,22.11,21.5,24.0,21.5,25.0,0.3764,0.094094,0.0,0.094094,0.003798,1.405665,1.126556,0.0,1.499759,0.55,high,0.051752,0.254425,0.306177,0
2026-07-26T17:47:48.023037,11/11 19:15,-0.88,26.0,20.96,20.5,22.7,20.5,26.0,0.3764,0.094094,0.0,0.094094,0.004138,1.537724,1.255719,0.0,1.631818,0.55,high,0.051752,0.278328,0.33008,0
2026-07-26T17:47:48.047045,11/11 20:15,-1.7,0.0,,,,20.5,26.0,0.3764,0.094094,0.0,0.094094,0.005935,2.614603,2.109247,0.0,2.708697,0.55,high,0.051752,0.473243,0.524995,0
2026-07-26T17:47:48.065563,11/11 21:15,-1.55,0.0,,,,20.5,26.0,0.3764,0.094094,0.0,0.094094,0.001676,1.057938,0.874326,0.0,1.152032,0.4,moderate,0.037638,0.191487,0.229124,0
2026-07-26T17:47:48.084562,11/11 22:15,-1.25,0.0,,,,20.5,26.0,0.3764,0.094094,0.0,0.094094,0.002392,1.477356,1.175959,0.0,1.57145,0.4,moderate,0.037638,0.267401,0.305039,0
2026-07-26T17:47:48.102563,11/11 23:15,-1.82,0.0,,,,20.5,26.0,0.3764,0.094094,0.0,0.094094,0.002943,1.72845,1.37584,0.0,1.822544,0.4,moderate,0.037638,0.312849,0.350487,0
2026-07-26T17:47:48.118562,11/12 00:15,-2.35,0.0,,,,20.5,26.0,0.3764,0.094094,0.0,0.094094,0.003388,1.897142,1.513494,0.0,1.991236,0.34,low,0.031992,0.343383,0.375375,0
2026-07-26T17:48:03.679749,11/12 01:15,-2.65,0.0,,,,18.5,28.0,0.3764,0.094094,0.0,0.094094,0.000274,0.16207,0.204004,0.0,0.256164,0.34,low,0.031992,0.029335,0.061327,0
2026-07-26T17:48:03.699750,11/12 02:15,-2.35,0.0,,,,18.5,28.0,0.3764,0.094094,0.0,0.094094,0.000714,0.527526,0.476271,0.0,0.62162,0.34,low,0.031992,0.095482,0.127474,0
2026-07-26T17:48:03.718747,11/12 03:15,-2.92,0.0,,,,18.5,28.0,0.3764,0.094094,0.0,0.094094,0.000965,0.756284,0.610323,0.0,0.850378,0.34,low,0.031992,0.136887,0.168879,0
2026-07-26T17:48:03.735755,11/12 04:15,-3.57,0.0,,,,18.5,28.0,0.3764,0.094094,0.0,0.094094,0.001185,0.908013,0.717035,0.0,1.002107,0.34,low,0.031992,0.16435,0.196342,0
2026-07-26T17:48:03.753748,11/12 05:15,-4.28,0.0,,,,18.5,28.0,0.3764,0.094094,0.0,0.094094,0.001204,0.906398,0.72782,0.0,1.000492,0.34,low,0.031992,0.164058,0.19605,0
2026-07-26T17:48:03.772258,11/12 06:15,-4.03,0.0,,,,18.5,28.0,0.3764,0.094094,0.0,0.094094,0.001355,1.000919,0.795134,0.0,1.095013,0.43,moderate,0.04046,0.181166,0.221627,0
2026-07-26T17:48:18.542192,11/12 07:15,-4.0,0.0,,,,18.0,29.0,0.3764,0.094094,0.0,0.094094,0.006741,2.456425,1.972568,0.0,2.550519,0.43,moderate,0.04046,0.444613,0.485073,0
2026-07-26T17:48:18.564194,11/12 08:23,-2.37,0.0,,,,18.0,29.0,0.3764,0.094094,0.0,0.094094,0.006136,2.211812,1.776502,0.0,2.305906,0.43,moderate,0.04046,0.400338,0.440798,0
2026-07-26T17:48:18.647263,11/12 09:23,-0.55,52.0,22.13,22.0,22.63,22.0,26.0,0.3764,0.094094,0.0,0.094094,0.007574,3.032251,2.517472,0.0,3.126345,0.43,moderate,0.04046,0.548837,0.589298,0
2026-07-26T17:48:18.667261,11/12 10:23,1.25,52.0,22.67,22.0,24.58,22.0,26.0,0.3764,0.094094,0.0,0.094094,0.004447,1.636087,1.282944,0.0,1.730181,0.3,low,0.028228,0.296132,0.32436,0
2026-07-26T17:48:18.685261,11/12 11:23,1.97,52.0,23.21,22.0,25.37,22.0,26.0,0.3764,0.094094,0.0,0.094094,0.003804,1.245987,0.999302,0.0,1.340081,0.3,low,0.028228,0.225524,0.253752,0
2026-07-26T17:48:18.700274,11/12 12:15,2.65,41.6,23.4,22.0,24.87,22.0,26.0,0.3764,0.094094,0.0,0.094094,0.003613,0.858386,0.887183,0.0,0.95248,0.3,low,0.028228,0.155368,0.183596,0
2026-07-26T17:48:34.286291,11/12 13:23,2.35,20.8,23.12,22.0,24.57,22.0,25.0,0.3764,0.094094,0.0,0.094094,0.003612,1.283724,0.956778,0.0,1.377818,0.3,low,0.028228,0.232354,0.260582,0
2026-07-26T17:48:34.306587,11/12 14:15,2.65,41.6,23.35,22.03,25.0,22.0,25.0,0.3851,0.096286,0.0,0.096286,0.002504,0.666605,0.745629,0.0,0.762891,0.3,low,0.028886,0.120656,0.149541,0
2026-07-26T17:48:34.324588,11/12 15:15,2.2,52.0,23.51,22.52,25.0,22.0,25.0,0.3846,0.096148,0.0,0.096148,0.00284,1.019409,0.783024,0.0,1.115557,0.3,low,0.028844,0.184513,0.213357,0
2026-07-26T17:48:34.338673,11/12 16:15,1.65,52.0,23.34,22.22,24.9,22.0,25.0,0.3764,0.094094,0.0,0.094094,0.004164,1.08267,0.872885,0.0,1.176764,0.55,high,0.051752,0.195963,0.247715,0
2026-07-26T17:48:34.356112,11/12 17:23,-0.15,52.0,22.67,22.0,24.28,22.0,25.0,0.3764,0.094094,0.0,0.094094,0.003746,1.450988,1.168793,0.0,1.545082,0.55,high,0.051752,0.262629,0.314381,0
2026-07-26T17:48:34.371068,11/12 18:15,-0.6,52.0,22.44,22.0,24.09,22.0,25.0,0.3764,0.094094,0.0,0.094094,0.004055,1.629606,1.316598,0.0,1.7237,0.55,high,0.051752,0.294959,0.34671,0
2026-07-26T17:48:50.530845,11/12 19:15,-1.0,26.0,20.94,20.48,22.63,20.5,26.0,0.3764,0.094094,0.0,0.094094,0.004167,1.550253,1.299751,0.0,1.644347,0.55,high,0.051752,0.280596,0.332347,0
2026-07-26T17:48:50.552839,11/12 20:15,-2.2,0.0,,,,20.5,26.0,0.3764,0.094094,0.0,0.094094,0.005988,2.639808,2.127778,0.0,2.733902,0.55,high,0.051752,0.477805,0.529557,0
2026-07-26T17:48:50.574376,11/12 21:15,-2.2,0.0,,,,20.5,26.0,0.3764,0.094094,0.0,0.094094,0.001632,1.033289,0.856622,0.0,1.127383,0.4,moderate,0.037638,0.187025,0.224663,0
2026-07-26T17:48:50.592364,11/12 22:15,-2.48,0.0,,,,20.5,26.0,0.3764,0.094094,0.0,0.094094,0.00258,1.561417,1.234014,0.0,1.655511,0.4,moderate,0.037638,0.282616,0.320254,0
2026-07-26T17:48:50.610364,11/12 23:15,-3.45,0.0,,,,20.5,26.0,0.3764,0.094094,0.0,0.094094,0.003092,1.770486,1.411985,0.0,1.86458,0.4,moderate,0.037638,0.320458,0.358096,0
2026-07-26T17:48:50.627372,11/13 00:15,-3.9,0.0,,,,20.5,26.0,0.3764,0.094094,0.0,0.094094,0.003266,1.828273,1.468364,0.0,1.922367,0.34,low,0.031992,0.330917,0.362909,0
2026-07-26T17:49:05.864881,11/13 01:15,-3.75,0.0,,,,18.5,28.0,0.3764,0.094094,0.0,0.094094,0.000215,0.125344,0.161649,0.0,0.219438,0.34,low,0.031992,0.022687,0.054679,0
2026-07-26T17:49:05.884879,11/13 02:15,-3.17,0.0,,,,18.5,28.0,0.3764,0.094094,0.0,0.094094,0.000541,0.393636,0.378876,0.0,0.48773,0.34,low,0.031992,0.071248,0.10324,0
2026-07-26T17:49:05.905845,11/13 03:15,-2.52,0.0,,,,18.5,28.0,0.3764,0.094094,0.0,0.094094,0.000763,0.611018,0.507169,0.0,0.705112,0.34,low,0.031992,0.110594,0.142586,0
2026-07-26T17:49:05.923646,11/13 04:15,-1.82,0.0,,,,18.5,28.0,0.3764,0.094094,0.0,0.094094,0.000723,0.594298,0.48609,0.0,0.688392,0.34,low,0.031992,0.107568,0.13956,0
2026-07-26T17:49:05.940579,11/13 05:15,-2.35,0.0,,,,18.5,28.0,0.3764,0.094094,0.0,0.094094,0.000763,0.631743,0.507925,0.0,0.725837,0.34,low,0.031992,0.114345,0.146337,0
2026-07-26T17:49:05.957626,11/13 06:15,-3.2,0.0,,,,18.5,28.0,0.3764,0.094094,0.0,0.094094,0.000922,0.751077,0.593061,0.0,0.845171,0.43,moderate,0.04046,0.135945,0.176405,0
2026-07-26T17:49:21.595449,11/13 07:15,-3.58,0.0,,,,18.0,29.0,0.3764,0.094094,0.0,0.094094,0.006467,2.273301,1.827869,0.0,2.367395,0.43,moderate,0.04046,0.411467,0.451928,0
2026-07-26T17:49:21.618437,11/13 08:23,-0.68,0.0,,,,18.0,29.0,0.3764,0.094094,0.0,0.094094,0.005291,1.749879,1.386684,0.0,1.843973,0.43,moderate,0.04046,0.316728,0.357189,0
2026-07-26T17:49:21.643438,11/13 09:23,1.27,52.0,21.52,21.5,21.61,21.5,26.0,0.3764,0.094094,0.0,0.094094,0.005684,2.246898,1.808045,0.0,2.340992,0.43,moderate,0.04046,0.406689,0.447149,0
2026-07-26T17:49:21.663967,11/13 10:15,3.57,52.0,22.11,21.5,23.12,21.5,26.0,0.3764,0.094094,0.0,0.094094,0.003817,0.648076,0.880495,0.0,0.74217,0.3,low,0.028228,0.117302,0.14553,0
2026-07-26T17:49:21.682968,11/13 11:15,4.4,52.0,22.55,21.55,23.67,21.5,26.0,0.3764,0.094094,0.0,0.094094,0.004983,0.034152,0.621178,0.0,0.128246,0.3,low,0.028228,0.006182,0.03441,0
2026-07-26T17:49:21.701958,11/13 12:15,4.4,41.6,22.47,21.5,23.61,21.5,26.0,0.3764,0.094094,0.0,0.094094,0.005046,0.048696,0.46294,0.0,0.14279,0.3,low,0.028228,0.008814,0.037042,0
2026-07-26T17:49:38.982920,11/13 13:15,4.4,20.8,21.94,21.5,23.07,21.5,25.0,0.3764,0.094094,0.0,0.094094,0.00563,0.195565,0.418314,0.0,0.289659,0.3,low,0.028228,0.035397,0.063625,0
2026-07-26T17:49:39.005999,11/13 14:15,4.4,41.6,22.18,21.5,23.54,21.5,25.0,0.3764,0.094094,0.0,0.094094,0.005841,0.105691,0.339005,0.0,0.199785,0.3,low,0.028228,0.01913,0.047358,0
2026-07-26T17:49:39.027987,11/13 15:15,4.28,52.0,22.17,21.5,23.78,21.5,25.0,0.3764,0.094094,0.0,0.094094,0.006854,0.142847,0.316612,0.0,0.236941,0.3,low,0.028228,0.025855,0.054084,0
2026-07-26T17:49:39.050988,11/13 16:15,3.75,52.0,21.95,21.5,23.66,21.5,25.0,0.3764,0.094094,0.0,0.094094,0.006246,1.073273,0.509823,0.0,1.167367,0.55,high,0.051752,0.194262,0.246014,0
2026-07-26T17:49:39.069023,11/13 17:15,3.3,52.0,21.89,21.5,23.45,21.5,25.0,0.3764,0.094094,0.0,0.094094,0.005654,1.476101,0.871179,0.0,1.570195,0.55,high,0.051752,0.267174,0.318926,0
2026-07-26T17:49:39.085987,11/13 18:15,3.3,52.0,21.89,21.5,23.45,21.5,25.0,0.3764,0.094094,0.0,0.094094,0.005434,1.458374,0.972662,0.0,1.552468,0.55,high,0.051752,0.263966,0.315717,0
2026-07-26T17:49:57.854613,11/13 19:15,3.17,26.0,20.83,20.5,22.16,20.5,26.0,0.3764,0.094094,0.0,0.094094,0.005392,1.624714,1.016013,0.0,1.718808,0.55,high,0.051752,0.294073,0.345825,0
2026-07-26T17:49:57.882253,11/13 20:15,2.8,0.0,,,,20.5,26.0,0.3764,0.094094,0.0,0.094094,0.00493,2.099381,1.693025,0.0,2.193475,0.55,high,0.051752,0.379988,0.43174,0
2026-07-26T17:49:57.906229,11/13 21:15,2.8,0.0,,,,20.5,26.0,0.3764,0.094094,0.0,0.094094,0.001562,1.005629,0.854823,0.0,1.099723,0.4,moderate,0.037638,0.182019,0.219656,0
2026-07-26T17:49:57.929225,11/13 22:15,2.52,0.0,,,,20.5,26.0,0.3764,0.094094,0.0,0.094094,0.001861,1.238404,0.998508,0.0,1.332498,0.4,moderate,0.037638,0.224151,0.261789,0
2026-07-26T17:49:57.951567,11/13 23:15,1.55,0.0,,,,20.5,26.0,0.3764,0.094094,0.0,0.094094,0.002532,1.594243,1.257326,0.0,1.688337,0.4,moderate,0.037638,0.288558,0.326196,0
2026-07-26T17:49:57.972817,11/14 00:15,1.1,0.0,,,,20.5,26.0,0.3764,0.094094,0.0,0.094094,0.002597,1.593585,1.28192,0.0,1.687679,0.34,low,0.031992,0.288439,0.320431,0
2026-07-26T17:50:16.780161,11/14 01:15,1.1,0.0,,,,18.5,28.0,0.3764,0.094094,0.0,0.094094,0.0,0.0,0.0,0.0,0.094094,0.34,low,0.031992,0.0,0.031992,0
2026-07-26T17:50:16.803687,11/14 02:15,1.25,0.0,,,,18.5,28.0,0.3764,0.094094,0.0,0.094094,0.000165,0.107393,0.130178,0.0,0.201487,0.34,low,0.031992,0.019438,0.05143,0
2026-07-26T17:50:16.822712,11/14 03:15,1.7,0.0,,,,18.5,28.0,0.3764,0.094094,0.0,0.094094,0.000322,0.240835,0.238859,0.0,0.334929,0.34,low,0.031992,0.043591,0.075583,0
2026-07-26T17:50:16.841709,11/14 04:15,1.82,0.0,,,,18.5,28.0,0.3764,0.094094,0.0,0.094094,0.000444,0.362467,0.317627,0.0,0.456561,0.34,low,0.031992,0.065607,0.097598,0
2026-07-26T17:50:16.859762,11/14 05:15,2.2,0.0,,,,18.5,28.0,0.3764,0.094094,0.0,0.094094,0.000426,0.363112,0.30514,0.0,0.457206,0.34,low,0.031992,0.065723,0.097715,0
2026-07-26T17:50:16.877785,11/14 06:15,1.93,0.0,,,,18.5,28.0,0.3764,0.094094,0.0,0.094094,0.000477,0.413777,0.337371,0.0,0.507871,0.43,moderate,0.04046,0.074894,0.115354,0
2026-07-26T17:50:34.553221,11/14 07:15,1.38,0.0,,,,18.0,29.0,0.3764,0.094094,0.0,0.094094,0.004628,1.440011,1.153943,0.0,1.534105,0.43,moderate,0.04046,0.260642,0.301102,0
2026-07-26T17:50:34.577273,11/14 08:23,2.62,0.0,,,,18.0,29.0,0.3764,0.094094,0.0,0.094094,0.004353,1.255658,0.993577,0.0,1.349752,0.43,moderate,0.04046,0.227274,0.267735,0
2026-07-26T17:50:34.602962,11/14 09:23,4.32,52.0,21.99,21.5,23.73,21.5,26.0,0.3764,0.094094,0.0,0.094094,0.004592,1.697317,1.342501,0.0,1.791411,0.43,moderate,0.04046,0.307214,0.347675,0
2026-07-26T17:50:34.625905,11/14 10:23,6.0,52.0,22.93,21.5,25.68,21.5,26.0,0.3764,0.094094,0.0,0.094094,0.005021,0.05809,0.587803,0.0,0.152184,0.3,low,0.028228,0.010514,0.038742,0
2026-07-26T17:50:34.646918,11/14 11:23,7.62,52.0,23.66,21.99,25.5,21.5,25.5,0.382,0.095491,0.0,0.095491,0.001356,0.632088,0.472639,0.0,0.727579,0.3,low,0.028647,0.114408,0.143055,0
2026-07-26T17:50:34.667908,11/14 12:23,9.33,41.6,24.14,22.32,25.5,21.5,25.5,0.3778,0.094459,0.0,0.094459,0.000847,0.412725,0.350128,0.0,0.507184,0.3,low,0.028338,0.074703,0.103041,0
2026-07-26T17:50:51.207038,11/14 13:15,10.72,20.8,23.83,22.22,25.0,21.5,25.0,0.3898,0.097462,0.0,0.097462,0.000106,0.057944,0.066986,0.0,0.155406,0.3,low,0.029239,0.010488,0.039726,0
2026-07-26T17:50:51.228553,11/14 14:15,11.25,41.6,24.1,22.83,25.0,21.5,25.0,0.4022,0.100558,0.126132,0.100558,0.012115,0.0,0.0,0.133089,0.100558,0.3,low,0.030167,0.0,0.030167,0
2026-07-26T17:50:51.246558,11/14 15:15,11.12,52.0,24.24,23.49,25.0,21.5,25.0,0.4121,0.103019,0.156894,0.103019,0.013764,0.0,0.0,0.312717,0.103019,0.3,low,0.030906,0.0,0.030906,0
2026-07-26T17:50:51.264561,11/14 16:15,8.85,52.0,24.11,23.27,25.0,21.5,25.0,0.3953,0.098826,0.0,0.098826,4.8e-05,0.026612,0.033112,0.0,0.125438,0.55,high,0.054354,0.004817,0.059171,0
2026-07-26T17:50:51.282551,11/14 17:23,7.08,52.0,23.42,22.51,24.84,21.5,25.0,0.3764,0.094094,0.0,0.094094,0.00129,0.646819,0.459262,0.0,0.740913,0.55,high,0.051752,0.117074,0.168826,0
2026-07-26T17:50:51.298550,11/14 18:15,6.7,52.0,22.97,22.13,24.67,21.5,25.0,0.3764,0.094094,0.0,0.094094,0.001517,0.655068,0.505236,0.0,0.749162,0.55,high,0.051752,0.118567,0.170319,0
2026-07-26T17:51:07.853065,11/14 19:15,6.7,26.0,21.61,20.93,23.25,20.0,26.0,0.3764,0.094094,0.0,0.094094,0.001614,0.658243,0.523264,0.0,0.752337,0.55,high,0.051752,0.119142,0.170894,0
2026-07-26T17:51:07.874575,11/14 20:15,6.55,0.0,,,,20.0,26.0,0.3764,0.094094,0.0,0.094094,0.002157,0.0761,0.576765,0.0,0.170194,0.55,high,0.051752,0.013774,0.065526,0
2026-07-26T17:51:07.892891,11/14 21:15,6.52,0.0,,,,20.0,26.0,0.3764,0.094094,0.0,0.094094,1.9e-05,0.008055,0.011723,0.0,0.102149,0.4,moderate,0.037638,0.001458,0.039096,0
2026-07-26T17:51:07.909891,11/14 22:15,7.38,0.0,,,,20.0,26.0,0.3764,0.094094,0.0,0.094094,0.00036,0.199444,0.2021,0.0,0.293538,0.4,moderate,0.037638,0.036099,0.073737,0
2026-07-26T17:51:07.925850,11/14 23:15,6.1,0.0,,,,20.0,26.0,0.3764,0.094094,0.0,0.094094,0.000678,0.482084,0.391248,0.0,0.576178,0.4,moderate,0.037638,0.087257,0.124895,0
2026-07-26T17:51:07.941841,11/15 00:15,6.65,0.0,,,,20.0,26.0,0.3764,0.094094,0.0,0.094094,0.000808,0.616762,0.489235,0.0,0.710856,0.34,low,0.031992,0.111634,0.143626,0
2026-07-26T17:51:23.418237,11/15 01:15,8.45,0.0,,,,18.0,28.0,0.3764,0.094094,0.0,0.094094,0.0,0.0,0.0,0.0,0.094094,0.34,low,0.031992,0.0,0.031992,0
2026-07-26T17:51:23.439428,11/15 02:15,8.35,0.0,,,,18.0,28.0,0.3764,0.094094,0.0,0.094094,0.0,0.0,0.0,0.0,0.094094,0.34,low,0.031992,0.0,0.031992,0
2026-07-26T17:51:23.457807,11/15 03:15,7.53,0.0,,,,18.0,28.0,0.3764,0.094094,0.0,0.094094,0.0,0.0,0.0,0.0,0.094094,0.34,low,0.031992,0.0,0.031992,0
2026-07-26T17:51:23.474763,11/15 04:15,9.57,0.0,,,,18.0,28.0,0.3764,0.094094,0.0,0.094094,0.0,0.0,0.0,0.0,0.094094,0.34,low,0.031992,0.0,0.031992,0
2026-07-26T17:51:23.492802,11/15 05:15,8.58,0.0,,,,18.0,28.0,0.3764,0.094094,0.0,0.094094,0.0,0.0,0.0,0.0,0.094094,0.34,low,0.031992,0.0,0.031992,0
2026-07-26T17:51:23.507911,11/15 06:15,9.55,0.0,,,,18.0,28.0,0.3764,0.094094,0.0,0.094094,0.0,0.0,0.0,0.0,0.094094,0.43,moderate,0.04046,0.0,0.04046,0
2026-07-26T17:51:37.764551,11/15 07:15,10.28,0.0,,,,18.0,29.0,0.3764,0.094094,0.0,0.094094,0.000852,0.494164,0.349727,0.0,0.588258,0.43,moderate,0.04046,0.089444,0.129904,0
2026-07-26T17:51:37.783565,11/15 08:15,11.1,0.0,,,,18.0,29.0,0.3764,0.094094,0.0,0.094094,0.000567,0.317632,0.26302,0.0,0.411726,0.43,moderate,0.04046,0.057491,0.097952,0
2026-07-26T17:51:37.804069,11/15 09:15,11.65,52.0,21.29,21.0,21.85,21.0,26.0,0.3764,0.094094,0.0,0.094094,0.000604,0.247072,0.304412,0.0,0.341166,0.43,moderate,0.04046,0.04472,0.08518,0
2026-07-26T17:51:37.823069,11/15 10:23,13.88,52.0,22.9,22.0,23.5,21.0,26.0,0.3764,0.094094,0.127717,0.094094,0.018171,0.226145,0.192114,0.142255,0.320239,0.3,low,0.028228,0.040932,0.06916,0
2026-07-26T17:51:37.842068,11/15 11:23,15.6,52.0,23.9,22.79,24.59,21.0,26.0,0.3764,0.094094,0.162938,0.094094,0.026876,0.20338,0.171976,0.324041,0.297474,0.3,low,0.028228,0.036812,0.06504,0
2026-07-26T17:51:37.859071,11/15 12:15,15.17,41.6,24.28,23.02,24.88,21.0,26.0,0.3764,0.094094,0.163829,0.094094,0.023414,0.184602,0.155767,0.323616,0.278696,0.3,low,0.028228,0.033413,0.061641,0
2026-07-26T17:51:54.161373,11/15 13:15,14.03,20.8,23.72,22.66,24.27,21.0,25.0,0.3764,0.094094,0.142886,0.094094,0.024798,0.169664,0.142888,0.188976,0.263758,0.3,low,0.028228,0.030709,0.058937,0
2026-07-26T17:51:54.181379,11/15 14:15,14.55,41.6,23.88,22.94,24.76,21.0,25.0,0.3764,0.094094,0.148896,0.094094,0.033646,0.161144,0.134994,0.228283,0.255238,0.3,low,0.028228,0.029167,0.057395,0
2026-07-26T17:51:54.199383,11/15 15:15,14.85,52.0,23.93,23.06,24.97,21.0,25.0,0.3764,0.094094,0.15396,0.094094,0.019894,0.156393,0.130163,0.275331,0.250487,0.3,low,0.028228,0.028307,0.056535,0
2026-07-26T17:51:54.214372,11/15 16:15,14.0,52.0,23.76,22.9,24.98,21.0,25.0,0.3764,0.094094,0.147016,0.094094,0.019215,0.15584,0.128629,0.228254,0.249934,0.55,high,0.051752,0.028207,0.079959,0
2026-07-26T17:51:54.229371,11/15 17:15,12.65,52.0,23.27,22.42,24.68,21.0,25.0,0.3764,0.094094,0.135023,0.094094,0.033411,0.157826,0.129175,0.102166,0.25192,0.55,high,0.051752,0.028567,0.080318,0
2026-07-26T17:51:54.244383,11/15 18:15,11.65,52.0,23.05,22.19,24.56,21.0,25.0,0.3764,0.094094,0.118695,0.094094,0.031088,0.163003,0.132202,0.055077,0.257097,0.55,high,0.051752,0.029504,0.081255,0
2026-07-26T17:52:09.172199,11/15 19:15,9.85,26.0,21.76,21.04,23.24,20.0,26.0,0.3764,0.094094,0.0,0.094094,0.000564,0.375759,0.262759,0.0,0.469853,0.55,high,0.051752,0.068012,0.119764,0
2026-07-26T17:52:09.191181,11/15 20:15,9.83,0.0,,,,20.0,26.0,0.3764,0.094094,0.0,0.094094,0.000776,0.456751,0.330112,0.0,0.550845,0.55,high,0.051752,0.082672,0.134424,0
2026-07-26T17:52:09.207180,11/15 21:15,11.52,0.0,,,,20.0,26.0,0.3764,0.094094,0.0,0.094094,0.0,0.0,0.0,0.0,0.094094,0.4,moderate,0.037638,0.0,0.037638,0
2026-07-26T17:52:09.222195,11/15 22:15,12.8,0.0,,,,20.0,26.0,0.3764,0.094094,0.0,0.094094,0.0,0.0,0.0,0.0,0.094094,0.4,moderate,0.037638,0.0,0.037638,0
2026-07-26T17:52:09.237725,11/15 23:15,12.65,0.0,,,,20.0,26.0,0.3764,0.094094,0.0,0.094094,3.6e-05,0.020993,0.026109,0.0,0.115087,0.4,moderate,0.037638,0.0038,0.041437,0
2026-07-26T17:52:09.252717,11/16 00:15,11.92,0.0,,,,20.0,26.0,0.3764,0.094094,0.0,0.094094,0.000178,0.111545,0.12626,0.0,0.205639,0.34,low,0.031992,0.02019,0.052182,0
2026-07-26T17:52:24.135273,11/16 01:15,10.4,0.0,,,,18.0,28.0,0.3764,0.094094,0.0,0.094094,0.0,0.0,0.0,0.0,0.094094,0.34,low,0.031992,0.0,0.031992,0
2026-07-26T17:52:24.153651,11/16 02:15,8.03,0.0,,,,18.0,28.0,0.3764,0.094094,0.0,0.094094,0.0,0.0,0.0,0.0,0.094094,0.34,low,0.031992,0.0,0.031992,0
2026-07-26T17:52:24.170483,11/16 03:15,7.2,0.0,,,,18.0,28.0,0.3764,0.094094,0.0,0.094094,0.0,0.0,0.0,0.0,0.094094,0.34,low,0.031992,0.0,0.031992,0
2026-07-26T17:52:24.186416,11/16 04:15,6.93,0.0,,,,18.0,28.0,0.3764,0.094094,0.0,0.094094,0.0,0.0,0.0,0.0,0.094094,0.34,low,0.031992,0.0,0.031992,0
2026-07-26T17:52:24.201243,11/16 05:15,5.55,0.0,,,,18.0,28.0,0.3764,0.094094,0.0,0.094094,0.0,0.0,0.0,0.0,0.094094,0.34,low,0.031992,0.0,0.031992,0
2026-07-26T17:52:24.216249,11/16 06:15,3.62,0.0,,,,18.0,28.0,0.3764,0.094094,0.0,0.094094,0.0,0.0,0.0,0.0,0.094094,0.43,moderate,0.04046,0.0,0.04046,0
2026-07-26T17:52:38.719414,11/16 07:23,2.92,0.0,,,,18.0,29.0,0.3764,0.094094,0.0,0.094094,0.0,0.0,0.0,0.0,0.094094,0.43,moderate,0.04046,0.0,0.04046,0
2026-07-26T17:52:38.740257,11/16 08:23,4.15,0.0,,,,18.0,29.0,0.3764,0.094094,0.0,0.094094,0.0,0.0,0.0,0.0,0.094094,0.43,moderate,0.04046,0.0,0.04046,0
2026-07-26T17:52:38.758452,11/16 09:23,7.38,0.0,,,,18.0,29.0,0.3764,0.094094,0.0,0.094094,0.0,0.0,0.0,0.0,0.094094,0.43,moderate,0.04046,0.0,0.04046,0
2026-07-26T17:52:38.774403,11/16 10:15,9.55,0.0,,,,18.0,29.0,0.3764,0.094094,0.0,0.094094,0.0,0.0,0.0,0.0,0.094094,0.3,low,0.028228,0.0,0.028228,0
2026-07-26T17:52:38.789415,11/16 11:15,10.0,0.0,,,,18.0,29.0,0.3764,0.094094,0.0,0.094094,0.0,0.0,0.0,0.0,0.094094,0.3,low,0.028228,0.0,0.028228,0
2026-07-26T17:52:38.803403,11/16 12:15,10.43,0.0,,,,18.0,29.0,0.3764,0.094094,0.0,0.094094,0.0,0.0,0.0,0.0,0.094094,0.3,low,0.028228,0.0,0.028228,0
2026-07-26T17:52:53.852220,11/16 13:23,11.7,0.0,,,,18.0,29.0,0.3764,0.094094,0.0,0.094094,0.0,0.0,0.0,0.0,0.094094,0.3,low,0.028228,0.0,0.028228,0
2026-07-26T17:52:53.872222,11/16 14:15,11.42,0.0,,,,18.0,29.0,0.3764,0.094094,0.0,0.094094,0.0,0.0,0.0,0.0,0.094094,0.3,low,0.028228,0.0,0.028228,0
2026-07-26T17:52:53.890221,11/16 15:23,10.17,0.0,,,,18.0,29.0,0.3764,0.094094,0.0,0.094094,0.0,0.0,0.0,0.0,0.094094,0.3,low,0.028228,0.0,0.028228,0
2026-07-26T17:52:53.905226,11/16 16:15,8.9,0.0,,,,18.0,29.0,0.3764,0.094094,0.0,0.094094,0.0,0.0,0.0,0.0,0.094094,0.55,high,0.051752,0.0,0.051752,0
2026-07-26T17:52:53.920737,11/16 17:15,8.62,0.0,,,,18.0,29.0,0.3764,0.094094,0.0,0.094094,0.0,0.0,0.0,0.0,0.094094,0.55,high,0.051752,0.0,0.051752,0
2026-07-26T17:52:53.935737,11/16 18:15,7.8,0.0,,,,18.0,29.0,0.3764,0.094094,0.0,0.094094,0.0,0.0,0.0,0.0,0.094094,0.55,high,0.051752,0.0,0.051752,0
2026-07-26T17:53:10.371464,11/16 19:15,7.65,0.0,,,,18.0,29.0,0.3764,0.094094,0.0,0.094094,0.0,0.0,0.0,0.0,0.094094,0.55,high,0.051752,0.0,0.051752,0
2026-07-26T17:53:10.391496,11/16 20:15,7.2,0.0,,,,18.0,29.0,0.3764,0.094094,0.0,0.094094,0.0,0.0,0.0,0.0,0.094094,0.55,high,0.051752,0.0,0.051752,0
2026-07-26T17:53:10.410984,11/16 21:15,7.2,0.0,,,,18.0,29.0,0.3764,0.094094,0.0,0.094094,0.0,0.0,0.0,0.0,0.094094,0.4,moderate,0.037638,0.0,0.037638,0
2026-07-26T17:53:10.429547,11/16 22:15,7.08,0.0,,,,18.0,29.0,0.3764,0.094094,0.0,0.094094,0.0,0.0,0.0,0.0,0.094094,0.4,moderate,0.037638,0.0,0.037638,0
2026-07-26T17:53:10.445598,11/16 23:15,6.55,0.0,,,,18.0,29.0,0.3764,0.094094,0.0,0.094094,0.0,0.0,0.0,0.0,0.094094,0.4,moderate,0.037638,0.0,0.037638,0
2026-07-26T17:53:10.463626,11/17 00:15,5.97,0.0,,,,18.0,29.0,0.3764,0.094094,0.0,0.094094,0.0,0.0,0.0,0.0,0.094094,0.34,low,0.031992,0.0,0.031992,0
2026-07-26T17:53:26.852666,11/17 01:15,5.45,0.0,,,,18.0,29.0,0.3764,0.094094,0.0,0.094094,0.0,0.0,0.0,0.0,0.094094,0.34,low,0.031992,0.0,0.031992,0
2026-07-26T17:53:26.876004,11/17 02:15,5.0,0.0,,,,18.0,29.0,0.3764,0.094094,0.0,0.094094,0.0,0.0,0.0,0.0,0.094094,0.34,low,0.031992,0.0,0.031992,0
2026-07-26T17:53:26.895661,11/17 03:15,4.58,0.0,,,,18.0,29.0,0.3764,0.094094,0.0,0.094094,0.0,0.0,0.0,0.0,0.094094,0.34,low,0.031992,0.0,0.031992,0
2026-07-26T17:53:26.914595,11/17 04:15,3.17,0.0,,,,18.0,29.0,0.3764,0.094094,0.0,0.094094,0.0,0.0,0.0,0.0,0.094094,0.34,low,0.031992,0.0,0.031992,0
2026-07-26T17:53:26.935325,11/17 05:15,2.52,0.0,,,,18.0,29.0,0.3764,0.094094,0.0,0.094094,0.0,0.0,0.0,0.0,0.094094,0.34,low,0.031992,0.0,0.031992,0
2026-07-26T17:53:26.954320,11/17 06:15,1.55,0.0,,,,18.0,29.0,0.3764,0.094094,0.0,0.094094,0.0,0.0,0.0,0.0,0.094094,0.43,moderate,0.04046,0.0,0.04046,0
2026-07-26T17:53:42.829967,11/17 07:15,1.38,0.0,,,,18.0,29.0,0.3764,0.094094,0.0,0.094094,0.0,0.0,0.0,0.0,0.094094,0.43,moderate,0.04046,0.0,0.04046,0
2026-07-26T17:53:42.852967,11/17 08:23,2.48,0.0,,,,18.0,29.0,0.3764,0.094094,0.0,0.094094,0.0,0.0,0.0,0.0,0.094094,0.43,moderate,0.04046,0.0,0.04046,0
2026-07-26T17:53:42.872967,11/17 09:15,3.72,0.0,,,,18.0,29.0,0.3764,0.094094,0.0,0.094094,0.0,0.0,0.0,0.0,0.094094,0.43,moderate,0.04046,0.0,0.04046,0
2026-07-26T17:53:42.891972,11/17 10:15,5.55,0.0,,,,18.0,29.0,0.3764,0.094094,0.0,0.094094,0.0,0.0,0.0,0.0,0.094094,0.3,low,0.028228,0.0,0.028228,0
2026-07-26T17:53:42.909507,11/17 11:15,7.2,0.0,,,,18.0,29.0,0.3764,0.094094,0.0,0.094094,0.0,0.0,0.0,0.0,0.094094,0.3,low,0.028228,0.0,0.028228,0
2026-07-26T17:53:42.926497,11/17 12:15,6.93,0.0,,,,18.0,29.0,0.3764,0.094094,0.0,0.094094,0.0,0.0,0.0,0.0,0.094094,0.3,low,0.028228,0.0,0.028228,0
2026-07-26T17:53:58.929250,11/17 13:15,5.97,0.0,,,,18.0,29.0,0.3764,0.094094,0.0,0.094094,0.0,0.0,0.0,0.0,0.094094,0.3,low,0.028228,0.0,0.028228,0
2026-07-26T17:53:58.950249,11/17 14:15,5.6,0.0,,,,18.0,29.0,0.3764,0.094094,0.0,0.094094,0.0,0.0,0.0,0.0,0.094094,0.3,low,0.028228,0.0,0.028228,0
2026-07-26T17:53:58.968256,11/17 15:15,5.6,0.0,,,,18.0,29.0,0.3764,0.094094,0.0,0.094094,0.0,0.0,0.0,0.0,0.094094,0.3,low,0.028228,0.0,0.028228,0
2026-07-26T17:53:58.985770,11/17 16:15,5.6,0.0,,,,18.0,29.0,0.3764,0.094094,0.0,0.094094,0.0,0.0,0.0,0.0,0.094094,0.55,high,0.051752,0.0,0.051752,0
2026-07-26T17:53:59.000777,11/17 17:15,5.72,0.0,,,,18.0,29.0,0.3764,0.094094,0.0,0.094094,0.0,0.0,0.0,0.0,0.094094,0.55,high,0.051752,0.0,0.051752,0
2026-07-26T17:53:59.016769,11/17 18:15,5.97,0.0,,,,18.0,29.0,0.3764,0.094094,0.0,0.094094,0.0,0.0,0.0,0.0,0.094094,0.55,high,0.051752,0.0,0.051752,0
2026-07-26T17:54:15.191485,11/17 19:15,5.17,0.0,,,,18.0,29.0,0.3764,0.094094,0.0,0.094094,0.0,0.0,0.0,0.0,0.094094,0.55,high,0.051752,0.0,0.051752,0
2026-07-26T17:54:15.209498,11/17 20:15,3.9,0.0,,,,18.0,29.0,0.3764,0.094094,0.0,0.094094,0.0,0.0,0.0,0.0,0.094094,0.55,high,0.051752,0.0,0.051752,0
2026-07-26T17:54:15.228009,11/17 21:15,3.9,0.0,,,,18.0,29.0,0.3764,0.094094,0.0,0.094094,0.0,0.0,0.0,0.0,0.094094,0.4,moderate,0.037638,0.0,0.037638,0
2026-07-26T17:54:15.244009,11/17 22:15,3.75,0.0,,,,18.0,29.0,0.3764,0.094094,0.0,0.094094,0.0,0.0,0.0,0.0,0.094094,0.4,moderate,0.037638,0.0,0.037638,0
2026-07-26T17:54:15.262009,11/17 23:15,3.3,0.0,,,,18.0,29.0,0.3764,0.094094,0.0,0.094094,0.0,0.0,0.0,0.0,0.094094,0.4,moderate,0.037638,0.0,0.037638,0
2026-07-26T17:54:15.280020,11/18 00:15,3.3,0.0,,,,18.0,29.0,0.3764,0.094094,0.0,0.094094,0.0,0.0,0.0,0.0,0.094094,0.34,low,0.031992,0.0,0.031992,0
2026-07-26T17:54:30.795513,11/18 01:15,3.3,0.0,,,,18.0,29.0,0.3764,0.094094,0.0,0.094094,7.7e-05,0.050046,0.061536,0.0,0.14414,0.34,low,0.031992,0.009058,0.04105,0
2026-07-26T17:54:30.813512,11/18 02:15,3.17,0.0,,,,18.0,29.0,0.3764,0.094094,0.0,0.094094,0.000117,0.081276,0.090615,0.0,0.17537,0.34,low,0.031992,0.014711,0.046703,0
2026-07-26T17:54:30.831513,11/18 03:15,2.8,0.0,,,,18.0,29.0,0.3764,0.094094,0.0,0.094094,0.00024,0.181171,0.179626,0.0,0.275265,0.34,low,0.031992,0.032792,0.064784,0
2026-07-26T17:54:30.850517,11/18 04:15,2.65,0.0,,,,18.0,29.0,0.3764,0.094094,0.0,0.094094,0.000257,0.208947,0.191579,0.0,0.303041,0.34,low,0.031992,0.037819,0.069811,0
2026-07-26T17:54:30.869029,11/18 05:15,2.2,0.0,,,,18.0,29.0,0.3764,0.094094,0.0,0.094094,0.000257,0.219474,0.192778,0.0,0.313568,0.34,low,0.031992,0.039725,0.071717,0
2026-07-26T17:54:30.886029,11/18 06:15,2.2,0.0,,,,18.0,29.0,0.3764,0.094094,0.0,0.094094,0.000279,0.245654,0.207665,0.0,0.339748,0.43,moderate,0.04046,0.044463,0.084924,0
2026-07-26T17:54:45.485719,11/18 07:15,2.2,0.0,,,,18.0,29.0,0.3764,0.094094,0.0,0.094094,0.004737,1.61062,1.233675,0.0,1.704714,0.43,moderate,0.04046,0.291522,0.331983,0
2026-07-26T17:54:45.504724,11/18 08:15,2.2,0.0,,,,18.0,29.0,0.3764,0.094094,0.0,0.094094,0.004594,1.445666,1.151536,0.0,1.53976,0.43,moderate,0.04046,0.261666,0.302126,0
2026-07-26T17:54:45.526234,11/18 09:23,2.35,52.0,21.5,21.5,21.5,21.5,26.0,0.3764,0.094094,0.0,0.094094,0.005794,2.373801,1.91726,0.0,2.467895,0.43,moderate,0.04046,0.429658,0.470118,0
2026-07-26T17:54:45.545234,11/18 10:23,3.07,52.0,21.92,21.5,22.85,21.5,26.0,0.3764,0.094094,0.0,0.094094,0.004167,0.962316,0.936594,0.0,1.05641,0.3,low,0.028228,0.174179,0.202407,0
2026-07-26T17:54:45.563244,11/18 11:23,4.17,52.0,22.75,21.5,23.79,21.5,26.0,0.3764,0.094094,0.0,0.094094,0.005102,0.267451,0.697702,0.0,0.361545,0.3,low,0.028228,0.048409,0.076637,0
2026-07-26T17:54:45.578234,11/18 12:23,5.28,41.6,23.09,21.64,24.05,21.5,26.0,0.3764,0.094094,0.0,0.094094,0.003196,1.750061,0.692083,0.0,1.844155,0.3,low,0.028228,0.316761,0.344989,0
2026-07-26T17:55:01.512952,11/18 13:15,5.97,20.8,23.08,21.53,24.93,21.5,25.0,0.3764,0.094094,0.0,0.094094,0.004378,2.030902,0.595127,0.0,2.124996,0.3,low,0.028228,0.367593,0.395821,0
2026-07-26T17:55:01.532943,11/18 14:15,5.72,41.6,23.39,22.04,25.0,21.5,25.0,0.397,0.099253,0.0,0.099253,0.001055,0.514378,0.421188,0.0,0.613631,0.3,low,0.029776,0.093102,0.122878,0
2026-07-26T17:55:01.550002,11/18 15:15,5.97,52.0,23.56,22.6,25.0,21.5,25.0,0.4069,0.101718,0.0,0.101718,0.000544,0.296908,0.264373,0.0,0.398626,0.3,low,0.030515,0.05374,0.084256,0
2026-07-26T17:55:01.565516,11/18 16:15,4.9,52.0,23.55,22.42,25.0,21.5,25.0,0.3886,0.097156,0.0,0.097156,0.001236,0.660689,0.464708,0.0,0.757845,0.55,high,0.053436,0.119585,0.173021,0
2026-07-26T17:55:01.581465,11/18 17:23,2.52,52.0,22.86,21.8,24.47,21.5,25.0,0.3764,0.094094,0.0,0.094094,0.005276,0.84245,0.795494,0.0,0.936544,0.55,high,0.051752,0.152483,0.204235,0
2026-07-26T17:55:01.597479,11/18 18:15,1.7,52.0,22.45,21.52,24.36,21.5,25.0,0.3764,0.094094,0.0,0.094094,0.00483,1.503646,0.916229,0.0,1.59774,0.55,high,0.051752,0.27216,0.323912,0
2026-07-26T17:55:17.410560,11/18 19:15,1.97,26.0,21.07,20.39,22.88,20.0,26.0,0.3764,0.094094,0.0,0.094094,0.003605,1.275257,0.931684,0.0,1.369351,0.55,high,0.051752,0.230822,0.282573,0
2026-07-26T17:55:17.434286,11/18 20:15,2.65,0.0,,,,20.5,26.0,0.3764,0.094094,0.0,0.094094,0.004254,1.749414,1.417505,0.0,1.843508,0.55,high,0.051752,0.316644,0.368396,0
2026-07-26T17:55:17.457447,11/18 21:15,2.2,0.0,,,,20.5,26.0,0.3764,0.094094,0.0,0.094094,0.001004,0.642223,0.593506,0.0,0.736317,0.4,moderate,0.037638,0.116242,0.15388,0
2026-07-26T17:55:17.477299,11/18 22:15,2.08,0.0,,,,20.5,26.0,0.3764,0.094094,0.0,0.094094,0.001392,0.958354,0.768462,0.0,1.052448,0.4,moderate,0.037638,0.173462,0.2111,0
2026-07-26T17:55:17.495665,11/18 23:15,1.7,0.0,,,,20.5,26.0,0.3764,0.094094,0.0,0.094094,0.00186,1.249863,0.993512,0.0,1.343957,0.4,moderate,0.037638,0.226225,0.263863,0
2026-07-26T17:55:17.515222,11/19 00:15,1.12,0.0,,,,20.5,26.0,0.3764,0.094094,0.0,0.094094,0.002106,1.373227,1.098861,0.0,1.467321,0.34,low,0.031992,0.248554,0.280546,0
2026-07-26T17:55:32.156768,11/19 01:15,-0.45,0.0,,,,18.5,28.0,0.3764,0.094094,0.0,0.094094,0.0,0.0,0.0,0.0,0.094094,0.34,low,0.031992,0.0,0.031992,0
2026-07-26T17:55:32.174768,11/19 02:15,0.28,0.0,,,,18.5,28.0,0.3764,0.094094,0.0,0.094094,5.6e-05,0.036521,0.047156,0.0,0.130615,0.34,low,0.031992,0.00661,0.038602,0
2026-07-26T17:55:32.190766,11/19 03:15,0.83,0.0,,,,18.5,28.0,0.3764,0.094094,0.0,0.094094,0.000302,0.220365,0.227112,0.0,0.314459,0.34,low,0.031992,0.039886,0.071878,0
2026-07-26T17:55:32.207766,11/19 04:15,0.15,0.0,,,,18.5,28.0,0.3764,0.094094,0.0,0.094094,0.000281,0.227137,0.214028,0.0,0.321231,0.34,low,0.031992,0.041112,0.073104,0
2026-07-26T17:55:32.224775,11/19 05:15,0.72,0.0,,,,18.5,28.0,0.3764,0.094094,0.0,0.094094,0.000393,0.335729,0.285249,0.0,0.429823,0.34,low,0.031992,0.060767,0.092759,0
2026-07-26T17:55:32.240771,11/19 06:15,1.25,0.0,,,,18.5,28.0,0.3764,0.094094,0.0,0.094094,0.000495,0.430865,0.348206,0.0,0.524959,0.43,moderate,0.04046,0.077987,0.118447,0
2026-07-26T17:55:47.066436,11/19 07:15,2.1,0.0,,,,18.0,29.0,0.3764,0.094094,0.0,0.094094,0.004537,1.405467,1.11122,0.0,1.499561,0.43,moderate,0.04046,0.25439,0.29485,0
2026-07-26T17:55:47.086954,11/19 08:15,3.72,0.0,,,,18.0,29.0,0.3764,0.094094,0.0,0.094094,0.004212,1.140501,0.898964,0.0,1.234595,0.43,moderate,0.04046,0.206431,0.246891,0
2026-07-26T17:55:47.108953,11/19 09:23,5.15,52.0,21.55,21.5,21.74,21.5,26.0,0.3764,0.094094,0.0,0.094094,0.004469,1.766799,1.458684,0.0,1.860893,0.43,moderate,0.04046,0.319791,0.360251,0
2026-07-26T17:55:47.127952,11/19 10:15,5.87,52.0,22.0,21.5,23.23,21.5,26.0,0.3764,0.094094,0.0,0.094094,0.004998,0.034365,0.628415,0.0,0.128459,0.3,low,0.028228,0.00622,0.034448,0
2026-07-26T17:55:47.143953,11/19 11:15,6.83,52.0,22.59,21.91,23.84,21.5,26.0,0.3764,0.094094,0.0,0.094094,0.001964,0.773573,0.576511,0.0,0.867667,0.3,low,0.028228,0.140017,0.168245,0
2026-07-26T17:55:47.158953,11/19 12:15,7.35,41.6,22.7,21.99,23.9,21.5,26.0,0.3764,0.094094,0.0,0.094094,0.00162,0.637296,0.523945,0.0,0.73139,0.3,low,0.028228,0.115351,0.143579,0
2026-07-26T17:56:03.137457,11/19 13:15,7.65,20.8,22.39,21.7,23.54,21.5,25.0,0.3764,0.094094,0.0,0.094094,0.001334,0.562499,0.468404,0.0,0.656593,0.3,low,0.028228,0.101812,0.130041,0
2026-07-26T17:56:03.158464,11/19 14:15,7.2,41.6,22.81,22.07,24.06,21.5,25.0,0.3764,0.094094,0.0,0.094094,0.001529,0.642032,0.507431,0.0,0.736126,0.3,low,0.028228,0.116208,0.144436,0
2026-07-26T17:56:03.176456,11/19 15:15,7.2,52.0,22.95,22.19,24.34,21.5,25.0,0.3764,0.094094,0.0,0.094094,0.00149,0.619722,0.500042,0.0,0.713816,0.3,low,0.028228,0.11217,0.140398,0
2026-07-26T17:56:03.192456,11/19 16:15,7.08,52.0,22.75,22.0,24.27,21.5,25.0,0.3764,0.094094,0.0,0.094094,0.00147,0.614734,0.496002,0.0,0.708828,0.55,high,0.051752,0.111267,0.163019,0
2026-07-26T17:56:03.208465,11/19 17:15,6.43,52.0,22.23,21.51,23.89,21.5,25.0,0.3764,0.094094,0.0,0.094094,0.00238,0.045209,0.543453,0.0,0.139303,0.55,high,0.051752,0.008183,0.059935,0
2026-07-26T17:56:03.223467,11/19 18:15,5.6,52.0,21.99,21.5,23.63,21.5,25.0,0.3764,0.094094,0.0,0.094094,0.005197,0.413411,0.617412,0.0,0.507505,0.55,high,0.051752,0.074827,0.126579,0
2026-07-26T17:56:20.144762,11/19 19:15,5.45,26.0,20.89,20.5,22.31,20.5,26.0,0.3764,0.094094,0.0,0.094094,0.003808,0.280569,0.693842,0.0,0.374663,0.55,high,0.051752,0.050783,0.102535,0
2026-07-26T17:56:20.170456,11/19 20:15,5.15,0.0,,,,20.5,26.0,0.3764,0.094094,0.0,0.094094,0.003979,1.749467,1.383561,0.0,1.843561,0.55,high,0.051752,0.316654,0.368405,0
2026-07-26T17:56:20.190863,11/19 21:15,5.72,0.0,,,,20.5,26.0,0.3764,0.094094,0.0,0.094094,0.001057,0.691216,0.618033,0.0,0.78531,0.4,moderate,0.037638,0.12511,0.162748,0
2026-07-26T17:56:20.212886,11/19 22:15,5.97,0.0,,,,20.5,26.0,0.3764,0.094094,0.0,0.094094,0.001537,1.076885,0.866464,0.0,1.170979,0.4,moderate,0.037638,0.194916,0.232554,0
2026-07-26T17:56:20.232892,11/19 23:15,5.6,0.0,,,,20.5,26.0,0.3764,0.094094,0.0,0.094094,0.001863,1.268723,1.009087,0.0,1.362817,0.4,moderate,0.037638,0.229639,0.267276,0
2026-07-26T17:56:20.249937,11/20 00:15,5.72,0.0,,,,20.5,26.0,0.3764,0.094094,0.0,0.094094,0.001828,1.23724,0.999708,0.0,1.331334,0.34,low,0.031992,0.22394,0.255932,0
2026-07-26T17:56:36.485837,11/20 01:15,6.37,0.0,,,,18.5,28.0,0.3764,0.094094,0.0,0.094094,0.0,0.0,0.0,0.0,0.094094,0.34,low,0.031992,0.0,0.031992,0
2026-07-26T17:56:36.505836,11/20 02:15,7.08,0.0,,,,18.5,28.0,0.3764,0.094094,0.0,0.094094,0.0,0.0,0.0,0.0,0.094094,0.34,low,0.031992,0.0,0.031992,0
2026-07-26T17:56:36.523856,11/20 03:15,6.83,0.0,,,,18.5,28.0,0.3764,0.094094,0.0,0.094094,0.0,0.0,0.0,0.0,0.094094,0.34,low,0.031992,0.0,0.031992,0
2026-07-26T17:56:36.540370,11/20 04:15,7.2,0.0,,,,18.5,28.0,0.3764,0.094094,0.0,0.094094,0.0,0.0,0.0,0.0,0.094094,0.34,low,0.031992,0.0,0.031992,0
2026-07-26T17:56:36.557370,11/20 05:15,7.35,0.0,,,,18.5,28.0,0.3764,0.094094,0.0,0.094094,0.0,0.0,0.0,0.0,0.094094,0.34,low,0.031992,0.0,0.031992,0
2026-07-26T17:56:36.573370,11/20 06:15,8.07,0.0,,,,18.5,28.0,0.3764,0.094094,0.0,0.094094,2.3e-05,0.01591,0.015847,0.0,0.110004,0.43,moderate,0.04046,0.00288,0.04334,0
2026-07-26T17:56:52.234407,11/20 07:15,9.03,0.0,,,,18.0,29.0,0.3764,0.094094,0.0,0.094094,0.00121,0.572904,0.441629,0.0,0.666998,0.43,moderate,0.04046,0.103696,0.144156,0
2026-07-26T17:56:52.253449,11/20 08:15,9.83,0.0,,,,18.0,29.0,0.3764,0.094094,0.0,0.094094,0.001047,0.491563,0.402993,0.0,0.585657,0.43,moderate,0.04046,0.088973,0.129433,0
2026-07-26T17:56:52.274052,11/20 09:15,11.1,52.0,21.14,21.0,21.71,21.0,26.0,0.3764,0.094094,0.0,0.094094,0.000833,0.472533,0.480276,0.0,0.566627,0.43,moderate,0.04046,0.085528,0.125989,0
2026-07-26T17:56:52.292539,11/20 10:15,11.25,52.0,22.08,21.46,23.2,21.0,26.0,0.3764,0.094094,0.0,0.094094,0.000484,0.287409,0.234238,0.0,0.381503,0.3,low,0.028228,0.052021,0.080249,0
2026-07-26T17:56:52.310256,11/20 11:15,11.7,52.0,22.78,22.1,23.85,21.0,26.0,0.3764,0.094094,0.107322,0.094094,0.011996,0.221356,0.187603,0.01574,0.31545,0.3,low,0.028228,0.040065,0.068294,0
2026-07-26T17:56:52.326252,11/20 12:15,11.82,41.6,23.03,22.34,23.91,21.0,26.0,0.3764,0.094094,0.108706,0.094094,0.013298,0.207417,0.174498,0.015779,0.301511,0.3,low,0.028228,0.037542,0.065771,0
2026-07-26T17:57:08.082438,11/20 13:15,12.62,20.8,22.78,22.12,23.61,21.0,25.0,0.3764,0.094094,0.114745,0.094094,0.015477,0.200087,0.166819,0.055388,0.294181,0.3,low,0.028228,0.036216,0.064444,0
2026-07-26T17:57:08.102699,11/20 14:15,14.03,41.6,23.33,22.61,24.22,21.0,25.0,0.3764,0.094094,0.14229,0.094094,0.020384,0.19093,0.158621,0.232284,0.285024,0.3,low,0.028228,0.034558,0.062787,0
2026-07-26T17:57:08.121745,11/20 15:15,14.55,52.0,23.59,22.86,24.57,21.0,25.0,0.3764,0.094094,0.163399,0.094094,0.022753,0.180303,0.149708,0.330018,0.274397,0.3,low,0.028228,0.032635,0.060863,0
2026-07-26T17:57:08.137766,11/20 16:15,15.0,52.0,23.47,22.72,24.6,21.0,25.0,0.3764,0.094094,0.174442,0.094094,0.023975,0.174297,0.144169,0.387016,0.268391,0.55,high,0.051752,0.031548,0.083299,0
2026-07-26T17:57:08.153700,11/20 17:15,14.18,52.0,23.08,22.31,24.34,21.0,25.0,0.3764,0.094094,0.175035,0.094094,0.023882,0.172927,0.142107,0.386983,0.267021,0.55,high,0.051752,0.0313,0.083051,0
2026-07-26T17:57:08.169965,11/20 18:15,11.27,52.0,22.79,22.0,24.2,21.0,25.0,0.3764,0.094094,0.1146,0.094094,0.015969,0.172268,0.140852,0.015814,0.266362,0.55,high,0.051752,0.031181,0.082932,0
2026-07-26T17:57:23.586600,11/20 19:15,9.85,26.0,21.52,20.9,22.86,20.0,26.0,0.3764,0.094094,0.0,0.094094,0.00058,0.376647,0.268257,0.0,0.470741,0.55,high,0.051752,0.068173,0.119925,0
2026-07-26T17:57:23.606118,11/20 20:15,9.0,0.0,,,,20.0,26.0,0.3764,0.094094,0.0,0.094094,0.000916,0.047118,0.360323,0.0,0.141212,0.55,high,0.051752,0.008528,0.06028,0
2026-07-26T17:57:23.622141,11/20 21:15,7.1,0.0,,,,20.0,26.0,0.3764,0.094094,0.0,0.094094,8.8e-05,0.051807,0.054356,0.0,0.145901,0.4,moderate,0.037638,0.009377,0.047015,0
2026-07-26T17:57:23.636119,11/20 22:15,4.45,0.0,,,,20.0,26.0,0.3764,0.094094,0.0,0.094094,0.000644,0.455184,0.358961,0.0,0.549278,0.4,moderate,0.037638,0.082388,0.120026,0
2026-07-26T17:57:23.650123,11/20 23:15,2.52,0.0,,,,20.0,26.0,0.3764,0.094094,0.0,0.094094,0.00137,0.985162,0.734826,0.0,1.079256,0.4,moderate,0.037638,0.178314,0.215952,0
2026-07-26T17:57:23.666128,11/21 00:15,1.42,0.0,,,,20.0,26.0,0.3764,0.094094,0.0,0.094094,0.001747,1.19042,0.93914,0.0,1.284514,0.34,low,0.031992,0.215466,0.247458,0
2026-07-26T17:57:38.787927,11/21 01:15,0.3,0.0,,,,18.0,28.0,0.3764,0.094094,0.0,0.094094,0.0,0.0,0.0,0.0,0.094094,0.34,low,0.031992,0.0,0.031992,0
2026-07-26T17:57:38.802935,11/21 02:15,-0.72,0.0,,,,18.0,28.0,0.3764,0.094094,0.0,0.094094,0.0,0.0,0.0,0.0,0.094094,0.34,low,0.031992,0.0,0.031992,0
2026-07-26T17:57:38.819932,11/21 03:15,-1.38,0.0,,,,18.0,28.0,0.3764,0.094094,0.0,0.094094,0.000309,0.224508,0.230589,0.0,0.318602,0.34,low,0.031992,0.040636,0.072628,0
2026-07-26T17:57:38.833931,11/21 04:15,-2.35,0.0,,,,18.0,28.0,0.3764,0.094094,0.0,0.094094,0.000477,0.386174,0.341047,0.0,0.480268,0.34,low,0.031992,0.069897,0.101889,0
2026-07-26T17:57:38.848935,11/21 05:15,-3.07,0.0,,,,18.0,28.0,0.3764,0.094094,0.0,0.094094,0.000689,0.578546,0.467351,0.0,0.67264,0.34,low,0.031992,0.104717,0.136709,0
2026-07-26T17:57:38.861446,11/21 06:15,-4.03,0.0,,,,18.0,28.0,0.3764,0.094094,0.0,0.094094,0.000854,0.707272,0.558688,0.0,0.801366,0.43,moderate,0.04046,0.128016,0.168477,0
2026-07-26T17:57:53.541066,11/21 07:15,-4.12,0.0,,,,18.0,29.0,0.3764,0.094094,0.0,0.094094,0.00704,2.692313,2.155394,0.0,2.786407,0.43,moderate,0.04046,0.487309,0.527769,0
2026-07-26T17:57:53.560114,11/21 08:23,-3.17,0.0,,,,18.0,29.0,0.3764,0.094094,0.0,0.094094,0.006445,2.38433,1.913823,0.0,2.478424,0.43,moderate,0.04046,0.431564,0.472024,0
2026-07-26T17:57:53.581312,11/21 09:23,-2.37,52.0,22.04,22.0,22.19,22.0,26.0,0.3764,0.094094,0.0,0.094094,0.00821,3.269012,2.705554,0.0,3.363106,0.43,moderate,0.04046,0.591691,0.632152,0
2026-07-26T17:57:53.599723,11/21 10:23,-0.83,52.0,22.59,22.0,24.06,22.0,26.0,0.3764,0.094094,0.0,0.094094,0.004877,1.793851,1.410623,0.0,1.887945,0.3,low,0.028228,0.324687,0.352915,0
2026-07-26T17:57:53.616253,11/21 11:15,0.28,52.0,23.02,22.0,24.81,22.0,26.0,0.3764,0.094094,0.0,0.094094,0.004289,1.499632,1.204911,0.0,1.593726,0.3,low,0.028228,0.271433,0.299662,0
2026-07-26T17:57:53.635292,11/21 12:23,1.25,41.6,23.25,22.0,24.51,22.0,26.0,0.3764,0.094094,0.0,0.094094,0.003805,1.307118,1.044803,0.0,1.401212,0.3,low,0.028228,0.236588,0.264817,0
2026-07-26T17:58:08.888727,11/21 13:15,1.82,20.8,23.07,22.0,24.74,22.0,25.0,0.3764,0.094094,0.0,0.094094,0.003691,1.322625,1.063837,0.0,1.416719,0.3,low,0.028228,0.239395,0.267623,0
2026-07-26T17:58:08.907732,11/21 14:15,2.08,41.6,23.23,22.0,25.0,22.0,25.0,0.3847,0.096166,0.0,0.096166,0.002466,0.97928,0.826341,0.0,1.075446,0.3,low,0.02885,0.17725,0.206099,0
2026-07-26T17:58:08.924721,11/21 15:15,1.42,52.0,23.28,22.12,25.0,22.0,25.0,0.3775,0.094371,0.0,0.094371,0.003297,1.240134,0.913338,0.0,1.334505,0.3,low,0.028311,0.224464,0.252776,0
2026-07-26T17:58:08.942725,11/21 16:15,0.3,52.0,22.88,22.0,24.24,22.0,25.0,0.3764,0.094094,0.0,0.094094,0.003575,1.292531,1.062331,0.0,1.386625,0.55,high,0.051752,0.233948,0.2857,0
2026-07-26T17:58:08.960737,11/21 17:15,-0.88,52.0,22.48,22.0,23.92,22.0,25.0,0.3764,0.094094,0.0,0.094094,0.004113,1.65345,1.337475,0.0,1.747544,0.55,high,0.051752,0.299274,0.351026,0
2026-07-26T17:58:08.976270,11/21 18:15,-1.82,52.0,22.35,22.0,23.74,22.0,25.0,0.3764,0.094094,0.0,0.094094,0.004677,1.974254,1.59751,0.0,2.068348,0.55,high,0.051752,0.35734,0.409092,0
2026-07-26T17:58:24.711850,11/21 19:15,-2.35,26.0,20.85,20.5,22.23,20.5,26.0,0.3764,0.094094,0.0,0.094094,0.004818,1.915416,1.568059,0.0,2.00951,0.55,high,0.051752,0.34669,0.398442,0
2026-07-26T17:58:24.733444,11/21 20:15,-2.8,0.0,,,,20.5,26.0,0.3764,0.094094,0.0,0.094094,0.006551,2.874809,2.311674,0.0,2.968903,0.55,high,0.051752,0.52034,0.572092,0
2026-07-26T17:58:24.752433,11/21 21:15,-3.07,0.0,,,,20.5,26.0,0.3764,0.094094,0.0,0.094094,0.002385,1.421098,1.151049,0.0,1.515192,0.4,moderate,0.037638,0.257219,0.294856,0
2026-07-26T17:58:24.769435,11/21 22:15,-3.9,0.0,,,,20.5,26.0,0.3764,0.094094,0.0,0.094094,0.003317,1.847516,1.46744,0.0,1.94161,0.4,moderate,0.037638,0.3344,0.372038,0
2026-07-26T17:58:24.786436,11/21 23:15,-4.03,0.0,,,,20.5,26.0,0.3764,0.094094,0.0,0.094094,0.00412,2.13427,1.702615,0.0,2.228364,0.4,moderate,0.037638,0.386303,0.42394,0
2026-07-26T17:58:24.803435,11/22 00:15,-4.4,0.0,,,,20.5,26.0,0.3764,0.094094,0.0,0.094094,0.003903,2.039523,1.647825,0.0,2.133617,0.34,low,0.031992,0.369154,0.401146,0
2026-07-26T17:58:40.018120,11/22 01:15,-4.4,0.0,,,,18.5,28.0,0.3764,0.094094,0.0,0.094094,0.000487,0.29502,0.344363,0.0,0.389114,0.34,low,0.031992,0.053399,0.085391,0
2026-07-26T17:58:40.039113,11/22 02:15,-4.4,0.0,,,,18.5,28.0,0.3764,0.094094,0.0,0.094094,0.000734,0.554073,0.490038,0.0,0.648167,0.34,low,0.031992,0.100287,0.132279,0
2026-07-26T17:58:40.056113,11/22 03:15,-4.28,0.0,,,,18.5,28.0,0.3764,0.094094,0.0,0.094094,0.00092,0.729649,0.590658,0.0,0.823743,0.34,low,0.031992,0.132066,0.164058,0
2026-07-26T17:58:40.073112,11/22 04:15,-3.9,0.0,,,,18.5,28.0,0.3764,0.094094,0.0,0.094094,0.000966,0.765772,0.616258,0.0,0.859866,0.34,low,0.031992,0.138605,0.170597,0
2026-07-26T17:58:40.090119,11/22 05:15,-4.03,0.0,,,,18.5,28.0,0.3764,0.094094,0.0,0.094094,0.001114,0.868206,0.688787,0.0,0.9623,0.34,low,0.031992,0.157145,0.189137,0
2026-07-26T17:58:40.106632,11/22 06:15,-4.28,0.0,,,,18.5,28.0,0.3764,0.094094,0.0,0.094094,0.00106,0.821117,0.664691,0.0,0.915211,0.43,moderate,0.04046,0.148622,0.189083,0
2026-07-26T17:58:55.872813,11/22 07:15,-3.75,0.0,,,,18.0,29.0,0.3764,0.094094,0.0,0.094094,0.006531,2.372253,1.913951,0.0,2.466347,0.43,moderate,0.04046,0.429378,0.469838,0
2026-07-26T17:58:55.896366,11/22 08:15,-2.75,0.0,,,,18.0,29.0,0.3764,0.094094,0.0,0.094094,0.006186,2.188532,1.752511,0.0,2.282626,0.43,moderate,0.04046,0.396124,0.436585,0
2026-07-26T17:58:55.918300,11/22 09:23,-0.68,52.0,22.0,22.0,22.0,22.0,26.0,0.3764,0.094094,0.0,0.094094,0.00745,3.030576,2.495472,0.0,3.12467,0.43,moderate,0.04046,0.548534,0.588995,0
2026-07-26T17:58:55.937353,11/22 10:15,0.72,52.0,22.22,22.0,23.12,22.0,26.0,0.3764,0.094094,0.0,0.094094,0.004789,1.808124,1.429233,0.0,1.902218,0.3,low,0.028228,0.32727,0.355499,0
2026-07-26T17:58:55.954420,11/22 11:15,1.38,52.0,22.33,22.0,23.59,22.0,26.0,0.3764,0.094094,0.0,0.094094,0.004158,1.40318,1.120124,0.0,1.497274,0.3,low,0.028228,0.253976,0.282204,0
2026-07-26T17:58:55.971972,11/22 12:15,2.48,41.6,22.37,22.0,23.66,22.0,26.0,0.3764,0.094094,0.0,0.094094,0.003791,1.241133,0.988381,0.0,1.335227,0.3,low,0.028228,0.224645,0.252873,0
2026-07-26T17:59:12.528411,11/22 13:15,3.45,20.8,22.27,22.0,23.35,22.0,25.0,0.3764,0.094094,0.0,0.094094,0.00367,1.225096,0.992383,0.0,1.31919,0.3,low,0.028228,0.221742,0.249971,0
2026-07-26T17:59:12.549413,11/22 14:15,3.9,41.6,22.5,22.0,23.86,22.0,25.0,0.3764,0.094094,0.0,0.094094,0.005144,0.421858,0.782593,0.0,0.515952,0.3,low,0.028228,0.076356,0.104584,0
2026-07-26T17:59:12.568419,11/22 15:15,3.75,52.0,22.62,22.0,24.08,22.0,25.0,0.3764,0.094094,0.0,0.094094,0.005233,0.347946,0.6585,0.0,0.44204,0.3,low,0.028228,0.062978,0.091206,0
2026-07-26T17:59:12.585412,11/22 16:15,3.3,52.0,22.41,22.0,23.91,22.0,25.0,0.3764,0.094094,0.0,0.094094,0.00552,1.194137,0.810071,0.0,1.288231,0.55,high,0.051752,0.216139,0.26789,0
2026-07-26T17:59:12.601411,11/22 17:15,3.3,52.0,22.35,22.0,23.72,22.0,25.0,0.3764,0.094094,0.0,0.094094,0.004433,1.782982,1.056127,0.0,1.877076,0.55,high,0.051752,0.32272,0.374471,0
2026-07-26T17:59:12.617426,11/22 18:15,3.02,52.0,22.31,22.0,23.57,22.0,25.0,0.3764,0.094094,0.0,0.094094,0.003744,1.458116,1.179172,0.0,1.55221,0.55,high,0.051752,0.263919,0.315671,0
2026-07-26T17:59:32.979109,11/22 19:15,2.08,26.0,20.84,20.47,22.24,20.5,26.0,0.3764,0.094094,0.0,0.094094,0.005736,2.420348,1.189157,0.0,2.514442,0.55,high,0.051752,0.438083,0.489835,0
2026-07-26T17:59:33.008313,11/22 20:15,1.7,0.0,,,,20.5,26.0,0.3764,0.094094,0.0,0.094094,0.00529,2.30086,1.857079,0.0,2.394954,0.55,high,0.051752,0.416456,0.468207,0
2026-07-26T17:59:33.032751,11/22 21:15,1.97,0.0,,,,20.5,26.0,0.3764,0.094094,0.0,0.094094,0.001424,0.917767,0.779829,0.0,1.011861,0.4,moderate,0.037638,0.166116,0.203753,0
2026-07-26T17:59:33.054310,11/22 22:15,2.65,0.0,,,,20.5,26.0,0.3764,0.094094,0.0,0.094094,0.002116,1.381696,1.10044,0.0,1.47579,0.4,moderate,0.037638,0.250087,0.287725,0
2026-07-26T17:59:33.074842,11/22 23:15,2.2,0.0,,,,20.5,26.0,0.3764,0.094094,0.0,0.094094,0.002558,1.591202,1.264755,0.0,1.685296,0.4,moderate,0.037638,0.288008,0.325645,0
2026-07-26T17:59:33.095847,11/23 00:15,2.2,0.0,,,,20.5,26.0,0.3764,0.094094,0.0,0.094094,0.002421,1.511185,1.221419,0.0,1.605279,0.34,low,0.031992,0.273524,0.305516,0
2026-07-26T17:59:48.368994,11/23 01:15,2.08,0.0,,,,18.5,28.0,0.3764,0.094094,0.0,0.094094,0.0,0.0,0.0,0.0,0.094094,0.34,low,0.031992,0.0,0.031992,0
2026-07-26T17:59:48.395999,11/23 02:15,1.7,0.0,,,,18.5,28.0,0.3764,0.094094,0.0,0.094094,0.0,0.0,0.0,0.0,0.094094,0.34,low,0.031992,0.0,0.031992,0
2026-07-26T17:59:48.415510,11/23 03:15,1.7,0.0,,,,18.5,28.0,0.3764,0.094094,0.0,0.094094,5.6e-05,0.036014,0.04613,0.0,0.130108,0.34,low,0.031992,0.006519,0.03851,0
2026-07-26T17:59:48.435510,11/23 04:15,1.55,0.0,,,,18.5,28.0,0.3764,0.094094,0.0,0.094094,0.00014,0.096802,0.110309,0.0,0.190896,0.34,low,0.031992,0.017521,0.049513,0
2026-07-26T17:59:48.451510,11/23 05:15,1.1,0.0,,,,18.5,28.0,0.3764,0.094094,0.0,0.094094,0.000208,0.156866,0.15889,0.0,0.25096,0.34,low,0.031992,0.028393,0.060385,0
2026-07-26T17:59:48.469520,11/23 06:15,1.38,0.0,,,,18.5,28.0,0.3764,0.094094,0.0,0.094094,0.000295,0.240338,0.220579,0.0,0.334432,0.43,moderate,0.04046,0.043501,0.083962,0
2026-07-26T18:00:03.992495,11/23 07:15,2.2,0.0,,,,18.0,29.0,0.3764,0.094094,0.0,0.094094,0.0,0.0,0.0,0.0,0.094094,0.43,moderate,0.04046,0.0,0.04046,0
2026-07-26T18:00:04.012502,11/23 08:15,2.2,0.0,,,,18.0,29.0,0.3764,0.094094,0.0,0.094094,0.0,0.0,0.0,0.0,0.094094,0.43,moderate,0.04046,0.0,0.04046,0
2026-07-26T18:00:04.032027,11/23 09:15,2.2,0.0,,,,18.0,29.0,0.3764,0.094094,0.0,0.094094,0.0,0.0,0.0,0.0,0.094094,0.43,moderate,0.04046,0.0,0.04046,0
2026-07-26T18:00:04.051017,11/23 10:15,2.2,0.0,,,,18.0,29.0,0.3764,0.094094,0.0,0.094094,0.0,0.0,0.0,0.0,0.094094,0.3,low,0.028228,0.0,0.028228,0
2026-07-26T18:00:04.068023,11/23 11:15,2.48,0.0,,,,18.0,29.0,0.3764,0.094094,0.0,0.094094,0.0,0.0,0.0,0.0,0.094094,0.3,low,0.028228,0.0,0.028228,0
2026-07-26T18:00:04.088015,11/23 12:15,3.3,0.0,,,,18.0,29.0,0.3764,0.094094,0.0,0.094094,0.0,0.0,0.0,0.0,0.094094,0.3,low,0.028228,0.0,0.028228,0
2026-07-26T18:00:21.051125,11/23 13:15,3.17,0.0,,,,18.0,29.0,0.3764,0.094094,0.0,0.094094,0.0,0.0,0.0,0.0,0.094094,0.3,low,0.028228,0.0,0.028228,0
2026-07-26T18:00:21.075130,11/23 14:15,2.92,0.0,,,,18.0,29.0,0.3764,0.094094,0.0,0.094094,0.0,0.0,0.0,0.0,0.094094,0.3,low,0.028228,0.0,0.028228,0
2026-07-26T18:00:21.094642,11/23 15:15,3.02,0.0,,,,18.0,29.0,0.3764,0.094094,0.0,0.094094,0.0,0.0,0.0,0.0,0.094094,0.3,low,0.028228,0.0,0.028228,0
2026-07-26T18:00:21.114642,11/23 16:15,2.2,0.0,,,,18.0,29.0,0.3764,0.094094,0.0,0.094094,0.0,0.0,0.0,0.0,0.094094,0.55,high,0.051752,0.0,0.051752,0
2026-07-26T18:00:21.135642,11/23 17:15,2.35,0.0,,,,18.0,29.0,0.3764,0.094094,0.0,0.094094,0.0,0.0,0.0,0.0,0.094094,0.55,high,0.051752,0.0,0.051752,0
2026-07-26T18:00:21.154642,11/23 18:15,2.65,0.0,,,,18.0,29.0,0.3764,0.094094,0.0,0.094094,0.0,0.0,0.0,0.0,0.094094,0.55,high,0.051752,0.0,0.051752,0
2026-07-26T18:00:39.932014,11/23 19:15,2.08,0.0,,,,18.0,29.0,0.3764,0.094094,0.0,0.094094,0.0,0.0,0.0,0.0,0.094094,0.55,high,0.051752,0.0,0.051752,0
2026-07-26T18:00:39.965014,11/23 20:15,1.7,0.0,,,,18.0,29.0,0.3764,0.094094,0.0,0.094094,0.0,0.0,0.0,0.0,0.094094,0.55,high,0.051752,0.0,0.051752,0
2026-07-26T18:00:40.040548,11/23 21:15,1.42,0.0,,,,18.0,29.0,0.3764,0.094094,0.0,0.094094,0.0,0.0,0.0,0.0,0.094094,0.4,moderate,0.037638,0.0,0.037638,0
2026-07-26T18:00:40.091566,11/23 22:15,0.72,0.0,,,,18.0,29.0,0.3764,0.094094,0.0,0.094094,0.0,0.0,0.0,0.0,0.094094,0.4,moderate,0.037638,0.0,0.037638,0
2026-07-26T18:00:40.118100,11/23 23:15,1.25,0.0,,,,18.0,29.0,0.3764,0.094094,0.0,0.094094,6.3e-05,0.052362,0.04918,0.0,0.146456,0.4,moderate,0.037638,0.009478,0.047115,0
2026-07-26T18:00:40.147100,11/24 00:15,1.42,0.0,,,,18.0,29.0,0.3764,0.094094,0.0,0.094094,3.3e-05,0.027881,0.023572,0.0,0.121975,0.34,low,0.031992,0.005046,0.037038,0
2026-07-26T18:01:00.004551,11/24 01:15,0.45,0.0,,,,18.0,29.0,0.3764,0.094094,0.0,0.094094,0.000153,0.130827,0.119281,0.0,0.224921,0.34,low,0.031992,0.02368,0.055672,0
2026-07-26T18:01:00.038075,11/24 02:15,0.15,0.0,,,,18.0,29.0,0.3764,0.094094,0.0,0.094094,0.000216,0.190275,0.165485,0.0,0.284369,0.34,low,0.031992,0.03444,0.066432,0
2026-07-26T18:01:00.063078,11/24 03:15,0.6,0.0,,,,18.0,29.0,0.3764,0.094094,0.0,0.094094,0.000246,0.222035,0.186677,0.0,0.316129,0.34,low,0.031992,0.040188,0.07218,0
2026-07-26T18:01:00.089075,11/24 04:15,0.6,0.0,,,,18.0,29.0,0.3764,0.094094,0.0,0.094094,0.000175,0.16093,0.135669,0.0,0.255024,0.34,low,0.031992,0.029128,0.06112,0
2026-07-26T18:01:00.112082,11/24 05:15,0.45,0.0,,,,18.0,29.0,0.3764,0.094094,0.0,0.094094,0.000204,0.189126,0.156573,0.0,0.28322,0.34,low,0.031992,0.034232,0.066224,0
2026-07-26T18:01:00.133594,11/24 06:15,0.0,0.0,,,,18.0,29.0,0.3764,0.094094,0.0,0.094094,0.000191,0.178972,0.148192,0.0,0.273066,0.43,moderate,0.04046,0.032394,0.072854,0
2026-07-26T18:01:22.081123,11/24 07:15,0.15,0.0,,,,18.0,29.0,0.3764,0.094094,0.0,0.094094,0.000179,0.168903,0.138895,0.0,0.262997,0.43,moderate,0.04046,0.030571,0.071032,0
2026-07-26T18:01:22.109257,11/24 08:15,0.6,0.0,,,,18.0,29.0,0.3764,0.094094,0.0,0.094094,8.7e-05,0.08268,0.068645,0.0,0.176774,0.43,moderate,0.04046,0.014965,0.055425,0
2026-07-26T18:01:22.146061,11/24 09:15,0.88,0.0,,,,18.0,29.0,0.3764,0.094094,0.0,0.094094,0.0,0.0,0.0,0.0,0.094094,0.43,moderate,0.04046,0.0,0.04046,0
2026-07-26T18:01:22.169258,11/24 10:23,1.7,0.0,,,,18.0,29.0,0.3764,0.094094,0.0,0.094094,0.0,0.0,0.0,0.0,0.094094,0.3,low,0.028228,0.0,0.028228,0
2026-07-26T18:01:22.195480,11/24 11:15,1.7,0.0,,,,18.0,29.0,0.3764,0.094094,0.0,0.094094,0.0,0.0,0.0,0.0,0.094094,0.3,low,0.028228,0.0,0.028228,0
2026-07-26T18:01:22.217538,11/24 12:15,1.97,0.0,,,,18.0,29.0,0.3764,0.094094,0.0,0.094094,0.0,0.0,0.0,0.0,0.094094,0.3,low,0.028228,0.0,0.028228,0
2026-07-26T18:01:44.237249,11/24 13:23,3.07,0.0,,,,18.0,29.0,0.3764,0.094094,0.0,0.094094,0.0,0.0,0.0,0.0,0.094094,0.3,low,0.028228,0.0,0.028228,0
2026-07-26T18:01:44.274397,11/24 14:15,3.75,0.0,,,,18.0,29.0,0.3764,0.094094,0.0,0.094094,0.0,0.0,0.0,0.0,0.094094,0.3,low,0.028228,0.0,0.028228,0
2026-07-26T18:01:44.296934,11/24 15:15,2.9,0.0,,,,18.0,29.0,0.3764,0.094094,0.0,0.094094,0.0,0.0,0.0,0.0,0.094094,0.3,low,0.028228,0.0,0.028228,0
2026-07-26T18:01:44.321589,11/24 16:23,1.27,0.0,,,,18.0,29.0,0.3764,0.094094,0.0,0.094094,0.0,0.0,0.0,0.0,0.094094,0.55,high,0.051752,0.0,0.051752,0
2026-07-26T18:01:44.347133,11/24 17:23,-0.15,0.0,,,,18.0,29.0,0.3764,0.094094,0.0,0.094094,0.0,0.0,0.0,0.0,0.094094,0.55,high,0.051752,0.0,0.051752,0
2026-07-26T18:01:44.367197,11/24 18:15,-0.72,0.0,,,,18.0,29.0,0.3764,0.094094,0.0,0.094094,0.0,0.0,0.0,0.0,0.094094,0.55,high,0.051752,0.0,0.051752,0
2026-07-26T18:02:04.224121,11/24 19:15,-1.1,0.0,,,,18.0,29.0,0.3764,0.094094,0.0,0.094094,0.0,0.0,0.0,0.0,0.094094,0.55,high,0.051752,0.0,0.051752,0
2026-07-26T18:02:04.249650,11/24 20:15,-0.98,0.0,,,,18.0,29.0,0.3764,0.094094,0.0,0.094094,0.0,0.0,0.0,0.0,0.094094,0.55,high,0.051752,0.0,0.051752,0
2026-07-26T18:02:04.272912,11/24 21:15,-0.6,0.0,,,,18.0,29.0,0.3764,0.094094,0.0,0.094094,0.0,0.0,0.0,0.0,0.094094,0.4,moderate,0.037638,0.0,0.037638,0
2026-07-26T18:02:04.293913,11/24 22:15,-0.3,0.0,,,,18.0,29.0,0.3764,0.094094,0.0,0.094094,0.0,0.0,0.0,0.0,0.094094,0.4,moderate,0.037638,0.0,0.037638,0
2026-07-26T18:02:04.314229,11/24 23:15,0.6,0.0,,,,18.0,29.0,0.3764,0.094094,0.0,0.094094,2e-06,0.001454,0.000782,0.0,0.095548,0.4,moderate,0.037638,0.000263,0.037901,0
2026-07-26T18:02:04.335484,11/25 00:15,0.45,0.0,,,,18.0,29.0,0.3764,0.094094,0.0,0.094094,0.000127,0.121802,0.100674,0.0,0.215896,0.34,low,0.031992,0.022046,0.054038,0
2026-07-26T18:02:22.479475,11/25 01:15,-0.15,0.0,,,,18.0,29.0,0.3764,0.094094,0.0,0.094094,0.000473,0.444469,0.335271,0.0,0.538563,0.34,low,0.031992,0.080449,0.112441,0
2026-07-26T18:02:22.502475,11/25 02:15,-0.45,0.0,,,,18.0,29.0,0.3764,0.094094,0.0,0.094094,0.000316,0.292844,0.236414,0.0,0.386938,0.34,low,0.031992,0.053005,0.084997,0
2026-07-26T18:02:22.523475,11/25 03:15,-0.15,0.0,,,,18.0,29.0,0.3764,0.094094,0.0,0.094094,0.000272,0.253466,0.205859,0.0,0.34756,0.34,low,0.031992,0.045877,0.077869,0
2026-07-26T18:02:22.547987,11/25 04:15,-0.72,0.0,,,,18.0,29.0,0.3764,0.094094,0.0,0.094094,0.000358,0.332823,0.264788,0.0,0.426917,0.34,low,0.031992,0.060241,0.092233,0
2026-07-26T18:02:22.567995,11/25 05:15,-1.1,0.0,,,,18.0,29.0,0.3764,0.094094,0.0,0.094094,0.000378,0.349318,0.27763,0.0,0.443412,0.34,low,0.031992,0.063227,0.095219,0
2026-07-26T18:02:22.590994,11/25 06:15,-1.25,0.0,,,,18.0,29.0,0.3764,0.094094,0.0,0.094094,0.000396,0.363805,0.290368,0.0,0.457899,0.43,moderate,0.04046,0.065849,0.106309,0
2026-07-26T18:02:40.893387,11/25 07:15,-1.82,0.0,,,,18.0,29.0,0.3764,0.094094,0.0,0.094094,0.005798,2.105112,1.662992,0.0,2.199206,0.43,moderate,0.04046,0.381025,0.421486,0
2026-07-26T18:02:40.921393,11/25 08:15,-2.75,0.0,,,,18.0,29.0,0.3764,0.094094,0.0,0.094094,0.005833,2.05621,1.648194,0.0,2.150304,0.43,moderate,0.04046,0.372174,0.412634,0
2026-07-26T18:02:40.956396,11/25 09:23,-4.7,52.0,22.0,22.0,22.0,22.0,26.0,0.3764,0.094094,0.0,0.094094,0.009273,3.738755,3.063152,0.0,3.832849,0.43,moderate,0.04046,0.676715,0.717175,0
2026-07-26T18:02:40.980909,11/25 10:15,-5.87,52.0,22.1,22.0,22.47,22.0,26.0,0.3764,0.094094,0.0,0.094094,0.007058,2.761803,2.214785,0.0,2.855897,0.3,low,0.028228,0.499886,0.528115,0
2026-07-26T18:02:41.003926,11/25 11:15,-6.83,52.0,22.22,22.0,23.04,22.0,26.0,0.3764,0.094094,0.0,0.094094,0.006718,2.402988,1.909875,0.0,2.497082,0.3,low,0.028228,0.434941,0.463169,0
2026-07-26T18:02:41.025919,11/25 12:15,-7.2,41.6,22.19,22.0,22.94,22.0,26.0,0.3764,0.094094,0.0,0.094094,0.006913,2.444366,1.968264,0.0,2.53846,0.3,low,0.028228,0.44243,0.470658,0
2026-07-26T18:03:00.402003,11/25 13:15,-7.2,20.8,21.21,20.5,22.41,20.5,25.0,0.3764,0.094094,0.0,0.094094,0.006459,2.080434,1.679968,0.0,2.174528,0.3,low,0.028228,0.376559,0.404787,0
2026-07-26T18:03:00.422178,11/25 14:15,-7.35,41.6,21.35,20.51,22.97,20.5,25.0,0.3764,0.094094,0.0,0.094094,0.006407,2.059995,1.65915,0.0,2.154089,0.3,low,0.028228,0.372859,0.401087,0
2026-07-26T18:03:00.441169,11/25 15:15,-7.65,52.0,21.34,20.58,23.06,20.5,25.0,0.3764,0.094094,0.0,0.094094,0.006689,2.119096,1.703173,0.0,2.21319,0.3,low,0.028228,0.383556,0.411785,0
2026-07-26T18:03:00.457359,11/25 16:15,-7.48,52.0,21.08,20.5,22.99,20.5,25.0,0.3764,0.094094,0.0,0.094094,0.006484,2.146995,1.735397,0.0,2.241089,0.55,high,0.051752,0.388606,0.440358,0
2026-07-26T18:03:00.471381,11/25 17:15,-8.3,52.0,20.92,20.5,22.59,20.5,25.0,0.3764,0.094094,0.0,0.094094,0.00752,2.616955,2.10663,0.0,2.711049,0.55,high,0.051752,0.473669,0.525421,0
2026-07-26T18:03:00.487411,11/25 18:15,-8.45,52.0,20.9,20.5,22.5,20.5,25.0,0.3764,0.094094,0.0,0.094094,0.007719,2.739239,2.207385,0.0,2.833333,0.55,high,0.051752,0.495802,0.547554,0
2026-07-26T18:03:19.788460,11/25 19:15,-9.03,26.0,20.62,20.5,21.07,20.5,26.0,0.3764,0.094094,0.0,0.094094,0.009764,3.654828,2.938441,0.0,3.748922,0.55,high,0.051752,0.661524,0.713276,0
2026-07-26T18:03:19.820473,11/25 20:15,-9.7,0.0,,,,20.5,26.0,0.3764,0.094094,0.0,0.094094,0.011885,4.327523,3.478299,0.0,4.421617,0.55,high,0.051752,0.783282,0.835033,0
2026-07-26T18:03:19.844997,11/25 21:15,-10.72,0.0,,,,20.5,26.0,0.3764,0.094094,0.0,0.094094,0.005541,2.512833,1.99925,0.0,2.606927,0.4,moderate,0.037638,0.454823,0.49246,0
2026-07-26T18:03:19.869987,11/25 22:15,-11.38,0.0,,,,20.5,26.0,0.3764,0.094094,0.0,0.094094,0.00875,3.193939,2.529765,0.0,3.288033,0.4,moderate,0.037638,0.578103,0.615741,0
2026-07-26T18:03:19.893987,11/25 23:15,-12.35,0.0,,,,20.5,26.0,0.3764,0.094094,0.0,0.094094,0.010552,3.427505,2.741744,0.0,3.521599,0.4,moderate,0.037638,0.620378,0.658016,0
2026-07-26T18:03:19.916994,11/26 00:15,-12.8,0.0,,,,20.5,26.0,0.3764,0.094094,0.0,0.094094,0.008677,3.11936,2.53168,0.0,3.213454,0.34,low,0.031992,0.564604,0.596596,0
2026-07-26T18:03:38.963924,11/26 01:15,-13.08,0.0,,,,18.5,28.0,0.3764,0.094094,0.0,0.094094,0.001937,1.220976,1.021653,0.0,1.31507,0.34,low,0.031992,0.220997,0.252989,0
2026-07-26T18:03:38.990013,11/26 02:15,-14.18,0.0,,,,18.5,28.0,0.3764,0.094094,0.0,0.094094,0.002875,1.673699,1.313487,0.0,1.767793,0.34,low,0.031992,0.30294,0.334931,0
2026-07-26T18:03:39.015511,11/26 03:15,-15.15,0.0,,,,18.5,28.0,0.3764,0.094094,0.0,0.094094,0.003485,1.855849,1.479383,0.0,1.949943,0.34,low,0.031992,0.335909,0.367901,0
2026-07-26T18:03:39.037585,11/26 04:15,-15.6,0.0,,,,18.5,28.0,0.3764,0.094094,0.0,0.094094,0.003495,1.856736,1.494584,0.0,1.95083,0.34,low,0.031992,0.336069,0.368061,0
2026-07-26T18:03:39.057194,11/26 05:15,-15.6,0.0,,,,18.5,28.0,0.3764,0.094094,0.0,0.094094,0.003666,1.903785,1.525638,0.0,1.997879,0.34,low,0.031992,0.344585,0.376577,0
2026-07-26T18:03:39.079134,11/26 06:15,-15.72,0.0,,,,18.5,28.0,0.3764,0.094094,0.0,0.094094,0.004237,2.09655,1.675831,0.0,2.190644,0.43,moderate,0.04046,0.379476,0.419936,0
2026-07-26T18:03:58.182206,11/26 07:15,-16.1,0.0,,,,18.0,29.0,0.3764,0.094094,0.0,0.094094,0.017161,4.409458,3.549588,0.0,4.503552,0.43,moderate,0.04046,0.798112,0.838572,0
2026-07-26T18:03:58.209206,11/26 08:15,-15.68,0.0,,,,18.0,29.0,0.3764,0.094094,0.0,0.094094,0.016558,4.096755,3.297275,0.0,4.190849,0.43,moderate,0.04046,0.741513,0.781973,0
2026-07-26T18:03:58.241207,11/26 09:23,-13.85,52.0,22.0,22.0,22.0,22.0,26.0,0.3764,0.094094,0.0,0.094094,0.019364,5.17448,4.251361,0.0,5.268574,0.43,moderate,0.04046,0.936581,0.977041,0
2026-07-26T18:03:58.265221,11/26 10:23,-11.8,52.0,22.48,22.0,23.93,22.0,26.0,0.3764,0.094094,0.0,0.094094,0.011717,3.432862,2.770764,0.0,3.526956,0.3,low,0.028228,0.621348,0.649576,0
2026-07-26T18:03:58.289758,11/26 11:15,-10.17,52.0,22.79,22.0,24.55,22.0,26.0,0.3764,0.094094,0.0,0.094094,0.009471,2.800202,2.262162,0.0,2.894296,0.3,low,0.028228,0.506837,0.535065,0
2026-07-26T18:03:58.314759,11/26 12:15,-8.62,41.6,22.91,22.0,24.0,22.0,26.0,0.3764,0.094094,0.0,0.094094,0.007966,2.562181,2.075642,0.0,2.656275,0.3,low,0.028228,0.463755,0.491983,0
2026-07-26T18:04:19.143359,11/26 13:23,-7.65,20.8,22.65,22.0,23.74,22.0,25.0,0.3764,0.094094,0.0,0.094094,0.007293,2.537458,2.051522,0.0,2.631552,0.3,low,0.028228,0.45928,0.487508,0
2026-07-26T18:04:19.172360,11/26 14:15,-7.35,41.6,22.9,22.0,24.69,22.0,25.0,0.3764,0.094094,0.0,0.094094,0.006532,2.250893,1.81427,0.0,2.344987,0.3,low,0.028228,0.407412,0.43564,0
2026-07-26T18:04:19.197885,11/26 15:15,-8.07,52.0,22.84,22.0,24.18,22.0,25.0,0.3764,0.094094,0.0,0.094094,0.006792,2.335974,1.883285,0.0,2.430068,0.3,low,0.028228,0.422811,0.451039,0
2026-07-26T18:04:19.224886,11/26 16:15,-9.33,52.0,22.55,22.0,23.94,22.0,25.0,0.3764,0.094094,0.0,0.094094,0.007651,2.619101,2.104495,0.0,2.713195,0.55,high,0.051752,0.474057,0.525809,0
2026-07-26T18:04:19.249885,11/26 17:15,-10.72,52.0,22.31,22.0,23.56,22.0,25.0,0.3764,0.094094,0.0,0.094094,0.009561,3.251604,2.609284,0.0,3.345698,0.55,high,0.051752,0.58854,0.640292,0
2026-07-26T18:04:19.274885,11/26 18:15,-11.38,52.0,22.3,22.0,23.47,22.0,25.0,0.3764,0.094094,0.0,0.094094,0.010316,3.487474,2.805659,0.0,3.581568,0.55,high,0.051752,0.631233,0.682984,0
2026-07-26T18:04:41.541754,11/26 19:15,-12.2,26.0,20.84,20.5,22.19,20.5,26.0,0.3764,0.094094,0.0,0.094094,0.010959,3.324379,2.685976,0.0,3.418473,0.55,high,0.051752,0.601713,0.653464,0
2026-07-26T18:04:41.567762,11/26 20:15,-12.2,0.0,,,,20.5,26.0,0.3764,0.094094,0.0,0.094094,0.01333,4.308392,3.467993,0.0,4.402486,0.55,high,0.051752,0.779819,0.831571,0
2026-07-26T18:04:41.591753,11/26 21:15,-11.8,0.0,,,,20.5,26.0,0.3764,0.094094,0.0,0.094094,0.004088,2.018909,1.619627,0.0,2.113003,0.4,moderate,0.037638,0.365423,0.40306,0
2026-07-26T18:04:41.614287,11/26 22:15,-10.3,0.0,,,,20.5,26.0,0.3764,0.094094,0.0,0.094094,0.005257,2.436361,1.949735,0.0,2.530455,0.4,moderate,0.037638,0.440981,0.478619,0
2026-07-26T18:04:41.634295,11/26 23:15,-8.85,0.0,,,,20.5,26.0,0.3764,0.094094,0.0,0.094094,0.005092,2.392941,1.933943,0.0,2.487035,0.4,moderate,0.037638,0.433122,0.47076,0
2026-07-26T18:04:41.657295,11/27 00:15,-7.2,0.0,,,,20.5,26.0,0.3764,0.094094,0.0,0.094094,0.005267,2.476427,1.993561,0.0,2.570521,0.34,low,0.031992,0.448233,0.480225,0
2026-07-26T18:05:04.167227,11/27 01:15,-7.08,0.0,,,,18.5,28.0,0.3764,0.094094,0.0,0.094094,0.000895,0.581232,0.57956,0.0,0.675326,0.34,low,0.031992,0.105203,0.137195,0
2026-07-26T18:05:04.192228,11/27 02:15,-6.83,0.0,,,,18.5,28.0,0.3764,0.094094,0.0,0.094094,0.001371,1.002894,0.806818,0.0,1.096988,0.34,low,0.031992,0.181524,0.213516,0
2026-07-26T18:05:04.214227,11/27 03:15,-7.2,0.0,,,,18.5,28.0,0.3764,0.094094,0.0,0.094094,0.001717,1.20423,0.948896,0.0,1.298324,0.34,low,0.031992,0.217966,0.249958,0
2026-07-26T18:05:04.235244,11/27 04:15,-7.08,0.0,,,,18.5,28.0,0.3764,0.094094,0.0,0.094094,0.001841,1.247118,0.997265,0.0,1.341212,0.34,low,0.031992,0.225728,0.25772,0
2026-07-26T18:05:04.254772,11/27 05:15,-6.7,0.0,,,,18.5,28.0,0.3764,0.094094,0.0,0.094094,0.001867,1.252343,1.008428,0.0,1.346437,0.34,low,0.031992,0.226674,0.258666,0
2026-07-26T18:05:04.271772,11/27 06:15,-6.55,0.0,,,,18.5,28.0,0.3764,0.094094,0.0,0.094094,0.00197,1.305107,1.045261,0.0,1.399201,0.43,moderate,0.04046,0.236224,0.276685,0
2026-07-26T18:05:23.074294,11/27 07:15,-5.97,0.0,,,,18.0,29.0,0.3764,0.094094,0.0,0.094094,0.007952,2.895344,2.334,0.0,2.989438,0.43,moderate,0.04046,0.524057,0.564518,0
2026-07-26T18:05:23.098618,11/27 08:15,-5.45,0.0,,,,18.0,29.0,0.3764,0.094094,0.0,0.094094,0.007755,2.846809,2.292457,0.0,2.940903,0.43,moderate,0.04046,0.515272,0.555733,0
2026-07-26T18:05:23.127008,11/27 09:23,-4.85,52.0,22.0,22.0,22.0,22.0,26.0,0.3764,0.094094,0.0,0.094094,0.011425,4.284194,3.555389,0.0,4.378288,0.43,moderate,0.04046,0.775439,0.8159,0
2026-07-26T18:05:23.149323,11/27 10:15,-4.12,52.0,22.1,22.0,22.49,22.0,26.0,0.3764,0.094094,0.0,0.094094,0.006945,2.773916,2.225955,0.0,2.86801,0.3,low,0.028228,0.502079,0.530307,0
2026-07-26T18:05:23.170289,11/27 11:15,-3.3,52.0,22.24,22.0,23.2,22.0,26.0,0.3764,0.094094,0.0,0.094094,0.005631,2.117645,1.692546,0.0,2.211739,0.3,low,0.028228,0.383294,0.411522,0
2026-07-26T18:05:23.190325,11/27 12:15,-3.3,41.6,22.23,22.0,23.16,22.0,26.0,0.3764,0.094094,0.0,0.094094,0.005601,2.167202,1.746355,0.0,2.261296,0.3,low,0.028228,0.392264,0.420492,0
2026-07-26T18:05:41.858513,11/27 13:15,-3.3,20.8,22.17,22.0,22.86,22.0,25.0,0.3764,0.094094,0.0,0.094094,0.00574,2.321067,1.868887,0.0,2.415161,0.3,low,0.028228,0.420113,0.448341,0
2026-07-26T18:05:41.881563,11/27 14:15,-3.17,41.6,22.28,22.0,23.41,22.0,25.0,0.3764,0.094094,0.0,0.094094,0.005375,2.093703,1.689606,0.0,2.187797,0.3,low,0.028228,0.37896,0.407188,0
2026-07-26T18:05:41.904643,11/27 15:15,-2.65,52.0,22.35,22.0,23.76,22.0,25.0,0.3764,0.094094,0.0,0.094094,0.005017,1.923197,1.549709,0.0,2.017291,0.3,low,0.028228,0.348099,0.376327,0
2026-07-26T18:05:41.927422,11/27 16:15,-2.35,52.0,22.37,22.0,23.82,22.0,25.0,0.3764,0.094094,0.0,0.094094,0.00491,1.937114,1.560542,0.0,2.031208,0.55,high,0.051752,0.350618,0.402369,0
2026-07-26T18:05:41.948005,11/27 17:15,-2.8,52.0,22.32,22.0,23.6,22.0,25.0,0.3764,0.094094,0.0,0.094094,0.005438,2.27682,1.834771,0.0,2.370914,0.55,high,0.051752,0.412104,0.463856,0
2026-07-26T18:05:41.968741,11/27 18:15,-2.92,52.0,22.3,22.0,23.5,22.0,25.0,0.3764,0.094094,0.0,0.094094,0.005583,2.372668,1.913198,0.0,2.466762,0.55,high,0.051752,0.429453,0.481205,0
2026-07-26T18:06:02.660746,11/27 19:15,-3.45,26.0,20.81,20.5,22.05,20.5,26.0,0.3764,0.094094,0.0,0.094094,0.005558,2.223742,1.811225,0.0,2.317836,0.55,high,0.051752,0.402497,0.454249,0
2026-07-26T18:06:02.683506,11/27 20:15,-4.03,0.0,,,,20.5,26.0,0.3764,0.094094,0.0,0.094094,0.00765,3.251373,2.612127,0.0,3.345467,0.55,high,0.051752,0.588499,0.64025,0
2026-07-26T18:06:02.703299,11/27 21:15,-4.83,0.0,,,,20.5,26.0,0.3764,0.094094,0.0,0.094094,0.003052,1.719301,1.379032,0.0,1.813395,0.4,moderate,0.037638,0.311193,0.348831,0
2026-07-26T18:06:02.722276,11/27 22:15,-6.37,0.0,,,,20.5,26.0,0.3764,0.094094,0.0,0.094094,0.004106,2.120264,1.689638,0.0,2.214358,0.4,moderate,0.037638,0.383768,0.421405,0
2026-07-26T18:06:02.740293,11/27 23:15,-7.35,0.0,,,,20.5,26.0,0.3764,0.094094,0.0,0.094094,0.004807,2.336956,1.867499,0.0,2.43105,0.4,moderate,0.037638,0.422989,0.460627,0
2026-07-26T18:06:02.758720,11/28 00:15,-7.92,0.0,,,,20.5,26.0,0.3764,0.094094,0.0,0.094094,0.005076,2.407501,1.934377,0.0,2.501595,0.34,low,0.031992,0.435758,0.46775,0
2026-07-26T18:06:20.759194,11/28 01:15,-8.3,0.0,,,,18.5,28.0,0.3764,0.094094,0.0,0.094094,0.000815,0.519505,0.531876,0.0,0.613599,0.34,low,0.031992,0.09403,0.126022,0
2026-07-26T18:06:20.781187,11/28 02:15,-8.18,0.0,,,,18.5,28.0,0.3764,0.094094,0.0,0.094094,0.001365,0.992302,0.798281,0.0,1.086396,0.34,low,0.031992,0.179607,0.211599,0
2026-07-26T18:06:20.801212,11/28 03:15,-7.8,0.0,,,,18.5,28.0,0.3764,0.094094,0.0,0.094094,0.00172,1.198127,0.945087,0.0,1.292221,0.34,low,0.031992,0.216861,0.248853,0
2026-07-26T18:06:20.820196,11/28 04:15,-7.92,0.0,,,,18.5,28.0,0.3764,0.094094,0.0,0.094094,0.001884,1.263955,1.009397,0.0,1.358049,0.34,low,0.031992,0.228776,0.260768,0
2026-07-26T18:06:20.838201,11/28 05:15,-9.0,0.0,,,,18.5,28.0,0.3764,0.094094,0.0,0.094094,0.002061,1.345462,1.07463,0.0,1.439556,0.34,low,0.031992,0.243529,0.275521,0
2026-07-26T18:06:20.855957,11/28 06:15,-11.52,0.0,,,,18.5,28.0,0.3764,0.094094,0.0,0.094094,0.002476,1.52698,1.208233,0.0,1.621074,0.43,moderate,0.04046,0.276383,0.316844,0
2026-07-26T18:06:40.771544,11/28 07:15,-12.8,0.0,,,,18.0,29.0,0.3764,0.094094,0.0,0.094094,0.013315,3.940776,3.164734,0.0,4.03487,0.43,moderate,0.04046,0.71328,0.753741,0
2026-07-26T18:06:40.813075,11/28 08:23,-12.53,0.0,,,,18.0,29.0,0.3764,0.094094,0.0,0.094094,0.012873,3.644653,2.931853,0.0,3.738747,0.43,moderate,0.04046,0.659682,0.700143,0
2026-07-26T18:06:40.869088,11/28 09:23,-11.12,52.0,22.03,22.0,22.18,22.0,26.0,0.3764,0.094094,0.0,0.094094,0.014097,4.408384,3.602136,0.0,4.502478,0.43,moderate,0.04046,0.797918,0.838378,0
2026-07-26T18:06:40.908594,11/28 10:23,-9.0,52.0,22.59,22.0,24.14,22.0,26.0,0.3764,0.094094,0.0,0.094094,0.008967,2.922002,2.357126,0.0,3.016096,0.3,low,0.028228,0.528882,0.557111,0
2026-07-26T18:06:40.946596,11/28 11:15,-7.52,52.0,22.96,22.0,24.76,22.0,26.0,0.3764,0.094094,0.0,0.094094,0.007233,2.362685,1.905997,0.0,2.456779,0.3,low,0.028228,0.427646,0.455874,0
2026-07-26T18:06:40.990198,11/28 12:15,-6.43,41.6,22.99,22.0,24.09,22.0,26.0,0.3764,0.094094,0.0,0.094094,0.006423,2.178878,1.759244,0.0,2.272972,0.3,low,0.028228,0.394377,0.422605,0
2026-07-26T18:07:05.502316,11/28 13:15,-5.45,20.8,22.71,22.0,23.5,22.0,25.0,0.3764,0.094094,0.0,0.094094,0.005935,2.143569,1.731704,0.0,2.237663,0.3,low,0.028228,0.387986,0.416214,0
2026-07-26T18:07:05.530834,11/28 14:15,-5.15,41.6,22.93,22.0,24.49,22.0,25.0,0.3764,0.094094,0.0,0.094094,0.005428,1.947197,1.57237,0.0,2.041291,0.3,low,0.028228,0.352443,0.380671,0
2026-07-26T18:07:05.552849,11/28 15:15,-5.6,52.0,22.74,22.0,24.13,22.0,25.0,0.3764,0.094094,0.0,0.094094,0.005604,2.018848,1.630631,0.0,2.112942,0.3,low,0.028228,0.365411,0.39364,0
2026-07-26T18:07:05.574834,11/28 16:15,-6.0,52.0,22.63,22.0,24.22,22.0,25.0,0.3764,0.094094,0.0,0.094094,0.005657,2.082157,1.678232,0.0,2.176251,0.55,high,0.051752,0.37687,0.428622,0
2026-07-26T18:07:05.596839,11/28 17:15,-7.08,52.0,22.37,22.0,23.85,22.0,25.0,0.3764,0.094094,0.0,0.094094,0.006936,2.666427,2.146418,0.0,2.760521,0.55,high,0.051752,0.482623,0.534375,0
2026-07-26T18:07:05.620985,11/28 18:15,-6.98,52.0,22.33,22.0,23.66,22.0,25.0,0.3764,0.094094,0.0,0.094094,0.006998,2.792397,2.254082,0.0,2.886491,0.55,high,0.051752,0.505424,0.557176,0
2026-07-26T18:07:31.439323,11/28 19:15,-8.07,26.0,20.87,20.5,22.33,20.5,26.0,0.3764,0.094094,0.0,0.094094,0.007383,2.737614,2.185625,0.0,2.831708,0.55,high,0.051752,0.495508,0.54726,0
2026-07-26T18:07:31.458332,11/28 20:15,-8.75,0.0,,,,20.5,26.0,0.3764,0.094094,0.0,0.094094,0.009992,3.760294,3.018366,0.0,3.854388,0.55,high,0.051752,0.680613,0.732365,0
2026-07-26T18:07:31.476322,11/28 21:15,-8.18,0.0,,,,20.5,26.0,0.3764,0.094094,0.0,0.094094,0.003178,1.710695,1.382702,0.0,1.804789,0.4,moderate,0.037638,0.309636,0.347273,0
2026-07-26T18:07:31.492321,11/28 22:15,-7.92,0.0,,,,20.5,26.0,0.3764,0.094094,0.0,0.094094,0.004025,2.068985,1.656621,0.0,2.163079,0.4,moderate,0.037638,0.374486,0.412124,0
2026-07-26T18:07:31.509341,11/28 23:15,-8.45,0.0,,,,20.5,26.0,0.3764,0.094094,0.0,0.094094,0.004518,2.242381,1.797206,0.0,2.336475,0.4,moderate,0.037638,0.405871,0.443509,0
2026-07-26T18:07:31.527862,11/29 00:15,-9.18,0.0,,,,20.5,26.0,0.3764,0.094094,0.0,0.094094,0.004042,2.068714,1.676361,0.0,2.162808,0.34,low,0.031992,0.374437,0.406429,0
2026-07-26T18:07:55.754039,11/29 01:15,-10.15,0.0,,,,18.5,28.0,0.3764,0.094094,0.0,0.094094,0.000827,0.5313,0.541291,0.0,0.625394,0.34,low,0.031992,0.096165,0.128157,0
2026-07-26T18:07:55.775033,11/29 02:15,-10.88,0.0,,,,18.5,28.0,0.3764,0.094094,0.0,0.094094,0.001552,1.111153,0.878443,0.0,1.205247,0.34,low,0.031992,0.201119,0.233111,0
2026-07-26T18:07:55.794036,11/29 03:15,-11.55,0.0,,,,18.5,28.0,0.3764,0.094094,0.0,0.094094,0.001875,1.271156,1.006147,0.0,1.36525,0.34,low,0.031992,0.230079,0.262071,0
2026-07-26T18:07:55.827048,11/29 04:15,-11.38,0.0,,,,18.5,28.0,0.3764,0.094094,0.0,0.094094,0.001869,1.250233,1.008915,0.0,1.344327,0.34,low,0.031992,0.226292,0.258284,0
2026-07-26T18:07:55.847042,11/29 05:15,-12.2,0.0,,,,18.5,28.0,0.3764,0.094094,0.0,0.094094,0.001814,1.228319,0.996491,0.0,1.322413,0.34,low,0.031992,0.222326,0.254318,0
2026-07-26T18:07:55.866569,11/29 06:15,-12.2,0.0,,,,18.5,28.0,0.3764,0.094094,0.0,0.094094,0.001899,1.287737,1.035537,0.0,1.381831,0.43,moderate,0.04046,0.23308,0.273541,0
2026-07-26T18:08:16.757132,11/29 07:15,-11.92,0.0,,,,18.0,29.0,0.3764,0.094094,0.0,0.094094,0.012372,3.664282,2.958519,0.0,3.758376,0.43,moderate,0.04046,0.663235,0.703695,0
2026-07-26T18:08:16.779337,11/29 08:15,-10.12,0.0,,,,18.0,29.0,0.3764,0.094094,0.0,0.094094,0.011029,3.293373,2.650663,0.0,3.387467,0.43,moderate,0.04046,0.596101,0.636561,0
2026-07-26T18:08:16.808330,11/29 09:23,-6.38,52.0,22.0,22.0,22.01,22.0,26.0,0.3764,0.094094,0.0,0.094094,0.009604,3.499448,2.864565,0.0,3.593542,0.43,moderate,0.04046,0.6334,0.673861,0
2026-07-26T18:08:16.831579,11/29 10:23,-3.2,52.0,22.58,22.0,23.61,22.0,26.0,0.3764,0.094094,0.0,0.094094,0.005773,2.002618,1.589367,0.0,2.096712,0.3,low,0.028228,0.362474,0.390702,0
2026-07-26T18:08:16.855584,11/29 11:23,-0.83,52.0,22.94,22.0,24.14,22.0,26.0,0.3764,0.094094,0.0,0.094094,0.004601,1.545797,1.243289,0.0,1.639891,0.3,low,0.028228,0.279789,0.308017,0
2026-07-26T18:08:16.873602,11/29 12:15,0.0,41.6,22.96,22.0,23.73,22.0,26.0,0.3764,0.094094,0.0,0.094094,0.004166,1.409254,1.134294,0.0,1.503348,0.3,low,0.028228,0.255075,0.283303,0
2026-07-26T18:08:43.268470,11/29 13:15,0.15,20.8,22.86,22.0,23.98,22.0,25.0,0.3764,0.094094,0.0,0.094094,0.004066,1.428926,1.1535,0.0,1.52302,0.3,low,0.028228,0.258636,0.286864,0
2026-07-26T18:08:43.316995,11/29 14:15,0.6,41.6,23.25,22.0,25.0,22.0,25.0,0.3815,0.095373,0.0,0.095373,0.003107,1.19186,0.986177,0.0,1.287233,0.3,low,0.028612,0.215727,0.244339,0
2026-07-26T18:08:43.358996,11/29 15:15,0.17,52.0,23.38,22.28,25.0,22.0,25.0,0.3806,0.095159,0.0,0.095159,0.003077,1.238444,0.974262,0.0,1.333603,0.3,low,0.028548,0.224158,0.252706,0
2026-07-26T18:08:43.475547,11/29 16:15,-1.25,52.0,23.03,22.01,24.55,22.0,25.0,0.3764,0.094094,0.0,0.094094,0.003909,1.41929,1.148048,0.0,1.513384,0.55,high,0.051752,0.256891,0.308643,0
2026-07-26T18:08:43.562085,11/29 17:15,-2.25,52.0,22.61,22.0,24.29,22.0,25.0,0.3764,0.094094,0.0,0.094094,0.004273,1.668707,1.349144,0.0,1.762801,0.55,high,0.051752,0.302036,0.353788,0
2026-07-26T18:08:43.600109,11/29 18:15,-4.45,52.0,22.42,22.0,24.09,22.0,25.0,0.3764,0.094094,0.0,0.094094,0.005209,2.10101,1.706146,0.0,2.195104,0.55,high,0.051752,0.380283,0.432035,0
2026-07-26T18:09:08.567781,11/29 19:15,-6.37,26.0,20.97,20.5,22.85,20.5,26.0,0.3764,0.094094,0.0,0.094094,0.005923,2.14863,1.726529,0.0,2.242724,0.55,high,0.051752,0.388902,0.440654,0
2026-07-26T18:09:08.599780,11/29 20:15,-7.2,0.0,,,,20.5,26.0,0.3764,0.094094,0.0,0.094094,0.008076,3.234899,2.600705,0.0,3.328993,0.55,high,0.051752,0.585517,0.637268,0
2026-07-26T18:09:08.628788,11/29 21:15,-7.35,0.0,,,,20.5,26.0,0.3764,0.094094,0.0,0.094094,0.00235,1.38073,1.100012,0.0,1.474824,0.4,moderate,0.037638,0.249912,0.28755,0
2026-07-26T18:09:08.653200,11/29 22:15,-7.65,0.0,,,,20.5,26.0,0.3764,0.094094,0.0,0.094094,0.003377,1.826479,1.450996,0.0,1.920573,0.4,moderate,0.037638,0.330593,0.36823,0
2026-07-26T18:09:08.678202,11/29 23:15,-7.2,0.0,,,,20.5,26.0,0.3764,0.094094,0.0,0.094094,0.004001,2.066675,1.654187,0.0,2.160769,0.4,moderate,0.037638,0.374068,0.411706,0
2026-07-26T18:09:08.704201,11/30 00:15,-7.48,0.0,,,,20.5,26.0,0.3764,0.094094,0.0,0.094094,0.003608,1.91286,1.551707,0.0,2.006954,0.34,low,0.031992,0.346228,0.37822,0
2026-07-26T18:09:31.406538,11/30 01:15,-8.45,0.0,,,,18.5,28.0,0.3764,0.094094,0.0,0.094094,0.000284,0.160128,0.212702,0.0,0.254222,0.34,low,0.031992,0.028983,0.060975,0
2026-07-26T18:09:31.444544,11/30 02:15,-8.75,0.0,,,,18.5,28.0,0.3764,0.094094,0.0,0.094094,0.000871,0.638678,0.565981,0.0,0.732772,0.34,low,0.031992,0.115601,0.147593,0
2026-07-26T18:09:31.471063,11/30 03:15,-8.3,0.0,,,,18.5,28.0,0.3764,0.094094,0.0,0.094094,0.001121,0.863101,0.692796,0.0,0.957195,0.34,low,0.031992,0.156221,0.188213,0
2026-07-26T18:09:31.514060,11/30 04:15,-8.18,0.0,,,,18.5,28.0,0.3764,0.094094,0.0,0.094094,0.001141,0.875934,0.705508,0.0,0.970028,0.34,low,0.031992,0.158544,0.190536,0
2026-07-26T18:09:31.537068,11/30 05:15,-7.52,0.0,,,,18.5,28.0,0.3764,0.094094,0.0,0.094094,0.001037,0.806884,0.658193,0.0,0.900978,0.34,low,0.031992,0.146046,0.178038,0
2026-07-26T18:09:31.574640,11/30 06:15,-5.85,0.0,,,,18.5,28.0,0.3764,0.094094,0.0,0.094094,0.000989,0.782139,0.63566,0.0,0.876233,0.43,moderate,0.04046,0.141567,0.182028,0
2026-07-26T18:09:55.177265,11/30 07:15,-3.02,0.0,,,,18.0,29.0,0.3764,0.094094,0.0,0.094094,0.000428,0.361297,0.317902,0.0,0.455391,0.43,moderate,0.04046,0.065395,0.105855,0
2026-07-26T18:09:55.204263,11/30 08:15,-1.93,0.0,,,,18.0,29.0,0.3764,0.094094,0.0,0.094094,0.000294,0.259706,0.225299,0.0,0.3538,0.43,moderate,0.04046,0.047007,0.087467,0
2026-07-26T18:09:55.234644,11/30 09:15,-0.68,0.0,,,,18.0,29.0,0.3764,0.094094,0.0,0.094094,5.7e-05,0.051427,0.044245,0.0,0.145521,0.43,moderate,0.04046,0.009308,0.049769,0
2026-07-26T18:09:55.261265,11/30 10:15,0.72,0.0,,,,18.0,29.0,0.3764,0.094094,0.0,0.094094,0.0,0.0,0.0,0.0,0.094094,0.3,low,0.028228,0.0,0.028228,0
2026-07-26T18:09:55.288030,11/30 11:15,1.1,0.0,,,,18.0,29.0,0.3764,0.094094,0.0,0.094094,0.0,0.0,0.0,0.0,0.094094,0.3,low,0.028228,0.0,0.028228,0
2026-07-26T18:09:55.317031,11/30 12:15,1.25,0.0,,,,18.0,29.0,0.3764,0.094094,0.0,0.094094,0.0,0.0,0.0,0.0,0.094094,0.3,low,0.028228,0.0,0.028228,0
2026-07-26T18:10:18.062880,11/30 13:15,1.82,0.0,,,,18.0,29.0,0.3764,0.094094,0.0,0.094094,0.0,0.0,0.0,0.0,0.094094,0.3,low,0.028228,0.0,0.028228,0
2026-07-26T18:10:18.089888,11/30 14:15,2.2,0.0,,,,18.0,29.0,0.3764,0.094094,0.0,0.094094,0.0,0.0,0.0,0.0,0.094094,0.3,low,0.028228,0.0,0.028228,0
2026-07-26T18:10:18.112435,11/30 15:15,2.08,0.0,,,,18.0,29.0,0.3764,0.094094,0.0,0.094094,0.0,0.0,0.0,0.0,0.094094,0.3,low,0.028228,0.0,0.028228,0
2026-07-26T18:10:18.136424,11/30 16:15,1.7,0.0,,,,18.0,29.0,0.3764,0.094094,0.0,0.094094,0.0,0.0,0.0,0.0,0.094094,0.55,high,0.051752,0.0,0.051752,0
2026-07-26T18:10:18.157047,11/30 17:15,1.7,0.0,,,,18.0,29.0,0.3764,0.094094,0.0,0.094094,0.0,0.0,0.0,0.0,0.094094,0.55,high,0.051752,0.0,0.051752,0
2026-07-26T18:10:18.178038,11/30 18:15,1.82,0.0,,,,18.0,29.0,0.3764,0.094094,0.0,0.094094,0.0,0.0,0.0,0.0,0.094094,0.55,high,0.051752,0.0,0.051752,0
2026-07-26T18:10:35.872720,11/30 19:15,2.2,0.0,,,,18.0,29.0,0.3764,0.094094,0.0,0.094094,0.0,0.0,0.0,0.0,0.094094,0.55,high,0.051752,0.0,0.051752,0
2026-07-26T18:10:35.897719,11/30 20:15,2.2,0.0,,,,18.0,29.0,0.3764,0.094094,0.0,0.094094,0.0,0.0,0.0,0.0,0.094094,0.55,high,0.051752,0.0,0.051752,0
2026-07-26T18:10:35.923720,11/30 21:15,2.28,0.0,,,,18.0,29.0,0.3764,0.094094,0.0,0.094094,0.0,0.0,0.0,0.0,0.094094,0.4,moderate,0.037638,0.0,0.037638,0
2026-07-26T18:10:35.941742,11/30 22:15,2.58,0.0,,,,18.0,29.0,0.3764,0.094094,0.0,0.094094,0.0,0.0,0.0,0.0,0.094094,0.4,moderate,0.037638,0.0,0.037638,0
2026-07-26T18:10:35.958244,11/30 23:15,2.87,0.0,,,,18.0,29.0,0.3764,0.094094,0.0,0.094094,0.0,0.0,0.0,0.0,0.094094,0.4,moderate,0.037638,0.0,0.037638,0
2026-07-26T18:10:35.976244,12/01 00:15,3.2,0.0,,,,18.0,29.0,0.3764,0.094094,0.0,0.094094,0.0,0.0,0.0,0.0,0.094094,0.34,low,0.031992,0.0,0.031992,0
2026-07-26T18:10:52.600075,12/01 01:15,3.58,0.0,,,,18.0,29.0,0.3764,0.094094,0.0,0.094094,0.0,0.0,0.0,0.0,0.094094,0.34,low,0.031992,0.0,0.031992,0
2026-07-26T18:10:52.630076,12/01 02:15,3.87,0.0,,,,18.0,29.0,0.3764,0.094094,0.0,0.094094,0.0,0.0,0.0,0.0,0.094094,0.34,low,0.031992,0.0,0.031992,0
2026-07-26T18:10:52.649600,12/01 03:15,4.17,0.0,,,,18.0,29.0,0.3764,0.094094,0.0,0.094094,0.0,0.0,0.0,0.0,0.094094,0.34,low,0.031992,0.0,0.031992,0
2026-07-26T18:10:52.671600,12/01 04:15,4.83,0.0,,,,18.0,29.0,0.3764,0.094094,0.0,0.094094,0.0,0.0,0.0,0.0,0.094094,0.34,low,0.031992,0.0,0.031992,0
2026-07-26T18:10:52.688600,12/01 05:15,6.1,0.0,,,,18.0,29.0,0.3764,0.094094,0.0,0.094094,0.0,0.0,0.0,0.0,0.094094,0.34,low,0.031992,0.0,0.031992,0
2026-07-26T18:10:52.707600,12/01 06:15,5.82,0.0,,,,18.0,29.0,0.3764,0.094094,0.0,0.094094,0.0,0.0,0.0,0.0,0.094094,0.43,moderate,0.04046,0.0,0.04046,0
2026-07-26T18:11:09.079209,12/01 07:15,5.83,0.0,,,,18.0,29.0,0.3764,0.094094,0.0,0.094094,0.0,0.0,0.0,0.0,0.094094,0.43,moderate,0.04046,0.0,0.04046,0
2026-07-26T18:11:09.100616,12/01 08:15,7.9,0.0,,,,18.0,29.0,0.3764,0.094094,0.0,0.094094,0.0,0.0,0.0,0.0,0.094094,0.43,moderate,0.04046,0.0,0.04046,0
2026-07-26T18:11:09.123857,12/01 09:15,6.7,0.0,,,,18.0,29.0,0.3764,0.094094,0.0,0.094094,0.0,0.0,0.0,0.0,0.094094,0.43,moderate,0.04046,0.0,0.04046,0
2026-07-26T18:11:09.144381,12/01 10:15,5.85,0.0,,,,18.0,29.0,0.3764,0.094094,0.0,0.094094,0.0,0.0,0.0,0.0,0.094094,0.3,low,0.028228,0.0,0.028228,0
2026-07-26T18:11:09.164095,12/01 11:15,3.3,0.0,,,,18.0,29.0,0.3764,0.094094,0.0,0.094094,0.0,0.0,0.0,0.0,0.094094,0.3,low,0.028228,0.0,0.028228,0
2026-07-26T18:11:09.183085,12/01 12:15,3.3,0.0,,,,18.0,29.0,0.3764,0.094094,0.0,0.094094,0.0,0.0,0.0,0.0,0.094094,0.3,low,0.028228,0.0,0.028228,0
2026-07-26T18:11:25.224305,12/01 13:15,3.45,0.0,,,,18.0,29.0,0.3764,0.094094,0.0,0.094094,0.0,0.0,0.0,0.0,0.094094,0.3,low,0.028228,0.0,0.028228,0
2026-07-26T18:11:25.251304,12/01 14:15,3.9,0.0,,,,18.0,29.0,0.3764,0.094094,0.0,0.094094,0.0,0.0,0.0,0.0,0.094094,0.3,low,0.028228,0.0,0.028228,0
2026-07-26T18:11:25.276303,12/01 15:15,3.75,0.0,,,,18.0,29.0,0.3764,0.094094,0.0,0.094094,0.0,0.0,0.0,0.0,0.094094,0.3,low,0.028228,0.0,0.028228,0
2026-07-26T18:11:25.298304,12/01 16:15,3.17,0.0,,,,18.0,29.0,0.3764,0.094094,0.0,0.094094,0.0,0.0,0.0,0.0,0.094094,0.55,high,0.051752,0.0,0.051752,0
2026-07-26T18:11:25.316319,12/01 17:15,2.52,0.0,,,,18.0,29.0,0.3764,0.094094,0.0,0.094094,0.0,0.0,0.0,0.0,0.094094,0.55,high,0.051752,0.0,0.051752,0
2026-07-26T18:11:25.332827,12/01 18:15,1.82,0.0,,,,18.0,29.0,0.3764,0.094094,0.0,0.094094,0.0,0.0,0.0,0.0,0.094094,0.55,high,0.051752,0.0,0.051752,0
2026-07-26T18:11:46.661426,12/01 19:15,2.2,0.0,,,,18.0,29.0,0.3764,0.094094,0.0,0.094094,2.7e-05,0.023938,0.02154,0.0,0.118032,0.55,high,0.051752,0.004333,0.056084,0
2026-07-26T18:11:46.710418,12/01 20:15,2.2,0.0,,,,18.0,29.0,0.3764,0.094094,0.0,0.094094,7.9e-05,0.071877,0.061727,0.0,0.165971,0.55,high,0.051752,0.01301,0.064761,0
2026-07-26T18:11:46.742946,12/01 21:15,2.35,0.0,,,,18.0,29.0,0.3764,0.094094,0.0,0.094094,0.000153,0.140806,0.1192,0.0,0.2349,0.4,moderate,0.037638,0.025486,0.063123,0
2026-07-26T18:11:46.810952,12/01 22:15,2.65,0.0,,,,18.0,29.0,0.3764,0.094094,0.0,0.094094,6.9e-05,0.063995,0.051934,0.0,0.158089,0.4,moderate,0.037638,0.011583,0.049221,0
2026-07-26T18:11:46.845496,12/01 23:15,2.08,0.0,,,,18.0,29.0,0.3764,0.094094,0.0,0.094094,0.000228,0.212013,0.171683,0.0,0.306107,0.4,moderate,0.037638,0.038374,0.076012,0
2026-07-26T18:11:46.874490,12/02 00:15,1.7,0.0,,,,18.0,29.0,0.3764,0.094094,0.0,0.094094,0.000239,0.222994,0.180565,0.0,0.317088,0.34,low,0.031992,0.040362,0.072354,0
2026-07-26T18:12:09.222739,12/02 01:15,1.55,0.0,,,,18.0,29.0,0.3764,0.094094,0.0,0.094094,0.000522,0.475138,0.366782,0.0,0.569232,0.34,low,0.031992,0.086,0.117992,0
2026-07-26T18:12:09.249749,12/02 02:15,1.1,0.0,,,,18.0,29.0,0.3764,0.094094,0.0,0.094094,0.000504,0.449125,0.356947,0.0,0.543219,0.34,low,0.031992,0.081292,0.113284,0
2026-07-26T18:12:09.278268,12/02 03:15,1.1,0.0,,,,18.0,29.0,0.3764,0.094094,0.0,0.094094,0.00051,0.45031,0.360825,0.0,0.544404,0.34,low,0.031992,0.081506,0.113498,0
2026-07-26T18:12:09.306329,12/02 04:15,1.1,0.0,,,,18.0,29.0,0.3764,0.094094,0.0,0.094094,0.000574,0.501358,0.397915,0.0,0.595452,0.34,low,0.031992,0.090746,0.122738,0
2026-07-26T18:12:09.333270,12/02 05:15,1.1,0.0,,,,18.0,29.0,0.3764,0.094094,0.0,0.094094,0.000615,0.531089,0.422329,0.0,0.625183,0.34,low,0.031992,0.096127,0.128119,0
2026-07-26T18:12:09.361799,12/02 06:15,0.83,0.0,,,,18.0,29.0,0.3764,0.094094,0.0,0.094094,0.00063,0.539209,0.431379,0.0,0.633303,0.43,moderate,0.04046,0.097597,0.138057,0
2026-07-26T18:12:27.583663,12/02 07:15,0.0,0.0,,,,18.0,29.0,0.3764,0.094094,0.0,0.094094,0.00553,2.016668,1.615996,0.0,2.110762,0.43,moderate,0.04046,0.365017,0.405477,0
2026-07-26T18:12:27.618190,12/02 08:15,0.0,0.0,,,,18.0,29.0,0.3764,0.094094,0.0,0.094094,0.005394,1.915357,1.534838,0.0,2.009451,0.43,moderate,0.04046,0.34668,0.38714,0
2026-07-26T18:12:27.645178,12/02 09:23,0.15,52.0,22.0,22.0,22.0,22.0,26.0,0.3764,0.094094,0.0,0.094094,0.007438,3.064313,2.537304,0.0,3.158407,0.43,moderate,0.04046,0.554641,0.595101,0
2026-07-26T18:12:27.665178,12/02 10:15,0.6,52.0,22.17,22.0,22.84,22.0,26.0,0.3764,0.094094,0.0,0.094094,0.004749,1.80804,1.431642,0.0,1.902134,0.3,low,0.028228,0.327255,0.355483,0
2026-07-26T18:12:27.688203,12/02 11:15,0.45,52.0,22.32,22.0,23.48,22.0,26.0,0.3764,0.094094,0.0,0.094094,0.004164,1.414571,1.128319,0.0,1.508665,0.3,low,0.028228,0.256037,0.284266,0
2026-07-26T18:12:27.711704,12/02 12:15,0.0,41.6,22.29,22.0,23.42,22.0,26.0,0.3764,0.094094,0.0,0.094094,0.004253,1.521149,1.230582,0.0,1.615243,0.3,low,0.028228,0.275328,0.303556,0
2026-07-26T18:12:47.349526,12/02 13:15,0.15,20.8,22.21,22.0,23.06,22.0,25.0,0.3764,0.094094,0.0,0.094094,0.004424,1.724109,1.389842,0.0,1.818203,0.3,low,0.028228,0.312064,0.340292,0
2026-07-26T18:12:47.377390,12/02 14:15,0.72,41.6,22.3,22.0,23.52,22.0,25.0,0.3764,0.094094,0.0,0.094094,0.004041,1.482448,1.199335,0.0,1.576542,0.3,low,0.028228,0.268323,0.296551,0
2026-07-26T18:12:47.405274,12/02 15:15,0.68,52.0,22.39,22.0,23.88,22.0,25.0,0.3764,0.094094,0.0,0.094094,0.003779,1.327587,1.066261,0.0,1.421681,0.3,low,0.028228,0.240293,0.268521,0
2026-07-26T18:12:47.429818,12/02 16:15,-0.6,52.0,22.35,22.0,23.75,22.0,25.0,0.3764,0.094094,0.0,0.094094,0.004404,1.746482,1.426167,0.0,1.840576,0.55,high,0.051752,0.316113,0.367865,0
2026-07-26T18:12:47.457620,12/02 17:15,-0.72,52.0,22.3,22.0,23.51,22.0,25.0,0.3764,0.094094,0.0,0.094094,0.0047,1.99768,1.60968,0.0,2.091774,0.55,high,0.051752,0.36158,0.413332,0
2026-07-26T18:12:47.481633,12/02 18:15,-1.1,52.0,22.31,22.0,23.54,22.0,25.0,0.3764,0.094094,0.0,0.094094,0.004861,2.071849,1.667595,0.0,2.165943,0.55,high,0.051752,0.375005,0.426756,0
2026-07-26T18:13:08.215018,12/02 19:15,-1.25,26.0,20.85,20.5,22.27,20.5,26.0,0.3764,0.094094,0.0,0.094094,0.004686,1.859478,1.504316,0.0,1.953572,0.55,high,0.051752,0.336566,0.388317,0
2026-07-26T18:13:08.258021,12/02 20:15,-1.97,0.0,,,,20.5,26.0,0.3764,0.094094,0.0,0.094094,0.00628,2.741274,2.205893,0.0,2.835368,0.55,high,0.051752,0.496171,0.547922,0
2026-07-26T18:13:08.282037,12/02 21:15,-3.07,0.0,,,,20.5,26.0,0.3764,0.094094,0.0,0.094094,0.00218,1.33677,1.091967,0.0,1.430864,0.4,moderate,0.037638,0.241955,0.279593,0
2026-07-26T18:13:08.304030,12/02 22:15,-4.03,0.0,,,,20.5,26.0,0.3764,0.094094,0.0,0.094094,0.002953,1.721962,1.367507,0.0,1.816056,0.4,moderate,0.037638,0.311675,0.349313,0
2026-07-26T18:13:08.326030,12/02 23:15,-4.83,0.0,,,,20.5,26.0,0.3764,0.094094,0.0,0.094094,0.003539,1.937969,1.54492,0.0,2.032063,0.4,moderate,0.037638,0.350772,0.38841,0
2026-07-26T18:13:08.348036,12/03 00:15,-6.25,0.0,,,,20.5,26.0,0.3764,0.094094,0.0,0.094094,0.003392,1.857098,1.501519,0.0,1.951192,0.34,low,0.031992,0.336135,0.368127,0
2026-07-26T18:13:25.698835,12/03 01:15,-6.83,0.0,,,,18.5,28.0,0.3764,0.094094,0.0,0.094094,0.000514,0.320856,0.361525,0.0,0.41495,0.34,low,0.031992,0.058075,0.090067,0
2026-07-26T18:13:25.720835,12/03 02:15,-7.35,0.0,,,,18.5,28.0,0.3764,0.094094,0.0,0.094094,0.001067,0.798778,0.660471,0.0,0.892872,0.34,low,0.031992,0.144579,0.176571,0
2026-07-26T18:13:25.740835,12/03 03:15,-7.38,0.0,,,,18.5,28.0,0.3764,0.094094,0.0,0.094094,0.001362,1.008838,0.798084,0.0,1.102932,0.34,low,0.031992,0.1826,0.214592,0
2026-07-26T18:13:25.792975,12/03 04:15,-5.82,0.0,,,,18.5,28.0,0.3764,0.094094,0.0,0.094094,0.001198,0.89174,0.729517,0.0,0.985834,0.34,low,0.031992,0.161405,0.193397,0
2026-07-26T18:13:25.841657,12/03 05:15,-5.0,0.0,,,,18.5,28.0,0.3764,0.094094,0.0,0.094094,0.001183,0.895042,0.725212,0.0,0.989136,0.34,low,0.031992,0.162003,0.193995,0
2026-07-26T18:13:25.869674,12/03 06:15,-5.15,0.0,,,,18.5,28.0,0.3764,0.094094,0.0,0.094094,0.001226,0.929085,0.746868,0.0,1.023179,0.43,moderate,0.04046,0.168164,0.208625,0
2026-07-26T18:13:42.919930,12/03 07:15,-5.3,0.0,,,,18.0,29.0,0.3764,0.094094,0.0,0.094094,0.007454,2.697066,2.179949,0.0,2.79116,0.43,moderate,0.04046,0.488169,0.528629,0
2026-07-26T18:13:42.944231,12/03 08:15,-3.58,0.0,,,,18.0,29.0,0.3764,0.094094,0.0,0.094094,0.00671,2.359532,1.896022,0.0,2.453626,0.43,moderate,0.04046,0.427075,0.467536,0
2026-07-26T18:13:42.972652,12/03 09:23,-0.83,52.0,22.0,22.0,22.0,22.0,26.0,0.3764,0.094094,0.0,0.094094,0.007395,2.96878,2.448414,0.0,3.062874,0.43,moderate,0.04046,0.537349,0.57781,0
2026-07-26T18:13:42.995079,12/03 10:15,0.28,52.0,22.2,22.0,23.01,22.0,26.0,0.3764,0.094094,0.0,0.094094,0.005055,1.929214,1.536719,0.0,2.023308,0.3,low,0.028228,0.349188,0.377416,0
2026-07-26T18:13:43.016034,12/03 11:15,1.38,52.0,22.3,22.0,23.49,22.0,26.0,0.3764,0.094094,0.0,0.094094,0.004241,1.458532,1.151794,0.0,1.552626,0.3,low,0.028228,0.263994,0.292222,0
2026-07-26T18:13:43.037251,12/03 12:15,2.62,41.6,22.35,22.0,23.6,22.0,26.0,0.3764,0.094094,0.0,0.094094,0.003823,1.237558,0.983297,0.0,1.331652,0.3,low,0.028228,0.223998,0.252226,0
2026-07-26T18:14:01.855909,12/03 13:15,4.03,20.8,22.25,22.0,23.25,22.0,25.0,0.3764,0.094094,0.0,0.094094,0.003689,1.022762,0.956338,0.0,1.116856,0.3,low,0.028228,0.18512,0.213348,0
2026-07-26T18:14:01.883896,12/03 14:15,4.28,41.6,22.46,22.0,23.79,22.0,25.0,0.3764,0.094094,0.0,0.094094,0.005115,0.215768,0.707308,0.0,0.309862,0.3,low,0.028228,0.039054,0.067282,0
2026-07-26T18:14:01.909898,12/03 15:15,4.03,52.0,22.46,22.0,24.0,22.0,25.0,0.3764,0.094094,0.0,0.094094,0.005377,0.540048,0.656113,0.0,0.634142,0.3,low,0.028228,0.097749,0.125977,0
2026-07-26T18:14:01.935903,12/03 16:15,4.12,52.0,22.38,22.0,23.88,22.0,25.0,0.3764,0.094094,0.0,0.094094,0.005616,0.758765,0.739301,0.0,0.852859,0.55,high,0.051752,0.137336,0.189088,0
2026-07-26T18:14:01.960416,12/03 17:15,3.17,52.0,22.35,22.0,23.75,22.0,25.0,0.3764,0.094094,0.0,0.094094,0.005273,1.909251,1.058237,0.0,2.003345,0.55,high,0.051752,0.345574,0.397326,0
2026-07-26T18:14:01.984417,12/03 18:15,2.8,52.0,22.36,22.0,23.79,22.0,25.0,0.3764,0.094094,0.0,0.094094,0.003706,1.404341,1.126443,0.0,1.498435,0.55,high,0.051752,0.254186,0.305937,0
2026-07-26T18:14:21.255137,12/03 19:15,2.65,26.0,20.88,20.48,22.43,20.5,26.0,0.3764,0.094094,0.0,0.094094,0.005586,1.784483,1.050664,0.0,1.878577,0.55,high,0.051752,0.322991,0.374743,0
2026-07-26T18:14:21.285647,12/03 20:15,2.08,0.0,,,,20.5,26.0,0.3764,0.094094,0.0,0.094094,0.005002,2.132589,1.72154,0.0,2.226683,0.55,high,0.051752,0.385999,0.43775,0
2026-07-26T18:14:21.309648,12/03 21:15,1.55,0.0,,,,20.5,26.0,0.3764,0.094094,0.0,0.094094,0.001512,0.975788,0.829235,0.0,1.069882,0.4,moderate,0.037638,0.176618,0.214255,0
2026-07-26T18:14:21.333647,12/03 22:15,1.25,0.0,,,,20.5,26.0,0.3764,0.094094,0.0,0.094094,0.002215,1.430586,1.135484,0.0,1.52468,0.4,moderate,0.037638,0.258936,0.296574,0
2026-07-26T18:14:21.354657,12/03 23:15,1.82,0.0,,,,20.5,26.0,0.3764,0.094094,0.0,0.094094,0.002446,1.531952,1.228742,0.0,1.626046,0.4,moderate,0.037638,0.277283,0.314921,0
2026-07-26T18:14:21.378186,12/04 00:15,2.2,0.0,,,,20.5,26.0,0.3764,0.094094,0.0,0.094094,0.002813,1.700001,1.358134,0.0,1.794095,0.34,low,0.031992,0.3077,0.339692,0
2026-07-26T18:14:40.535524,12/04 01:15,2.2,0.0,,,,18.5,28.0,0.3764,0.094094,0.0,0.094094,0.0,0.0,0.0,0.0,0.094094,0.34,low,0.031992,0.0,0.031992,0
2026-07-26T18:14:40.558475,12/04 02:15,2.2,0.0,,,,18.5,28.0,0.3764,0.094094,0.0,0.094094,0.000305,0.206162,0.22796,0.0,0.300256,0.34,low,0.031992,0.037315,0.069307,0
2026-07-26T18:14:40.579472,12/04 03:15,2.08,0.0,,,,18.5,28.0,0.3764,0.094094,0.0,0.094094,0.000481,0.37402,0.338981,0.0,0.468114,0.34,low,0.031992,0.067698,0.09969,0
2026-07-26T18:14:40.600485,12/04 04:15,1.7,0.0,,,,18.5,28.0,0.3764,0.094094,0.0,0.094094,0.000712,0.582327,0.47309,0.0,0.676421,0.34,low,0.031992,0.105401,0.137393,0
2026-07-26T18:14:40.622009,12/04 05:15,1.55,0.0,,,,18.5,28.0,0.3764,0.094094,0.0,0.094094,0.000824,0.66994,0.533978,0.0,0.764034,0.34,low,0.031992,0.121259,0.153251,0
2026-07-26T18:14:40.642020,12/04 06:15,1.1,0.0,,,,18.5,28.0,0.3764,0.094094,0.0,0.094094,0.000871,0.699797,0.55892,0.0,0.793891,0.43,moderate,0.04046,0.126663,0.167124,0
2026-07-26T18:14:57.714911,12/04 07:15,0.98,0.0,,,,18.0,29.0,0.3764,0.094094,0.0,0.094094,0.004955,1.707716,1.374489,0.0,1.80181,0.43,moderate,0.04046,0.309097,0.349557,0
2026-07-26T18:14:57.735910,12/04 08:15,0.17,0.0,,,,18.0,29.0,0.3764,0.094094,0.0,0.094094,0.005026,1.718863,1.380003,0.0,1.812957,0.43,moderate,0.04046,0.311114,0.351575,0
2026-07-26T18:14:57.761911,12/04 09:15,-0.55,52.0,21.5,21.5,21.5,21.5,26.0,0.3764,0.094094,0.0,0.094094,0.006772,2.837002,2.299515,0.0,2.931096,0.43,moderate,0.04046,0.513497,0.553958,0
2026-07-26T18:14:57.781917,12/04 10:15,1.65,52.0,21.83,21.5,22.75,21.5,26.0,0.3764,0.094094,0.0,0.094094,0.004256,1.453687,1.131135,0.0,1.547781,0.3,low,0.028228,0.263117,0.291346,0
2026-07-26T18:14:57.800434,12/04 11:15,3.3,52.0,22.44,21.5,23.35,21.5,26.0,0.3764,0.094094,0.0,0.094094,0.004168,0.553196,0.852818,0.0,0.64729,0.3,low,0.028228,0.100128,0.128357,0
2026-07-26T18:14:57.818432,12/04 12:23,3.45,41.6,22.79,21.5,23.58,21.5,26.0,0.3764,0.094094,0.0,0.094094,0.005195,0.567957,0.754188,0.0,0.662051,0.3,low,0.028228,0.1028,0.131028,0
2026-07-26T18:15:16.671892,12/04 13:15,3.75,20.8,22.61,21.5,24.34,21.5,25.0,0.3764,0.094094,0.0,0.094094,0.005192,0.43958,0.674064,0.0,0.533674,0.3,low,0.028228,0.079564,0.107792,0
2026-07-26T18:15:16.699409,12/04 14:15,3.17,41.6,22.84,21.5,25.0,21.5,25.0,0.3787,0.094673,0.0,0.094673,0.005269,0.736271,0.638448,0.0,0.830944,0.3,low,0.028402,0.133265,0.161667,0
2026-07-26T18:15:16.722410,12/04 15:15,2.52,52.0,23.14,22.01,25.0,21.5,25.0,0.3848,0.096202,0.0,0.096202,0.005314,0.999744,0.737037,0.0,1.095946,0.3,low,0.028861,0.180954,0.209814,0
2026-07-26T18:15:16.744419,12/04 16:15,1.42,52.0,23.0,21.79,24.83,21.5,25.0,0.3764,0.094094,0.0,0.094094,0.005416,1.554811,0.921775,0.0,1.648905,0.55,high,0.051752,0.281421,0.333172,0
2026-07-26T18:15:16.768422,12/04 17:23,0.45,52.0,22.28,21.5,23.98,21.5,25.0,0.3764,0.094094,0.0,0.094094,0.003624,1.32951,1.055302,0.0,1.423604,0.55,high,0.051752,0.240641,0.292393,0
2026-07-26T18:15:16.787939,12/04 18:15,0.0,52.0,22.04,21.5,23.76,21.5,25.0,0.3764,0.094094,0.0,0.094094,0.00391,1.495347,1.211454,0.0,1.589441,0.55,high,0.051752,0.270658,0.32241,0
2026-07-26T18:15:36.070787,12/04 19:15,-0.15,26.0,20.86,20.5,22.28,20.5,26.0,0.3764,0.094094,0.0,0.094094,0.004204,1.620472,1.331898,0.0,1.714566,0.55,high,0.051752,0.293305,0.345057,0
2026-07-26T18:15:36.100309,12/04 20:15,-0.88,0.0,,,,20.5,26.0,0.3764,0.094094,0.0,0.094094,0.006,2.659847,2.141978,0.0,2.753941,0.55,high,0.051752,0.481432,0.533184,0
2026-07-26T18:15:36.122308,12/04 21:15,-1.97,0.0,,,,20.5,26.0,0.3764,0.094094,0.0,0.094094,0.001959,1.217104,0.998369,0.0,1.311198,0.4,moderate,0.037638,0.220296,0.257933,0
2026-07-26T18:15:36.144309,12/04 22:15,-2.8,0.0,,,,20.5,26.0,0.3764,0.094094,0.0,0.094094,0.002781,1.654661,1.312153,0.0,1.748755,0.4,moderate,0.037638,0.299494,0.337131,0
2026-07-26T18:15:36.165313,12/04 23:15,-2.1,0.0,,,,20.5,26.0,0.3764,0.094094,0.0,0.094094,0.00339,1.892384,1.507309,0.0,1.986478,0.4,moderate,0.037638,0.342522,0.380159,0
2026-07-26T18:15:36.188316,12/05 00:15,0.0,0.0,,,,20.5,26.0,0.3764,0.094094,0.0,0.094094,0.003154,1.795687,1.457328,0.0,1.889781,0.34,low,0.031992,0.325019,0.357011,0
2026-07-26T18:15:54.054539,12/05 01:15,0.0,0.0,,,,18.5,28.0,0.3764,0.094094,0.0,0.094094,0.000136,0.079403,0.107545,0.0,0.173497,0.34,low,0.031992,0.014372,0.046364,0
2026-07-26T18:15:54.079153,12/05 02:15,0.0,0.0,,,,18.5,28.0,0.3764,0.094094,0.0,0.094094,0.000561,0.403085,0.388935,0.0,0.497179,0.34,low,0.031992,0.072958,0.10495,0
2026-07-26T18:15:54.098200,12/05 03:15,-0.42,0.0,,,,18.5,28.0,0.3764,0.094094,0.0,0.094094,0.00062,0.496265,0.42366,0.0,0.590359,0.34,low,0.031992,0.089824,0.121816,0
2026-07-26T18:15:54.119991,12/05 04:15,-1.97,0.0,,,,18.5,28.0,0.3764,0.094094,0.0,0.094094,0.000794,0.651533,0.521792,0.0,0.745627,0.34,low,0.031992,0.117927,0.149919,0
2026-07-26T18:15:54.141564,12/05 05:15,-3.07,0.0,,,,18.5,28.0,0.3764,0.094094,0.0,0.094094,0.000952,0.765736,0.605757,0.0,0.85983,0.34,low,0.031992,0.138598,0.17059,0
2026-07-26T18:15:54.160232,12/05 06:15,-4.03,0.0,,,,18.5,28.0,0.3764,0.094094,0.0,0.094094,0.00115,0.893193,0.702833,0.0,0.987287,0.43,moderate,0.04046,0.161668,0.202128,0
2026-07-26T18:16:09.909919,12/05 07:15,-4.4,0.0,,,,18.0,29.0,0.3764,0.094094,0.0,0.094094,0.006729,2.476329,1.998878,0.0,2.570423,0.43,moderate,0.04046,0.448216,0.488676,0
2026-07-26T18:16:09.937919,12/05 08:23,-4.0,0.0,,,,18.0,29.0,0.3764,0.094094,0.0,0.094094,0.006632,2.37704,1.91129,0.0,2.471134,0.43,moderate,0.04046,0.430244,0.470705,0
2026-07-26T18:16:09.968437,12/05 09:23,-2.25,52.0,22.19,22.0,22.93,22.0,26.0,0.3764,0.094094,0.0,0.094094,0.007567,2.998392,2.474757,0.0,3.092486,0.43,moderate,0.04046,0.542709,0.583169,0
2026-07-26T18:16:09.992437,12/05 10:23,-0.17,52.0,22.93,22.0,25.25,22.0,26.0,0.3764,0.094094,0.0,0.094094,0.004715,1.700198,1.351653,0.0,1.794292,0.3,low,0.028228,0.307736,0.335964,0
2026-07-26T18:16:10.013436,12/05 11:23,1.38,52.0,23.46,22.0,25.5,22.0,25.5,0.3797,0.094925,0.0,0.094925,0.003517,1.273915,1.026074,0.0,1.36884,0.3,low,0.028477,0.230579,0.259056,0
2026-07-26T18:16:10.035436,12/05 12:23,2.2,41.6,23.83,22.0,25.46,22.0,25.5,0.3764,0.094094,0.0,0.094094,0.003517,1.121631,0.927448,0.0,1.215725,0.3,low,0.028228,0.203015,0.231243,0
2026-07-26T18:16:27.020791,12/05 13:23,2.48,20.8,23.38,22.0,25.0,22.0,25.0,0.3885,0.09712,0.0,0.09712,0.002258,0.982348,0.836205,0.0,1.079468,0.3,low,0.029136,0.177805,0.206941,0
2026-07-26T18:16:27.044792,12/05 14:15,3.02,41.6,23.49,22.01,25.0,22.0,25.0,0.41,0.102501,0.0,0.102501,0.001063,0.395777,0.469467,0.0,0.498278,0.3,low,0.03075,0.071636,0.102386,0
2026-07-26T18:16:27.072797,12/05 15:15,1.8,52.0,23.59,22.47,25.07,22.0,25.0,0.4131,0.103269,0.0,0.103269,0.001021,0.625623,0.493161,0.0,0.728892,0.3,low,0.030981,0.113238,0.144218,0
2026-07-26T18:16:27.094309,12/05 16:15,0.02,52.0,23.44,22.34,25.0,22.0,25.0,0.3886,0.097156,0.0,0.097156,0.002195,1.208932,0.848254,0.0,1.306088,0.55,high,0.053436,0.218817,0.272252,0
2026-07-26T18:16:27.113309,12/05 17:23,-1.82,52.0,22.86,22.0,24.52,22.0,25.0,0.3764,0.094094,0.0,0.094094,0.00403,1.577896,1.278649,0.0,1.67199,0.55,high,0.051752,0.285599,0.337351,0
2026-07-26T18:16:27.135310,12/05 18:15,-2.62,52.0,22.63,22.0,24.42,22.0,25.0,0.3764,0.094094,0.0,0.094094,0.004317,1.720198,1.384972,0.0,1.814292,0.55,high,0.051752,0.311356,0.363108,0
2026-07-26T18:16:46.268031,12/05 19:15,-3.9,26.0,21.08,20.49,23.03,20.5,26.0,0.3764,0.094094,0.0,0.094094,0.004985,1.858743,1.535199,0.0,1.952837,0.55,high,0.051752,0.336432,0.388184,0
2026-07-26T18:16:46.301040,12/05 20:15,-3.9,0.0,,,,20.5,26.0,0.3764,0.094094,0.0,0.094094,0.006331,2.72381,2.199677,0.0,2.817904,0.55,high,0.051752,0.49301,0.544761,0
2026-07-26T18:16:46.321569,12/05 21:15,-3.62,0.0,,,,20.5,26.0,0.3764,0.094094,0.0,0.094094,0.001897,1.173879,0.949036,0.0,1.267973,0.4,moderate,0.037638,0.212472,0.25011,0
2026-07-26T18:16:46.342566,12/05 22:15,-2.65,0.0,,,,20.5,26.0,0.3764,0.094094,0.0,0.094094,0.002687,1.596861,1.273324,0.0,1.690955,0.4,moderate,0.037638,0.289032,0.326669,0
2026-07-26T18:16:46.365567,12/05 23:15,-2.08,0.0,,,,20.5,26.0,0.3764,0.094094,0.0,0.094094,0.003158,1.798956,1.43772,0.0,1.89305,0.4,moderate,0.037638,0.325611,0.363249,0
2026-07-26T18:16:46.387565,12/06 00:15,-1.7,0.0,,,,20.5,26.0,0.3764,0.094094,0.0,0.094094,0.003355,1.875437,1.507377,0.0,1.969531,0.34,low,0.031992,0.339454,0.371446,0
2026-07-26T18:17:05.493136,12/06 01:15,-1.7,0.0,,,,18.5,28.0,0.3764,0.094094,0.0,0.094094,0.000281,0.166738,0.210459,0.0,0.260832,0.34,low,0.031992,0.03018,0.062172,0
2026-07-26T18:17:05.516135,12/06 02:15,-1.7,0.0,,,,18.5,28.0,0.3764,0.094094,0.0,0.094094,0.000657,0.486873,0.445394,0.0,0.580967,0.34,low,0.031992,0.088124,0.120116,0
2026-07-26T18:17:05.537143,12/06 03:15,-1.7,0.0,,,,18.5,28.0,0.3764,0.094094,0.0,0.094094,0.000838,0.667072,0.546121,0.0,0.761166,0.34,low,0.031992,0.12074,0.152732,0
2026-07-26T18:17:05.563660,12/06 04:15,-1.7,0.0,,,,18.5,28.0,0.3764,0.094094,0.0,0.094094,0.000983,0.77988,0.620607,0.0,0.873974,0.34,low,0.031992,0.141158,0.17315,0
2026-07-26T18:17:05.587664,12/06 05:15,-1.55,0.0,,,,18.5,28.0,0.3764,0.094094,0.0,0.094094,0.001138,0.87869,0.696029,0.0,0.972784,0.34,low,0.031992,0.159043,0.191035,0
2026-07-26T18:17:05.618663,12/06 06:15,-0.83,0.0,,,,18.5,28.0,0.3764,0.094094,0.0,0.094094,0.001005,0.776159,0.631352,0.0,0.870253,0.43,moderate,0.04046,0.140485,0.180945,0
2026-07-26T18:17:24.298795,12/06 07:15,0.15,0.0,,,,18.0,29.0,0.3764,0.094094,0.0,0.094094,0.005362,1.899947,1.529823,0.0,1.994041,0.43,moderate,0.04046,0.34389,0.384351,0
2026-07-26T18:17:24.322794,12/06 08:15,0.88,0.0,,,,18.0,29.0,0.3764,0.094094,0.0,0.094094,0.005115,1.738024,1.384203,0.0,1.832118,0.43,moderate,0.04046,0.314582,0.355043,0
2026-07-26T18:17:24.353812,12/06 09:23,2.1,52.0,22.0,22.0,22.0,22.0,26.0,0.3764,0.094094,0.0,0.094094,0.006709,2.736194,2.259762,0.0,2.830288,0.43,moderate,0.04046,0.495251,0.535712,0
2026-07-26T18:17:24.376315,12/06 10:15,3.57,52.0,22.25,22.0,22.9,22.0,26.0,0.3764,0.094094,0.0,0.094094,0.004045,1.366984,1.051365,0.0,1.461078,0.3,low,0.028228,0.247424,0.275652,0
2026-07-26T18:17:24.401326,12/06 11:15,4.7,52.0,22.72,22.0,23.43,22.0,26.0,0.3764,0.094094,0.0,0.094094,0.005087,0.232999,0.730361,0.0,0.327093,0.3,low,0.028228,0.042173,0.070401,0
2026-07-26T18:17:24.421316,12/06 12:15,6.0,41.6,22.69,22.0,23.53,22.0,26.0,0.3764,0.094094,0.0,0.094094,0.005089,0.151033,0.547082,0.0,0.245127,0.3,low,0.028228,0.027337,0.055565,0
2026-07-26T18:17:44.798114,12/06 13:15,7.08,20.8,22.46,22.0,23.21,22.0,25.0,0.3764,0.094094,0.0,0.094094,0.005146,0.417711,0.489118,0.0,0.511805,0.3,low,0.028228,0.075606,0.103834,0
2026-07-26T18:17:44.823125,12/06 14:15,6.7,41.6,22.54,22.0,23.67,22.0,25.0,0.3764,0.094094,0.0,0.094094,0.005238,0.214496,0.422899,0.0,0.30859,0.3,low,0.028228,0.038824,0.067052,0
2026-07-26T18:17:44.847113,12/06 15:15,6.55,52.0,22.62,22.0,23.92,22.0,25.0,0.3764,0.094094,0.0,0.094094,0.005517,0.014187,0.344276,0.0,0.108281,0.3,low,0.028228,0.002568,0.030796,0
2026-07-26T18:17:44.871113,12/06 16:15,5.82,52.0,22.5,22.0,23.83,22.0,25.0,0.3764,0.094094,0.0,0.094094,0.006444,0.668439,0.412548,0.0,0.762533,0.55,high,0.051752,0.120987,0.172739,0
2026-07-26T18:17:44.894653,12/06 17:15,4.85,52.0,22.33,22.0,23.67,22.0,25.0,0.3764,0.094094,0.0,0.094094,0.005537,1.137585,0.775903,0.0,1.231679,0.55,high,0.051752,0.205903,0.257655,0
2026-07-26T18:17:44.916649,12/06 18:15,4.55,52.0,22.33,22.0,23.64,22.0,25.0,0.3764,0.094094,0.0,0.094094,0.00548,1.46871,0.95011,0.0,1.562804,0.55,high,0.051752,0.265837,0.317588,0
2026-07-26T18:18:04.666113,12/06 19:15,5.0,26.0,20.86,20.49,22.33,20.5,26.0,0.3764,0.094094,0.0,0.094094,0.002934,0.526663,0.796034,0.0,0.620757,0.55,high,0.051752,0.095326,0.147078,0
2026-07-26T18:18:04.692113,12/06 20:15,5.0,0.0,,,,20.5,26.0,0.3764,0.094094,0.0,0.094094,0.004012,1.733289,1.399341,0.0,1.827383,0.55,high,0.051752,0.313725,0.365477,0
2026-07-26T18:18:04.710127,12/06 21:15,5.0,0.0,,,,20.5,26.0,0.3764,0.094094,0.0,0.094094,0.001153,0.753898,0.66729,0.0,0.847992,0.4,moderate,0.037638,0.136456,0.174093,0
2026-07-26T18:18:04.729638,12/06 22:15,5.0,0.0,,,,20.5,26.0,0.3764,0.094094,0.0,0.094094,0.001763,1.210032,0.964608,0.0,1.304126,0.4,moderate,0.037638,0.219016,0.256653,0
2026-07-26T18:18:04.749637,12/06 23:15,5.0,0.0,,,,20.5,26.0,0.3764,0.094094,0.0,0.094094,0.001909,1.283331,1.02918,0.0,1.377425,0.4,moderate,0.037638,0.232283,0.269921,0
2026-07-26T18:18:04.777637,12/07 00:15,5.0,0.0,,,,20.5,26.0,0.3764,0.094094,0.0,0.094094,0.001994,1.325735,1.066681,0.0,1.419829,0.34,low,0.031992,0.239958,0.27195,0
2026-07-26T18:18:22.156989,12/07 01:15,5.0,0.0,,,,18.5,28.0,0.3764,0.094094,0.0,0.094094,0.0,0.0,0.0,0.0,0.094094,0.34,low,0.031992,0.0,0.031992,0
2026-07-26T18:18:22.179781,12/07 02:15,5.0,0.0,,,,18.5,28.0,0.3764,0.094094,0.0,0.094094,0.0,0.0,0.0,0.0,0.094094,0.34,low,0.031992,0.0,0.031992,0
2026-07-26T18:18:22.199830,12/07 03:15,5.0,0.0,,,,18.5,28.0,0.3764,0.094094,0.0,0.094094,0.0,0.0,0.0,0.0,0.094094,0.34,low,0.031992,0.0,0.031992,0
2026-07-26T18:18:22.220776,12/07 04:15,5.0,0.0,,,,18.5,28.0,0.3764,0.094094,0.0,0.094094,0.0,0.0,0.0,0.0,0.094094,0.34,low,0.031992,0.0,0.031992,0
2026-07-26T18:18:22.242775,12/07 05:15,5.0,0.0,,,,18.5,28.0,0.3764,0.094094,0.0,0.094094,4e-06,0.002634,0.001559,0.0,0.096728,0.34,low,0.031992,0.000477,0.032469,0
2026-07-26T18:18:22.261919,12/07 06:15,5.0,0.0,,,,18.5,28.0,0.3764,0.094094,0.0,0.094094,1.2e-05,0.007828,0.006753,0.0,0.101922,0.43,moderate,0.04046,0.001417,0.041877,0
2026-07-26T18:18:40.136863,12/07 07:15,5.0,0.0,,,,18.0,29.0,0.3764,0.094094,0.0,0.094094,0.0,0.0,0.0,0.0,0.094094,0.43,moderate,0.04046,0.0,0.04046,0
2026-07-26T18:18:40.161482,12/07 08:15,5.15,0.0,,,,18.0,29.0,0.3764,0.094094,0.0,0.094094,0.0,0.0,0.0,0.0,0.094094,0.43,moderate,0.04046,0.0,0.04046,0
2026-07-26T18:18:40.182178,12/07 09:15,5.72,0.0,,,,18.0,29.0,0.3764,0.094094,0.0,0.094094,0.0,0.0,0.0,0.0,0.094094,0.43,moderate,0.04046,0.0,0.04046,0
2026-07-26T18:18:40.202623,12/07 10:15,6.52,0.0,,,,18.0,29.0,0.3764,0.094094,0.0,0.094094,0.0,0.0,0.0,0.0,0.094094,0.3,low,0.028228,0.0,0.028228,0
2026-07-26T18:18:40.222621,12/07 11:23,8.07,0.0,,,,18.0,29.0,0.3764,0.094094,0.0,0.094094,0.0,0.0,0.0,0.0,0.094094,0.3,low,0.028228,0.0,0.028228,0
2026-07-26T18:18:40.243891,12/07 12:15,9.03,0.0,,,,18.0,29.0,0.3764,0.094094,0.0,0.094094,0.0,0.0,0.0,0.0,0.094094,0.3,low,0.028228,0.0,0.028228,0
2026-07-26T18:18:57.841542,12/07 13:15,9.4,0.0,,,,18.0,29.0,0.3764,0.094094,0.0,0.094094,0.0,0.0,0.0,0.0,0.094094,0.3,low,0.028228,0.0,0.028228,0
2026-07-26T18:18:57.867543,12/07 14:15,9.83,0.0,,,,18.0,29.0,0.3764,0.094094,0.0,0.094094,0.0,0.0,0.0,0.0,0.094094,0.3,low,0.028228,0.0,0.028228,0
2026-07-26T18:18:57.887542,12/07 15:15,10.67,0.0,,,,18.0,29.0,0.3764,0.094094,0.0,0.094094,0.0,0.0,0.0,0.0,0.094094,0.3,low,0.028228,0.0,0.028228,0
2026-07-26T18:18:57.909547,12/07 16:15,9.12,0.0,,,,18.0,29.0,0.3764,0.094094,0.0,0.094094,0.0,0.0,0.0,0.0,0.094094,0.55,high,0.051752,0.0,0.051752,0
2026-07-26T18:18:57.932081,12/07 17:15,8.18,0.0,,,,18.0,29.0,0.3764,0.094094,0.0,0.094094,0.0,0.0,0.0,0.0,0.094094,0.55,high,0.051752,0.0,0.051752,0
2026-07-26T18:18:57.953080,12/07 18:15,7.38,0.0,,,,18.0,29.0,0.3764,0.094094,0.0,0.094094,0.0,0.0,0.0,0.0,0.094094,0.55,high,0.051752,0.0,0.051752,0
2026-07-26T18:19:15.656820,12/07 19:15,5.97,0.0,,,,18.0,29.0,0.3764,0.094094,0.0,0.094094,0.0,0.0,0.0,0.0,0.094094,0.55,high,0.051752,0.0,0.051752,0
2026-07-26T18:19:15.734821,12/07 20:15,5.87,0.0,,,,18.0,29.0,0.3764,0.094094,0.0,0.094094,0.0,0.0,0.0,0.0,0.094094,0.55,high,0.051752,0.0,0.051752,0
2026-07-26T18:19:15.759354,12/07 21:15,6.43,0.0,,,,18.0,29.0,0.3764,0.094094,0.0,0.094094,0.0,0.0,0.0,0.0,0.094094,0.4,moderate,0.037638,0.0,0.037638,0
2026-07-26T18:19:15.784353,12/07 22:15,5.45,0.0,,,,18.0,29.0,0.3764,0.094094,0.0,0.094094,0.0,0.0,0.0,0.0,0.094094,0.4,moderate,0.037638,0.0,0.037638,0
2026-07-26T18:19:15.807353,12/07 23:15,4.58,0.0,,,,18.0,29.0,0.3764,0.094094,0.0,0.094094,0.0,0.0,0.0,0.0,0.094094,0.4,moderate,0.037638,0.0,0.037638,0
2026-07-26T18:19:15.852404,12/08 00:15,3.3,0.0,,,,18.0,29.0,0.3764,0.094094,0.0,0.094094,0.0,0.0,0.0,0.0,0.094094,0.34,low,0.031992,0.0,0.031992,0
2026-07-26T18:19:35.654121,12/08 01:15,3.17,0.0,,,,18.0,29.0,0.3764,0.094094,0.0,0.094094,0.0,0.0,0.0,0.0,0.094094,0.34,low,0.031992,0.0,0.031992,0
2026-07-26T18:19:35.682113,12/08 02:15,2.8,0.0,,,,18.0,29.0,0.3764,0.094094,0.0,0.094094,0.0,0.0,0.0,0.0,0.094094,0.34,low,0.031992,0.0,0.031992,0
2026-07-26T18:19:35.710628,12/08 03:15,2.8,0.0,,,,18.0,29.0,0.3764,0.094094,0.0,0.094094,0.0,0.0,0.0,0.0,0.094094,0.34,low,0.031992,0.0,0.031992,0
2026-07-26T18:19:35.735627,12/08 04:15,2.65,0.0,,,,18.0,29.0,0.3764,0.094094,0.0,0.094094,1.4e-05,0.00944,0.00972,0.0,0.103534,0.34,low,0.031992,0.001709,0.033701,0
2026-07-26T18:19:35.754626,12/08 05:15,2.2,0.0,,,,18.0,29.0,0.3764,0.094094,0.0,0.094094,0.000149,0.104553,0.115291,0.0,0.198647,0.34,low,0.031992,0.018924,0.050916,0
2026-07-26T18:19:35.777635,12/08 06:15,2.08,0.0,,,,18.0,29.0,0.3764,0.094094,0.0,0.094094,0.000155,0.117351,0.119107,0.0,0.211445,0.43,moderate,0.04046,0.021241,0.061701,0
2026-07-26T18:19:56.079594,12/08 07:15,1.7,0.0,,,,18.0,29.0,0.3764,0.094094,0.0,0.094094,0.000186,0.149771,0.143557,0.0,0.243865,0.43,moderate,0.04046,0.027109,0.067569,0
2026-07-26T18:19:56.109119,12/08 08:15,1.7,0.0,,,,18.0,29.0,0.3764,0.094094,0.0,0.094094,8.9e-05,0.074413,0.069791,0.0,0.168507,0.43,moderate,0.04046,0.013469,0.053929,0
2026-07-26T18:19:56.134119,12/08 09:15,1.7,0.0,,,,18.0,29.0,0.3764,0.094094,0.0,0.094094,4.1e-05,0.034453,0.029934,0.0,0.128547,0.43,moderate,0.04046,0.006236,0.046696,0
2026-07-26T18:19:56.158135,12/08 10:15,1.7,0.0,,,,18.0,29.0,0.3764,0.094094,0.0,0.094094,0.0,0.0,0.0,0.0,0.094094,0.3,low,0.028228,0.0,0.028228,0
2026-07-26T18:19:56.178118,12/08 11:15,1.7,0.0,,,,18.0,29.0,0.3764,0.094094,0.0,0.094094,0.0,0.0,0.0,0.0,0.094094,0.3,low,0.028228,0.0,0.028228,0
2026-07-26T18:19:56.201128,12/08 12:15,1.7,0.0,,,,18.0,29.0,0.3764,0.094094,0.0,0.094094,0.0,0.0,0.0,0.0,0.094094,0.3,low,0.028228,0.0,0.028228,0
2026-07-26T18:20:13.703777,12/08 13:15,1.7,0.0,,,,18.0,29.0,0.3764,0.094094,0.0,0.094094,0.0,0.0,0.0,0.0,0.094094,0.3,low,0.028228,0.0,0.028228,0
2026-07-26T18:20:13.728789,12/08 14:15,1.7,0.0,,,,18.0,29.0,0.3764,0.094094,0.0,0.094094,0.0,0.0,0.0,0.0,0.094094,0.3,low,0.028228,0.0,0.028228,0
2026-07-26T18:20:13.753304,12/08 15:15,1.27,0.0,,,,18.0,29.0,0.3764,0.094094,0.0,0.094094,0.0,0.0,0.0,0.0,0.094094,0.3,low,0.028228,0.0,0.028228,0
2026-07-26T18:20:13.776303,12/08 16:15,-0.28,0.0,,,,18.0,29.0,0.3764,0.094094,0.0,0.094094,0.0,0.0,0.0,0.0,0.094094,0.55,high,0.051752,0.0,0.051752,0
2026-07-26T18:20:13.793304,12/08 17:15,-1.25,0.0,,,,18.0,29.0,0.3764,0.094094,0.0,0.094094,7e-05,0.015583,0.058411,0.0,0.109677,0.55,high,0.051752,0.002821,0.054572,0
2026-07-26T18:20:13.811304,12/08 18:15,-1.82,0.0,,,,18.0,29.0,0.3764,0.094094,0.0,0.094094,0.000228,0.201116,0.175353,0.0,0.29521,0.55,high,0.051752,0.036402,0.088154,0
2026-07-26T18:20:30.296536,12/08 19:15,-2.08,0.0,,,,18.0,29.0,0.3764,0.094094,0.0,0.094094,0.00045,0.405966,0.32237,0.0,0.50006,0.55,high,0.051752,0.07348,0.125232,0
2026-07-26T18:20:30.318449,12/08 20:15,-1.97,0.0,,,,18.0,29.0,0.3764,0.094094,0.0,0.094094,0.000361,0.327705,0.266981,0.0,0.421799,0.55,high,0.051752,0.059315,0.111066,0
2026-07-26T18:20:30.340300,12/08 21:15,-2.65,0.0,,,,18.0,29.0,0.3764,0.094094,0.0,0.094094,0.000614,0.551267,0.426162,0.0,0.645361,0.4,moderate,0.037638,0.099779,0.137417,0
2026-07-26T18:20:30.361225,12/08 22:15,-2.2,0.0,,,,18.0,29.0,0.3764,0.094094,0.0,0.094094,0.000488,0.433435,0.351271,0.0,0.527529,0.4,moderate,0.037638,0.078452,0.116089,0
2026-07-26T18:20:30.381517,12/08 23:15,-2.2,0.0,,,,18.0,29.0,0.3764,0.094094,0.0,0.094094,0.000616,0.542398,0.42756,0.0,0.636492,0.4,moderate,0.037638,0.098174,0.135812,0
2026-07-26T18:20:30.402286,12/09 00:15,-2.35,0.0,,,,18.0,29.0,0.3764,0.094094,0.0,0.094094,0.000576,0.503581,0.405152,0.0,0.597675,0.34,low,0.031992,0.091148,0.12314,0
2026-07-26T18:20:48.088081,12/09 01:15,-2.52,0.0,,,,18.0,29.0,0.3764,0.094094,0.0,0.094094,0.000863,0.723567,0.566802,0.0,0.817661,0.34,low,0.031992,0.130966,0.162958,0
2026-07-26T18:20:48.113082,12/09 02:15,-2.1,0.0,,,,18.0,29.0,0.3764,0.094094,0.0,0.094094,0.00081,0.66763,0.536977,0.0,0.761724,0.34,low,0.031992,0.120841,0.152833,0
2026-07-26T18:20:48.133080,12/09 03:15,-3.57,0.0,,,,18.0,29.0,0.3764,0.094094,0.0,0.094094,0.000913,0.744549,0.593029,0.0,0.838643,0.34,low,0.031992,0.134763,0.166755,0
2026-07-26T18:20:48.153081,12/09 04:15,-4.7,0.0,,,,18.0,29.0,0.3764,0.094094,0.0,0.094094,0.001017,0.812946,0.646073,0.0,0.90704,0.34,low,0.031992,0.147143,0.179135,0
2026-07-26T18:20:48.173091,12/09 05:15,-5.72,0.0,,,,18.0,29.0,0.3764,0.094094,0.0,0.094094,0.001099,0.863064,0.688391,0.0,0.957158,0.34,low,0.031992,0.156215,0.188207,0
2026-07-26T18:20:48.195603,12/09 06:15,-6.1,0.0,,,,18.0,29.0,0.3764,0.094094,0.0,0.094094,0.001188,0.916823,0.731007,0.0,1.010917,0.43,moderate,0.04046,0.165945,0.206405,0
2026-07-26T18:21:07.874417,12/09 07:15,-5.97,0.0,,,,18.0,29.0,0.3764,0.094094,0.0,0.094094,0.008082,2.98806,2.405311,0.0,3.082154,0.43,moderate,0.04046,0.540839,0.581299,0
2026-07-26T18:21:07.900433,12/09 08:15,-5.17,0.0,,,,18.0,29.0,0.3764,0.094094,0.0,0.094094,0.007446,2.648432,2.12725,0.0,2.742526,0.43,moderate,0.04046,0.479366,0.519827,0
2026-07-26T18:21:07.935973,12/09 09:23,-3.47,52.0,22.0,22.0,22.0,22.0,26.0,0.3764,0.094094,0.0,0.094094,0.008754,3.434354,2.827584,0.0,3.528448,0.43,moderate,0.04046,0.621618,0.662078,0
2026-07-26T18:21:07.954974,12/09 10:15,-2.08,52.0,22.33,22.0,22.96,22.0,26.0,0.3764,0.094094,0.0,0.094094,0.005592,2.125944,1.698811,0.0,2.220038,0.3,low,0.028228,0.384796,0.413024,0
2026-07-26T18:21:07.973973,12/09 11:15,-1.7,52.0,22.43,22.0,23.17,22.0,26.0,0.3764,0.094094,0.0,0.094094,0.004931,1.777231,1.435403,0.0,1.871325,0.3,low,0.028228,0.321679,0.349907,0
2026-07-26T18:21:07.997980,12/09 12:15,-1.7,41.6,22.27,22.0,23.29,22.0,26.0,0.3764,0.094094,0.0,0.094094,0.004858,1.842373,1.477204,0.0,1.936467,0.3,low,0.028228,0.33347,0.361698,0
2026-07-26T18:21:26.899933,12/09 13:15,-1.7,20.8,22.15,22.0,22.72,22.0,25.0,0.3764,0.094094,0.0,0.094094,0.005314,2.211452,1.790059,0.0,2.305546,0.3,low,0.028228,0.400273,0.428501,0
2026-07-26T18:21:26.923959,12/09 14:15,-1.82,41.6,22.25,22.0,23.24,22.0,25.0,0.3764,0.094094,0.0,0.094094,0.004923,1.979369,1.594274,0.0,2.073463,0.3,low,0.028228,0.358266,0.386494,0
2026-07-26T18:21:26.946486,12/09 15:15,-2.2,52.0,22.29,22.0,23.46,22.0,25.0,0.3764,0.094094,0.0,0.094094,0.004974,1.997623,1.611109,0.0,2.091717,0.3,low,0.028228,0.36157,0.389798,0
2026-07-26T18:21:26.972498,12/09 16:15,-2.35,52.0,22.27,22.0,23.37,22.0,25.0,0.3764,0.094094,0.0,0.094094,0.005197,2.174714,1.758041,0.0,2.268808,0.55,high,0.051752,0.393623,0.445375,0
2026-07-26T18:21:26.992486,12/09 17:15,-3.07,52.0,22.23,22.0,23.12,22.0,25.0,0.3764,0.094094,0.0,0.094094,0.005782,2.513564,2.023511,0.0,2.607658,0.55,high,0.051752,0.454955,0.506707,0
2026-07-26T18:21:27.014487,12/09 18:15,-4.17,52.0,22.23,22.0,23.13,22.0,25.0,0.3764,0.094094,0.0,0.094094,0.006227,2.683897,2.157758,0.0,2.777991,0.55,high,0.051752,0.485785,0.537537,0
2026-07-26T18:21:47.480551,12/09 19:15,-5.42,26.0,20.78,20.5,21.92,20.5,26.0,0.3764,0.094094,0.0,0.094094,0.006229,2.476707,2.004034,0.0,2.570801,0.55,high,0.051752,0.448284,0.500036,0
2026-07-26T18:21:47.551756,12/09 20:15,-6.83,0.0,,,,20.5,26.0,0.3764,0.094094,0.0,0.094094,0.008899,3.590386,2.878694,0.0,3.68448,0.55,high,0.051752,0.64986,0.701612,0
2026-07-26T18:21:47.586299,12/09 21:15,-7.2,0.0,,,,20.5,26.0,0.3764,0.094094,0.0,0.094094,0.003981,2.064199,1.637314,0.0,2.158293,0.4,moderate,0.037638,0.37362,0.411258,0
2026-07-26T18:21:47.613309,12/09 22:15,-6.93,0.0,,,,20.5,26.0,0.3764,0.094094,0.0,0.094094,0.004957,2.369994,1.895393,0.0,2.464088,0.4,moderate,0.037638,0.428969,0.466607,0
2026-07-26T18:21:47.641318,12/09 23:15,-6.25,0.0,,,,20.5,26.0,0.3764,0.094094,0.0,0.094094,0.005218,2.447155,1.968366,0.0,2.541249,0.4,moderate,0.037638,0.442935,0.480573,0
2026-07-26T18:21:47.673317,12/10 00:15,-6.83,0.0,,,,20.5,26.0,0.3764,0.094094,0.0,0.094094,0.005625,2.565781,2.059873,0.0,2.659875,0.34,low,0.031992,0.464406,0.496398,0
2026-07-26T18:22:07.648628,12/10 01:15,-7.2,0.0,,,,18.5,28.0,0.3764,0.094094,0.0,0.094094,0.001045,0.676368,0.648557,0.0,0.770462,0.34,low,0.031992,0.122423,0.154415,0
2026-07-26T18:22:07.676908,12/10 02:15,-7.35,0.0,,,,18.5,28.0,0.3764,0.094094,0.0,0.094094,0.001495,1.063253,0.853221,0.0,1.157347,0.34,low,0.031992,0.192449,0.224441,0
2026-07-26T18:22:07.706057,12/10 03:15,-7.8,0.0,,,,18.5,28.0,0.3764,0.094094,0.0,0.094094,0.001799,1.231683,0.975301,0.0,1.325777,0.34,low,0.031992,0.222935,0.254927,0
2026-07-26T18:22:07.730039,12/10 04:15,-7.8,0.0,,,,18.5,28.0,0.3764,0.094094,0.0,0.094094,0.001962,1.298166,1.037194,0.0,1.39226,0.34,low,0.031992,0.234968,0.26696,0
2026-07-26T18:22:07.754052,12/10 05:15,-7.92,0.0,,,,18.5,28.0,0.3764,0.094094,0.0,0.094094,0.00208,1.34841,1.080831,0.0,1.442504,0.34,low,0.031992,0.244062,0.276054,0
2026-07-26T18:22:07.777695,12/10 06:15,-8.3,0.0,,,,18.5,28.0,0.3764,0.094094,0.0,0.094094,0.002071,1.340935,1.080895,0.0,1.435029,0.43,moderate,0.04046,0.242709,0.28317,0
2026-07-26T18:22:27.422615,12/10 07:15,-8.3,0.0,,,,18.0,29.0,0.3764,0.094094,0.0,0.094094,0.009314,3.257175,2.627902,0.0,3.351269,0.43,moderate,0.04046,0.589549,0.630009,0
2026-07-26T18:22:27.452126,12/10 08:23,-7.9,0.0,,,,18.0,29.0,0.3764,0.094094,0.0,0.094094,0.008914,2.991985,2.404207,0.0,3.086079,0.43,moderate,0.04046,0.541549,0.58201,0
2026-07-26T18:22:27.492126,12/10 09:23,-6.28,52.0,22.05,22.0,22.26,22.0,26.0,0.3764,0.094094,0.0,0.094094,0.010599,3.889395,3.206889,0.0,3.983489,0.43,moderate,0.04046,0.70398,0.744441,0
2026-07-26T18:22:27.518143,12/10 10:23,-4.58,52.0,22.57,22.0,24.18,22.0,26.0,0.3764,0.094094,0.0,0.094094,0.00654,2.424187,1.938916,0.0,2.518281,0.3,low,0.028228,0.438778,0.467006,0
2026-07-26T18:22:27.549650,12/10 11:23,-2.9,52.0,23.07,22.0,24.98,22.0,26.0,0.3764,0.094094,0.0,0.094094,0.005334,1.924195,1.547501,0.0,2.018289,0.3,low,0.028228,0.348279,0.376507,0
2026-07-26T18:22:27.574655,12/10 12:15,-1.55,41.6,23.15,22.0,24.44,22.0,26.0,0.3764,0.094094,0.0,0.094094,0.004704,1.729809,1.393683,0.0,1.823903,0.3,low,0.028228,0.313095,0.341324,0
2026-07-26T18:22:46.582389,12/10 13:15,-0.98,20.8,23.01,22.0,24.67,22.0,25.0,0.3764,0.094094,0.0,0.094094,0.004512,1.725462,1.3886,0.0,1.819556,0.3,low,0.028228,0.312309,0.340537,0
2026-07-26T18:22:46.614804,12/10 14:15,-0.6,41.6,23.11,22.0,25.0,22.0,25.0,0.389,0.097245,0.0,0.097245,0.002884,1.310167,1.082918,0.0,1.407412,0.3,low,0.029173,0.23714,0.266314,0
2026-07-26T18:22:46.641940,12/10 15:15,-0.88,52.0,23.12,22.0,25.0,22.0,25.0,0.3888,0.097198,0.0,0.097198,0.002703,1.257332,1.000059,0.0,1.35453,0.3,low,0.029159,0.227577,0.256736,0
2026-07-26T18:22:46.664503,12/10 16:15,-2.38,52.0,23.02,22.0,24.85,22.0,25.0,0.3764,0.094094,0.0,0.094094,0.004217,1.658524,1.295493,0.0,1.752618,0.55,high,0.051752,0.300193,0.351945,0
2026-07-26T18:22:46.691476,12/10 17:23,-4.83,52.0,22.52,22.0,23.93,22.0,25.0,0.3764,0.094094,0.0,0.094094,0.005341,2.141953,1.719469,0.0,2.236047,0.55,high,0.051752,0.387693,0.439445,0
2026-07-26T18:22:46.713471,12/10 18:15,-6.25,52.0,22.35,22.0,23.74,22.0,25.0,0.3764,0.094094,0.0,0.094094,0.006371,2.562851,2.060296,0.0,2.656945,0.55,high,0.051752,0.463876,0.515628,0
2026-07-26T18:23:05.944469,12/10 19:15,-6.83,26.0,20.87,20.5,22.37,20.5,26.0,0.3764,0.094094,0.0,0.094094,0.006618,2.498865,2.025314,0.0,2.592959,0.55,high,0.051752,0.452295,0.504046,0
2026-07-26T18:23:05.964486,12/10 20:15,-6.8,0.0,,,,20.5,26.0,0.3764,0.094094,0.0,0.094094,0.008818,3.535979,2.842296,0.0,3.630073,0.55,high,0.051752,0.640012,0.691764,0
2026-07-26T18:23:05.982478,12/10 21:15,-5.45,0.0,,,,20.5,26.0,0.3764,0.094094,0.0,0.094094,0.00309,1.71342,1.374044,0.0,1.807514,0.4,moderate,0.037638,0.310129,0.347767,0
2026-07-26T18:23:06.000477,12/10 22:15,-5.0,0.0,,,,20.5,26.0,0.3764,0.094094,0.0,0.094094,0.004044,2.095415,1.674558,0.0,2.189509,0.4,moderate,0.037638,0.37927,0.416908,0
2026-07-26T18:23:06.020476,12/10 23:15,-5.0,0.0,,,,20.5,26.0,0.3764,0.094094,0.0,0.094094,0.004195,2.143508,1.725763,0.0,2.237602,0.4,moderate,0.037638,0.387975,0.425613,0
2026-07-26T18:23:06.038029,12/11 00:15,-5.0,0.0,,,,20.5,26.0,0.3764,0.094094,0.0,0.094094,0.004286,2.183762,1.758041,0.0,2.277856,0.34,low,0.031992,0.395261,0.427253,0
2026-07-26T18:23:22.847243,12/11 01:15,-5.28,0.0,,,,18.5,28.0,0.3764,0.094094,0.0,0.094094,0.000623,0.389138,0.426244,0.0,0.483232,0.34,low,0.031992,0.070434,0.102426,0
2026-07-26T18:23:22.871585,12/11 02:15,-6.37,0.0,,,,18.5,28.0,0.3764,0.094094,0.0,0.094094,0.001128,0.840242,0.690666,0.0,0.934336,0.34,low,0.031992,0.152084,0.184076,0
2026-07-26T18:23:22.890753,12/11 03:15,-7.2,0.0,,,,18.5,28.0,0.3764,0.094094,0.0,0.094094,0.001402,1.030708,0.815884,0.0,1.124802,0.34,low,0.031992,0.186558,0.21855,0
2026-07-26T18:23:22.911808,12/11 04:15,-7.35,0.0,,,,18.5,28.0,0.3764,0.094094,0.0,0.094094,0.001502,1.076271,0.860867,0.0,1.170365,0.34,low,0.031992,0.194805,0.226797,0
2026-07-26T18:23:22.936379,12/11 05:15,-7.92,0.0,,,,18.5,28.0,0.3764,0.094094,0.0,0.094094,0.001673,1.16955,0.9318,0.0,1.263644,0.34,low,0.031992,0.211689,0.243681,0
2026-07-26T18:23:22.959347,12/11 06:15,-8.03,0.0,,,,18.5,28.0,0.3764,0.094094,0.0,0.094094,0.001725,1.188464,0.954323,0.0,1.282558,0.43,moderate,0.04046,0.215112,0.255572,0
2026-07-26T18:23:40.853468,12/11 07:15,-7.2,0.0,,,,18.0,29.0,0.3764,0.094094,0.0,0.094094,0.008473,3.025694,2.448326,0.0,3.119788,0.43,moderate,0.04046,0.547651,0.588111,0
2026-07-26T18:23:40.877468,12/11 08:15,-6.65,0.0,,,,18.0,29.0,0.3764,0.094094,0.0,0.094094,0.008202,2.840192,2.276491,0.0,2.934286,0.43,moderate,0.04046,0.514075,0.554535,0
2026-07-26T18:23:40.908468,12/11 09:23,-4.72,52.0,22.0,22.0,22.0,22.0,26.0,0.3764,0.094094,0.0,0.094094,0.009458,3.649528,3.007876,0.0,3.743622,0.43,moderate,0.04046,0.660565,0.701025,0
2026-07-26T18:23:40.933476,12/11 10:15,-3.62,52.0,22.42,22.0,23.3,22.0,26.0,0.3764,0.094094,0.0,0.094094,0.006017,2.237667,1.782696,0.0,2.331761,0.3,low,0.028228,0.405018,0.433246,0
2026-07-26T18:23:40.956990,12/11 11:15,-2.52,52.0,22.69,22.0,23.58,22.0,26.0,0.3764,0.094094,0.0,0.094094,0.005114,1.796327,1.441561,0.0,1.890421,0.3,low,0.028228,0.325135,0.353363,0
2026-07-26T18:23:40.977990,12/11 12:15,-1.27,41.6,22.64,22.0,23.69,22.0,26.0,0.3764,0.094094,0.0,0.094094,0.004602,1.617706,1.295587,0.0,1.7118,0.3,low,0.028228,0.292805,0.321033,0
2026-07-26T18:23:57.330142,12/11 13:23,0.0,20.8,22.62,22.0,23.37,22.0,25.0,0.3764,0.094094,0.0,0.094094,0.004191,1.512698,1.217636,0.0,1.606792,0.3,low,0.028228,0.273798,0.302027,0
2026-07-26T18:23:57.359020,12/11 14:15,0.0,41.6,23.08,22.0,25.0,22.0,25.0,0.3869,0.096736,0.0,0.096736,0.002896,1.190081,1.024069,0.0,1.286817,0.3,low,0.029021,0.215405,0.244425,0
2026-07-26T18:23:57.386228,12/11 15:15,-0.28,52.0,23.15,22.03,25.0,22.0,25.0,0.3952,0.098805,0.0,0.098805,0.002272,1.104613,0.898083,0.0,1.203418,0.3,low,0.029642,0.199935,0.229576,0
2026-07-26T18:23:57.413441,12/11 16:15,-1.52,52.0,23.12,22.0,25.0,22.0,25.0,0.3798,0.09494,0.0,0.09494,0.003584,1.54759,1.156934,0.0,1.64253,0.55,high,0.052217,0.280114,0.332331,0
2026-07-26T18:23:57.438447,12/11 17:23,-3.35,52.0,22.62,22.0,24.05,22.0,25.0,0.3764,0.094094,0.0,0.094094,0.004757,1.92146,1.551366,0.0,2.015554,0.55,high,0.051752,0.347784,0.399536,0
2026-07-26T18:23:57.462615,12/11 18:15,-5.42,52.0,22.38,22.0,23.9,22.0,25.0,0.3764,0.094094,0.0,0.094094,0.005698,2.288263,1.844336,0.0,2.382357,0.55,high,0.051752,0.414176,0.465927,0
2026-07-26T18:24:17.714784,12/11 19:15,-6.83,26.0,20.94,20.5,22.68,20.5,26.0,0.3764,0.094094,0.0,0.094094,0.006323,2.318884,1.855174,0.0,2.412978,0.55,high,0.051752,0.419718,0.47147,0
2026-07-26T18:24:17.746595,12/11 20:15,-7.2,0.0,,,,20.5,26.0,0.3764,0.094094,0.0,0.094094,0.00828,3.31844,2.670117,0.0,3.412534,0.55,high,0.051752,0.600638,0.652389,0
2026-07-26T18:24:17.773580,12/11 21:15,-7.08,0.0,,,,20.5,26.0,0.3764,0.094094,0.0,0.094094,0.002228,1.321811,1.06735,0.0,1.415905,0.4,moderate,0.037638,0.239248,0.276885,0
2026-07-26T18:24:17.796081,12/11 22:15,-6.83,0.0,,,,20.5,26.0,0.3764,0.094094,0.0,0.094094,0.003037,1.717108,1.368569,0.0,1.811202,0.4,moderate,0.037638,0.310797,0.348434,0
2026-07-26T18:24:17.824407,12/11 23:15,-7.48,0.0,,,,20.5,26.0,0.3764,0.094094,0.0,0.094094,0.003546,1.911937,1.529028,0.0,2.006031,0.4,moderate,0.037638,0.346061,0.383698,0
2026-07-26T18:24:17.848925,12/12 00:15,-8.3,0.0,,,,20.5,26.0,0.3764,0.094094,0.0,0.094094,0.004633,2.299443,1.826487,0.0,2.393537,0.34,low,0.031992,0.416199,0.448191,0
2026-07-26T18:24:34.941868,12/12 01:15,-8.18,0.0,,,,18.5,28.0,0.3764,0.094094,0.0,0.094094,0.000823,0.529401,0.536501,0.0,0.623495,0.34,low,0.031992,0.095822,0.127814,0
2026-07-26T18:24:34.962805,12/12 02:15,-7.8,0.0,,,,18.5,28.0,0.3764,0.094094,0.0,0.094094,0.001065,0.798167,0.663661,0.0,0.892261,0.34,low,0.031992,0.144468,0.17646,0
2026-07-26T18:24:34.983153,12/12 03:15,-7.92,0.0,,,,18.5,28.0,0.3764,0.094094,0.0,0.094094,0.001446,1.06605,0.83768,0.0,1.160144,0.34,low,0.031992,0.192955,0.224947,0
2026-07-26T18:24:35.003151,12/12 04:15,-8.18,0.0,,,,18.5,28.0,0.3764,0.094094,0.0,0.094094,0.001622,1.147423,0.912249,0.0,1.241517,0.34,low,0.031992,0.207684,0.239676,0
2026-07-26T18:24:35.021161,12/12 05:15,-7.92,0.0,,,,18.5,28.0,0.3764,0.094094,0.0,0.094094,0.00184,1.254633,0.997195,0.0,1.348727,0.34,low,0.031992,0.227089,0.259081,0
2026-07-26T18:24:35.038202,12/12 06:15,-8.18,0.0,,,,18.5,28.0,0.3764,0.094094,0.0,0.094094,0.001956,1.300362,1.040374,0.0,1.394456,0.43,moderate,0.04046,0.235366,0.275826,0
2026-07-26T18:24:51.913066,12/12 07:15,-7.65,0.0,,,,18.0,29.0,0.3764,0.094094,0.0,0.094094,0.00861,2.967227,2.39371,0.0,3.061321,0.43,moderate,0.04046,0.537068,0.577529,0
2026-07-26T18:24:51.943392,12/12 08:15,-6.65,0.0,,,,18.0,29.0,0.3764,0.094094,0.0,0.094094,0.008054,2.725175,2.186998,0.0,2.819269,0.43,moderate,0.04046,0.493257,0.533717,0
2026-07-26T18:24:51.980914,12/12 09:23,-4.3,52.0,22.0,22.0,22.0,22.0,26.0,0.3764,0.094094,0.0,0.094094,0.00848,3.268173,2.675224,0.0,3.362267,0.43,moderate,0.04046,0.591539,0.632,0
2026-07-26T18:24:52.002473,12/12 10:23,-1.65,52.0,22.52,22.0,23.52,22.0,26.0,0.3764,0.094094,0.0,0.094094,0.005318,1.915954,1.518746,0.0,2.010048,0.3,low,0.028228,0.346788,0.375016,0
2026-07-26T18:24:52.025973,12/12 11:15,0.28,52.0,22.97,22.0,24.2,22.0,26.0,0.3764,0.094094,0.0,0.094094,0.004331,1.449952,1.159075,0.0,1.544046,0.3,low,0.028228,0.262441,0.29067,0
2026-07-26T18:24:52.045588,12/12 12:15,1.25,41.6,23.04,22.0,23.85,22.0,26.0,0.3764,0.094094,0.0,0.094094,0.003916,1.300207,1.044281,0.0,1.394301,0.3,low,0.028228,0.235337,0.263566,0
2026-07-26T18:25:12.266964,12/12 13:15,1.82,20.8,22.73,22.0,23.49,22.0,25.0,0.3764,0.094094,0.0,0.094094,0.003754,1.288638,1.039309,0.0,1.382732,0.3,low,0.028228,0.233243,0.261472,0
2026-07-26T18:25:12.292965,12/12 14:15,2.08,41.6,22.8,22.0,24.02,22.0,25.0,0.3764,0.094094,0.0,0.094094,0.003497,1.158422,0.931931,0.0,1.252516,0.3,low,0.028228,0.209674,0.237903,0
2026-07-26T18:25:12.325961,12/12 15:15,1.55,52.0,22.8,22.0,24.29,22.0,25.0,0.3764,0.094094,0.0,0.094094,0.00349,1.181009,0.956785,0.0,1.275103,0.3,low,0.028228,0.213763,0.241991,0
2026-07-26T18:25:12.344490,12/12 16:15,0.98,52.0,22.56,22.0,24.24,22.0,25.0,0.3764,0.094094,0.0,0.094094,0.003637,1.29321,1.048599,0.0,1.387304,0.55,high,0.051752,0.234071,0.285823,0
2026-07-26T18:25:12.363489,12/12 17:15,0.45,52.0,22.39,22.0,23.96,22.0,25.0,0.3764,0.094094,0.0,0.094094,0.003969,1.552213,1.257508,0.0,1.646307,0.55,high,0.051752,0.280951,0.332702,0
2026-07-26T18:25:12.384490,12/12 18:15,-0.15,52.0,22.4,22.0,23.99,22.0,25.0,0.3764,0.094094,0.0,0.094094,0.004165,1.666998,1.343445,0.0,1.761092,0.55,high,0.051752,0.301727,0.353478,0
